# U,mu,nA_up, nA_dn, nB_up, nB_dn, ms, mf, ntotal,mu,cint
#energy    dos_upn   dos_upp   dos_dnn  dos_dnp GRID=1000 bin=700
-5     0      0
-4.98571     0      0
-4.97143     0      0
-4.95714     0      0
-4.94286     0      0
-4.92857     0      0
-4.91429     0      0
-4.9     0      0
-4.88571     0      0
-4.87143     0      0
-4.85714     0      0
-4.84286     0      0
-4.82857     0      0
-4.81429     0      0
-4.8     0      0
-4.78571     0      0
-4.77143     0      0
-4.75714     0      0
-4.74286     0      0
-4.72857     0      0
-4.71429     0      0
-4.7     0      0
-4.68571     0      0
-4.67143     0      0
-4.65714     0      0
-4.64286     0      0
-4.62857     0      0
-4.61429     0      0
-4.6     0      0
-4.58571     0      0
-4.57143     0      0
-4.55714     0      0
-4.54286     0      0
-4.52857     0      0
-4.51429     0      0
-4.5     0      0
-4.48571     0      0
-4.47143     0      0
-4.45714     0      0
-4.44286     0      0
-4.42857     0      0
-4.41429     0      0
-4.4     0      0
-4.38571     0      0
-4.37143     0      0
-4.35714     0      0
-4.34286     0      0
-4.32857     0      0
-4.31429     0      0
-4.3     0      0
-4.28571     0      0
-4.27143     0      0
-4.25714     0      0
-4.24286     0      0
-4.22857     0      0
-4.21429     0      0
-4.2     0      0
-4.18571     0      0
-4.17143     0      0
-4.15714     0      0
-4.14286     0      0
-4.12857     0      0
-4.11429     0      0
-4.1     0      0
-4.08571     0      0
-4.07143     0      0
-4.05714     0      0
-4.04286     0      0
-4.02857     0      0
-4.01429     0      0
-4     0      0
-3.98571     0      0
-3.97143     0      0
-3.95714     0      0
-3.94286     0      0
-3.92857     0      0
-3.91429     0      0
-3.9     0      0
-3.88571     0      0
-3.87143     0      0
-3.85714     0      0
-3.84286     0      0
-3.82857     0      0
-3.81429     0      0
-3.8     0      0
-3.78571     0      0
-3.77143     0      0
-3.75714     0      0
-3.74286     0      0
-3.72857     0      0
-3.71429     0      0
-3.7     0      0
-3.68571     0      0
-3.67143     0      0
-3.65714     0      0
-3.64286     0      0
-3.62857     0      0
-3.61429     0      0
-3.6     0      0
-3.58571     0      0
-3.57143     0      0
-3.55714     0      0
-3.54286     0      0
-3.52857     0      0
-3.51429     0      0
-3.5     0      0
-3.48571     0      0
-3.47143     0      0
-3.45714     0      0
-3.44286     0      0
-3.42857     0      0
-3.41429     0      0
-3.4     0      0
-3.38571     0      0
-3.37143     0      0
-3.35714     0      0
-3.34286     0      0
-3.32857     0      0
-3.31429     0      0
-3.3     0      0
-3.28571     0      0
-3.27143     0      0
-3.25714     0      0
-3.24286     0      0
-3.22857     0      0
-3.21429     0      0
-3.2     0      0
-3.18571     0      0
-3.17143     0      0
-3.15714     0      0
-3.14286     0      0
-3.12857     0      0
-3.11429     0      0
-3.1     0      0
-3.08571     0      0
-3.07143     0      0
-3.05714     0      0
-3.04286     0      0
-3.02857     0      0
-3.01429     0      0
-3     0      0
-2.98571     0      0
-2.97143     0      0
-2.95714     0      0
-2.94286     0      0
-2.92857     0      0
-2.91429     0      0
-2.9     0      0
-2.88571     0      0
-2.87143     0      0
-2.85714     0      0
-2.84286     0      0
-2.82857     0      0
-2.81429     0      0
-2.8     0      0
-2.78571     0      0
-2.77143     0      0
-2.75714     0      0
-2.74286     0      0
-2.72857     0      0
-2.71429     0      0
-2.7     0      0
-2.68571     0      0
-2.67143     0      0
-2.65714     0      0
-2.64286     0      0
-2.62857     0      0
-2.61429     0      0
-2.6     0      0
-2.58571     0      0
-2.57143     0      0
-2.55714     0      0
-2.54286     0      0
-2.52857     0      0
-2.51429     0      0
-2.5     0      0
-2.48571     0      0
-2.47143     0      0
-2.45714     0      0
-2.44286     0      0
-2.42857     0      0
-2.41429     0      0
-2.4     0      0
-2.38571     0      0
-2.37143     0      0
-2.35714     0      0
-2.34286     0      0
-2.32857     0      0
-2.31429     0      0
-2.3     0      0
-2.28571     0      0
-2.27143     0      0
-2.25714     0      0
-2.24286     0      0
-2.22857     0      0
-2.21429     0      0
-2.2     0      0
-2.18571     0      0
-2.17143     0      0
-2.15714     0      0
-2.14286     0      0
-2.12857     0      0
-2.11429     0      0
-2.1     0      0
-2.08571     0      0
-2.07143     0      0
-2.05714     0      0
-2.04286     0      0
-2.02857     0      0
-2.01429     0      0
-2     0      0
-1.98571     0      0
-1.97143     0      0
-1.95714     0      0
-1.94286     0      0
-1.92857     0      0
-1.91429     0      0
-1.9     0      0
-1.88571     0      0
-1.87143     0      0
-1.85714     0      0
-1.84286     0      0
-1.82857     0.0015665      0
-1.81429     0.005192      0
-1.8     0.005198      0
-1.78571     0.005218      0
-1.77143     0.005228      0
-1.75714     0.005274      0
-1.74286     0.005294      0
-1.72857     0.005276      0
-1.71429     0.005326      0
-1.7     0.00535      0
-1.68571     0.005346      0
-1.67143     0.005368      0
-1.65714     0.005406      0
-1.64286     0.00544      0
-1.62857     0.00542      0
-1.61429     0.00547      0
-1.6     0.005474      0
-1.58571     0.005496      0
-1.57143     0.005516      0
-1.55714     0.005586      0
-1.54286     0.005556      0
-1.52857     0.005602      0
-1.51429     0.005598      0
-1.5     0.00567      0
-1.48571     0.00566      0
-1.47143     0.00568      0
-1.45714     0.005692      0
-1.44286     0.005738      0
-1.42857     0.005764      0
-1.41429     0.005784      0
-1.4     0.00584      0
-1.38571     0.005848      0
-1.37143     0.00585      0
-1.35714     0.005892      0
-1.34286     0.005924      0
-1.32857     0.005932      0
-1.31429     0.005976      0
-1.3     0.00599      0
-1.28571     0.006018      0
-1.27143     0.006094      0
-1.25714     0.006066      0
-1.24286     0.00611      0
-1.22857     0.006148      0
-1.21429     0.006196      0
-1.2     0.0062      0
-1.18571     0.00622      0
-1.17143     0.00629      0
-1.15714     0.006284      0
-1.14286     0.00635      0
-1.12857     0.006374      0
-1.11429     0.006376      0
-1.1     0.00646      0
-1.08571     0.00645      0
-1.07143     0.006536      0
-1.05714     0.006516      0
-1.04286     0.006584      0
-1.02857     0.006608      0
-1.01429     0.00669      0
-1     0.006708      0
-0.985714     0.006716      0
-0.971429     0.006786      0
-0.957143     0.006804      0
-0.942857     0.006836      0
-0.928571     0.00691      0
-0.914286     0.00698      0
-0.9     0.006938      0
-0.885714     0.00704      0
-0.871429     0.00708      0
-0.857143     0.007158      0
-0.842857     0.007154      0
-0.828571     0.007228      0
-0.814286     0.007276      0
-0.8     0.007342      0
-0.785714     0.007386      0
-0.771429     0.007384      0
-0.757143     0.007454      0
-0.742857     0.007602      0
-0.728571     0.007584      0
-0.714286     0.007664      0
-0.7     0.007724      0
-0.685714     0.00773      0
-0.671429     0.007902      0
-0.657143     0.007892      0
-0.642857     0.008016      0
-0.628571     0.008012      0
-0.614286     0.008152      0
-0.6     0.00819      0
-0.585714     0.008234      0
-0.571429     0.008362      0
-0.557143     0.008444      0
-0.542857     0.008514      0
-0.528571     0.008612      0
-0.514286     0.008666      0
-0.5     0.0088      0
-0.485714     0.008914      0
-0.471429     0.008932      0
-0.457143     0.009104      0
-0.442857     0.009176      0
-0.428571     0.009304      0
-0.414286     0.009476      0
-0.4     0.009586      0
-0.385714     0.009712      0
-0.371429     0.00985      0
-0.357143     0.01      0
-0.342857     0.01011      0
-0.328571     0.010372      0
-0.314286     0.010548      0
-0.3     0.010728      0
-0.285714     0.010938      0
-0.271429     0.011178      0
-0.257143     0.01153      0
-0.242857     0.011828      0
-0.228571     0.012168      0
-0.214286     0.012418      0
-0.2     0.01302      0
-0.185714     0.01366      0
-0.171429     0.014836      0
-0.157143     0.016098      0
-0.142857     0.018612      0
-0.128571     0.0348285      0
-0.114286     0.018908      0
-0.1     0.012964      0
-0.0857143     0.01035      0
-0.0714286     0.008732      0
-0.0571429     0.007548      0
-0.0428571     0.00656      0
-0.0285714     0.005722      0
-0.0142857     0.004999      0
0     0      0.0139105
0.0142857     0      0.014068
0.0285714     0      0.012322
0.0428571     0      0.011692
0.0571429     0      0.011526
0.0714286     0      0.011668
0.0857143     0      0.012064
0.1     0      0.012864
0.114286     0      0.015525
0.128571     0      0.013682
0.142857     0      0.01233
0.157143     0      0.01168
0.171429     0      0.011186
0.185714     0      0.010856
0.2     0      0.010554
0.214286     0      0.010242
0.228571     0      0.010024
0.242857     0      0.009842
0.257143     0      0.009688
0.271429     0      0.009424
0.285714     0      0.009326
0.3     0      0.009166
0.314286     0      0.009036
0.328571     0      0.008904
0.342857     0      0.008788
0.357143     0      0.008642
0.371429     0      0.008544
0.385714     0      0.008462
0.4     0      0.008294
0.414286     0      0.00832
0.428571     0      0.008094
0.442857     0      0.008034
0.457143     0      0.008016
0.471429     0      0.007858
0.485714     0      0.007834
0.5     0      0.007704
0.514286     0      0.007644
0.528571     0      0.007606
0.542857     0      0.007484
0.557143     0      0.007464
0.571429     0      0.00735
0.585714     0      0.007304
0.6     0      0.00722
0.614286     0      0.007168
0.628571     0      0.007164
0.642857     0      0.007026
0.657143     0      0.006994
0.671429     0      0.006964
0.685714     0      0.006878
0.7     0      0.006822
0.714286     0      0.00676
0.728571     0      0.006754
0.742857     0      0.00667
0.757143     0      0.006608
0.771429     0      0.006604
0.785714     0      0.006538
0.8     0      0.006474
0.814286     0      0.006408
0.828571     0      0.006414
0.842857     0      0.006348
0.857143     0      0.0063
0.871429     0      0.006254
0.885714     0      0.006258
0.9     0      0.00619
0.914286     0      0.006116
0.928571     0      0.006088
0.942857     0      0.006074
0.957143     0      0.006016
0.971429     0      0.005966
0.985714     0      0.005944
1     0      0.005928
1.01429     0      0.00587
1.02857     0      0.005828
1.04286     0      0.005854
1.05714     0      0.005762
1.07143     0      0.005714
1.08571     0      0.005744
1.1     0      0.005638
1.11429     0      0.005652
1.12857     0      0.005582
1.14286     0      0.005588
1.15714     0      0.00553
1.17143     0      0.005528
1.18571     0      0.005486
1.2     0      0.00544
1.21429     0      0.005446
1.22857     0      0.005428
1.24286     0      0.005344
1.25714     0      0.005334
1.27143     0      0.005312
1.28571     0      0.005298
1.3     0      0.005246
1.31429     0      0.005216
1.32857     0      0.005244
1.34286     0      0.005166
1.35714     0      0.00514
1.37143     0      0.005138
1.38571     0      0.005112
1.4     0      0.00507
1.41429     0      0.005044
1.42857     0      0.00501
1.44286     0      0.00504
1.45714     0      0.004982
1.47143     0      0.004954
1.48571     0      0.004936
1.5     0      0.00491
1.51429     0      0.004916
1.52857     0      0.004854
1.54286     0      0.004868
1.55714     0      0.004826
1.57143     0      0.004784
1.58571     0      0.004786
1.6     0      0.004728
1.61429     0      0.00478
1.62857     0      0.004744
1.64286     0      0.004642
1.65714     0      0.004696
1.67143     0      0.004638
1.68571     0      0.004676
1.7     0      0.0046
1.71429     0      0.00461
1.72857     0      0.004576
1.74286     0      0.004558
1.75714     0      0.00452
1.77143     0      0.004568
1.78571     0      0.004474
1.8     0      0.004484
1.81429     0      0.004484
1.82857     0      0.004458
1.84286     0      0.00442
1.85714     0      0.004412
1.87143     0      0.004404
1.88571     0      0.00438
1.9     0      0.00436
1.91429     0      0.004362
1.92857     0      0.004306
1.94286     0      0.004352
1.95714     0      0.004278
1.97143     0      0.004286
1.98571     0      0.004266
2     0      0.00423
2.01429     0      0.004234
2.02857     0      0.00422
2.04286     0      0.00421
2.05714     0      0.004174
2.07143     0      0.004206
2.08571     0      0.004138
2.1     0      0.004134
2.11429     0      0.004136
2.12857     0      0.004104
2.14286     0      0.004094
2.15714     0      0.00408
2.17143     0      0.0033885
2.18571     0      2.07813e-17
2.2     0      5.71442e-57
2.21429     0      0
2.22857     0      0
2.24286     0      0
2.25714     0      0
2.27143     0      0
2.28571     0      0
2.3     0      0
2.31429     0      0
2.32857     0      0
2.34286     0      0
2.35714     0      0
2.37143     0      0
2.38571     0      0
2.4     0      0
2.41429     0      0
2.42857     0      0
2.44286     0      0
2.45714     0      0
2.47143     0      0
2.48571     0      0
2.5     0      0
2.51429     0      0
2.52857     0      0
2.54286     0      0
2.55714     0      0
2.57143     0      0
2.58571     0      0
2.6     0      0
2.61429     0      0
2.62857     0      0
2.64286     0      0
2.65714     0      0
2.67143     0      0
2.68571     0      0
2.7     0      0
2.71429     0      0
2.72857     0      0
2.74286     0      0
2.75714     0      0
2.77143     0      0
2.78571     0      0
2.8     0      0
2.81429     0      0
2.82857     0      0
2.84286     0      0
2.85714     0      0
2.87143     0      0
2.88571     0      0
2.9     0      0
2.91429     0      0
2.92857     0      0
2.94286     0      0
2.95714     0      0
2.97143     0      0
2.98571     0      0
3     0      0
3.01429     0      0
3.02857     0      0
3.04286     0      0
3.05714     0      0
3.07143     0      0
3.08571     0      0
3.1     0      0
3.11429     0      0
3.12857     0      0
3.14286     0      0
3.15714     0      0
3.17143     0      0
3.18571     0      0
3.2     0      0
3.21429     0      0
3.22857     0      0
3.24286     0      0
3.25714     0      0
3.27143     0      0
3.28571     0      0
3.3     0      0
3.31429     0      0
3.32857     0      0
3.34286     0      0
3.35714     0      0
3.37143     0      0
3.38571     0      0
3.4     0      0
3.41429     0      0
3.42857     0      0
3.44286     0      0
3.45714     0      0
3.47143     0      0
3.48571     0      0
3.5     0      0
3.51429     0      0
3.52857     0      0
3.54286     0      0
3.55714     0      0
3.57143     0      0
3.58571     0      0
3.6     0      0
3.61429     0      0
3.62857     0      0
3.64286     0      0
3.65714     0      0
3.67143     0      0
3.68571     0      0
3.7     0      0
3.71429     0      0
3.72857     0      0
3.74286     0      0
3.75714     0      0
3.77143     0      0
3.78571     0      0
3.8     0      0
3.81429     0      0
3.82857     0      0
3.84286     0      0
3.85714     0      0
3.87143     0      0
3.88571     0      0
3.9     0      0
3.91429     0      0
3.92857     0      0
3.94286     0      0
3.95714     0      0
3.97143     0      0
3.98571     0      0
4     0      0
4.01429     0      0
4.02857     0      0
4.04286     0      0
4.05714     0      0
4.07143     0      0
4.08571     0      0
4.1     0      0
4.11429     0      0
4.12857     0      0
4.14286     0      0
4.15714     0      0
4.17143     0      0
4.18571     0      0
4.2     0      0
4.21429     0      0
4.22857     0      0
4.24286     0      0
4.25714     0      0
4.27143     0      0
4.28571     0      0
4.3     0      0
4.31429     0      0
4.32857     0      0
4.34286     0      0
4.35714     0      0
4.37143     0      0
4.38571     0      0
4.4     0      0
4.41429     0      0
4.42857     0      0
4.44286     0      0
4.45714     0      0
4.47143     0      0
4.48571     0      0
4.5     0      0
4.51429     0      0
4.52857     0      0
4.54286     0      0
4.55714     0      0
4.57143     0      0
4.58571     0      0
4.6     0      0
4.61429     0      0
4.62857     0      0
4.64286     0      0
4.65714     0      0
4.67143     0      0
4.68571     0      0
4.7     0      0
4.71429     0      0
4.72857     0      0
4.74286     0      0
4.75714     0      0
4.77143     0      0
4.78571     0      0
4.8     0      0
4.81429     0      0
4.82857     0      0
4.84286     0      0
4.85714     0      0
4.87143     0      0
4.88571     0      0
4.9     0      0
4.91429     0      0
4.92857     0      0
4.94286     0      0
4.95714     0      0
4.97143     0      0
4.98571     0      0
