# U,mu,nA_up, nA_dn, nB_up, nB_dn, ms, mf, ntotal,mu,cint
#energy    dos_upn   dos_upp   dos_dnn  dos_dnp GRID=1000 bin=700
-5     0      0
-4.98571     0      0
-4.97143     0      0
-4.95714     0      0
-4.94286     0      0
-4.92857     0      0
-4.91429     0      0
-4.9     0      0
-4.88571     0      0
-4.87143     0      0
-4.85714     0      0
-4.84286     0      0
-4.82857     0      0
-4.81429     0      0
-4.8     0      0
-4.78571     0      0
-4.77143     0      0
-4.75714     0      0
-4.74286     0      0
-4.72857     0      0
-4.71429     0      0
-4.7     0      0
-4.68571     0      0
-4.67143     0      0
-4.65714     0      0
-4.64286     0      0
-4.62857     0      0
-4.61429     0      0
-4.6     0      0
-4.58571     0      0
-4.57143     0      0
-4.55714     0      0
-4.54286     0      0
-4.52857     0      0
-4.51429     0      0
-4.5     0      0
-4.48571     0      0
-4.47143     0      0
-4.45714     0      0
-4.44286     0      0
-4.42857     0      0
-4.41429     0      0
-4.4     0      0
-4.38571     0      0
-4.37143     0      0
-4.35714     0      0
-4.34286     0      0
-4.32857     0      0
-4.31429     0      0
-4.3     0      0
-4.28571     0      0
-4.27143     0      0
-4.25714     0      0
-4.24286     0      0
-4.22857     0      0
-4.21429     0      0
-4.2     0      0
-4.18571     0      0
-4.17143     0      0
-4.15714     0      0
-4.14286     0      0
-4.12857     0      0
-4.11429     0      0
-4.1     0      0
-4.08571     0      0
-4.07143     0      0
-4.05714     0      0
-4.04286     0      0
-4.02857     0      0
-4.01429     0      0
-4     0      0
-3.98571     0      0
-3.97143     0      0
-3.95714     0      0
-3.94286     0      0
-3.92857     0      0
-3.91429     0      0
-3.9     0      0
-3.88571     0      0
-3.87143     0      0
-3.85714     0      0
-3.84286     0      0
-3.82857     0      0
-3.81429     0      0
-3.8     0      0
-3.78571     0      0
-3.77143     0      0
-3.75714     0      0
-3.74286     0      0
-3.72857     0      0
-3.71429     0      0
-3.7     0      0
-3.68571     0      0
-3.67143     0      0
-3.65714     0      0
-3.64286     0      0
-3.62857     0      0
-3.61429     0      0
-3.6     0      0
-3.58571     0      0
-3.57143     0      0
-3.55714     0      0
-3.54286     0      0
-3.52857     0      0
-3.51429     0      0
-3.5     0      0
-3.48571     0      0
-3.47143     0      0
-3.45714     0      0
-3.44286     0      0
-3.42857     0      0
-3.41429     0      0
-3.4     0      0
-3.38571     0      0
-3.37143     0      0
-3.35714     0      0
-3.34286     0      0
-3.32857     0      0
-3.31429     0      0
-3.3     0      0
-3.28571     0      0
-3.27143     0      0
-3.25714     0      0
-3.24286     0      0
-3.22857     0      0
-3.21429     0      0
-3.2     0      0
-3.18571     0      0
-3.17143     0      0
-3.15714     0      0
-3.14286     0      0
-3.12857     0      0
-3.11429     0      0
-3.1     0      0
-3.08571     0      0
-3.07143     0      0
-3.05714     0      0
-3.04286     0      0
-3.02857     0      0
-3.01429     0      0
-3     0      0
-2.98571     0      0
-2.97143     0      0
-2.95714     0      0
-2.94286     0      0
-2.92857     0      0
-2.91429     0      0
-2.9     0      0
-2.88571     0      0
-2.87143     0      0
-2.85714     0      0
-2.84286     0      0
-2.82857     0      0
-2.81429     0      0
-2.8     0      0
-2.78571     0      0
-2.77143     0      0
-2.75714     0      0
-2.74286     0      0
-2.72857     0      0
-2.71429     0      0
-2.7     0      0
-2.68571     0      0
-2.67143     0      0
-2.65714     0      0
-2.64286     0      0
-2.62857     0      0
-2.61429     0      0
-2.6     0      0
-2.58571     0      0
-2.57143     0      0
-2.55714     0      0
-2.54286     0      0
-2.52857     0      0
-2.51429     0      0
-2.5     0      0
-2.48571     0      0
-2.47143     0      0
-2.45714     0      0
-2.44286     0      0
-2.42857     0      0
-2.41429     0      0
-2.4     0      0
-2.38571     0      0
-2.37143     0      0
-2.35714     0      0
-2.34286     0      0
-2.32857     0      0
-2.31429     0      0
-2.3     0      0
-2.28571     0      0
-2.27143     0      0
-2.25714     0      0
-2.24286     0      0
-2.22857     0      0
-2.21429     0      0
-2.2     0      0
-2.18571     0      0
-2.17143     0      0
-2.15714     0      0
-2.14286     0      0
-2.12857     0      0
-2.11429     0      0
-2.1     0      0
-2.08571     0      0
-2.07143     0      0
-2.05714     0      0
-2.04286     0      0
-2.02857     0      0
-2.01429     0      0
-2     0      0
-1.98571     0      0
-1.97143     0      0
-1.95714     0      0
-1.94286     0      0
-1.92857     0      0
-1.91429     0      0
-1.9     0      0
-1.88571     0      0
-1.87143     0      0
-1.85714     0      0
-1.84286     0      0
-1.82857     0      0
-1.81429     0.0006805      0
-1.8     0.005192      0
-1.78571     0.005194      0
-1.77143     0.00521      0
-1.75714     0.005266      0
-1.74286     0.005234      0
-1.72857     0.005302      0
-1.71429     0.005286      0
-1.7     0.005322      0
-1.68571     0.005334      0
-1.67143     0.00536      0
-1.65714     0.005354      0
-1.64286     0.005428      0
-1.62857     0.005386      0
-1.61429     0.005454      0
-1.6     0.005466      0
-1.58571     0.005474      0
-1.57143     0.005514      0
-1.55714     0.005516      0
-1.54286     0.005536      0
-1.52857     0.005608      0
-1.51429     0.005568      0
-1.5     0.005612      0
-1.48571     0.005652      0
-1.47143     0.005658      0
-1.45714     0.005684      0
-1.44286     0.005716      0
-1.42857     0.005734      0
-1.41429     0.005748      0
-1.4     0.005788      0
-1.38571     0.00582      0
-1.37143     0.005844      0
-1.35714     0.00588      0
-1.34286     0.00587      0
-1.32857     0.005936      0
-1.31429     0.00593      0
-1.3     0.005974      0
-1.28571     0.005996      0
-1.27143     0.006      0
-1.25714     0.0061      0
-1.24286     0.006048      0
-1.22857     0.00616      0
-1.21429     0.006104      0
-1.2     0.006214      0
-1.18571     0.006152      0
-1.17143     0.006272      0
-1.15714     0.006264      0
-1.14286     0.006288      0
-1.12857     0.006394      0
-1.11429     0.00636      0
-1.1     0.006376      0
-1.08571     0.006426      0
-1.07143     0.0065      0
-1.05714     0.006506      0
-1.04286     0.006528      0
-1.02857     0.006578      0
-1.01429     0.00665      0
-1     0.006648      0
-0.985714     0.006728      0
-0.971429     0.006704      0
-0.957143     0.00678      0
-0.942857     0.006834      0
-0.928571     0.00688      0
-0.914286     0.006872      0
-0.9     0.00695      0
-0.885714     0.006996      0
-0.871429     0.007034      0
-0.857143     0.007092      0
-0.842857     0.007134      0
-0.828571     0.007184      0
-0.814286     0.007204      0
-0.8     0.007294      0
-0.785714     0.00735      0
-0.771429     0.007364      0
-0.757143     0.007442      0
-0.742857     0.00751      0
-0.728571     0.007564      0
-0.714286     0.007564      0
-0.7     0.007684      0
-0.685714     0.007728      0
-0.671429     0.007808      0
-0.657143     0.00786      0
-0.642857     0.007936      0
-0.628571     0.007964      0
-0.614286     0.008076      0
-0.6     0.008146      0
-0.585714     0.00822      0
-0.571429     0.00832      0
-0.557143     0.00837      0
-0.542857     0.008472      0
-0.528571     0.008526      0
-0.514286     0.008628      0
-0.5     0.008714      0
-0.485714     0.008848      0
-0.471429     0.008878      0
-0.457143     0.009008      0
-0.442857     0.009144      0
-0.428571     0.009288      0
-0.414286     0.009388      0
-0.4     0.009528      0
-0.385714     0.009646      0
-0.371429     0.009828      0
-0.357143     0.009918      0
-0.342857     0.010064      0
-0.328571     0.010272      0
-0.314286     0.010502      0
-0.3     0.010718      0
-0.285714     0.010896      0
-0.271429     0.011176      0
-0.257143     0.011412      0
-0.242857     0.011716      0
-0.228571     0.012184      0
-0.214286     0.01263      0
-0.2     0.01316      0
-0.185714     0.013822      0
-0.171429     0.01481      0
-0.157143     0.016266      0
-0.142857     0.019098      0
-0.128571     0.0372145      0
-0.114286     0.020538      0
-0.1     0.013982      0
-0.0857143     0.011242      0
-0.0714286     0.009482      0
-0.0571429     0.008216      0
-0.0428571     0.007168      0
-0.0285714     0.006378      0
-0.0142857     0.005553      0
0     0      0
0.0142857     0      0
0.0285714     0      0.0064425
0.0428571     0      0.017276
0.0571429     0      0.01369
0.0714286     0      0.012636
0.0857143     0      0.01222
0.1     0      0.012206
0.114286     0      0.012434
0.128571     0      0.013038
0.142857     0      0.014652
0.157143     0      0.016111
0.171429     0      0.013246
0.185714     0      0.01217
0.2     0      0.011632
0.214286     0      0.011146
0.228571     0      0.010758
0.242857     0      0.010464
0.257143     0      0.010164
0.271429     0      0.009978
0.285714     0      0.009736
0.3     0      0.009532
0.314286     0      0.009402
0.328571     0      0.009202
0.342857     0      0.009098
0.357143     0      0.008906
0.371429     0      0.008832
0.385714     0      0.008676
0.4     0      0.008574
0.414286     0      0.008414
0.428571     0      0.008416
0.442857     0      0.008186
0.457143     0      0.008178
0.471429     0      0.00806
0.485714     0      0.007958
0.5     0      0.007918
0.514286     0      0.007802
0.528571     0      0.007686
0.542857     0      0.007662
0.557143     0      0.00755
0.571429     0      0.007486
0.585714     0      0.007434
0.6     0      0.007352
0.614286     0      0.007288
0.628571     0      0.007204
0.642857     0      0.00717
0.657143     0      0.007114
0.671429     0      0.00707
0.685714     0      0.006936
0.7     0      0.006952
0.714286     0      0.006848
0.728571     0      0.006796
0.742857     0      0.006772
0.757143     0      0.006718
0.771429     0      0.006698
0.785714     0      0.006576
0.8     0      0.006522
0.814286     0      0.006536
0.828571     0      0.006498
0.842857     0      0.006378
0.857143     0      0.006396
0.871429     0      0.00631
0.885714     0      0.006304
0.9     0      0.006228
0.914286     0      0.00621
0.928571     0      0.006156
0.942857     0      0.00616
0.957143     0      0.006072
0.971429     0      0.006004
0.985714     0      0.006006
1     0      0.005976
1.01429     0      0.005938
1.02857     0      0.005888
1.04286     0      0.005898
1.05714     0      0.005804
1.07143     0      0.005768
1.08571     0      0.005766
1.1     0      0.005708
1.11429     0      0.005724
1.12857     0      0.005648
1.14286     0      0.005606
1.15714     0      0.0056
1.17143     0      0.00555
1.18571     0      0.005528
1.2     0      0.005494
1.21429     0      0.005462
1.22857     0      0.00546
1.24286     0      0.005386
1.25714     0      0.005384
1.27143     0      0.005392
1.28571     0      0.005306
1.3     0      0.00528
1.31429     0      0.005282
1.32857     0      0.00527
1.34286     0      0.00518
1.35714     0      0.0052
1.37143     0      0.00517
1.38571     0      0.005124
1.4     0      0.005134
1.41429     0      0.005084
1.42857     0      0.005062
1.44286     0      0.005032
1.45714     0      0.005052
1.47143     0      0.004966
1.48571     0      0.004958
1.5     0      0.00496
1.51429     0      0.00489
1.52857     0      0.00495
1.54286     0      0.004852
1.55714     0      0.004858
1.57143     0      0.004836
1.58571     0      0.004816
1.6     0      0.00477
1.61429     0      0.004792
1.62857     0      0.004776
1.64286     0      0.004674
1.65714     0      0.004708
1.67143     0      0.00471
1.68571     0      0.004664
1.7     0      0.004656
1.71429     0      0.004644
1.72857     0      0.004592
1.74286     0      0.00459
1.75714     0      0.004554
1.77143     0      0.004532
1.78571     0      0.004554
1.8     0      0.004518
1.81429     0      0.004466
1.82857     0      0.004498
1.84286     0      0.004436
1.85714     0      0.004456
1.87143     0      0.004434
1.88571     0      0.004388
1.9     0      0.004388
1.91429     0      0.004376
1.92857     0      0.00436
1.94286     0      0.004316
1.95714     0      0.004332
1.97143     0      0.004306
1.98571     0      0.004304
2     0      0.004248
2.01429     0      0.004248
2.02857     0      0.004236
2.04286     0      0.004222
2.05714     0      0.004218
2.07143     0      0.004216
2.08571     0      0.00415
2.1     0      0.004142
2.11429     0      0.004166
2.12857     0      0.00413
2.14286     0      0.004118
2.15714     0      0.004098
2.17143     0      0.004078
2.18571     0      0.004074
2.2     0      0.0003745
2.21429     0      0
2.22857     0      0
2.24286     0      0
2.25714     0      0
2.27143     0      0
2.28571     0      0
2.3     0      0
2.31429     0      0
2.32857     0      0
2.34286     0      0
2.35714     0      0
2.37143     0      0
2.38571     0      0
2.4     0      0
2.41429     0      0
2.42857     0      0
2.44286     0      0
2.45714     0      0
2.47143     0      0
2.48571     0      0
2.5     0      0
2.51429     0      0
2.52857     0      0
2.54286     0      0
2.55714     0      0
2.57143     0      0
2.58571     0      0
2.6     0      0
2.61429     0      0
2.62857     0      0
2.64286     0      0
2.65714     0      0
2.67143     0      0
2.68571     0      0
2.7     0      0
2.71429     0      0
2.72857     0      0
2.74286     0      0
2.75714     0      0
2.77143     0      0
2.78571     0      0
2.8     0      0
2.81429     0      0
2.82857     0      0
2.84286     0      0
2.85714     0      0
2.87143     0      0
2.88571     0      0
2.9     0      0
2.91429     0      0
2.92857     0      0
2.94286     0      0
2.95714     0      0
2.97143     0      0
2.98571     0      0
3     0      0
3.01429     0      0
3.02857     0      0
3.04286     0      0
3.05714     0      0
3.07143     0      0
3.08571     0      0
3.1     0      0
3.11429     0      0
3.12857     0      0
3.14286     0      0
3.15714     0      0
3.17143     0      0
3.18571     0      0
3.2     0      0
3.21429     0      0
3.22857     0      0
3.24286     0      0
3.25714     0      0
3.27143     0      0
3.28571     0      0
3.3     0      0
3.31429     0      0
3.32857     0      0
3.34286     0      0
3.35714     0      0
3.37143     0      0
3.38571     0      0
3.4     0      0
3.41429     0      0
3.42857     0      0
3.44286     0      0
3.45714     0      0
3.47143     0      0
3.48571     0      0
3.5     0      0
3.51429     0      0
3.52857     0      0
3.54286     0      0
3.55714     0      0
3.57143     0      0
3.58571     0      0
3.6     0      0
3.61429     0      0
3.62857     0      0
3.64286     0      0
3.65714     0      0
3.67143     0      0
3.68571     0      0
3.7     0      0
3.71429     0      0
3.72857     0      0
3.74286     0      0
3.75714     0      0
3.77143     0      0
3.78571     0      0
3.8     0      0
3.81429     0      0
3.82857     0      0
3.84286     0      0
3.85714     0      0
3.87143     0      0
3.88571     0      0
3.9     0      0
3.91429     0      0
3.92857     0      0
3.94286     0      0
3.95714     0      0
3.97143     0      0
3.98571     0      0
4     0      0
4.01429     0      0
4.02857     0      0
4.04286     0      0
4.05714     0      0
4.07143     0      0
4.08571     0      0
4.1     0      0
4.11429     0      0
4.12857     0      0
4.14286     0      0
4.15714     0      0
4.17143     0      0
4.18571     0      0
4.2     0      0
4.21429     0      0
4.22857     0      0
4.24286     0      0
4.25714     0      0
4.27143     0      0
4.28571     0      0
4.3     0      0
4.31429     0      0
4.32857     0      0
4.34286     0      0
4.35714     0      0
4.37143     0      0
4.38571     0      0
4.4     0      0
4.41429     0      0
4.42857     0      0
4.44286     0      0
4.45714     0      0
4.47143     0      0
4.48571     0      0
4.5     0      0
4.51429     0      0
4.52857     0      0
4.54286     0      0
4.55714     0      0
4.57143     0      0
4.58571     0      0
4.6     0      0
4.61429     0      0
4.62857     0      0
4.64286     0      0
4.65714     0      0
4.67143     0      0
4.68571     0      0
4.7     0      0
4.71429     0      0
4.72857     0      0
4.74286     0      0
4.75714     0      0
4.77143     0      0
4.78571     0      0
4.8     0      0
4.81429     0      0
4.82857     0      0
4.84286     0      0
4.85714     0      0
4.87143     0      0
4.88571     0      0
4.9     0      0
4.91429     0      0
4.92857     0      0
4.94286     0      0
4.95714     0      0
4.97143     0      0
4.98571     0      0
