# U,mu,nA_up, nA_dn, nB_up, nB_dn, ms, mf, ntotal,mu,cint
#energy    dos_upn   dos_upp   dos_dnn  dos_dnp GRID=1000 bin=700
-5     0      0
-4.98571     0      0
-4.97143     0      0
-4.95714     0      0
-4.94286     0      0
-4.92857     0      0
-4.91429     0      0
-4.9     0      0
-4.88571     0      0
-4.87143     0      0
-4.85714     0      0
-4.84286     0      0
-4.82857     0      0
-4.81429     0      0
-4.8     0      0
-4.78571     0      0
-4.77143     0      0
-4.75714     0      0
-4.74286     0      0
-4.72857     0      0
-4.71429     0      0
-4.7     0      0
-4.68571     0      0
-4.67143     0      0
-4.65714     0      0
-4.64286     0      0
-4.62857     0      0
-4.61429     0      0
-4.6     0      0
-4.58571     0      0
-4.57143     0      0
-4.55714     0      0
-4.54286     0      0
-4.52857     0      0
-4.51429     0      0
-4.5     0      0
-4.48571     0      0
-4.47143     0      0
-4.45714     0      0
-4.44286     0      0
-4.42857     0      0
-4.41429     0      0
-4.4     0      0
-4.38571     0      0
-4.37143     0      0
-4.35714     0      0
-4.34286     0      0
-4.32857     0      0
-4.31429     0      0
-4.3     0      0
-4.28571     0      0
-4.27143     0      0
-4.25714     0      0
-4.24286     0      0
-4.22857     0      0
-4.21429     0      0
-4.2     0      0
-4.18571     0      0
-4.17143     0      0
-4.15714     0      0
-4.14286     0      0
-4.12857     0      0
-4.11429     0      0
-4.1     0      0
-4.08571     0      0
-4.07143     0      0
-4.05714     0      0
-4.04286     0      0
-4.02857     0      0
-4.01429     0      0
-4     0      0
-3.98571     0      0
-3.97143     0      0
-3.95714     0      0
-3.94286     0      0
-3.92857     0      0
-3.91429     0      0
-3.9     0      0
-3.88571     0      0
-3.87143     0      0
-3.85714     0      0
-3.84286     0      0
-3.82857     0      0
-3.81429     0      0
-3.8     0      0
-3.78571     0      0
-3.77143     0      0
-3.75714     0      0
-3.74286     0      0
-3.72857     0      0
-3.71429     0      0
-3.7     0      0
-3.68571     0      0
-3.67143     0      0
-3.65714     0      0
-3.64286     0      0
-3.62857     0      0
-3.61429     0      0
-3.6     0      0
-3.58571     0      0
-3.57143     0      0
-3.55714     0      0
-3.54286     0      0
-3.52857     0      0
-3.51429     0      0
-3.5     0      0
-3.48571     0      0
-3.47143     0      0
-3.45714     0      0
-3.44286     0      0
-3.42857     0      0
-3.41429     0      0
-3.4     0      0
-3.38571     0      0
-3.37143     0      0
-3.35714     0      0
-3.34286     0      0
-3.32857     0      0
-3.31429     0      0
-3.3     0      0
-3.28571     0      0
-3.27143     0      0
-3.25714     0      0
-3.24286     0      0
-3.22857     0      0
-3.21429     0      0
-3.2     0      0
-3.18571     0      0
-3.17143     0      0
-3.15714     0      0
-3.14286     0      0
-3.12857     0      0
-3.11429     0      0
-3.1     0      0
-3.08571     0      0
-3.07143     0      0
-3.05714     0      0
-3.04286     0      0
-3.02857     0      0
-3.01429     0      0
-3     0      0
-2.98571     0      0
-2.97143     0      0
-2.95714     0      0
-2.94286     0      0
-2.92857     0      0
-2.91429     0      0
-2.9     0      0
-2.88571     0      0
-2.87143     0      0
-2.85714     0      0
-2.84286     0      0
-2.82857     0      0
-2.81429     0      0
-2.8     0      0
-2.78571     0      0
-2.77143     0      0
-2.75714     0      0
-2.74286     0      0
-2.72857     0      0
-2.71429     0      0
-2.7     0      0
-2.68571     0      0
-2.67143     0      0
-2.65714     0      0
-2.64286     0      0
-2.62857     0      0
-2.61429     0      0
-2.6     0      0
-2.58571     0      0
-2.57143     0      0
-2.55714     0      0
-2.54286     0      0
-2.52857     0      0
-2.51429     0      0
-2.5     0      0
-2.48571     0      0
-2.47143     0      0
-2.45714     0      0
-2.44286     0      0
-2.42857     0      0
-2.41429     0      0
-2.4     0      0
-2.38571     0      0
-2.37143     0      0
-2.35714     0      0
-2.34286     0      0
-2.32857     0      0
-2.31429     0      0
-2.3     0      0
-2.28571     0      0
-2.27143     0      0
-2.25714     0      0
-2.24286     0      0
-2.22857     0      0
-2.21429     0      0
-2.2     0      0
-2.18571     0      0
-2.17143     0      0
-2.15714     0      0
-2.14286     0      0
-2.12857     0      0
-2.11429     0      0
-2.1     0      0
-2.08571     0      0
-2.07143     0      0
-2.05714     0      0
-2.04286     0      0
-2.02857     0      0
-2.01429     0      0
-2     0      0
-1.98571     0      0
-1.97143     0      0
-1.95714     0      0
-1.94286     0      0
-1.92857     0      0
-1.91429     0      0
-1.9     0      0
-1.88571     0      0
-1.87143     0      0
-1.85714     0      0
-1.84286     0      0
-1.82857     0.0003745      0
-1.81429     0.005172      0
-1.8     0.00519      0
-1.78571     0.005226      0
-1.77143     0.005236      0
-1.75714     0.005264      0
-1.74286     0.005274      0
-1.72857     0.005292      0
-1.71429     0.005318      0
-1.7     0.005318      0
-1.68571     0.005362      0
-1.67143     0.00537      0
-1.65714     0.005394      0
-1.64286     0.005426      0
-1.62857     0.00544      0
-1.61429     0.005434      0
-1.6     0.005494      0
-1.58571     0.005488      0
-1.57143     0.00555      0
-1.55714     0.005528      0
-1.54286     0.005572      0
-1.52857     0.005594      0
-1.51429     0.005608      0
-1.5     0.005638      0
-1.48571     0.00567      0
-1.47143     0.005658      0
-1.45714     0.005708      0
-1.44286     0.005724      0
-1.42857     0.005764      0
-1.41429     0.005778      0
-1.4     0.005804      0
-1.38571     0.005868      0
-1.37143     0.005814      0
-1.35714     0.00591      0
-1.34286     0.005912      0
-1.32857     0.005934      0
-1.31429     0.00598      0
-1.3     0.006002      0
-1.28571     0.006006      0
-1.27143     0.006042      0
-1.25714     0.00609      0
-1.24286     0.006134      0
-1.22857     0.006122      0
-1.21429     0.006148      0
-1.2     0.006222      0
-1.18571     0.006216      0
-1.17143     0.006296      0
-1.15714     0.006288      0
-1.14286     0.0063      0
-1.12857     0.006386      0
-1.11429     0.00642      0
-1.1     0.0064      0
-1.08571     0.006452      0
-1.07143     0.006522      0
-1.05714     0.006556      0
-1.04286     0.006564      0
-1.02857     0.006608      0
-1.01429     0.00662      0
-1     0.006702      0
-0.985714     0.006736      0
-0.971429     0.006776      0
-0.957143     0.006816      0
-0.942857     0.006818      0
-0.928571     0.006906      0
-0.914286     0.00694      0
-0.9     0.006988      0
-0.885714     0.007024      0
-0.871429     0.007018      0
-0.857143     0.00716      0
-0.842857     0.007182      0
-0.828571     0.00722      0
-0.814286     0.007238      0
-0.8     0.007288      0
-0.785714     0.00743      0
-0.771429     0.007406      0
-0.757143     0.007452      0
-0.742857     0.00755      0
-0.728571     0.00761      0
-0.714286     0.007608      0
-0.7     0.007724      0
-0.685714     0.00776      0
-0.671429     0.00783      0
-0.657143     0.00793      0
-0.642857     0.00799      0
-0.628571     0.00801      0
-0.614286     0.008118      0
-0.6     0.008172      0
-0.585714     0.00826      0
-0.571429     0.00836      0
-0.557143     0.008406      0
-0.542857     0.008508      0
-0.528571     0.008566      0
-0.514286     0.0087      0
-0.5     0.008782      0
-0.485714     0.008852      0
-0.471429     0.00901      0
-0.457143     0.009024      0
-0.442857     0.009182      0
-0.428571     0.009334      0
-0.414286     0.009422      0
-0.4     0.009534      0
-0.385714     0.00973      0
-0.371429     0.009852      0
-0.357143     0.009974      0
-0.342857     0.0101      0
-0.328571     0.01038      0
-0.314286     0.010524      0
-0.3     0.010766      0
-0.285714     0.010932      0
-0.271429     0.01109      0
-0.257143     0.011534      0
-0.242857     0.011836      0
-0.228571     0.012186      0
-0.214286     0.012616      0
-0.2     0.012762      0
-0.185714     0.014036      0
-0.171429     0.014564      0
-0.157143     0.016198      0
-0.142857     0.018854      0
-0.128571     0.0354565      0
-0.114286     0.019042      0
-0.1     0.013104      0
-0.0857143     0.010512      0
-0.0714286     0.008918      0
-0.0571429     0.007644      0
-0.0428571     0.006692      0
-0.0285714     0.005856      0
-0.0142857     0.005019      0
0     0      0.0046985
0.0142857     0      0.016938
0.0285714     0      0.013128
0.0428571     0      0.012088
0.0571429     0      0.011724
0.0714286     0      0.011702
0.0857143     0      0.01197
0.1     0      0.012536
0.114286     0      0.013902
0.128571     0      0.015579
0.142857     0      0.01301
0.157143     0      0.012046
0.171429     0      0.011426
0.185714     0      0.011096
0.2     0      0.010702
0.214286     0      0.01037
0.228571     0      0.010182
0.242857     0      0.009912
0.257143     0      0.009728
0.271429     0      0.009542
0.285714     0      0.009436
0.3     0      0.009184
0.314286     0      0.009084
0.328571     0      0.009
0.342857     0      0.008818
0.357143     0      0.008726
0.371429     0      0.008602
0.385714     0      0.008446
0.4     0      0.008392
0.414286     0      0.008282
0.428571     0      0.008178
0.442857     0      0.008112
0.457143     0      0.008006
0.471429     0      0.00793
0.485714     0      0.007836
0.5     0      0.007744
0.514286     0      0.00769
0.528571     0      0.007606
0.542857     0      0.007498
0.557143     0      0.007474
0.571429     0      0.007384
0.585714     0      0.00738
0.6     0      0.007216
0.614286     0      0.00723
0.628571     0      0.00708
0.642857     0      0.007116
0.657143     0      0.007012
0.671429     0      0.00694
0.685714     0      0.006936
0.7     0      0.006844
0.714286     0      0.006752
0.728571     0      0.006782
0.742857     0      0.006694
0.757143     0      0.006612
0.771429     0      0.006622
0.785714     0      0.00654
0.8     0      0.006482
0.814286     0      0.006482
0.828571     0      0.006412
0.842857     0      0.006328
0.857143     0      0.006314
0.871429     0      0.006304
0.885714     0      0.006218
0.9     0      0.006202
0.914286     0      0.006148
0.928571     0      0.006102
0.942857     0      0.006072
0.957143     0      0.006066
0.971429     0      0.005972
0.985714     0      0.005928
1     0      0.00595
1.01429     0      0.00588
1.02857     0      0.005854
1.04286     0      0.005836
1.05714     0      0.005794
1.07143     0      0.005738
1.08571     0      0.005774
1.1     0      0.005632
1.11429     0      0.005626
1.12857     0      0.00564
1.14286     0      0.00557
1.15714     0      0.005564
1.17143     0      0.005498
1.18571     0      0.005492
1.2     0      0.005458
1.21429     0      0.00544
1.22857     0      0.005422
1.24286     0      0.005378
1.25714     0      0.005358
1.27143     0      0.00531
1.28571     0      0.005268
1.3     0      0.005274
1.31429     0      0.00525
1.32857     0      0.005226
1.34286     0      0.005202
1.35714     0      0.005126
1.37143     0      0.00514
1.38571     0      0.00511
1.4     0      0.0051
1.41429     0      0.005046
1.42857     0      0.005058
1.44286     0      0.005006
1.45714     0      0.004958
1.47143     0      0.005006
1.48571     0      0.004928
1.5     0      0.004926
1.51429     0      0.004892
1.52857     0      0.004878
1.54286     0      0.00486
1.55714     0      0.00481
1.57143     0      0.004828
1.58571     0      0.004766
1.6     0      0.004772
1.61429     0      0.004768
1.62857     0      0.004698
1.64286     0      0.004708
1.65714     0      0.004694
1.67143     0      0.004656
1.68571     0      0.004664
1.7     0      0.004622
1.71429     0      0.00462
1.72857     0      0.004572
1.74286     0      0.004554
1.75714     0      0.00454
1.77143     0      0.004534
1.78571     0      0.004544
1.8     0      0.004448
1.81429     0      0.004502
1.82857     0      0.004452
1.84286     0      0.004436
1.85714     0      0.004428
1.87143     0      0.004398
1.88571     0      0.004392
1.9     0      0.004378
1.91429     0      0.00433
1.92857     0      0.004356
1.94286     0      0.0043
1.95714     0      0.004298
1.97143     0      0.004292
1.98571     0      0.004272
2     0      0.004232
2.01429     0      0.004244
2.02857     0      0.004224
2.04286     0      0.004204
2.05714     0      0.004196
2.07143     0      0.004162
2.08571     0      0.004166
2.1     0      0.004142
2.11429     0      0.004126
2.12857     0      0.004118
2.14286     0      0.004108
2.15714     0      0.00409
2.17143     0      0.004062
2.18571     0      0.0003325
2.2     0      9.14307e-44
2.21429     0      0
2.22857     0      0
2.24286     0      0
2.25714     0      0
2.27143     0      0
2.28571     0      0
2.3     0      0
2.31429     0      0
2.32857     0      0
2.34286     0      0
2.35714     0      0
2.37143     0      0
2.38571     0      0
2.4     0      0
2.41429     0      0
2.42857     0      0
2.44286     0      0
2.45714     0      0
2.47143     0      0
2.48571     0      0
2.5     0      0
2.51429     0      0
2.52857     0      0
2.54286     0      0
2.55714     0      0
2.57143     0      0
2.58571     0      0
2.6     0      0
2.61429     0      0
2.62857     0      0
2.64286     0      0
2.65714     0      0
2.67143     0      0
2.68571     0      0
2.7     0      0
2.71429     0      0
2.72857     0      0
2.74286     0      0
2.75714     0      0
2.77143     0      0
2.78571     0      0
2.8     0      0
2.81429     0      0
2.82857     0      0
2.84286     0      0
2.85714     0      0
2.87143     0      0
2.88571     0      0
2.9     0      0
2.91429     0      0
2.92857     0      0
2.94286     0      0
2.95714     0      0
2.97143     0      0
2.98571     0      0
3     0      0
3.01429     0      0
3.02857     0      0
3.04286     0      0
3.05714     0      0
3.07143     0      0
3.08571     0      0
3.1     0      0
3.11429     0      0
3.12857     0      0
3.14286     0      0
3.15714     0      0
3.17143     0      0
3.18571     0      0
3.2     0      0
3.21429     0      0
3.22857     0      0
3.24286     0      0
3.25714     0      0
3.27143     0      0
3.28571     0      0
3.3     0      0
3.31429     0      0
3.32857     0      0
3.34286     0      0
3.35714     0      0
3.37143     0      0
3.38571     0      0
3.4     0      0
3.41429     0      0
3.42857     0      0
3.44286     0      0
3.45714     0      0
3.47143     0      0
3.48571     0      0
3.5     0      0
3.51429     0      0
3.52857     0      0
3.54286     0      0
3.55714     0      0
3.57143     0      0
3.58571     0      0
3.6     0      0
3.61429     0      0
3.62857     0      0
3.64286     0      0
3.65714     0      0
3.67143     0      0
3.68571     0      0
3.7     0      0
3.71429     0      0
3.72857     0      0
3.74286     0      0
3.75714     0      0
3.77143     0      0
3.78571     0      0
3.8     0      0
3.81429     0      0
3.82857     0      0
3.84286     0      0
3.85714     0      0
3.87143     0      0
3.88571     0      0
3.9     0      0
3.91429     0      0
3.92857     0      0
3.94286     0      0
3.95714     0      0
3.97143     0      0
3.98571     0      0
4     0      0
4.01429     0      0
4.02857     0      0
4.04286     0      0
4.05714     0      0
4.07143     0      0
4.08571     0      0
4.1     0      0
4.11429     0      0
4.12857     0      0
4.14286     0      0
4.15714     0      0
4.17143     0      0
4.18571     0      0
4.2     0      0
4.21429     0      0
4.22857     0      0
4.24286     0      0
4.25714     0      0
4.27143     0      0
4.28571     0      0
4.3     0      0
4.31429     0      0
4.32857     0      0
4.34286     0      0
4.35714     0      0
4.37143     0      0
4.38571     0      0
4.4     0      0
4.41429     0      0
4.42857     0      0
4.44286     0      0
4.45714     0      0
4.47143     0      0
4.48571     0      0
4.5     0      0
4.51429     0      0
4.52857     0      0
4.54286     0      0
4.55714     0      0
4.57143     0      0
4.58571     0      0
4.6     0      0
4.61429     0      0
4.62857     0      0
4.64286     0      0
4.65714     0      0
4.67143     0      0
4.68571     0      0
4.7     0      0
4.71429     0      0
4.72857     0      0
4.74286     0      0
4.75714     0      0
4.77143     0      0
4.78571     0      0
4.8     0      0
4.81429     0      0
4.82857     0      0
4.84286     0      0
4.85714     0      0
4.87143     0      0
4.88571     0      0
4.9     0      0
4.91429     0      0
4.92857     0      0
4.94286     0      0
4.95714     0      0
4.97143     0      0
4.98571     0      0
