# U,mu,nA_up, nA_dn, nB_up, nB_dn, ms, mf, ntotal,mu,cint
#energy    dos_upn   dos_upp   dos_dnn  dos_dnp GRID=1000 bin=700
-5     0      0
-4.98571     0      0
-4.97143     0      0
-4.95714     0      0
-4.94286     0      0
-4.92857     0      0
-4.91429     0      0
-4.9     0      0
-4.88571     0      0
-4.87143     0      0
-4.85714     0      0
-4.84286     0      0
-4.82857     0      0
-4.81429     0      0
-4.8     0      0
-4.78571     0      0
-4.77143     0      0
-4.75714     0      0
-4.74286     0      0
-4.72857     0      0
-4.71429     0      0
-4.7     0      0
-4.68571     0      0
-4.67143     0      0
-4.65714     0      0
-4.64286     0      0
-4.62857     0      0
-4.61429     0      0
-4.6     0      0
-4.58571     0      0
-4.57143     0      0
-4.55714     0      0
-4.54286     0      0
-4.52857     0      0
-4.51429     0      0
-4.5     0      0
-4.48571     0      0
-4.47143     0      0
-4.45714     0      0
-4.44286     0      0
-4.42857     0      0
-4.41429     0      0
-4.4     0      0
-4.38571     0      0
-4.37143     0      0
-4.35714     0      0
-4.34286     0      0
-4.32857     0      0
-4.31429     0      0
-4.3     0      0
-4.28571     0      0
-4.27143     0      0
-4.25714     0      0
-4.24286     0      0
-4.22857     0      0
-4.21429     0      0
-4.2     0      0
-4.18571     0      0
-4.17143     0      0
-4.15714     0      0
-4.14286     0      0
-4.12857     0      0
-4.11429     0      0
-4.1     0      0
-4.08571     0      0
-4.07143     0      0
-4.05714     0      0
-4.04286     0      0
-4.02857     0      0
-4.01429     0      0
-4     0      0
-3.98571     0      0
-3.97143     0      0
-3.95714     0      0
-3.94286     0      0
-3.92857     0      0
-3.91429     0      0
-3.9     0      0
-3.88571     0      0
-3.87143     0      0
-3.85714     0      0
-3.84286     0      0
-3.82857     0      0
-3.81429     0      0
-3.8     0      0
-3.78571     0      0
-3.77143     0      0
-3.75714     0      0
-3.74286     0      0
-3.72857     0      0
-3.71429     0      0
-3.7     0      0
-3.68571     0      0
-3.67143     0      0
-3.65714     0      0
-3.64286     0      0
-3.62857     0      0
-3.61429     0      0
-3.6     0      0
-3.58571     0      0
-3.57143     0      0
-3.55714     0      0
-3.54286     0      0
-3.52857     0      0
-3.51429     0      0
-3.5     0      0
-3.48571     0      0
-3.47143     0      0
-3.45714     0      0
-3.44286     0      0
-3.42857     0      0
-3.41429     0      0
-3.4     0      0
-3.38571     0      0
-3.37143     0      0
-3.35714     0      0
-3.34286     0      0
-3.32857     0      0
-3.31429     0      0
-3.3     0      0
-3.28571     0      0
-3.27143     0      0
-3.25714     0      0
-3.24286     0      0
-3.22857     0      0
-3.21429     0      0
-3.2     0      0
-3.18571     0      0
-3.17143     0      0
-3.15714     0      0
-3.14286     0      0
-3.12857     0      0
-3.11429     0      0
-3.1     0      0
-3.08571     0      0
-3.07143     0      0
-3.05714     0      0
-3.04286     0      0
-3.02857     0      0
-3.01429     0      0
-3     0      0
-2.98571     0      0
-2.97143     0      0
-2.95714     0      0
-2.94286     0      0
-2.92857     0      0
-2.91429     0      0
-2.9     0      0
-2.88571     0      0
-2.87143     0      0
-2.85714     0      0
-2.84286     0      0
-2.82857     0      0
-2.81429     0      0
-2.8     0      0
-2.78571     0      0
-2.77143     0      0
-2.75714     0      0
-2.74286     0      0
-2.72857     0      0
-2.71429     0      0
-2.7     0      0
-2.68571     0      0
-2.67143     0      0
-2.65714     0      0
-2.64286     0      0
-2.62857     0      0
-2.61429     0      0
-2.6     0      0
-2.58571     0      0
-2.57143     0      0
-2.55714     0      0
-2.54286     0      0
-2.52857     0      0
-2.51429     0      0
-2.5     0      0
-2.48571     0      0
-2.47143     0      0
-2.45714     0      0
-2.44286     0      0
-2.42857     0      0
-2.41429     0      0
-2.4     0      0
-2.38571     0      0
-2.37143     0      0
-2.35714     0      0
-2.34286     0      0
-2.32857     0      0
-2.31429     0      0
-2.3     0      0
-2.28571     0      0
-2.27143     0      0
-2.25714     0      0
-2.24286     0      0
-2.22857     0      0
-2.21429     0      0
-2.2     0      0
-2.18571     0      0
-2.17143     0      0
-2.15714     0      0
-2.14286     0      0
-2.12857     0      0
-2.11429     0      0
-2.1     0      0
-2.08571     0      0
-2.07143     0      0
-2.05714     0      0
-2.04286     0      0
-2.02857     0      0
-2.01429     0      0
-2     0      0
-1.98571     0      0
-1.97143     0      0
-1.95714     0      0
-1.94286     0      0
-1.92857     0      0
-1.91429     0      0
-1.9     0      0
-1.88571     0      0
-1.87143     0      0
-1.85714     0      0
-1.84286     0      0
-1.82857     0      0
-1.81429     0.0041745      0
-1.8     0.005212      0
-1.78571     0.005206      0
-1.77143     0.00523      0
-1.75714     0.005256      0
-1.74286     0.005262      0
-1.72857     0.005294      0
-1.71429     0.00532      0
-1.7     0.005322      0
-1.68571     0.005346      0
-1.67143     0.00537      0
-1.65714     0.005392      0
-1.64286     0.005392      0
-1.62857     0.005444      0
-1.61429     0.00546      0
-1.6     0.005466      0
-1.58571     0.005468      0
-1.57143     0.00555      0
-1.55714     0.005516      0
-1.54286     0.005588      0
-1.52857     0.005582      0
-1.51429     0.005588      0
-1.5     0.005658      0
-1.48571     0.005616      0
-1.47143     0.005712      0
-1.45714     0.005664      0
-1.44286     0.005762      0
-1.42857     0.005732      0
-1.41429     0.005768      0
-1.4     0.005832      0
-1.38571     0.005836      0
-1.37143     0.00581      0
-1.35714     0.00592      0
-1.34286     0.005904      0
-1.32857     0.005902      0
-1.31429     0.00599      0
-1.3     0.005988      0
-1.28571     0.005976      0
-1.27143     0.006072      0
-1.25714     0.006054      0
-1.24286     0.006124      0
-1.22857     0.006144      0
-1.21429     0.00614      0
-1.2     0.006188      0
-1.18571     0.006256      0
-1.17143     0.006256      0
-1.15714     0.006282      0
-1.14286     0.006336      0
-1.12857     0.006344      0
-1.11429     0.006364      0
-1.1     0.006454      0
-1.08571     0.006416      0
-1.07143     0.0065      0
-1.05714     0.006508      0
-1.04286     0.006606      0
-1.02857     0.006576      0
-1.01429     0.006676      0
-1     0.006652      0
-0.985714     0.006744      0
-0.971429     0.006758      0
-0.957143     0.006788      0
-0.942857     0.00688      0
-0.928571     0.006864      0
-0.914286     0.006906      0
-0.9     0.006986      0
-0.885714     0.007004      0
-0.871429     0.0071      0
-0.857143     0.00707      0
-0.842857     0.007168      0
-0.828571     0.007194      0
-0.814286     0.00728      0
-0.8     0.007302      0
-0.785714     0.007324      0
-0.771429     0.007446      0
-0.757143     0.00749      0
-0.742857     0.007468      0
-0.728571     0.007556      0
-0.714286     0.0077      0
-0.7     0.007672      0
-0.685714     0.00776      0
-0.671429     0.007796      0
-0.657143     0.007892      0
-0.642857     0.00796      0
-0.628571     0.008078      0
-0.614286     0.00806      0
-0.6     0.0082      0
-0.585714     0.008256      0
-0.571429     0.008322      0
-0.557143     0.008402      0
-0.542857     0.00849      0
-0.528571     0.008568      0
-0.514286     0.008666      0
-0.5     0.008752      0
-0.485714     0.008882      0
-0.471429     0.00891      0
-0.457143     0.00906      0
-0.442857     0.009182      0
-0.428571     0.009322      0
-0.414286     0.009402      0
-0.4     0.009582      0
-0.385714     0.009684      0
-0.371429     0.00983      0
-0.357143     0.009908      0
-0.342857     0.010162      0
-0.328571     0.010344      0
-0.314286     0.010516      0
-0.3     0.010744      0
-0.285714     0.010902      0
-0.271429     0.011122      0
-0.257143     0.011506      0
-0.242857     0.01184      0
-0.228571     0.012208      0
-0.214286     0.012586      0
-0.2     0.013132      0
-0.185714     0.01374      0
-0.171429     0.014616      0
-0.157143     0.01629      0
-0.142857     0.018974      0
-0.128571     0.0361025      0
-0.114286     0.019302      0
-0.1     0.013316      0
-0.0857143     0.010716      0
-0.0714286     0.00907      0
-0.0571429     0.007798      0
-0.0428571     0.006876      0
-0.0285714     0.005942      0
-0.0142857     0.005075      0
0     0      0
0.0142857     0      0.0132945
0.0285714     0      0.014742
0.0428571     0      0.012726
0.0571429     0      0.01205
0.0714286     0      0.011862
0.0857143     0      0.011896
0.1     0      0.012332
0.114286     0      0.013092
0.128571     0      0.015763
0.142857     0      0.014146
0.157143     0      0.012528
0.171429     0      0.011876
0.185714     0      0.011268
0.2     0      0.010928
0.214286     0      0.01061
0.228571     0      0.010298
0.242857     0      0.010088
0.257143     0      0.009836
0.271429     0      0.00963
0.285714     0      0.009472
0.3     0      0.009338
0.314286     0      0.009196
0.328571     0      0.008998
0.342857     0      0.008916
0.357143     0      0.008772
0.371429     0      0.008626
0.385714     0      0.008552
0.4     0      0.008418
0.414286     0      0.008338
0.428571     0      0.008268
0.442857     0      0.008062
0.457143     0      0.008094
0.471429     0      0.007906
0.485714     0      0.007892
0.5     0      0.007826
0.514286     0      0.007668
0.528571     0      0.007668
0.542857     0      0.00755
0.557143     0      0.007468
0.571429     0      0.00746
0.585714     0      0.007336
0.6     0      0.007282
0.614286     0      0.007212
0.628571     0      0.00718
0.642857     0      0.007088
0.657143     0      0.007066
0.671429     0      0.00695
0.685714     0      0.006952
0.7     0      0.006866
0.714286     0      0.00683
0.728571     0      0.00672
0.742857     0      0.00674
0.757143     0      0.006684
0.771429     0      0.006564
0.785714     0      0.006548
0.8     0      0.006566
0.814286     0      0.006486
0.828571     0      0.00638
0.842857     0      0.006394
0.857143     0      0.006332
0.871429     0      0.006256
0.885714     0      0.006266
0.9     0      0.0062
0.914286     0      0.006186
0.928571     0      0.006154
0.942857     0      0.006064
0.957143     0      0.006022
0.971429     0      0.006012
0.985714     0      0.00599
1     0      0.005936
1.01429     0      0.0059
1.02857     0      0.005866
1.04286     0      0.005776
1.05714     0      0.005814
1.07143     0      0.005772
1.08571     0      0.005718
1.1     0      0.005712
1.11429     0      0.005688
1.12857     0      0.005592
1.14286     0      0.00559
1.15714     0      0.00556
1.17143     0      0.005538
1.18571     0      0.0055
1.2     0      0.005462
1.21429     0      0.005478
1.22857     0      0.005388
1.24286     0      0.005414
1.25714     0      0.005362
1.27143     0      0.005314
1.28571     0      0.005322
1.3     0      0.00524
1.31429     0      0.005234
1.32857     0      0.00525
1.34286     0      0.005198
1.35714     0      0.005178
1.37143     0      0.005138
1.38571     0      0.0051
1.4     0      0.005122
1.41429     0      0.005044
1.42857     0      0.005038
1.44286     0      0.005046
1.45714     0      0.005002
1.47143     0      0.004954
1.48571     0      0.004954
1.5     0      0.004952
1.51429     0      0.00487
1.52857     0      0.004916
1.54286     0      0.004842
1.55714     0      0.004824
1.57143     0      0.004826
1.58571     0      0.0048
1.6     0      0.004792
1.61429     0      0.004722
1.62857     0      0.004724
1.64286     0      0.00475
1.65714     0      0.004682
1.67143     0      0.004656
1.68571     0      0.004632
1.7     0      0.004658
1.71429     0      0.004604
1.72857     0      0.004596
1.74286     0      0.004554
1.75714     0      0.004564
1.77143     0      0.004548
1.78571     0      0.00449
1.8     0      0.004512
1.81429     0      0.004492
1.82857     0      0.004438
1.84286     0      0.004452
1.85714     0      0.004424
1.87143     0      0.004412
1.88571     0      0.004388
1.9     0      0.004392
1.91429     0      0.004336
1.92857     0      0.004346
1.94286     0      0.004314
1.95714     0      0.004336
1.97143     0      0.004272
1.98571     0      0.004268
2     0      0.004256
2.01429     0      0.004242
2.02857     0      0.004224
2.04286     0      0.004208
2.05714     0      0.004198
2.07143     0      0.004182
2.08571     0      0.004166
2.1     0      0.004142
2.11429     0      0.004148
2.12857     0      0.004112
2.14286     0      0.004112
2.15714     0      0.00408
2.17143     0      0.004084
2.18571     0      0.0014825
2.2     0      1.46289e-30
2.21429     0      0
2.22857     0      0
2.24286     0      0
2.25714     0      0
2.27143     0      0
2.28571     0      0
2.3     0      0
2.31429     0      0
2.32857     0      0
2.34286     0      0
2.35714     0      0
2.37143     0      0
2.38571     0      0
2.4     0      0
2.41429     0      0
2.42857     0      0
2.44286     0      0
2.45714     0      0
2.47143     0      0
2.48571     0      0
2.5     0      0
2.51429     0      0
2.52857     0      0
2.54286     0      0
2.55714     0      0
2.57143     0      0
2.58571     0      0
2.6     0      0
2.61429     0      0
2.62857     0      0
2.64286     0      0
2.65714     0      0
2.67143     0      0
2.68571     0      0
2.7     0      0
2.71429     0      0
2.72857     0      0
2.74286     0      0
2.75714     0      0
2.77143     0      0
2.78571     0      0
2.8     0      0
2.81429     0      0
2.82857     0      0
2.84286     0      0
2.85714     0      0
2.87143     0      0
2.88571     0      0
2.9     0      0
2.91429     0      0
2.92857     0      0
2.94286     0      0
2.95714     0      0
2.97143     0      0
2.98571     0      0
3     0      0
3.01429     0      0
3.02857     0      0
3.04286     0      0
3.05714     0      0
3.07143     0      0
3.08571     0      0
3.1     0      0
3.11429     0      0
3.12857     0      0
3.14286     0      0
3.15714     0      0
3.17143     0      0
3.18571     0      0
3.2     0      0
3.21429     0      0
3.22857     0      0
3.24286     0      0
3.25714     0      0
3.27143     0      0
3.28571     0      0
3.3     0      0
3.31429     0      0
3.32857     0      0
3.34286     0      0
3.35714     0      0
3.37143     0      0
3.38571     0      0
3.4     0      0
3.41429     0      0
3.42857     0      0
3.44286     0      0
3.45714     0      0
3.47143     0      0
3.48571     0      0
3.5     0      0
3.51429     0      0
3.52857     0      0
3.54286     0      0
3.55714     0      0
3.57143     0      0
3.58571     0      0
3.6     0      0
3.61429     0      0
3.62857     0      0
3.64286     0      0
3.65714     0      0
3.67143     0      0
3.68571     0      0
3.7     0      0
3.71429     0      0
3.72857     0      0
3.74286     0      0
3.75714     0      0
3.77143     0      0
3.78571     0      0
3.8     0      0
3.81429     0      0
3.82857     0      0
3.84286     0      0
3.85714     0      0
3.87143     0      0
3.88571     0      0
3.9     0      0
3.91429     0      0
3.92857     0      0
3.94286     0      0
3.95714     0      0
3.97143     0      0
3.98571     0      0
4     0      0
4.01429     0      0
4.02857     0      0
4.04286     0      0
4.05714     0      0
4.07143     0      0
4.08571     0      0
4.1     0      0
4.11429     0      0
4.12857     0      0
4.14286     0      0
4.15714     0      0
4.17143     0      0
4.18571     0      0
4.2     0      0
4.21429     0      0
4.22857     0      0
4.24286     0      0
4.25714     0      0
4.27143     0      0
4.28571     0      0
4.3     0      0
4.31429     0      0
4.32857     0      0
4.34286     0      0
4.35714     0      0
4.37143     0      0
4.38571     0      0
4.4     0      0
4.41429     0      0
4.42857     0      0
4.44286     0      0
4.45714     0      0
4.47143     0      0
4.48571     0      0
4.5     0      0
4.51429     0      0
4.52857     0      0
4.54286     0      0
4.55714     0      0
4.57143     0      0
4.58571     0      0
4.6     0      0
4.61429     0      0
4.62857     0      0
4.64286     0      0
4.65714     0      0
4.67143     0      0
4.68571     0      0
4.7     0      0
4.71429     0      0
4.72857     0      0
4.74286     0      0
4.75714     0      0
4.77143     0      0
4.78571     0      0
4.8     0      0
4.81429     0      0
4.82857     0      0
4.84286     0      0
4.85714     0      0
4.87143     0      0
4.88571     0      0
4.9     0      0
4.91429     0      0
4.92857     0      0
4.94286     0      0
4.95714     0      0
4.97143     0      0
4.98571     0      0
