# U,mu,nA_up, nA_dn, nB_up, nB_dn, ms, mf, ntotal,mu,cint
#energy    dos_upn   dos_upp   dos_dnn  dos_dnp GRID=1000 bin=700
-5     0      0
-4.98571     0      0
-4.97143     0      0
-4.95714     0      0
-4.94286     0      0
-4.92857     0      0
-4.91429     0      0
-4.9     0      0
-4.88571     0      0
-4.87143     0      0
-4.85714     0      0
-4.84286     0      0
-4.82857     0      0
-4.81429     0      0
-4.8     0      0
-4.78571     0      0
-4.77143     0      0
-4.75714     0      0
-4.74286     0      0
-4.72857     0      0
-4.71429     0      0
-4.7     0      0
-4.68571     0      0
-4.67143     0      0
-4.65714     0      0
-4.64286     0      0
-4.62857     0      0
-4.61429     0      0
-4.6     0      0
-4.58571     0      0
-4.57143     0      0
-4.55714     0      0
-4.54286     0      0
-4.52857     0      0
-4.51429     0      0
-4.5     0      0
-4.48571     0      0
-4.47143     0      0
-4.45714     0      0
-4.44286     0      0
-4.42857     0      0
-4.41429     0      0
-4.4     0      0
-4.38571     0      0
-4.37143     0      0
-4.35714     0      0
-4.34286     0      0
-4.32857     0      0
-4.31429     0      0
-4.3     0      0
-4.28571     0      0
-4.27143     0      0
-4.25714     0      0
-4.24286     0      0
-4.22857     0      0
-4.21429     0      0
-4.2     0      0
-4.18571     0      0
-4.17143     0      0
-4.15714     0      0
-4.14286     0      0
-4.12857     0      0
-4.11429     0      0
-4.1     0      0
-4.08571     0      0
-4.07143     0      0
-4.05714     0      0
-4.04286     0      0
-4.02857     0      0
-4.01429     0      0
-4     0      0
-3.98571     0      0
-3.97143     0      0
-3.95714     0      0
-3.94286     0      0
-3.92857     0      0
-3.91429     0      0
-3.9     0      0
-3.88571     0      0
-3.87143     0      0
-3.85714     0      0
-3.84286     0      0
-3.82857     0      0
-3.81429     0      0
-3.8     0      0
-3.78571     0      0
-3.77143     0      0
-3.75714     0      0
-3.74286     0      0
-3.72857     0      0
-3.71429     0      0
-3.7     0      0
-3.68571     0      0
-3.67143     0      0
-3.65714     0      0
-3.64286     0      0
-3.62857     0      0
-3.61429     0      0
-3.6     0      0
-3.58571     0      0
-3.57143     0      0
-3.55714     0      0
-3.54286     0      0
-3.52857     0      0
-3.51429     0      0
-3.5     0      0
-3.48571     0      0
-3.47143     0      0
-3.45714     0      0
-3.44286     0      0
-3.42857     0      0
-3.41429     0      0
-3.4     0      0
-3.38571     0      0
-3.37143     0      0
-3.35714     0      0
-3.34286     0      0
-3.32857     0      0
-3.31429     0      0
-3.3     0      0
-3.28571     0      0
-3.27143     0      0
-3.25714     0      0
-3.24286     0      0
-3.22857     0      0
-3.21429     0      0
-3.2     0      0
-3.18571     0      0
-3.17143     0      0
-3.15714     0      0
-3.14286     0      0
-3.12857     0      0
-3.11429     0      0
-3.1     0      0
-3.08571     0      0
-3.07143     0      0
-3.05714     0      0
-3.04286     0      0
-3.02857     0      0
-3.01429     0      0
-3     0      0
-2.98571     0      0
-2.97143     0      0
-2.95714     0      0
-2.94286     0      0
-2.92857     0      0
-2.91429     0      0
-2.9     0      0
-2.88571     0      0
-2.87143     0      0
-2.85714     0      0
-2.84286     0      0
-2.82857     0      0
-2.81429     0      0
-2.8     0      0
-2.78571     0      0
-2.77143     0      0
-2.75714     0      0
-2.74286     0      0
-2.72857     0      0
-2.71429     0      0
-2.7     0      0
-2.68571     0      0
-2.67143     0      0
-2.65714     0      0
-2.64286     0      0
-2.62857     0      0
-2.61429     0      0
-2.6     0      0
-2.58571     0      0
-2.57143     0      0
-2.55714     0      0
-2.54286     0      0
-2.52857     0      0
-2.51429     0      0
-2.5     0      0
-2.48571     0      0
-2.47143     0      0
-2.45714     0      0
-2.44286     0      0
-2.42857     0      0
-2.41429     0      0
-2.4     0      0
-2.38571     0      0
-2.37143     0      0
-2.35714     0      0
-2.34286     0      0
-2.32857     0      0
-2.31429     0      0
-2.3     0      0
-2.28571     0      0
-2.27143     0      0
-2.25714     0      0
-2.24286     0      0
-2.22857     0      0
-2.21429     0      0
-2.2     0      0
-2.18571     0      0
-2.17143     0      0
-2.15714     0      0
-2.14286     0      0
-2.12857     0      0
-2.11429     0      0
-2.1     0      0
-2.08571     0      0
-2.07143     0      0
-2.05714     0      0
-2.04286     0      0
-2.02857     0      0
-2.01429     0      0
-2     0      0
-1.98571     0      0
-1.97143     0      0
-1.95714     0      0
-1.94286     0      0
-1.92857     0      0
-1.91429     0      0
-1.9     0      0
-1.88571     0      0
-1.87143     0      0
-1.85714     0      0
-1.84286     0      0
-1.82857     0      0
-1.81429     0.0024245      0
-1.8     0.005188      0
-1.78571     0.005202      0
-1.77143     0.005238      0
-1.75714     0.005234      0
-1.74286     0.005278      0
-1.72857     0.005264      0
-1.71429     0.005322      0
-1.7     0.00529      0
-1.68571     0.005346      0
-1.67143     0.005396      0
-1.65714     0.005372      0
-1.64286     0.00541      0
-1.62857     0.005418      0
-1.61429     0.005436      0
-1.6     0.005474      0
-1.58571     0.005498      0
-1.57143     0.005488      0
-1.55714     0.005554      0
-1.54286     0.005548      0
-1.52857     0.005604      0
-1.51429     0.005574      0
-1.5     0.005628      0
-1.48571     0.00564      0
-1.47143     0.005682      0
-1.45714     0.005676      0
-1.44286     0.005702      0
-1.42857     0.005802      0
-1.41429     0.00576      0
-1.4     0.005768      0
-1.38571     0.005818      0
-1.37143     0.005872      0
-1.35714     0.00584      0
-1.34286     0.005928      0
-1.32857     0.005906      0
-1.31429     0.00593      0
-1.3     0.006002      0
-1.28571     0.005984      0
-1.27143     0.006036      0
-1.25714     0.006088      0
-1.24286     0.006092      0
-1.22857     0.006132      0
-1.21429     0.00614      0
-1.2     0.00621      0
-1.18571     0.006196      0
-1.17143     0.006242      0
-1.15714     0.006298      0
-1.14286     0.006308      0
-1.12857     0.006328      0
-1.11429     0.006382      0
-1.1     0.00642      0
-1.08571     0.006444      0
-1.07143     0.006458      0
-1.05714     0.00656      0
-1.04286     0.00654      0
-1.02857     0.00658      0
-1.01429     0.006616      0
-1     0.00671      0
-0.985714     0.006724      0
-0.971429     0.00674      0
-0.957143     0.006784      0
-0.942857     0.006816      0
-0.928571     0.00687      0
-0.914286     0.006902      0
-0.9     0.007012      0
-0.885714     0.006976      0
-0.871429     0.007036      0
-0.857143     0.007104      0
-0.842857     0.00716      0
-0.828571     0.007148      0
-0.814286     0.007272      0
-0.8     0.007274      0
-0.785714     0.007394      0
-0.771429     0.007372      0
-0.757143     0.007406      0
-0.742857     0.007566      0
-0.728571     0.007572      0
-0.714286     0.00759      0
-0.7     0.00771      0
-0.685714     0.007714      0
-0.671429     0.007822      0
-0.657143     0.0079      0
-0.642857     0.007956      0
-0.628571     0.007992      0
-0.614286     0.008084      0
-0.6     0.008132      0
-0.585714     0.008216      0
-0.571429     0.008326      0
-0.557143     0.008376      0
-0.542857     0.008464      0
-0.528571     0.00854      0
-0.514286     0.008678      0
-0.5     0.008736      0
-0.485714     0.008842      0
-0.471429     0.008954      0
-0.457143     0.00907      0
-0.442857     0.009148      0
-0.428571     0.009264      0
-0.414286     0.0094      0
-0.4     0.009488      0
-0.385714     0.009666      0
-0.371429     0.009806      0
-0.357143     0.009976      0
-0.342857     0.010166      0
-0.328571     0.010274      0
-0.314286     0.010458      0
-0.3     0.01066      0
-0.285714     0.010962      0
-0.271429     0.011198      0
-0.257143     0.011456      0
-0.242857     0.011822      0
-0.228571     0.012078      0
-0.214286     0.012492      0
-0.2     0.013134      0
-0.185714     0.013756      0
-0.171429     0.014888      0
-0.157143     0.01606      0
-0.142857     0.019184      0
-0.128571     0.0364325      0
-0.114286     0.0201      0
-0.1     0.013696      0
-0.0857143     0.011004      0
-0.0714286     0.00931      0
-0.0571429     0.00804      0
-0.0428571     0.006996      0
-0.0285714     0.006138      0
-0.0142857     0.005441      0
0     0      0
0.0142857     0      0
0.0285714     0      0.0188985
0.0428571     0      0.014044
0.0571429     0      0.012606
0.0714286     0      0.012116
0.0857143     0      0.012008
0.1     0      0.012194
0.114286     0      0.012662
0.128571     0      0.01374
0.142857     0      0.016277
0.157143     0      0.013536
0.171429     0      0.012382
0.185714     0      0.011678
0.2     0      0.011208
0.214286     0      0.010816
0.228571     0      0.010496
0.242857     0      0.010264
0.257143     0      0.00998
0.271429     0      0.009826
0.285714     0      0.0096
0.3     0      0.009478
0.314286     0      0.009186
0.328571     0      0.009168
0.342857     0      0.008976
0.357143     0      0.008856
0.371429     0      0.008678
0.385714     0      0.008628
0.4     0      0.00849
0.414286     0      0.008378
0.428571     0      0.008328
0.442857     0      0.008158
0.457143     0      0.008102
0.471429     0      0.00801
0.485714     0      0.007904
0.5     0      0.007842
0.514286     0      0.00775
0.528571     0      0.007662
0.542857     0      0.007602
0.557143     0      0.007554
0.571429     0      0.007474
0.585714     0      0.007342
0.6     0      0.00732
0.614286     0      0.007312
0.628571     0      0.007116
0.642857     0      0.007182
0.657143     0      0.00706
0.671429     0      0.006978
0.685714     0      0.006978
0.7     0      0.006892
0.714286     0      0.006822
0.728571     0      0.00683
0.742857     0      0.0067
0.757143     0      0.006702
0.771429     0      0.006612
0.785714     0      0.006598
0.8     0      0.006566
0.814286     0      0.006476
0.828571     0      0.006408
0.842857     0      0.00643
0.857143     0      0.006344
0.871429     0      0.00634
0.885714     0      0.006252
0.9     0      0.0062
0.914286     0      0.006166
0.928571     0      0.006176
0.942857     0      0.0061
0.957143     0      0.006026
0.971429     0      0.006052
0.985714     0      0.00599
1     0      0.005952
1.01429     0      0.005944
1.02857     0      0.005908
1.04286     0      0.005824
1.05714     0      0.005762
1.07143     0      0.005784
1.08571     0      0.005738
1.1     0      0.005712
1.11429     0      0.005662
1.12857     0      0.005624
1.14286     0      0.00563
1.15714     0      0.005544
1.17143     0      0.005586
1.18571     0      0.005524
1.2     0      0.00552
1.21429     0      0.005438
1.22857     0      0.005412
1.24286     0      0.00537
1.25714     0      0.00538
1.27143     0      0.00535
1.28571     0      0.005306
1.3     0      0.005284
1.31429     0      0.005284
1.32857     0      0.005254
1.34286     0      0.00518
1.35714     0      0.005178
1.37143     0      0.00515
1.38571     0      0.005126
1.4     0      0.00511
1.41429     0      0.00509
1.42857     0      0.005042
1.44286     0      0.005048
1.45714     0      0.00496
1.47143     0      0.005014
1.48571     0      0.00496
1.5     0      0.004922
1.51429     0      0.004932
1.52857     0      0.004866
1.54286     0      0.004884
1.55714     0      0.004834
1.57143     0      0.004852
1.58571     0      0.004774
1.6     0      0.00478
1.61429     0      0.004804
1.62857     0      0.004698
1.64286     0      0.004724
1.65714     0      0.004722
1.67143     0      0.004696
1.68571     0      0.004626
1.7     0      0.004616
1.71429     0      0.00465
1.72857     0      0.004588
1.74286     0      0.004598
1.75714     0      0.004558
1.77143     0      0.004526
1.78571     0      0.00452
1.8     0      0.00453
1.81429     0      0.004468
1.82857     0      0.004472
1.84286     0      0.004436
1.85714     0      0.004456
1.87143     0      0.004416
1.88571     0      0.004392
1.9     0      0.004388
1.91429     0      0.00435
1.92857     0      0.004348
1.94286     0      0.00434
1.95714     0      0.004288
1.97143     0      0.004328
1.98571     0      0.00426
2     0      0.004294
2.01429     0      0.004216
2.02857     0      0.004232
2.04286     0      0.004224
2.05714     0      0.004202
2.07143     0      0.004178
2.08571     0      0.004178
2.1     0      0.004154
2.11429     0      0.004134
2.12857     0      0.00412
2.14286     0      0.004104
2.15714     0      0.004112
2.17143     0      0.004076
2.18571     0      0.0029585
2.2     0      2.34063e-17
2.21429     0      0
2.22857     0      0
2.24286     0      0
2.25714     0      0
2.27143     0      0
2.28571     0      0
2.3     0      0
2.31429     0      0
2.32857     0      0
2.34286     0      0
2.35714     0      0
2.37143     0      0
2.38571     0      0
2.4     0      0
2.41429     0      0
2.42857     0      0
2.44286     0      0
2.45714     0      0
2.47143     0      0
2.48571     0      0
2.5     0      0
2.51429     0      0
2.52857     0      0
2.54286     0      0
2.55714     0      0
2.57143     0      0
2.58571     0      0
2.6     0      0
2.61429     0      0
2.62857     0      0
2.64286     0      0
2.65714     0      0
2.67143     0      0
2.68571     0      0
2.7     0      0
2.71429     0      0
2.72857     0      0
2.74286     0      0
2.75714     0      0
2.77143     0      0
2.78571     0      0
2.8     0      0
2.81429     0      0
2.82857     0      0
2.84286     0      0
2.85714     0      0
2.87143     0      0
2.88571     0      0
2.9     0      0
2.91429     0      0
2.92857     0      0
2.94286     0      0
2.95714     0      0
2.97143     0      0
2.98571     0      0
3     0      0
3.01429     0      0
3.02857     0      0
3.04286     0      0
3.05714     0      0
3.07143     0      0
3.08571     0      0
3.1     0      0
3.11429     0      0
3.12857     0      0
3.14286     0      0
3.15714     0      0
3.17143     0      0
3.18571     0      0
3.2     0      0
3.21429     0      0
3.22857     0      0
3.24286     0      0
3.25714     0      0
3.27143     0      0
3.28571     0      0
3.3     0      0
3.31429     0      0
3.32857     0      0
3.34286     0      0
3.35714     0      0
3.37143     0      0
3.38571     0      0
3.4     0      0
3.41429     0      0
3.42857     0      0
3.44286     0      0
3.45714     0      0
3.47143     0      0
3.48571     0      0
3.5     0      0
3.51429     0      0
3.52857     0      0
3.54286     0      0
3.55714     0      0
3.57143     0      0
3.58571     0      0
3.6     0      0
3.61429     0      0
3.62857     0      0
3.64286     0      0
3.65714     0      0
3.67143     0      0
3.68571     0      0
3.7     0      0
3.71429     0      0
3.72857     0      0
3.74286     0      0
3.75714     0      0
3.77143     0      0
3.78571     0      0
3.8     0      0
3.81429     0      0
3.82857     0      0
3.84286     0      0
3.85714     0      0
3.87143     0      0
3.88571     0      0
3.9     0      0
3.91429     0      0
3.92857     0      0
3.94286     0      0
3.95714     0      0
3.97143     0      0
3.98571     0      0
4     0      0
4.01429     0      0
4.02857     0      0
4.04286     0      0
4.05714     0      0
4.07143     0      0
4.08571     0      0
4.1     0      0
4.11429     0      0
4.12857     0      0
4.14286     0      0
4.15714     0      0
4.17143     0      0
4.18571     0      0
4.2     0      0
4.21429     0      0
4.22857     0      0
4.24286     0      0
4.25714     0      0
4.27143     0      0
4.28571     0      0
4.3     0      0
4.31429     0      0
4.32857     0      0
4.34286     0      0
4.35714     0      0
4.37143     0      0
4.38571     0      0
4.4     0      0
4.41429     0      0
4.42857     0      0
4.44286     0      0
4.45714     0      0
4.47143     0      0
4.48571     0      0
4.5     0      0
4.51429     0      0
4.52857     0      0
4.54286     0      0
4.55714     0      0
4.57143     0      0
4.58571     0      0
4.6     0      0
4.61429     0      0
4.62857     0      0
4.64286     0      0
4.65714     0      0
4.67143     0      0
4.68571     0      0
4.7     0      0
4.71429     0      0
4.72857     0      0
4.74286     0      0
4.75714     0      0
4.77143     0      0
4.78571     0      0
4.8     0      0
4.81429     0      0
4.82857     0      0
4.84286     0      0
4.85714     0      0
4.87143     0      0
4.88571     0      0
4.9     0      0
4.91429     0      0
4.92857     0      0
4.94286     0      0
4.95714     0      0
4.97143     0      0
4.98571     0      0
