# U,mu,nA_up, nA_dn, nB_up, nB_dn, ms, mf, ntotal,mu,cint
#energy    dos_upn   dos_upp   dos_dnn  dos_dnp GRID=1000 bin=700
-5     0      0
-4.98571     0      0
-4.97143     0      0
-4.95714     0      0
-4.94286     0      0
-4.92857     0      0
-4.91429     0      0
-4.9     0      0
-4.88571     0      0
-4.87143     0      0
-4.85714     0      0
-4.84286     0      0
-4.82857     0      0
-4.81429     0      0
-4.8     0      0
-4.78571     0      0
-4.77143     0      0
-4.75714     0      0
-4.74286     0      0
-4.72857     0      0
-4.71429     0      0
-4.7     0      0
-4.68571     0      0
-4.67143     0      0
-4.65714     0      0
-4.64286     0      0
-4.62857     0      0
-4.61429     0      0
-4.6     0      0
-4.58571     0      0
-4.57143     0      0
-4.55714     0      0
-4.54286     0      0
-4.52857     0      0
-4.51429     0      0
-4.5     0      0
-4.48571     0      0
-4.47143     0      0
-4.45714     0      0
-4.44286     0      0
-4.42857     0      0
-4.41429     0      0
-4.4     0      0
-4.38571     0      0
-4.37143     0      0
-4.35714     0      0
-4.34286     0      0
-4.32857     0      0
-4.31429     0      0
-4.3     0      0
-4.28571     0      0
-4.27143     0      0
-4.25714     0      0
-4.24286     0      0
-4.22857     0      0
-4.21429     0      0
-4.2     0      0
-4.18571     0      0
-4.17143     0      0
-4.15714     0      0
-4.14286     0      0
-4.12857     0      0
-4.11429     0      0
-4.1     0      0
-4.08571     0      0
-4.07143     0      0
-4.05714     0      0
-4.04286     0      0
-4.02857     0      0
-4.01429     0      0
-4     0      0
-3.98571     0      0
-3.97143     0      0
-3.95714     0      0
-3.94286     0      0
-3.92857     0      0
-3.91429     0      0
-3.9     0      0
-3.88571     0      0
-3.87143     0      0
-3.85714     0      0
-3.84286     0      0
-3.82857     0      0
-3.81429     0      0
-3.8     0      0
-3.78571     0      0
-3.77143     0      0
-3.75714     0      0
-3.74286     0      0
-3.72857     0      0
-3.71429     0      0
-3.7     0      0
-3.68571     0      0
-3.67143     0      0
-3.65714     0      0
-3.64286     0      0
-3.62857     0      0
-3.61429     0      0
-3.6     0      0
-3.58571     0      0
-3.57143     0      0
-3.55714     0      0
-3.54286     0      0
-3.52857     0      0
-3.51429     0      0
-3.5     0      0
-3.48571     0      0
-3.47143     0      0
-3.45714     0      0
-3.44286     0      0
-3.42857     0      0
-3.41429     0      0
-3.4     0      0
-3.38571     0      0
-3.37143     0      0
-3.35714     0      0
-3.34286     0      0
-3.32857     0      0
-3.31429     0      0
-3.3     0      0
-3.28571     0      0
-3.27143     0      0
-3.25714     0      0
-3.24286     0      0
-3.22857     0      0
-3.21429     0      0
-3.2     0      0
-3.18571     0      0
-3.17143     0      0
-3.15714     0      0
-3.14286     0      0
-3.12857     0      0
-3.11429     0      0
-3.1     0      0
-3.08571     0      0
-3.07143     0      0
-3.05714     0      0
-3.04286     0      0
-3.02857     0      0
-3.01429     0      0
-3     0      0
-2.98571     0      0
-2.97143     0      0
-2.95714     0      0
-2.94286     0      0
-2.92857     0      0
-2.91429     0      0
-2.9     0      0
-2.88571     0      0
-2.87143     0      0
-2.85714     0      0
-2.84286     0      0
-2.82857     0      0
-2.81429     0      0
-2.8     0      0
-2.78571     0      0
-2.77143     0      0
-2.75714     0      0
-2.74286     0      0
-2.72857     0      0
-2.71429     0      0
-2.7     0      0
-2.68571     0      0
-2.67143     0      0
-2.65714     0      0
-2.64286     0      0
-2.62857     0      0
-2.61429     0      0
-2.6     0      0
-2.58571     0      0
-2.57143     0      0
-2.55714     0      0
-2.54286     0      0
-2.52857     0      0
-2.51429     0      0
-2.5     0      0
-2.48571     0      0
-2.47143     0      0
-2.45714     0      0
-2.44286     0      0
-2.42857     0      0
-2.41429     0      0
-2.4     0      0
-2.38571     0      0
-2.37143     0      0
-2.35714     0      0
-2.34286     0      0
-2.32857     0      0
-2.31429     0      0
-2.3     0      0
-2.28571     0      0
-2.27143     0      0
-2.25714     0      0
-2.24286     0      0
-2.22857     0      0
-2.21429     0      0
-2.2     0      0
-2.18571     0      0
-2.17143     0      0
-2.15714     0      0
-2.14286     0      0
-2.12857     0      0
-2.11429     0      0
-2.1     0      0
-2.08571     0      0
-2.07143     0      0
-2.05714     0      0
-2.04286     0      0
-2.02857     0      0
-2.01429     0      0
-2     0      0
-1.98571     0      0
-1.97143     0      0
-1.95714     0      0
-1.94286     0      0
-1.92857     0      0
-1.91429     0      0
-1.9     0      0
-1.88571     0      0
-1.87143     0      0
-1.85714     0      0
-1.84286     0      0
-1.82857     0.0022225      0
-1.81429     0.005194      0
-1.8     0.005204      0
-1.78571     0.005226      0
-1.77143     0.005242      0
-1.75714     0.005272      0
-1.74286     0.005266      0
-1.72857     0.005286      0
-1.71429     0.005344      0
-1.7     0.00533      0
-1.68571     0.00536      0
-1.67143     0.005378      0
-1.65714     0.005404      0
-1.64286     0.005418      0
-1.62857     0.005448      0
-1.61429     0.005474      0
-1.6     0.005482      0
-1.58571     0.005512      0
-1.57143     0.005488      0
-1.55714     0.005574      0
-1.54286     0.005578      0
-1.52857     0.005574      0
-1.51429     0.00563      0
-1.5     0.005684      0
-1.48571     0.005636      0
-1.47143     0.00571      0
-1.45714     0.005708      0
-1.44286     0.005712      0
-1.42857     0.005778      0
-1.41429     0.005804      0
-1.4     0.005828      0
-1.38571     0.005828      0
-1.37143     0.005864      0
-1.35714     0.005872      0
-1.34286     0.005948      0
-1.32857     0.005952      0
-1.31429     0.005986      0
-1.3     0.005978      0
-1.28571     0.00605      0
-1.27143     0.006042      0
-1.25714     0.006098      0
-1.24286     0.006088      0
-1.22857     0.00618      0
-1.21429     0.006176      0
-1.2     0.006206      0
-1.18571     0.006234      0
-1.17143     0.00627      0
-1.15714     0.006328      0
-1.14286     0.006328      0
-1.12857     0.00638      0
-1.11429     0.006406      0
-1.1     0.006456      0
-1.08571     0.00646      0
-1.07143     0.006488      0
-1.05714     0.006574      0
-1.04286     0.006592      0
-1.02857     0.006644      0
-1.01429     0.006648      0
-1     0.006668      0
-0.985714     0.006742      0
-0.971429     0.006812      0
-0.957143     0.0068      0
-0.942857     0.006862      0
-0.928571     0.006912      0
-0.914286     0.006924      0
-0.9     0.007022      0
-0.885714     0.007044      0
-0.871429     0.007086      0
-0.857143     0.007108      0
-0.842857     0.007178      0
-0.828571     0.007218      0
-0.814286     0.007312      0
-0.8     0.007304      0
-0.785714     0.007374      0
-0.771429     0.00749      0
-0.757143     0.007468      0
-0.742857     0.007518      0
-0.728571     0.00761      0
-0.714286     0.007688      0
-0.7     0.007744      0
-0.685714     0.007788      0
-0.671429     0.007808      0
-0.657143     0.007904      0
-0.642857     0.007984      0
-0.628571     0.008088      0
-0.614286     0.00811      0
-0.6     0.008202      0
-0.585714     0.008302      0
-0.571429     0.008364      0
-0.557143     0.008438      0
-0.542857     0.008492      0
-0.528571     0.008602      0
-0.514286     0.008676      0
-0.5     0.008796      0
-0.485714     0.00889      0
-0.471429     0.009028      0
-0.457143     0.009098      0
-0.442857     0.009214      0
-0.428571     0.009338      0
-0.414286     0.009458      0
-0.4     0.009552      0
-0.385714     0.00966      0
-0.371429     0.009894      0
-0.357143     0.010018      0
-0.342857     0.010222      0
-0.328571     0.010328      0
-0.314286     0.0105      0
-0.3     0.010732      0
-0.285714     0.011002      0
-0.271429     0.011238      0
-0.257143     0.0115      0
-0.242857     0.011682      0
-0.228571     0.012188      0
-0.214286     0.01263      0
-0.2     0.013224      0
-0.185714     0.013734      0
-0.171429     0.014534      0
-0.157143     0.015822      0
-0.142857     0.018808      0
-0.128571     0.0345325      0
-0.114286     0.018652      0
-0.1     0.012804      0
-0.0857143     0.010272      0
-0.0714286     0.008658      0
-0.0571429     0.007494      0
-0.0428571     0.006502      0
-0.0285714     0.005668      0
-0.0142857     0.004843      0
0     0      0.0176325
0.0142857     0      0.013314
0.0285714     0      0.012004
0.0428571     0      0.011526
0.0571429     0      0.011528
0.0714286     0      0.01168
0.0857143     0      0.012156
0.1     0      0.013168
0.114286     0      0.015521
0.128571     0      0.013196
0.142857     0      0.012128
0.157143     0      0.011508
0.171429     0      0.011108
0.185714     0      0.01073
0.2     0      0.010444
0.214286     0      0.010208
0.228571     0      0.009974
0.242857     0      0.0098
0.257143     0      0.00961
0.271429     0      0.009404
0.285714     0      0.00928
0.3     0      0.009164
0.314286     0      0.009004
0.328571     0      0.008842
0.342857     0      0.008784
0.357143     0      0.0086
0.371429     0      0.008526
0.385714     0      0.008398
0.4     0      0.008344
0.414286     0      0.00823
0.428571     0      0.008082
0.442857     0      0.008092
0.457143     0      0.007922
0.471429     0      0.007914
0.485714     0      0.007792
0.5     0      0.007668
0.514286     0      0.007674
0.528571     0      0.007544
0.542857     0      0.007496
0.557143     0      0.007438
0.571429     0      0.007328
0.585714     0      0.007314
0.6     0      0.007222
0.614286     0      0.007174
0.628571     0      0.007076
0.642857     0      0.007042
0.657143     0      0.007038
0.671429     0      0.006892
0.685714     0      0.00691
0.7     0      0.006818
0.714286     0      0.006756
0.728571     0      0.006706
0.742857     0      0.00668
0.757143     0      0.006614
0.771429     0      0.00657
0.785714     0      0.006484
0.8     0      0.0065
0.814286     0      0.00643
0.828571     0      0.00643
0.842857     0      0.006308
0.857143     0      0.00627
0.871429     0      0.00628
0.885714     0      0.0062
0.9     0      0.006174
0.914286     0      0.00614
0.928571     0      0.006094
0.942857     0      0.006126
0.957143     0      0.005964
0.971429     0      0.005954
0.985714     0      0.005948
1     0      0.00593
1.01429     0      0.00584
1.02857     0      0.005846
1.04286     0      0.005796
1.05714     0      0.005766
1.07143     0      0.005748
1.08571     0      0.00569
1.1     0      0.00566
1.11429     0      0.00566
1.12857     0      0.005594
1.14286     0      0.005616
1.15714     0      0.005496
1.17143     0      0.005534
1.18571     0      0.005448
1.2     0      0.00547
1.21429     0      0.005388
1.22857     0      0.005386
1.24286     0      0.005388
1.25714     0      0.00531
1.27143     0      0.005344
1.28571     0      0.005296
1.3     0      0.005258
1.31429     0      0.00519
1.32857     0      0.005192
1.34286     0      0.005194
1.35714     0      0.005172
1.37143     0      0.00513
1.38571     0      0.00506
1.4     0      0.005086
1.41429     0      0.005056
1.42857     0      0.005022
1.44286     0      0.005016
1.45714     0      0.00498
1.47143     0      0.004938
1.48571     0      0.004966
1.5     0      0.004888
1.51429     0      0.004886
1.52857     0      0.004852
1.54286     0      0.00483
1.55714     0      0.004856
1.57143     0      0.004814
1.58571     0      0.004768
1.6     0      0.00476
1.61429     0      0.004726
1.62857     0      0.0047
1.64286     0      0.00471
1.65714     0      0.004676
1.67143     0      0.004676
1.68571     0      0.004646
1.7     0      0.004596
1.71429     0      0.00462
1.72857     0      0.00455
1.74286     0      0.00456
1.75714     0      0.004542
1.77143     0      0.0045
1.78571     0      0.004528
1.8     0      0.004454
1.81429     0      0.004512
1.82857     0      0.0044
1.84286     0      0.004448
1.85714     0      0.004428
1.87143     0      0.0044
1.88571     0      0.004362
1.9     0      0.004356
1.91429     0      0.004344
1.92857     0      0.00434
1.94286     0      0.004324
1.95714     0      0.004284
1.97143     0      0.004292
1.98571     0      0.00425
2     0      0.004244
2.01429     0      0.004216
2.02857     0      0.004224
2.04286     0      0.004198
2.05714     0      0.004182
2.07143     0      0.00419
2.08571     0      0.004138
2.1     0      0.00414
2.11429     0      0.004118
2.12857     0      0.004118
2.14286     0      0.004092
2.15714     0      0.004076
2.17143     0      0.0028445
2.18571     0      5.19532e-24
2.2     0      1.4286e-63
2.21429     0      0
2.22857     0      0
2.24286     0      0
2.25714     0      0
2.27143     0      0
2.28571     0      0
2.3     0      0
2.31429     0      0
2.32857     0      0
2.34286     0      0
2.35714     0      0
2.37143     0      0
2.38571     0      0
2.4     0      0
2.41429     0      0
2.42857     0      0
2.44286     0      0
2.45714     0      0
2.47143     0      0
2.48571     0      0
2.5     0      0
2.51429     0      0
2.52857     0      0
2.54286     0      0
2.55714     0      0
2.57143     0      0
2.58571     0      0
2.6     0      0
2.61429     0      0
2.62857     0      0
2.64286     0      0
2.65714     0      0
2.67143     0      0
2.68571     0      0
2.7     0      0
2.71429     0      0
2.72857     0      0
2.74286     0      0
2.75714     0      0
2.77143     0      0
2.78571     0      0
2.8     0      0
2.81429     0      0
2.82857     0      0
2.84286     0      0
2.85714     0      0
2.87143     0      0
2.88571     0      0
2.9     0      0
2.91429     0      0
2.92857     0      0
2.94286     0      0
2.95714     0      0
2.97143     0      0
2.98571     0      0
3     0      0
3.01429     0      0
3.02857     0      0
3.04286     0      0
3.05714     0      0
3.07143     0      0
3.08571     0      0
3.1     0      0
3.11429     0      0
3.12857     0      0
3.14286     0      0
3.15714     0      0
3.17143     0      0
3.18571     0      0
3.2     0      0
3.21429     0      0
3.22857     0      0
3.24286     0      0
3.25714     0      0
3.27143     0      0
3.28571     0      0
3.3     0      0
3.31429     0      0
3.32857     0      0
3.34286     0      0
3.35714     0      0
3.37143     0      0
3.38571     0      0
3.4     0      0
3.41429     0      0
3.42857     0      0
3.44286     0      0
3.45714     0      0
3.47143     0      0
3.48571     0      0
3.5     0      0
3.51429     0      0
3.52857     0      0
3.54286     0      0
3.55714     0      0
3.57143     0      0
3.58571     0      0
3.6     0      0
3.61429     0      0
3.62857     0      0
3.64286     0      0
3.65714     0      0
3.67143     0      0
3.68571     0      0
3.7     0      0
3.71429     0      0
3.72857     0      0
3.74286     0      0
3.75714     0      0
3.77143     0      0
3.78571     0      0
3.8     0      0
3.81429     0      0
3.82857     0      0
3.84286     0      0
3.85714     0      0
3.87143     0      0
3.88571     0      0
3.9     0      0
3.91429     0      0
3.92857     0      0
3.94286     0      0
3.95714     0      0
3.97143     0      0
3.98571     0      0
4     0      0
4.01429     0      0
4.02857     0      0
4.04286     0      0
4.05714     0      0
4.07143     0      0
4.08571     0      0
4.1     0      0
4.11429     0      0
4.12857     0      0
4.14286     0      0
4.15714     0      0
4.17143     0      0
4.18571     0      0
4.2     0      0
4.21429     0      0
4.22857     0      0
4.24286     0      0
4.25714     0      0
4.27143     0      0
4.28571     0      0
4.3     0      0
4.31429     0      0
4.32857     0      0
4.34286     0      0
4.35714     0      0
4.37143     0      0
4.38571     0      0
4.4     0      0
4.41429     0      0
4.42857     0      0
4.44286     0      0
4.45714     0      0
4.47143     0      0
4.48571     0      0
4.5     0      0
4.51429     0      0
4.52857     0      0
4.54286     0      0
4.55714     0      0
4.57143     0      0
4.58571     0      0
4.6     0      0
4.61429     0      0
4.62857     0      0
4.64286     0      0
4.65714     0      0
4.67143     0      0
4.68571     0      0
4.7     0      0
4.71429     0      0
4.72857     0      0
4.74286     0      0
4.75714     0      0
4.77143     0      0
4.78571     0      0
4.8     0      0
4.81429     0      0
4.82857     0      0
4.84286     0      0
4.85714     0      0
4.87143     0      0
4.88571     0      0
4.9     0      0
4.91429     0      0
4.92857     0      0
4.94286     0      0
4.95714     0      0
4.97143     0      0
4.98571     0      0
