# U,mu,nA_up, nA_dn, nB_up, nB_dn, ms, mf, ntotal,mu,cint
#energy    dos_upn   dos_upp   dos_dnn  dos_dnp GRID=1000 bin=700
-5     0      0
-4.98571     0      0
-4.97143     0      0
-4.95714     0      0
-4.94286     0      0
-4.92857     0      0
-4.91429     0      0
-4.9     0      0
-4.88571     0      0
-4.87143     0      0
-4.85714     0      0
-4.84286     0      0
-4.82857     0      0
-4.81429     0      0
-4.8     0      0
-4.78571     0      0
-4.77143     0      0
-4.75714     0      0
-4.74286     0      0
-4.72857     0      0
-4.71429     0      0
-4.7     0      0
-4.68571     0      0
-4.67143     0      0
-4.65714     0      0
-4.64286     0      0
-4.62857     0      0
-4.61429     0      0
-4.6     0      0
-4.58571     0      0
-4.57143     0      0
-4.55714     0      0
-4.54286     0      0
-4.52857     0      0
-4.51429     0      0
-4.5     0      0
-4.48571     0      0
-4.47143     0      0
-4.45714     0      0
-4.44286     0      0
-4.42857     0      0
-4.41429     0      0
-4.4     0      0
-4.38571     0      0
-4.37143     0      0
-4.35714     0      0
-4.34286     0      0
-4.32857     0      0
-4.31429     0      0
-4.3     0      0
-4.28571     0      0
-4.27143     0      0
-4.25714     0      0
-4.24286     0      0
-4.22857     0      0
-4.21429     0      0
-4.2     0      0
-4.18571     0      0
-4.17143     0      0
-4.15714     0      0
-4.14286     0      0
-4.12857     0      0
-4.11429     0      0
-4.1     0      0
-4.08571     0      0
-4.07143     0      0
-4.05714     0      0
-4.04286     0      0
-4.02857     0      0
-4.01429     0      0
-4     0      0
-3.98571     0      0
-3.97143     0      0
-3.95714     0      0
-3.94286     0      0
-3.92857     0      0
-3.91429     0      0
-3.9     0      0
-3.88571     0      0
-3.87143     0      0
-3.85714     0      0
-3.84286     0      0
-3.82857     0      0
-3.81429     0      0
-3.8     0      0
-3.78571     0      0
-3.77143     0      0
-3.75714     0      0
-3.74286     0      0
-3.72857     0      0
-3.71429     0      0
-3.7     0      0
-3.68571     0      0
-3.67143     0      0
-3.65714     0      0
-3.64286     0      0
-3.62857     0      0
-3.61429     0      0
-3.6     0      0
-3.58571     0      0
-3.57143     0      0
-3.55714     0      0
-3.54286     0      0
-3.52857     0      0
-3.51429     0      0
-3.5     0      0
-3.48571     0      0
-3.47143     0      0
-3.45714     0      0
-3.44286     0      0
-3.42857     0      0
-3.41429     0      0
-3.4     0      0
-3.38571     0      0
-3.37143     0      0
-3.35714     0      0
-3.34286     0      0
-3.32857     0      0
-3.31429     0      0
-3.3     0      0
-3.28571     0      0
-3.27143     0      0
-3.25714     0      0
-3.24286     0      0
-3.22857     0      0
-3.21429     0      0
-3.2     0      0
-3.18571     0      0
-3.17143     0      0
-3.15714     0      0
-3.14286     0      0
-3.12857     0      0
-3.11429     0      0
-3.1     0      0
-3.08571     0      0
-3.07143     0      0
-3.05714     0      0
-3.04286     0      0
-3.02857     0      0
-3.01429     0      0
-3     0      0
-2.98571     0      0
-2.97143     0      0
-2.95714     0      0
-2.94286     0      0
-2.92857     0      0
-2.91429     0      0
-2.9     0      0
-2.88571     0      0
-2.87143     0      0
-2.85714     0      0
-2.84286     0      0
-2.82857     0      0
-2.81429     0      0
-2.8     0      0
-2.78571     0      0
-2.77143     0      0
-2.75714     0      0
-2.74286     0      0
-2.72857     0      0
-2.71429     0      0
-2.7     0      0
-2.68571     0      0
-2.67143     0      0
-2.65714     0      0
-2.64286     0      0
-2.62857     0      0
-2.61429     0      0
-2.6     0      0
-2.58571     0      0
-2.57143     0      0
-2.55714     0      0
-2.54286     0      0
-2.52857     0      0
-2.51429     0      0
-2.5     0      0
-2.48571     0      0
-2.47143     0      0
-2.45714     0      0
-2.44286     0      0
-2.42857     0      0
-2.41429     0      0
-2.4     0      0
-2.38571     0      0
-2.37143     0      0
-2.35714     0      0
-2.34286     0      0
-2.32857     0      0
-2.31429     0      0
-2.3     0      0
-2.28571     0      0
-2.27143     0      0
-2.25714     0      0
-2.24286     0      0
-2.22857     0      0
-2.21429     0      0
-2.2     0      0
-2.18571     0      0
-2.17143     0      0
-2.15714     0      0
-2.14286     0      0
-2.12857     0      0
-2.11429     0      0
-2.1     0      0
-2.08571     0      0
-2.07143     0      0
-2.05714     0      0
-2.04286     0      0
-2.02857     0      0
-2.01429     0      0
-2     0      0
-1.98571     0      0
-1.97143     0      0
-1.95714     0      0
-1.94286     0      0
-1.92857     0      0
-1.91429     0      0
-1.9     0      0
-1.88571     0      0
-1.87143     0      0
-1.85714     0      0
-1.84286     0      0
-1.82857     0.0012965      0
-1.81429     0.00519      0
-1.8     0.005194      0
-1.78571     0.00522      0
-1.77143     0.005242      0
-1.75714     0.005268      0
-1.74286     0.005276      0
-1.72857     0.005296      0
-1.71429     0.005294      0
-1.7     0.005354      0
-1.68571     0.005358      0
-1.67143     0.00539      0
-1.65714     0.005398      0
-1.64286     0.005372      0
-1.62857     0.005448      0
-1.61429     0.005454      0
-1.6     0.005502      0
-1.58571     0.005518      0
-1.57143     0.005528      0
-1.55714     0.005512      0
-1.54286     0.005568      0
-1.52857     0.005618      0
-1.51429     0.005624      0
-1.5     0.005638      0
-1.48571     0.005644      0
-1.47143     0.00572      0
-1.45714     0.005676      0
-1.44286     0.00574      0
-1.42857     0.00575      0
-1.41429     0.005808      0
-1.4     0.005808      0
-1.38571     0.00583      0
-1.37143     0.005856      0
-1.35714     0.005886      0
-1.34286     0.005906      0
-1.32857     0.005964      0
-1.31429     0.00598      0
-1.3     0.005984      0
-1.28571     0.00602      0
-1.27143     0.00604      0
-1.25714     0.00607      0
-1.24286     0.006122      0
-1.22857     0.006166      0
-1.21429     0.006148      0
-1.2     0.006228      0
-1.18571     0.006212      0
-1.17143     0.006274      0
-1.15714     0.006308      0
-1.14286     0.006312      0
-1.12857     0.006378      0
-1.11429     0.006406      0
-1.1     0.006452      0
-1.08571     0.006468      0
-1.07143     0.006476      0
-1.05714     0.006558      0
-1.04286     0.006572      0
-1.02857     0.006628      0
-1.01429     0.00664      0
-1     0.006662      0
-0.985714     0.006738      0
-0.971429     0.006796      0
-0.957143     0.006804      0
-0.942857     0.006848      0
-0.928571     0.006888      0
-0.914286     0.006946      0
-0.9     0.006994      0
-0.885714     0.007032      0
-0.871429     0.00706      0
-0.857143     0.007108      0
-0.842857     0.00716      0
-0.828571     0.007216      0
-0.814286     0.0073      0
-0.8     0.007282      0
-0.785714     0.007344      0
-0.771429     0.007494      0
-0.757143     0.00745      0
-0.742857     0.007512      0
-0.728571     0.007594      0
-0.714286     0.007682      0
-0.7     0.00769      0
-0.685714     0.007782      0
-0.671429     0.0078      0
-0.657143     0.007916      0
-0.642857     0.007932      0
-0.628571     0.008074      0
-0.614286     0.008112      0
-0.6     0.008176      0
-0.585714     0.008276      0
-0.571429     0.008346      0
-0.557143     0.00838      0
-0.542857     0.008484      0
-0.528571     0.008588      0
-0.514286     0.00867      0
-0.5     0.008716      0
-0.485714     0.008876      0
-0.471429     0.009      0
-0.457143     0.00906      0
-0.442857     0.009206      0
-0.428571     0.009302      0
-0.414286     0.009382      0
-0.4     0.009514      0
-0.385714     0.00965      0
-0.371429     0.009836      0
-0.357143     0.009966      0
-0.342857     0.010092      0
-0.328571     0.010292      0
-0.314286     0.010414      0
-0.3     0.010682      0
-0.285714     0.010912      0
-0.271429     0.011132      0
-0.257143     0.0113      0
-0.242857     0.011628      0
-0.228571     0.012056      0
-0.214286     0.01242      0
-0.2     0.012892      0
-0.185714     0.01328      0
-0.171429     0.014056      0
-0.157143     0.015156      0
-0.142857     0.017108      0
-0.128571     0.022382      0
-0.114286     0.0315525      0
-0.1     0.014438      0
-0.0857143     0.01109      0
-0.0714286     0.009196      0
-0.0571429     0.007772      0
-0.0428571     0.00677      0
-0.0285714     0.005912      0
-0.0142857     0.005074      0.0020905
0     0.002161      0.017272
0.0142857     0      0.01274
0.0285714     0      0.0117
0.0428571     0      0.011356
0.0571429     0      0.011316
0.0714286     0      0.011576
0.0857143     0      0.012072
0.1     0      0.013262
0.114286     0      0.015245
0.128571     0      0.012856
0.142857     0      0.01199
0.157143     0      0.011338
0.171429     0      0.011008
0.185714     0      0.010644
0.2     0      0.010392
0.214286     0      0.01016
0.228571     0      0.010028
0.242857     0      0.009724
0.257143     0      0.009544
0.271429     0      0.009396
0.285714     0      0.009292
0.3     0      0.0091
0.314286     0      0.008972
0.328571     0      0.008876
0.342857     0      0.008726
0.357143     0      0.008672
0.371429     0      0.008474
0.385714     0      0.008452
0.4     0      0.008306
0.414286     0      0.00824
0.428571     0      0.00813
0.442857     0      0.008004
0.457143     0      0.007968
0.471429     0      0.007846
0.485714     0      0.00781
0.5     0      0.007722
0.514286     0      0.007602
0.528571     0      0.007626
0.542857     0      0.007456
0.557143     0      0.00744
0.571429     0      0.007374
0.585714     0      0.007272
0.6     0      0.007248
0.614286     0      0.007132
0.628571     0      0.007144
0.642857     0      0.007022
0.657143     0      0.006998
0.671429     0      0.006956
0.685714     0      0.006878
0.7     0      0.006806
0.714286     0      0.00676
0.728571     0      0.006758
0.742857     0      0.006662
0.757143     0      0.0066
0.771429     0      0.0066
0.785714     0      0.006538
0.8     0      0.006458
0.814286     0      0.006432
0.828571     0      0.006394
0.842857     0      0.00634
0.857143     0      0.006296
0.871429     0      0.006266
0.885714     0      0.006262
0.9     0      0.00617
0.914286     0      0.006112
0.928571     0      0.006088
0.942857     0      0.006058
0.957143     0      0.006032
0.971429     0      0.00599
0.985714     0      0.005896
1     0      0.00594
1.01429     0      0.005866
1.02857     0      0.005812
1.04286     0      0.005862
1.05714     0      0.005744
1.07143     0      0.005736
1.08571     0      0.005752
1.1     0      0.00563
1.11429     0      0.005636
1.12857     0      0.00563
1.14286     0      0.005548
1.15714     0      0.00555
1.17143     0      0.005488
1.18571     0      0.005498
1.2     0      0.005436
1.21429     0      0.005442
1.22857     0      0.005424
1.24286     0      0.005388
1.25714     0      0.005306
1.27143     0      0.005304
1.28571     0      0.005274
1.3     0      0.00527
1.31429     0      0.00522
1.32857     0      0.00524
1.34286     0      0.005162
1.35714     0      0.005144
1.37143     0      0.005134
1.38571     0      0.005122
1.4     0      0.00508
1.41429     0      0.005028
1.42857     0      0.00503
1.44286     0      0.00504
1.45714     0      0.004938
1.47143     0      0.004966
1.48571     0      0.00496
1.5     0      0.004906
1.51429     0      0.004902
1.52857     0      0.004842
1.54286     0      0.004864
1.55714     0      0.004806
1.57143     0      0.004818
1.58571     0      0.004766
1.6     0      0.004756
1.61429     0      0.004744
1.62857     0      0.004738
1.64286     0      0.004696
1.65714     0      0.004664
1.67143     0      0.004666
1.68571     0      0.004664
1.7     0      0.004604
1.71429     0      0.004582
1.72857     0      0.00458
1.74286     0      0.004574
1.75714     0      0.00452
1.77143     0      0.004538
1.78571     0      0.004522
1.8     0      0.004466
1.81429     0      0.00448
1.82857     0      0.004438
1.84286     0      0.004432
1.85714     0      0.00444
1.87143     0      0.004396
1.88571     0      0.004368
1.9     0      0.004372
1.91429     0      0.004342
1.92857     0      0.004338
1.94286     0      0.004314
1.95714     0      0.004298
1.97143     0      0.004256
1.98571     0      0.004286
2     0      0.004242
2.01429     0      0.004222
2.02857     0      0.004228
2.04286     0      0.004214
2.05714     0      0.00419
2.07143     0      0.004156
2.08571     0      0.00416
2.1     0      0.004134
2.11429     0      0.004122
2.12857     0      0.004116
2.14286     0      0.004088
2.15714     0      0.004092
2.17143     0      0.0034925
2.18571     0      8.11768e-44
2.2     0      2.23219e-83
2.21429     0      0
2.22857     0      0
2.24286     0      0
2.25714     0      0
2.27143     0      0
2.28571     0      0
2.3     0      0
2.31429     0      0
2.32857     0      0
2.34286     0      0
2.35714     0      0
2.37143     0      0
2.38571     0      0
2.4     0      0
2.41429     0      0
2.42857     0      0
2.44286     0      0
2.45714     0      0
2.47143     0      0
2.48571     0      0
2.5     0      0
2.51429     0      0
2.52857     0      0
2.54286     0      0
2.55714     0      0
2.57143     0      0
2.58571     0      0
2.6     0      0
2.61429     0      0
2.62857     0      0
2.64286     0      0
2.65714     0      0
2.67143     0      0
2.68571     0      0
2.7     0      0
2.71429     0      0
2.72857     0      0
2.74286     0      0
2.75714     0      0
2.77143     0      0
2.78571     0      0
2.8     0      0
2.81429     0      0
2.82857     0      0
2.84286     0      0
2.85714     0      0
2.87143     0      0
2.88571     0      0
2.9     0      0
2.91429     0      0
2.92857     0      0
2.94286     0      0
2.95714     0      0
2.97143     0      0
2.98571     0      0
3     0      0
3.01429     0      0
3.02857     0      0
3.04286     0      0
3.05714     0      0
3.07143     0      0
3.08571     0      0
3.1     0      0
3.11429     0      0
3.12857     0      0
3.14286     0      0
3.15714     0      0
3.17143     0      0
3.18571     0      0
3.2     0      0
3.21429     0      0
3.22857     0      0
3.24286     0      0
3.25714     0      0
3.27143     0      0
3.28571     0      0
3.3     0      0
3.31429     0      0
3.32857     0      0
3.34286     0      0
3.35714     0      0
3.37143     0      0
3.38571     0      0
3.4     0      0
3.41429     0      0
3.42857     0      0
3.44286     0      0
3.45714     0      0
3.47143     0      0
3.48571     0      0
3.5     0      0
3.51429     0      0
3.52857     0      0
3.54286     0      0
3.55714     0      0
3.57143     0      0
3.58571     0      0
3.6     0      0
3.61429     0      0
3.62857     0      0
3.64286     0      0
3.65714     0      0
3.67143     0      0
3.68571     0      0
3.7     0      0
3.71429     0      0
3.72857     0      0
3.74286     0      0
3.75714     0      0
3.77143     0      0
3.78571     0      0
3.8     0      0
3.81429     0      0
3.82857     0      0
3.84286     0      0
3.85714     0      0
3.87143     0      0
3.88571     0      0
3.9     0      0
3.91429     0      0
3.92857     0      0
3.94286     0      0
3.95714     0      0
3.97143     0      0
3.98571     0      0
4     0      0
4.01429     0      0
4.02857     0      0
4.04286     0      0
4.05714     0      0
4.07143     0      0
4.08571     0      0
4.1     0      0
4.11429     0      0
4.12857     0      0
4.14286     0      0
4.15714     0      0
4.17143     0      0
4.18571     0      0
4.2     0      0
4.21429     0      0
4.22857     0      0
4.24286     0      0
4.25714     0      0
4.27143     0      0
4.28571     0      0
4.3     0      0
4.31429     0      0
4.32857     0      0
4.34286     0      0
4.35714     0      0
4.37143     0      0
4.38571     0      0
4.4     0      0
4.41429     0      0
4.42857     0      0
4.44286     0      0
4.45714     0      0
4.47143     0      0
4.48571     0      0
4.5     0      0
4.51429     0      0
4.52857     0      0
4.54286     0      0
4.55714     0      0
4.57143     0      0
4.58571     0      0
4.6     0      0
4.61429     0      0
4.62857     0      0
4.64286     0      0
4.65714     0      0
4.67143     0      0
4.68571     0      0
4.7     0      0
4.71429     0      0
4.72857     0      0
4.74286     0      0
4.75714     0      0
4.77143     0      0
4.78571     0      0
4.8     0      0
4.81429     0      0
4.82857     0      0
4.84286     0      0
4.85714     0      0
4.87143     0      0
4.88571     0      0
4.9     0      0
4.91429     0      0
4.92857     0      0
4.94286     0      0
4.95714     0      0
4.97143     0      0
4.98571     0      0
