# U,mu,nA_up, nA_dn, nB_up, nB_dn, ms, mf, ntotal,mu,cint
#energy    dos_upn   dos_upp   dos_dnn  dos_dnp GRID=1000 bin=700
-5     0      0
-4.98571     0      0
-4.97143     0      0
-4.95714     0      0
-4.94286     0      0
-4.92857     0      0
-4.91429     0      0
-4.9     0      0
-4.88571     0      0
-4.87143     0      0
-4.85714     0      0
-4.84286     0      0
-4.82857     0      0
-4.81429     0      0
-4.8     0      0
-4.78571     0      0
-4.77143     0      0
-4.75714     0      0
-4.74286     0      0
-4.72857     0      0
-4.71429     0      0
-4.7     0      0
-4.68571     0      0
-4.67143     0      0
-4.65714     0      0
-4.64286     0      0
-4.62857     0      0
-4.61429     0      0
-4.6     0      0
-4.58571     0      0
-4.57143     0      0
-4.55714     0      0
-4.54286     0      0
-4.52857     0      0
-4.51429     0      0
-4.5     0      0
-4.48571     0      0
-4.47143     0      0
-4.45714     0      0
-4.44286     0      0
-4.42857     0      0
-4.41429     0      0
-4.4     0      0
-4.38571     0      0
-4.37143     0      0
-4.35714     0      0
-4.34286     0      0
-4.32857     0      0
-4.31429     0      0
-4.3     0      0
-4.28571     0      0
-4.27143     0      0
-4.25714     0      0
-4.24286     0      0
-4.22857     0      0
-4.21429     0      0
-4.2     0      0
-4.18571     0      0
-4.17143     0      0
-4.15714     0      0
-4.14286     0      0
-4.12857     0      0
-4.11429     0      0
-4.1     0      0
-4.08571     0      0
-4.07143     0      0
-4.05714     0      0
-4.04286     0      0
-4.02857     0      0
-4.01429     0      0
-4     0      0
-3.98571     0      0
-3.97143     0      0
-3.95714     0      0
-3.94286     0      0
-3.92857     0      0
-3.91429     0      0
-3.9     0      0
-3.88571     0      0
-3.87143     0      0
-3.85714     0      0
-3.84286     0      0
-3.82857     0      0
-3.81429     0      0
-3.8     0      0
-3.78571     0      0
-3.77143     0      0
-3.75714     0      0
-3.74286     0      0
-3.72857     0      0
-3.71429     0      0
-3.7     0      0
-3.68571     0      0
-3.67143     0      0
-3.65714     0      0
-3.64286     0      0
-3.62857     0      0
-3.61429     0      0
-3.6     0      0
-3.58571     0      0
-3.57143     0      0
-3.55714     0      0
-3.54286     0      0
-3.52857     0      0
-3.51429     0      0
-3.5     0      0
-3.48571     0      0
-3.47143     0      0
-3.45714     0      0
-3.44286     0      0
-3.42857     0      0
-3.41429     0      0
-3.4     0      0
-3.38571     0      0
-3.37143     0      0
-3.35714     0      0
-3.34286     0      0
-3.32857     0      0
-3.31429     0      0
-3.3     0      0
-3.28571     0      0
-3.27143     0      0
-3.25714     0      0
-3.24286     0      0
-3.22857     0      0
-3.21429     0      0
-3.2     0      0
-3.18571     0      0
-3.17143     0      0
-3.15714     0      0
-3.14286     0      0
-3.12857     0      0
-3.11429     0      0
-3.1     0      0
-3.08571     0      0
-3.07143     0      0
-3.05714     0      0
-3.04286     0      0
-3.02857     0      0
-3.01429     0      0
-3     0      0
-2.98571     0      0
-2.97143     0      0
-2.95714     0      0
-2.94286     0      0
-2.92857     0      0
-2.91429     0      0
-2.9     0      0
-2.88571     0      0
-2.87143     0      0
-2.85714     0      0
-2.84286     0      0
-2.82857     0      0
-2.81429     0      0
-2.8     0      0
-2.78571     0      0
-2.77143     0      0
-2.75714     0      0
-2.74286     0      0
-2.72857     0      0
-2.71429     0      0
-2.7     0      0
-2.68571     0      0
-2.67143     0      0
-2.65714     0      0
-2.64286     0      0
-2.62857     0      0
-2.61429     0      0
-2.6     0      0
-2.58571     0      0
-2.57143     0      0
-2.55714     0      0
-2.54286     0      0
-2.52857     0      0
-2.51429     0      0
-2.5     0      0
-2.48571     0      0
-2.47143     0      0
-2.45714     0      0
-2.44286     0      0
-2.42857     0      0
-2.41429     0      0
-2.4     0      0
-2.38571     0      0
-2.37143     0      0
-2.35714     0      0
-2.34286     0      0
-2.32857     0      0
-2.31429     0      0
-2.3     0      0
-2.28571     0      0
-2.27143     0      0
-2.25714     0      0
-2.24286     0      0
-2.22857     0      0
-2.21429     0      0
-2.2     0      0
-2.18571     0      0
-2.17143     0      0
-2.15714     0      0
-2.14286     0      0
-2.12857     0      0
-2.11429     0      0
-2.1     0      0
-2.08571     0      0
-2.07143     0      0
-2.05714     0      0
-2.04286     0      0
-2.02857     0      0
-2.01429     0      0
-2     0      0
-1.98571     0      0
-1.97143     0      0
-1.95714     0      0
-1.94286     0      0
-1.92857     0      0
-1.91429     0      0
-1.9     0      0
-1.88571     0      0
-1.87143     0      0
-1.85714     0      0
-1.84286     0      0
-1.82857     8.85001e-05      0
-1.81429     0.00517      0
-1.8     0.00521      0
-1.78571     0.005208      0
-1.77143     0.005232      0
-1.75714     0.005268      0
-1.74286     0.00526      0
-1.72857     0.005304      0
-1.71429     0.005314      0
-1.7     0.005322      0
-1.68571     0.005356      0
-1.67143     0.005384      0
-1.65714     0.005362      0
-1.64286     0.005416      0
-1.62857     0.005444      0
-1.61429     0.005464      0
-1.6     0.005436      0
-1.58571     0.005546      0
-1.57143     0.005484      0
-1.55714     0.005554      0
-1.54286     0.00558      0
-1.52857     0.005578      0
-1.51429     0.005586      0
-1.5     0.005638      0
-1.48571     0.005682      0
-1.47143     0.005678      0
-1.45714     0.005678      0
-1.44286     0.00576      0
-1.42857     0.005736      0
-1.41429     0.005784      0
-1.4     0.005792      0
-1.38571     0.00581      0
-1.37143     0.005892      0
-1.35714     0.005872      0
-1.34286     0.005912      0
-1.32857     0.005918      0
-1.31429     0.005958      0
-1.3     0.006014      0
-1.28571     0.00602      0
-1.27143     0.006032      0
-1.25714     0.006088      0
-1.24286     0.00608      0
-1.22857     0.00613      0
-1.21429     0.00619      0
-1.2     0.006158      0
-1.18571     0.006264      0
-1.17143     0.006248      0
-1.15714     0.006308      0
-1.14286     0.006304      0
-1.12857     0.006348      0
-1.11429     0.00638      0
-1.1     0.00645      0
-1.08571     0.006452      0
-1.07143     0.00648      0
-1.05714     0.0065      0
-1.04286     0.006582      0
-1.02857     0.006628      0
-1.01429     0.006644      0
-1     0.006676      0
-0.985714     0.006704      0
-0.971429     0.00679      0
-0.957143     0.006794      0
-0.942857     0.006836      0
-0.928571     0.00688      0
-0.914286     0.006936      0
-0.9     0.006936      0
-0.885714     0.00704      0
-0.871429     0.007068      0
-0.857143     0.007092      0
-0.842857     0.00716      0
-0.828571     0.007186      0
-0.814286     0.007238      0
-0.8     0.007344      0
-0.785714     0.007338      0
-0.771429     0.00736      0
-0.757143     0.007502      0
-0.742857     0.007522      0
-0.728571     0.00756      0
-0.714286     0.007632      0
-0.7     0.007712      0
-0.685714     0.007762      0
-0.671429     0.007786      0
-0.657143     0.007886      0
-0.642857     0.007942      0
-0.628571     0.007994      0
-0.614286     0.00807      0
-0.6     0.00817      0
-0.585714     0.008208      0
-0.571429     0.008316      0
-0.557143     0.008392      0
-0.542857     0.008474      0
-0.528571     0.00856      0
-0.514286     0.008642      0
-0.5     0.008728      0
-0.485714     0.008834      0
-0.471429     0.008916      0
-0.457143     0.009074      0
-0.442857     0.009122      0
-0.428571     0.009242      0
-0.414286     0.009298      0
-0.4     0.009504      0
-0.385714     0.009652      0
-0.371429     0.009746      0
-0.357143     0.0099      0
-0.342857     0.01003      0
-0.328571     0.010158      0
-0.314286     0.010446      0
-0.3     0.010596      0
-0.285714     0.010774      0
-0.271429     0.010908      0
-0.257143     0.011274      0
-0.242857     0.011576      0
-0.228571     0.011818      0
-0.214286     0.011972      0
-0.2     0.012634      0
-0.185714     0.01314      0
-0.171429     0.013626      0
-0.157143     0.01465      0
-0.142857     0.015726      0
-0.128571     0.018302      0
-0.114286     0.0329665      0
-0.1     0.01808      0
-0.0857143     0.012332      0
-0.0714286     0.009898      0
-0.0571429     0.008292      0
-0.0428571     0.007092      0
-0.0285714     0.006184      0
-0.0142857     0.005322      0.0044685
0     0.004608      0.015788
0.0142857     9.5e-05      0.012286
0.0285714     0      0.011428
0.0428571     0      0.011136
0.0571429     0      0.01119
0.0714286     0      0.011434
0.0857143     0      0.011996
0.1     0      0.013252
0.114286     0      0.014885
0.128571     0      0.012636
0.142857     0      0.011792
0.157143     0      0.011348
0.171429     0      0.010904
0.185714     0      0.010612
0.2     0      0.010348
0.214286     0      0.01012
0.228571     0      0.009926
0.242857     0      0.009754
0.257143     0      0.00956
0.271429     0      0.009354
0.285714     0      0.009274
0.3     0      0.009136
0.314286     0      0.008958
0.328571     0      0.008926
0.342857     0      0.008674
0.357143     0      0.008626
0.371429     0      0.008526
0.385714     0      0.008438
0.4     0      0.008366
0.414286     0      0.00817
0.428571     0      0.008152
0.442857     0      0.008022
0.457143     0      0.007976
0.471429     0      0.007854
0.485714     0      0.007824
0.5     0      0.007778
0.514286     0      0.007568
0.528571     0      0.007576
0.542857     0      0.007494
0.557143     0      0.007428
0.571429     0      0.007378
0.585714     0      0.007278
0.6     0      0.007326
0.614286     0      0.007088
0.628571     0      0.007154
0.642857     0      0.007038
0.657143     0      0.007004
0.671429     0      0.006968
0.685714     0      0.006848
0.7     0      0.006832
0.714286     0      0.006824
0.728571     0      0.006692
0.742857     0      0.006668
0.757143     0      0.006644
0.771429     0      0.00655
0.785714     0      0.006566
0.8     0      0.006496
0.814286     0      0.00641
0.828571     0      0.006376
0.842857     0      0.006426
0.857143     0      0.006268
0.871429     0      0.006266
0.885714     0      0.006238
0.9     0      0.006212
0.914286     0      0.00608
0.928571     0      0.006106
0.942857     0      0.006088
0.957143     0      0.006018
0.971429     0      0.005988
0.985714     0      0.005956
1     0      0.005898
1.01429     0      0.005892
1.02857     0      0.005872
1.04286     0      0.005796
1.05714     0      0.005778
1.07143     0      0.005772
1.08571     0      0.005678
1.1     0      0.005664
1.11429     0      0.005666
1.12857     0      0.005588
1.14286     0      0.005598
1.15714     0      0.00552
1.17143     0      0.00553
1.18571     0      0.005484
1.2     0      0.005462
1.21429     0      0.005456
1.22857     0      0.0054
1.24286     0      0.005378
1.25714     0      0.005328
1.27143     0      0.005302
1.28571     0      0.005308
1.3     0      0.005258
1.31429     0      0.00523
1.32857     0      0.005214
1.34286     0      0.005182
1.35714     0      0.005146
1.37143     0      0.005162
1.38571     0      0.005122
1.4     0      0.005066
1.41429     0      0.005026
1.42857     0      0.005054
1.44286     0      0.00501
1.45714     0      0.004986
1.47143     0      0.00497
1.48571     0      0.004952
1.5     0      0.00489
1.51429     0      0.004896
1.52857     0      0.00487
1.54286     0      0.004876
1.55714     0      0.004802
1.57143     0      0.004808
1.58571     0      0.00479
1.6     0      0.00478
1.61429     0      0.004744
1.62857     0      0.004702
1.64286     0      0.004724
1.65714     0      0.004674
1.67143     0      0.004692
1.68571     0      0.004612
1.7     0      0.004642
1.71429     0      0.004604
1.72857     0      0.00458
1.74286     0      0.004558
1.75714     0      0.00454
1.77143     0      0.004522
1.78571     0      0.004536
1.8     0      0.004464
1.81429     0      0.0045
1.82857     0      0.004442
1.84286     0      0.004416
1.85714     0      0.004432
1.87143     0      0.004406
1.88571     0      0.004402
1.9     0      0.004352
1.91429     0      0.004354
1.92857     0      0.004324
1.94286     0      0.004308
1.95714     0      0.004306
1.97143     0      0.004296
1.98571     0      0.004248
2     0      0.00426
2.01429     0      0.00424
2.02857     0      0.004228
2.04286     0      0.004196
2.05714     0      0.004192
2.07143     0      0.004158
2.08571     0      0.004174
2.1     0      0.004138
2.11429     0      0.00413
2.12857     0      0.004114
2.14286     0      0.004096
2.15714     0      0.004094
2.17143     0      0.004066
2.18571     0      0.0003045
2.2     0      2.17988e-116
2.21429     0      0
2.22857     0      0
2.24286     0      0
2.25714     0      0
2.27143     0      0
2.28571     0      0
2.3     0      0
2.31429     0      0
2.32857     0      0
2.34286     0      0
2.35714     0      0
2.37143     0      0
2.38571     0      0
2.4     0      0
2.41429     0      0
2.42857     0      0
2.44286     0      0
2.45714     0      0
2.47143     0      0
2.48571     0      0
2.5     0      0
2.51429     0      0
2.52857     0      0
2.54286     0      0
2.55714     0      0
2.57143     0      0
2.58571     0      0
2.6     0      0
2.61429     0      0
2.62857     0      0
2.64286     0      0
2.65714     0      0
2.67143     0      0
2.68571     0      0
2.7     0      0
2.71429     0      0
2.72857     0      0
2.74286     0      0
2.75714     0      0
2.77143     0      0
2.78571     0      0
2.8     0      0
2.81429     0      0
2.82857     0      0
2.84286     0      0
2.85714     0      0
2.87143     0      0
2.88571     0      0
2.9     0      0
2.91429     0      0
2.92857     0      0
2.94286     0      0
2.95714     0      0
2.97143     0      0
2.98571     0      0
3     0      0
3.01429     0      0
3.02857     0      0
3.04286     0      0
3.05714     0      0
3.07143     0      0
3.08571     0      0
3.1     0      0
3.11429     0      0
3.12857     0      0
3.14286     0      0
3.15714     0      0
3.17143     0      0
3.18571     0      0
3.2     0      0
3.21429     0      0
3.22857     0      0
3.24286     0      0
3.25714     0      0
3.27143     0      0
3.28571     0      0
3.3     0      0
3.31429     0      0
3.32857     0      0
3.34286     0      0
3.35714     0      0
3.37143     0      0
3.38571     0      0
3.4     0      0
3.41429     0      0
3.42857     0      0
3.44286     0      0
3.45714     0      0
3.47143     0      0
3.48571     0      0
3.5     0      0
3.51429     0      0
3.52857     0      0
3.54286     0      0
3.55714     0      0
3.57143     0      0
3.58571     0      0
3.6     0      0
3.61429     0      0
3.62857     0      0
3.64286     0      0
3.65714     0      0
3.67143     0      0
3.68571     0      0
3.7     0      0
3.71429     0      0
3.72857     0      0
3.74286     0      0
3.75714     0      0
3.77143     0      0
3.78571     0      0
3.8     0      0
3.81429     0      0
3.82857     0      0
3.84286     0      0
3.85714     0      0
3.87143     0      0
3.88571     0      0
3.9     0      0
3.91429     0      0
3.92857     0      0
3.94286     0      0
3.95714     0      0
3.97143     0      0
3.98571     0      0
4     0      0
4.01429     0      0
4.02857     0      0
4.04286     0      0
4.05714     0      0
4.07143     0      0
4.08571     0      0
4.1     0      0
4.11429     0      0
4.12857     0      0
4.14286     0      0
4.15714     0      0
4.17143     0      0
4.18571     0      0
4.2     0      0
4.21429     0      0
4.22857     0      0
4.24286     0      0
4.25714     0      0
4.27143     0      0
4.28571     0      0
4.3     0      0
4.31429     0      0
4.32857     0      0
4.34286     0      0
4.35714     0      0
4.37143     0      0
4.38571     0      0
4.4     0      0
4.41429     0      0
4.42857     0      0
4.44286     0      0
4.45714     0      0
4.47143     0      0
4.48571     0      0
4.5     0      0
4.51429     0      0
4.52857     0      0
4.54286     0      0
4.55714     0      0
4.57143     0      0
4.58571     0      0
4.6     0      0
4.61429     0      0
4.62857     0      0
4.64286     0      0
4.65714     0      0
4.67143     0      0
4.68571     0      0
4.7     0      0
4.71429     0      0
4.72857     0      0
4.74286     0      0
4.75714     0      0
4.77143     0      0
4.78571     0      0
4.8     0      0
4.81429     0      0
4.82857     0      0
4.84286     0      0
4.85714     0      0
4.87143     0      0
4.88571     0      0
4.9     0      0
4.91429     0      0
4.92857     0      0
4.94286     0      0
4.95714     0      0
4.97143     0      0
4.98571     0      0
