# U,mu,nA_up, nA_dn, nB_up, nB_dn, ms, mf, ntotal,mu,cint
#energy    dos_upn   dos_upp   dos_dnn  dos_dnp GRID=1000 bin=700
-5     0      0
-4.98571     0      0
-4.97143     0      0
-4.95714     0      0
-4.94286     0      0
-4.92857     0      0
-4.91429     0      0
-4.9     0      0
-4.88571     0      0
-4.87143     0      0
-4.85714     0      0
-4.84286     0      0
-4.82857     0      0
-4.81429     0      0
-4.8     0      0
-4.78571     0      0
-4.77143     0      0
-4.75714     0      0
-4.74286     0      0
-4.72857     0      0
-4.71429     0      0
-4.7     0      0
-4.68571     0      0
-4.67143     0      0
-4.65714     0      0
-4.64286     0      0
-4.62857     0      0
-4.61429     0      0
-4.6     0      0
-4.58571     0      0
-4.57143     0      0
-4.55714     0      0
-4.54286     0      0
-4.52857     0      0
-4.51429     0      0
-4.5     0      0
-4.48571     0      0
-4.47143     0      0
-4.45714     0      0
-4.44286     0      0
-4.42857     0      0
-4.41429     0      0
-4.4     0      0
-4.38571     0      0
-4.37143     0      0
-4.35714     0      0
-4.34286     0      0
-4.32857     0      0
-4.31429     0      0
-4.3     0      0
-4.28571     0      0
-4.27143     0      0
-4.25714     0      0
-4.24286     0      0
-4.22857     0      0
-4.21429     0      0
-4.2     0      0
-4.18571     0      0
-4.17143     0      0
-4.15714     0      0
-4.14286     0      0
-4.12857     0      0
-4.11429     0      0
-4.1     0      0
-4.08571     0      0
-4.07143     0      0
-4.05714     0      0
-4.04286     0      0
-4.02857     0      0
-4.01429     0      0
-4     0      0
-3.98571     0      0
-3.97143     0      0
-3.95714     0      0
-3.94286     0      0
-3.92857     0      0
-3.91429     0      0
-3.9     0      0
-3.88571     0      0
-3.87143     0      0
-3.85714     0      0
-3.84286     0      0
-3.82857     0      0
-3.81429     0      0
-3.8     0      0
-3.78571     0      0
-3.77143     0      0
-3.75714     0      0
-3.74286     0      0
-3.72857     0      0
-3.71429     0      0
-3.7     0      0
-3.68571     0      0
-3.67143     0      0
-3.65714     0      0
-3.64286     0      0
-3.62857     0      0
-3.61429     0      0
-3.6     0      0
-3.58571     0      0
-3.57143     0      0
-3.55714     0      0
-3.54286     0      0
-3.52857     0      0
-3.51429     0      0
-3.5     0      0
-3.48571     0      0
-3.47143     0      0
-3.45714     0      0
-3.44286     0      0
-3.42857     0      0
-3.41429     0      0
-3.4     0      0
-3.38571     0      0
-3.37143     0      0
-3.35714     0      0
-3.34286     0      0
-3.32857     0      0
-3.31429     0      0
-3.3     0      0
-3.28571     0      0
-3.27143     0      0
-3.25714     0      0
-3.24286     0      0
-3.22857     0      0
-3.21429     0      0
-3.2     0      0
-3.18571     0      0
-3.17143     0      0
-3.15714     0      0
-3.14286     0      0
-3.12857     0      0
-3.11429     0      0
-3.1     0      0
-3.08571     0      0
-3.07143     0      0
-3.05714     0      0
-3.04286     0      0
-3.02857     0      0
-3.01429     0      0
-3     0      0
-2.98571     0      0
-2.97143     0      0
-2.95714     0      0
-2.94286     0      0
-2.92857     0      0
-2.91429     0      0
-2.9     0      0
-2.88571     0      0
-2.87143     0      0
-2.85714     0      0
-2.84286     0      0
-2.82857     0      0
-2.81429     0      0
-2.8     0      0
-2.78571     0      0
-2.77143     0      0
-2.75714     0      0
-2.74286     0      0
-2.72857     0      0
-2.71429     0      0
-2.7     0      0
-2.68571     0      0
-2.67143     0      0
-2.65714     0      0
-2.64286     0      0
-2.62857     0      0
-2.61429     0      0
-2.6     0      0
-2.58571     0      0
-2.57143     0      0
-2.55714     0      0
-2.54286     0      0
-2.52857     0      0
-2.51429     0      0
-2.5     0      0
-2.48571     0      0
-2.47143     0      0
-2.45714     0      0
-2.44286     0      0
-2.42857     0      0
-2.41429     0      0
-2.4     0      0
-2.38571     0      0
-2.37143     0      0
-2.35714     0      0
-2.34286     0      0
-2.32857     0      0
-2.31429     0      0
-2.3     0      0
-2.28571     0      0
-2.27143     0      0
-2.25714     0      0
-2.24286     0      0
-2.22857     0      0
-2.21429     0      0
-2.2     0      0
-2.18571     0      0
-2.17143     0      0
-2.15714     0      0
-2.14286     0      0
-2.12857     0      0
-2.11429     0      0
-2.1     0      0
-2.08571     0      0
-2.07143     0      0
-2.05714     0      0
-2.04286     0      0
-2.02857     0      0
-2.01429     0      0
-2     0      0
-1.98571     0      0
-1.97143     0      0
-1.95714     0      0
-1.94286     0      0
-1.92857     0      0
-1.91429     0      0
-1.9     0      0
-1.88571     0      0
-1.87143     0      0
-1.85714     0      0
-1.84286     0      0
-1.82857     0.0022025      0
-1.81429     0.005182      0
-1.8     0.005216      0
-1.78571     0.005214      0
-1.77143     0.005246      0
-1.75714     0.005256      0
-1.74286     0.005286      0
-1.72857     0.005292      0
-1.71429     0.005342      0
-1.7     0.005338      0
-1.68571     0.005342      0
-1.67143     0.005404      0
-1.65714     0.005388      0
-1.64286     0.005418      0
-1.62857     0.005432      0
-1.61429     0.00549      0
-1.6     0.005474      0
-1.58571     0.005512      0
-1.57143     0.005496      0
-1.55714     0.005582      0
-1.54286     0.005566      0
-1.52857     0.005574      0
-1.51429     0.005626      0
-1.5     0.00568      0
-1.48571     0.005636      0
-1.47143     0.005718      0
-1.45714     0.005696      0
-1.44286     0.005724      0
-1.42857     0.005774      0
-1.41429     0.005812      0
-1.4     0.005812      0
-1.38571     0.005836      0
-1.37143     0.005864      0
-1.35714     0.005856      0
-1.34286     0.005964      0
-1.32857     0.005944      0
-1.31429     0.005982      0
-1.3     0.005978      0
-1.28571     0.006038      0
-1.27143     0.00605      0
-1.25714     0.006102      0
-1.24286     0.0061      0
-1.22857     0.006184      0
-1.21429     0.006156      0
-1.2     0.006226      0
-1.18571     0.00622      0
-1.17143     0.00627      0
-1.15714     0.006334      0
-1.14286     0.0063      0
-1.12857     0.006392      0
-1.11429     0.006402      0
-1.1     0.006472      0
-1.08571     0.006476      0
-1.07143     0.006464      0
-1.05714     0.006578      0
-1.04286     0.0066      0
-1.02857     0.006612      0
-1.01429     0.006656      0
-1     0.006656      0
-0.985714     0.00679      0
-0.971429     0.006788      0
-0.957143     0.006796      0
-0.942857     0.006846      0
-0.928571     0.006932      0
-0.914286     0.006908      0
-0.9     0.007022      0
-0.885714     0.007052      0
-0.871429     0.007094      0
-0.857143     0.0071      0
-0.842857     0.007176      0
-0.828571     0.007224      0
-0.814286     0.007316      0
-0.8     0.007284      0
-0.785714     0.007346      0
-0.771429     0.00749      0
-0.757143     0.007496      0
-0.742857     0.007522      0
-0.728571     0.00761      0
-0.714286     0.007704      0
-0.7     0.007696      0
-0.685714     0.007788      0
-0.671429     0.007814      0
-0.657143     0.007938      0
-0.642857     0.007948      0
-0.628571     0.008068      0
-0.614286     0.008138      0
-0.6     0.008202      0
-0.585714     0.008278      0
-0.571429     0.008372      0
-0.557143     0.008434      0
-0.542857     0.00848      0
-0.528571     0.008604      0
-0.514286     0.008664      0
-0.5     0.008792      0
-0.485714     0.008916      0
-0.471429     0.009      0
-0.457143     0.009086      0
-0.442857     0.009222      0
-0.428571     0.009338      0
-0.414286     0.009434      0
-0.4     0.00955      0
-0.385714     0.009666      0
-0.371429     0.009878      0
-0.357143     0.010036      0
-0.342857     0.010152      0
-0.328571     0.010352      0
-0.314286     0.01046      0
-0.3     0.010776      0
-0.285714     0.01097      0
-0.271429     0.011214      0
-0.257143     0.011406      0
-0.242857     0.011748      0
-0.228571     0.012176      0
-0.214286     0.012598      0
-0.2     0.013102      0
-0.185714     0.013634      0
-0.171429     0.014362      0
-0.157143     0.01581      0
-0.142857     0.018234      0
-0.128571     0.0338585      0
-0.114286     0.019652      0
-0.1     0.013058      0
-0.0857143     0.010398      0
-0.0714286     0.008712      0
-0.0571429     0.007534      0
-0.0428571     0.006498      0
-0.0285714     0.005684      0
-0.0142857     0.004962      0.0004125
0     0.000369      0.018446
0.0142857     0      0.013022
0.0285714     0      0.011878
0.0428571     0      0.011486
0.0571429     0      0.011474
0.0714286     0      0.011648
0.0857143     0      0.01215
0.1     0      0.013298
0.114286     0      0.015417
0.128571     0      0.01308
0.142857     0      0.012004
0.157143     0      0.011466
0.171429     0      0.011036
0.185714     0      0.010732
0.2     0      0.010414
0.214286     0      0.01014
0.228571     0      0.009942
0.242857     0      0.009776
0.257143     0      0.009606
0.271429     0      0.009372
0.285714     0      0.009304
0.3     0      0.009148
0.314286     0      0.008948
0.328571     0      0.008874
0.342857     0      0.00879
0.357143     0      0.008562
0.371429     0      0.008562
0.385714     0      0.008366
0.4     0      0.008328
0.414286     0      0.008234
0.428571     0      0.008082
0.442857     0      0.008076
0.457143     0      0.007954
0.471429     0      0.007886
0.485714     0      0.007782
0.5     0      0.007694
0.514286     0      0.007622
0.528571     0      0.007578
0.542857     0      0.007466
0.557143     0      0.00745
0.571429     0      0.007328
0.585714     0      0.0073
0.6     0      0.0072
0.614286     0      0.007182
0.628571     0      0.007108
0.642857     0      0.00701
0.657143     0      0.007058
0.671429     0      0.006868
0.685714     0      0.006906
0.7     0      0.006818
0.714286     0      0.006768
0.728571     0      0.006686
0.742857     0      0.0067
0.757143     0      0.006622
0.771429     0      0.006558
0.785714     0      0.0065
0.8     0      0.00648
0.814286     0      0.006418
0.828571     0      0.006434
0.842857     0      0.006324
0.857143     0      0.006266
0.871429     0      0.006268
0.885714     0      0.006218
0.9     0      0.006144
0.914286     0      0.00616
0.928571     0      0.006086
0.942857     0      0.006106
0.957143     0      0.00598
0.971429     0      0.005954
0.985714     0      0.005948
1     0      0.00593
1.01429     0      0.005852
1.02857     0      0.00583
1.04286     0      0.005808
1.05714     0      0.005754
1.07143     0      0.005748
1.08571     0      0.005702
1.1     0      0.00566
1.11429     0      0.005658
1.12857     0      0.0056
1.14286     0      0.005588
1.15714     0      0.005504
1.17143     0      0.005534
1.18571     0      0.005436
1.2     0      0.005466
1.21429     0      0.005392
1.22857     0      0.005398
1.24286     0      0.005404
1.25714     0      0.005294
1.27143     0      0.00534
1.28571     0      0.0053
1.3     0      0.005258
1.31429     0      0.005178
1.32857     0      0.0052
1.34286     0      0.005198
1.35714     0      0.00516
1.37143     0      0.005126
1.38571     0      0.005068
1.4     0      0.00509
1.41429     0      0.005056
1.42857     0      0.005026
1.44286     0      0.005008
1.45714     0      0.004992
1.47143     0      0.004922
1.48571     0      0.004962
1.5     0      0.0049
1.51429     0      0.004882
1.52857     0      0.004864
1.54286     0      0.004818
1.55714     0      0.004848
1.57143     0      0.004822
1.58571     0      0.004768
1.6     0      0.004752
1.61429     0      0.004734
1.62857     0      0.004716
1.64286     0      0.004698
1.65714     0      0.004668
1.67143     0      0.004676
1.68571     0      0.004646
1.7     0      0.0046
1.71429     0      0.004608
1.72857     0      0.004558
1.74286     0      0.00456
1.75714     0      0.004542
1.77143     0      0.004496
1.78571     0      0.004536
1.8     0      0.004454
1.81429     0      0.004504
1.82857     0      0.0044
1.84286     0      0.004444
1.85714     0      0.00444
1.87143     0      0.0044
1.88571     0      0.004366
1.9     0      0.004352
1.91429     0      0.004344
1.92857     0      0.004332
1.94286     0      0.004338
1.95714     0      0.004266
1.97143     0      0.004292
1.98571     0      0.004254
2     0      0.004248
2.01429     0      0.004212
2.02857     0      0.004228
2.04286     0      0.004198
2.05714     0      0.00419
2.07143     0      0.004186
2.08571     0      0.004134
2.1     0      0.004148
2.11429     0      0.004102
2.12857     0      0.004122
2.14286     0      0.004092
2.15714     0      0.004076
2.17143     0      0.0028405
2.18571     0      1.29883e-30
2.2     0      3.57151e-70
2.21429     0      0
2.22857     0      0
2.24286     0      0
2.25714     0      0
2.27143     0      0
2.28571     0      0
2.3     0      0
2.31429     0      0
2.32857     0      0
2.34286     0      0
2.35714     0      0
2.37143     0      0
2.38571     0      0
2.4     0      0
2.41429     0      0
2.42857     0      0
2.44286     0      0
2.45714     0      0
2.47143     0      0
2.48571     0      0
2.5     0      0
2.51429     0      0
2.52857     0      0
2.54286     0      0
2.55714     0      0
2.57143     0      0
2.58571     0      0
2.6     0      0
2.61429     0      0
2.62857     0      0
2.64286     0      0
2.65714     0      0
2.67143     0      0
2.68571     0      0
2.7     0      0
2.71429     0      0
2.72857     0      0
2.74286     0      0
2.75714     0      0
2.77143     0      0
2.78571     0      0
2.8     0      0
2.81429     0      0
2.82857     0      0
2.84286     0      0
2.85714     0      0
2.87143     0      0
2.88571     0      0
2.9     0      0
2.91429     0      0
2.92857     0      0
2.94286     0      0
2.95714     0      0
2.97143     0      0
2.98571     0      0
3     0      0
3.01429     0      0
3.02857     0      0
3.04286     0      0
3.05714     0      0
3.07143     0      0
3.08571     0      0
3.1     0      0
3.11429     0      0
3.12857     0      0
3.14286     0      0
3.15714     0      0
3.17143     0      0
3.18571     0      0
3.2     0      0
3.21429     0      0
3.22857     0      0
3.24286     0      0
3.25714     0      0
3.27143     0      0
3.28571     0      0
3.3     0      0
3.31429     0      0
3.32857     0      0
3.34286     0      0
3.35714     0      0
3.37143     0      0
3.38571     0      0
3.4     0      0
3.41429     0      0
3.42857     0      0
3.44286     0      0
3.45714     0      0
3.47143     0      0
3.48571     0      0
3.5     0      0
3.51429     0      0
3.52857     0      0
3.54286     0      0
3.55714     0      0
3.57143     0      0
3.58571     0      0
3.6     0      0
3.61429     0      0
3.62857     0      0
3.64286     0      0
3.65714     0      0
3.67143     0      0
3.68571     0      0
3.7     0      0
3.71429     0      0
3.72857     0      0
3.74286     0      0
3.75714     0      0
3.77143     0      0
3.78571     0      0
3.8     0      0
3.81429     0      0
3.82857     0      0
3.84286     0      0
3.85714     0      0
3.87143     0      0
3.88571     0      0
3.9     0      0
3.91429     0      0
3.92857     0      0
3.94286     0      0
3.95714     0      0
3.97143     0      0
3.98571     0      0
4     0      0
4.01429     0      0
4.02857     0      0
4.04286     0      0
4.05714     0      0
4.07143     0      0
4.08571     0      0
4.1     0      0
4.11429     0      0
4.12857     0      0
4.14286     0      0
4.15714     0      0
4.17143     0      0
4.18571     0      0
4.2     0      0
4.21429     0      0
4.22857     0      0
4.24286     0      0
4.25714     0      0
4.27143     0      0
4.28571     0      0
4.3     0      0
4.31429     0      0
4.32857     0      0
4.34286     0      0
4.35714     0      0
4.37143     0      0
4.38571     0      0
4.4     0      0
4.41429     0      0
4.42857     0      0
4.44286     0      0
4.45714     0      0
4.47143     0      0
4.48571     0      0
4.5     0      0
4.51429     0      0
4.52857     0      0
4.54286     0      0
4.55714     0      0
4.57143     0      0
4.58571     0      0
4.6     0      0
4.61429     0      0
4.62857     0      0
4.64286     0      0
4.65714     0      0
4.67143     0      0
4.68571     0      0
4.7     0      0
4.71429     0      0
4.72857     0      0
4.74286     0      0
4.75714     0      0
4.77143     0      0
4.78571     0      0
4.8     0      0
4.81429     0      0
4.82857     0      0
4.84286     0      0
4.85714     0      0
4.87143     0      0
4.88571     0      0
4.9     0      0
4.91429     0      0
4.92857     0      0
4.94286     0      0
4.95714     0      0
4.97143     0      0
4.98571     0      0
