# U,mu,nA_up, nA_dn, nB_up, nB_dn, ms, mf, ntotal,mu,cint
#energy    dos_upn   dos_upp   dos_dnn  dos_dnp GRID=1000 bin=700
-5     0      0
-4.98571     0      0
-4.97143     0      0
-4.95714     0      0
-4.94286     0      0
-4.92857     0      0
-4.91429     0      0
-4.9     0      0
-4.88571     0      0
-4.87143     0      0
-4.85714     0      0
-4.84286     0      0
-4.82857     0      0
-4.81429     0      0
-4.8     0      0
-4.78571     0      0
-4.77143     0      0
-4.75714     0      0
-4.74286     0      0
-4.72857     0      0
-4.71429     0      0
-4.7     0      0
-4.68571     0      0
-4.67143     0      0
-4.65714     0      0
-4.64286     0      0
-4.62857     0      0
-4.61429     0      0
-4.6     0      0
-4.58571     0      0
-4.57143     0      0
-4.55714     0      0
-4.54286     0      0
-4.52857     0      0
-4.51429     0      0
-4.5     0      0
-4.48571     0      0
-4.47143     0      0
-4.45714     0      0
-4.44286     0      0
-4.42857     0      0
-4.41429     0      0
-4.4     0      0
-4.38571     0      0
-4.37143     0      0
-4.35714     0      0
-4.34286     0      0
-4.32857     0      0
-4.31429     0      0
-4.3     0      0
-4.28571     0      0
-4.27143     0      0
-4.25714     0      0
-4.24286     0      0
-4.22857     0      0
-4.21429     0      0
-4.2     0      0
-4.18571     0      0
-4.17143     0      0
-4.15714     0      0
-4.14286     0      0
-4.12857     0      0
-4.11429     0      0
-4.1     0      0
-4.08571     0      0
-4.07143     0      0
-4.05714     0      0
-4.04286     0      0
-4.02857     0      0
-4.01429     0      0
-4     0      0
-3.98571     0      0
-3.97143     0      0
-3.95714     0      0
-3.94286     0      0
-3.92857     0      0
-3.91429     0      0
-3.9     0      0
-3.88571     0      0
-3.87143     0      0
-3.85714     0      0
-3.84286     0      0
-3.82857     0      0
-3.81429     0      0
-3.8     0      0
-3.78571     0      0
-3.77143     0      0
-3.75714     0      0
-3.74286     0      0
-3.72857     0      0
-3.71429     0      0
-3.7     0      0
-3.68571     0      0
-3.67143     0      0
-3.65714     0      0
-3.64286     0      0
-3.62857     0      0
-3.61429     0      0
-3.6     0      0
-3.58571     0      0
-3.57143     0      0
-3.55714     0      0
-3.54286     0      0
-3.52857     0      0
-3.51429     0      0
-3.5     0      0
-3.48571     0      0
-3.47143     0      0
-3.45714     0      0
-3.44286     0      0
-3.42857     0      0
-3.41429     0      0
-3.4     0      0
-3.38571     0      0
-3.37143     0      0
-3.35714     0      0
-3.34286     0      0
-3.32857     0      0
-3.31429     0      0
-3.3     0      0
-3.28571     0      0
-3.27143     0      0
-3.25714     0      0
-3.24286     0      0
-3.22857     0      0
-3.21429     0      0
-3.2     0      0
-3.18571     0      0
-3.17143     0      0
-3.15714     0      0
-3.14286     0      0
-3.12857     0      0
-3.11429     0      0
-3.1     0      0
-3.08571     0      0
-3.07143     0      0
-3.05714     0      0
-3.04286     0      0
-3.02857     0      0
-3.01429     0      0
-3     0      0
-2.98571     0      0
-2.97143     0      0
-2.95714     0      0
-2.94286     0      0
-2.92857     0      0
-2.91429     0      0
-2.9     0      0
-2.88571     0      0
-2.87143     0      0
-2.85714     0      0
-2.84286     0      0
-2.82857     0      0
-2.81429     0      0
-2.8     0      0
-2.78571     0      0
-2.77143     0      0
-2.75714     0      0
-2.74286     0      0
-2.72857     0      0
-2.71429     0      0
-2.7     0      0
-2.68571     0      0
-2.67143     0      0
-2.65714     0      0
-2.64286     0      0
-2.62857     0      0
-2.61429     0      0
-2.6     0      0
-2.58571     0      0
-2.57143     0      0
-2.55714     0      0
-2.54286     0      0
-2.52857     0      0
-2.51429     0      0
-2.5     0      0
-2.48571     0      0
-2.47143     0      0
-2.45714     0      0
-2.44286     0      0
-2.42857     0      0
-2.41429     0      0
-2.4     0      0
-2.38571     0      0
-2.37143     0      0
-2.35714     0      0
-2.34286     0      0
-2.32857     0      0
-2.31429     0      0
-2.3     0      0
-2.28571     0      0
-2.27143     0      0
-2.25714     0      0
-2.24286     0      0
-2.22857     0      0
-2.21429     0      0
-2.2     0      0
-2.18571     0      0
-2.17143     0      0
-2.15714     0      0
-2.14286     0      0
-2.12857     0      0
-2.11429     0      0
-2.1     0      0
-2.08571     0      0
-2.07143     0      0
-2.05714     0      0
-2.04286     0      0
-2.02857     0      0
-2.01429     0      0
-2     0      0
-1.98571     0      0
-1.97143     0      0
-1.95714     0      0
-1.94286     0      0
-1.92857     0      0
-1.91429     0      0
-1.9     0      0
-1.88571     0      0
-1.87143     0      0
-1.85714     0      0
-1.84286     0      0
-1.82857     0.0010385      0
-1.81429     0.005162      0
-1.8     0.005226      0
-1.78571     0.005216      0
-1.77143     0.005236      0
-1.75714     0.005248      0
-1.74286     0.00528      0
-1.72857     0.00531      0
-1.71429     0.005304      0
-1.7     0.005342      0
-1.68571     0.005348      0
-1.67143     0.005368      0
-1.65714     0.005392      0
-1.64286     0.005434      0
-1.62857     0.005434      0
-1.61429     0.005472      0
-1.6     0.005458      0
-1.58571     0.0055      0
-1.57143     0.00555      0
-1.55714     0.005532      0
-1.54286     0.005566      0
-1.52857     0.005592      0
-1.51429     0.00561      0
-1.5     0.005626      0
-1.48571     0.005666      0
-1.47143     0.005684      0
-1.45714     0.005722      0
-1.44286     0.005742      0
-1.42857     0.00574      0
-1.41429     0.005762      0
-1.4     0.005832      0
-1.38571     0.005816      0
-1.37143     0.005864      0
-1.35714     0.005912      0
-1.34286     0.005906      0
-1.32857     0.005924      0
-1.31429     0.005952      0
-1.3     0.00602      0
-1.28571     0.006026      0
-1.27143     0.006026      0
-1.25714     0.006134      0
-1.24286     0.006094      0
-1.22857     0.006118      0
-1.21429     0.006204      0
-1.2     0.006176      0
-1.18571     0.006244      0
-1.17143     0.006256      0
-1.15714     0.00633      0
-1.14286     0.006316      0
-1.12857     0.006328      0
-1.11429     0.006404      0
-1.1     0.006468      0
-1.08571     0.006452      0
-1.07143     0.006492      0
-1.05714     0.006516      0
-1.04286     0.006602      0
-1.02857     0.006604      0
-1.01429     0.006642      0
-1     0.006712      0
-0.985714     0.006696      0
-0.971429     0.006814      0
-0.957143     0.00678      0
-0.942857     0.006856      0
-0.928571     0.006912      0
-0.914286     0.006906      0
-0.9     0.006976      0
-0.885714     0.007022      0
-0.871429     0.007088      0
-0.857143     0.007106      0
-0.842857     0.00718      0
-0.828571     0.007196      0
-0.814286     0.007262      0
-0.8     0.007342      0
-0.785714     0.00734      0
-0.771429     0.007406      0
-0.757143     0.00751      0
-0.742857     0.007516      0
-0.728571     0.007562      0
-0.714286     0.007642      0
-0.7     0.007744      0
-0.685714     0.007772      0
-0.671429     0.007804      0
-0.657143     0.007912      0
-0.642857     0.007956      0
-0.628571     0.008024      0
-0.614286     0.008076      0
-0.6     0.00816      0
-0.585714     0.008262      0
-0.571429     0.00833      0
-0.557143     0.008422      0
-0.542857     0.008464      0
-0.528571     0.00859      0
-0.514286     0.008668      0
-0.5     0.00877      0
-0.485714     0.00886      0
-0.471429     0.008954      0
-0.457143     0.00905      0
-0.442857     0.009198      0
-0.428571     0.009248      0
-0.414286     0.009342      0
-0.4     0.00956      0
-0.385714     0.00964      0
-0.371429     0.00984      0
-0.357143     0.009926      0
-0.342857     0.010114      0
-0.328571     0.010226      0
-0.314286     0.010464      0
-0.3     0.010658      0
-0.285714     0.010868      0
-0.271429     0.010986      0
-0.257143     0.01139      0
-0.242857     0.011674      0
-0.228571     0.01194      0
-0.214286     0.012306      0
-0.2     0.01262      0
-0.185714     0.013318      0
-0.171429     0.01423      0
-0.157143     0.015062      0
-0.142857     0.016622      0
-0.128571     0.020958      0
-0.114286     0.0327105      0
-0.1     0.015046      0
-0.0857143     0.011304      0
-0.0714286     0.009322      0
-0.0571429     0.007942      0
-0.0428571     0.006832      0
-0.0285714     0.00593      0
-0.0142857     0.005158      0.0026065
0     0.002705      0.016928
0.0142857     0      0.012642
0.0285714     0      0.01162
0.0428571     0      0.011312
0.0571429     0      0.011306
0.0714286     0      0.011546
0.0857143     0      0.012078
0.1     0      0.013206
0.114286     0      0.015213
0.128571     0      0.01282
0.142857     0      0.011902
0.157143     0      0.011398
0.171429     0      0.010934
0.185714     0      0.010658
0.2     0      0.010416
0.214286     0      0.010136
0.228571     0      0.009946
0.242857     0      0.009728
0.257143     0      0.009572
0.271429     0      0.009446
0.285714     0      0.009224
0.3     0      0.00913
0.314286     0      0.009014
0.328571     0      0.008838
0.342857     0      0.008776
0.357143     0      0.008586
0.371429     0      0.008524
0.385714     0      0.008474
0.4     0      0.008254
0.414286     0      0.008244
0.428571     0      0.00811
0.442857     0      0.008026
0.457143     0      0.007966
0.471429     0      0.007888
0.485714     0      0.00783
0.5     0      0.007676
0.514286     0      0.007676
0.528571     0      0.007542
0.542857     0      0.007488
0.557143     0      0.00743
0.571429     0      0.007338
0.585714     0      0.007326
0.6     0      0.00722
0.614286     0      0.007188
0.628571     0      0.007076
0.642857     0      0.007098
0.657143     0      0.006974
0.671429     0      0.00692
0.685714     0      0.006898
0.7     0      0.006854
0.714286     0      0.00672
0.728571     0      0.00676
0.742857     0      0.006704
0.757143     0      0.006568
0.771429     0      0.006572
0.785714     0      0.006558
0.8     0      0.006448
0.814286     0      0.006458
0.828571     0      0.006402
0.842857     0      0.006312
0.857143     0      0.006308
0.871429     0      0.006274
0.885714     0      0.006236
0.9     0      0.006144
0.914286     0      0.006184
0.928571     0      0.006096
0.942857     0      0.006058
0.957143     0      0.006016
0.971429     0      0.00596
0.985714     0      0.00593
1     0      0.0059
1.01429     0      0.00589
1.02857     0      0.00586
1.04286     0      0.005802
1.05714     0      0.00578
1.07143     0      0.005746
1.08571     0      0.005704
1.1     0      0.00569
1.11429     0      0.00563
1.12857     0      0.00561
1.14286     0      0.005552
1.15714     0      0.00555
1.17143     0      0.005508
1.18571     0      0.00547
1.2     0      0.005452
1.21429     0      0.005438
1.22857     0      0.00538
1.24286     0      0.00539
1.25714     0      0.005388
1.27143     0      0.00526
1.28571     0      0.005278
1.3     0      0.005284
1.31429     0      0.005226
1.32857     0      0.005198
1.34286     0      0.005204
1.35714     0      0.005136
1.37143     0      0.005118
1.38571     0      0.005102
1.4     0      0.005134
1.41429     0      0.005014
1.42857     0      0.005034
1.44286     0      0.005006
1.45714     0      0.004988
1.47143     0      0.004938
1.48571     0      0.005
1.5     0      0.004864
1.51429     0      0.004894
1.52857     0      0.004864
1.54286     0      0.004838
1.55714     0      0.00482
1.57143     0      0.00484
1.58571     0      0.004754
1.6     0      0.004802
1.61429     0      0.004714
1.62857     0      0.0047
1.64286     0      0.00472
1.65714     0      0.004696
1.67143     0      0.004658
1.68571     0      0.00464
1.7     0      0.00461
1.71429     0      0.00462
1.72857     0      0.004572
1.74286     0      0.004558
1.75714     0      0.004536
1.77143     0      0.004518
1.78571     0      0.004522
1.8     0      0.004482
1.81429     0      0.00447
1.82857     0      0.004448
1.84286     0      0.004436
1.85714     0      0.004448
1.87143     0      0.004378
1.88571     0      0.004374
1.9     0      0.004364
1.91429     0      0.004332
1.92857     0      0.004346
1.94286     0      0.004306
1.95714     0      0.004308
1.97143     0      0.004276
1.98571     0      0.004264
2     0      0.004238
2.01429     0      0.004264
2.02857     0      0.00422
2.04286     0      0.004196
2.05714     0      0.00417
2.07143     0      0.004178
2.08571     0      0.00415
2.1     0      0.004142
2.11429     0      0.004138
2.12857     0      0.004108
2.14286     0      0.00408
2.15714     0      0.004082
2.17143     0      0.0036925
2.18571     0      2.02942e-50
2.2     0      5.58048e-90
2.21429     0      0
2.22857     0      0
2.24286     0      0
2.25714     0      0
2.27143     0      0
2.28571     0      0
2.3     0      0
2.31429     0      0
2.32857     0      0
2.34286     0      0
2.35714     0      0
2.37143     0      0
2.38571     0      0
2.4     0      0
2.41429     0      0
2.42857     0      0
2.44286     0      0
2.45714     0      0
2.47143     0      0
2.48571     0      0
2.5     0      0
2.51429     0      0
2.52857     0      0
2.54286     0      0
2.55714     0      0
2.57143     0      0
2.58571     0      0
2.6     0      0
2.61429     0      0
2.62857     0      0
2.64286     0      0
2.65714     0      0
2.67143     0      0
2.68571     0      0
2.7     0      0
2.71429     0      0
2.72857     0      0
2.74286     0      0
2.75714     0      0
2.77143     0      0
2.78571     0      0
2.8     0      0
2.81429     0      0
2.82857     0      0
2.84286     0      0
2.85714     0      0
2.87143     0      0
2.88571     0      0
2.9     0      0
2.91429     0      0
2.92857     0      0
2.94286     0      0
2.95714     0      0
2.97143     0      0
2.98571     0      0
3     0      0
3.01429     0      0
3.02857     0      0
3.04286     0      0
3.05714     0      0
3.07143     0      0
3.08571     0      0
3.1     0      0
3.11429     0      0
3.12857     0      0
3.14286     0      0
3.15714     0      0
3.17143     0      0
3.18571     0      0
3.2     0      0
3.21429     0      0
3.22857     0      0
3.24286     0      0
3.25714     0      0
3.27143     0      0
3.28571     0      0
3.3     0      0
3.31429     0      0
3.32857     0      0
3.34286     0      0
3.35714     0      0
3.37143     0      0
3.38571     0      0
3.4     0      0
3.41429     0      0
3.42857     0      0
3.44286     0      0
3.45714     0      0
3.47143     0      0
3.48571     0      0
3.5     0      0
3.51429     0      0
3.52857     0      0
3.54286     0      0
3.55714     0      0
3.57143     0      0
3.58571     0      0
3.6     0      0
3.61429     0      0
3.62857     0      0
3.64286     0      0
3.65714     0      0
3.67143     0      0
3.68571     0      0
3.7     0      0
3.71429     0      0
3.72857     0      0
3.74286     0      0
3.75714     0      0
3.77143     0      0
3.78571     0      0
3.8     0      0
3.81429     0      0
3.82857     0      0
3.84286     0      0
3.85714     0      0
3.87143     0      0
3.88571     0      0
3.9     0      0
3.91429     0      0
3.92857     0      0
3.94286     0      0
3.95714     0      0
3.97143     0      0
3.98571     0      0
4     0      0
4.01429     0      0
4.02857     0      0
4.04286     0      0
4.05714     0      0
4.07143     0      0
4.08571     0      0
4.1     0      0
4.11429     0      0
4.12857     0      0
4.14286     0      0
4.15714     0      0
4.17143     0      0
4.18571     0      0
4.2     0      0
4.21429     0      0
4.22857     0      0
4.24286     0      0
4.25714     0      0
4.27143     0      0
4.28571     0      0
4.3     0      0
4.31429     0      0
4.32857     0      0
4.34286     0      0
4.35714     0      0
4.37143     0      0
4.38571     0      0
4.4     0      0
4.41429     0      0
4.42857     0      0
4.44286     0      0
4.45714     0      0
4.47143     0      0
4.48571     0      0
4.5     0      0
4.51429     0      0
4.52857     0      0
4.54286     0      0
4.55714     0      0
4.57143     0      0
4.58571     0      0
4.6     0      0
4.61429     0      0
4.62857     0      0
4.64286     0      0
4.65714     0      0
4.67143     0      0
4.68571     0      0
4.7     0      0
4.71429     0      0
4.72857     0      0
4.74286     0      0
4.75714     0      0
4.77143     0      0
4.78571     0      0
4.8     0      0
4.81429     0      0
4.82857     0      0
4.84286     0      0
4.85714     0      0
4.87143     0      0
4.88571     0      0
4.9     0      0
4.91429     0      0
4.92857     0      0
4.94286     0      0
4.95714     0      0
4.97143     0      0
4.98571     0      0
