# U,mu,nA_up, nA_dn, nB_up, nB_dn, ms, mf, ntotal,mu,cint
#energy    dos_upn   dos_upp   dos_dnn  dos_dnp GRID=1000 bin=700
-5     0      0
-4.98571     0      0
-4.97143     0      0
-4.95714     0      0
-4.94286     0      0
-4.92857     0      0
-4.91429     0      0
-4.9     0      0
-4.88571     0      0
-4.87143     0      0
-4.85714     0      0
-4.84286     0      0
-4.82857     0      0
-4.81429     0      0
-4.8     0      0
-4.78571     0      0
-4.77143     0      0
-4.75714     0      0
-4.74286     0      0
-4.72857     0      0
-4.71429     0      0
-4.7     0      0
-4.68571     0      0
-4.67143     0      0
-4.65714     0      0
-4.64286     0      0
-4.62857     0      0
-4.61429     0      0
-4.6     0      0
-4.58571     0      0
-4.57143     0      0
-4.55714     0      0
-4.54286     0      0
-4.52857     0      0
-4.51429     0      0
-4.5     0      0
-4.48571     0      0
-4.47143     0      0
-4.45714     0      0
-4.44286     0      0
-4.42857     0      0
-4.41429     0      0
-4.4     0      0
-4.38571     0      0
-4.37143     0      0
-4.35714     0      0
-4.34286     0      0
-4.32857     0      0
-4.31429     0      0
-4.3     0      0
-4.28571     0      0
-4.27143     0      0
-4.25714     0      0
-4.24286     0      0
-4.22857     0      0
-4.21429     0      0
-4.2     0      0
-4.18571     0      0
-4.17143     0      0
-4.15714     0      0
-4.14286     0      0
-4.12857     0      0
-4.11429     0      0
-4.1     0      0
-4.08571     0      0
-4.07143     0      0
-4.05714     0      0
-4.04286     0      0
-4.02857     0      0
-4.01429     0      0
-4     0      0
-3.98571     0      0
-3.97143     0      0
-3.95714     0      0
-3.94286     0      0
-3.92857     0      0
-3.91429     0      0
-3.9     0      0
-3.88571     0      0
-3.87143     0      0
-3.85714     0      0
-3.84286     0      0
-3.82857     0      0
-3.81429     0      0
-3.8     0      0
-3.78571     0      0
-3.77143     0      0
-3.75714     0      0
-3.74286     0      0
-3.72857     0      0
-3.71429     0      0
-3.7     0      0
-3.68571     0      0
-3.67143     0      0
-3.65714     0      0
-3.64286     0      0
-3.62857     0      0
-3.61429     0      0
-3.6     0      0
-3.58571     0      0
-3.57143     0      0
-3.55714     0      0
-3.54286     0      0
-3.52857     0      0
-3.51429     0      0
-3.5     0      0
-3.48571     0      0
-3.47143     0      0
-3.45714     0      0
-3.44286     0      0
-3.42857     0      0
-3.41429     0      0
-3.4     0      0
-3.38571     0      0
-3.37143     0      0
-3.35714     0      0
-3.34286     0      0
-3.32857     0      0
-3.31429     0      0
-3.3     0      0
-3.28571     0      0
-3.27143     0      0
-3.25714     0      0
-3.24286     0      0
-3.22857     0      0
-3.21429     0      0
-3.2     0      0
-3.18571     0      0
-3.17143     0      0
-3.15714     0      0
-3.14286     0      0
-3.12857     0      0
-3.11429     0      0
-3.1     0      0
-3.08571     0      0
-3.07143     0      0
-3.05714     0      0
-3.04286     0      0
-3.02857     0      0
-3.01429     0      0
-3     0      0
-2.98571     0      0
-2.97143     0      0
-2.95714     0      0
-2.94286     0      0
-2.92857     0      0
-2.91429     0      0
-2.9     0      0
-2.88571     0      0
-2.87143     0      0
-2.85714     0      0
-2.84286     0      0
-2.82857     0      0
-2.81429     0      0
-2.8     0      0
-2.78571     0      0
-2.77143     0      0
-2.75714     0      0
-2.74286     0      0
-2.72857     0      0
-2.71429     0      0
-2.7     0      0
-2.68571     0      0
-2.67143     0      0
-2.65714     0      0
-2.64286     0      0
-2.62857     0      0
-2.61429     0      0
-2.6     0      0
-2.58571     0      0
-2.57143     0      0
-2.55714     0      0
-2.54286     0      0
-2.52857     0      0
-2.51429     0      0
-2.5     0      0
-2.48571     0      0
-2.47143     0      0
-2.45714     0      0
-2.44286     0      0
-2.42857     0      0
-2.41429     0      0
-2.4     0      0
-2.38571     0      0
-2.37143     0      0
-2.35714     0      0
-2.34286     0      0
-2.32857     0      0
-2.31429     0      0
-2.3     0      0
-2.28571     0      0
-2.27143     0      0
-2.25714     0      0
-2.24286     0      0
-2.22857     0      0
-2.21429     0      0
-2.2     0      0
-2.18571     0      0
-2.17143     0      0
-2.15714     0      0
-2.14286     0      0
-2.12857     0      0
-2.11429     0      0
-2.1     0      0
-2.08571     0      0
-2.07143     0      0
-2.05714     0      0
-2.04286     0      0
-2.02857     0      0
-2.01429     0      0
-2     0      0
-1.98571     0      0
-1.97143     0      0
-1.95714     0      0
-1.94286     0      0
-1.92857     0      0
-1.91429     0      0
-1.9     0      0
-1.88571     0      0
-1.87143     0      0
-1.85714     0      0
-1.84286     0      0
-1.82857     0.0005925      0
-1.81429     0.00518      0
-1.8     0.0052      0
-1.78571     0.005212      0
-1.77143     0.005234      0
-1.75714     0.00526      0
-1.74286     0.00528      0
-1.72857     0.00529      0
-1.71429     0.005316      0
-1.7     0.005318      0
-1.68571     0.005374      0
-1.67143     0.005362      0
-1.65714     0.005394      0
-1.64286     0.005432      0
-1.62857     0.00542      0
-1.61429     0.005446      0
-1.6     0.005494      0
-1.58571     0.005496      0
-1.57143     0.005506      0
-1.55714     0.00556      0
-1.54286     0.00554      0
-1.52857     0.005612      0
-1.51429     0.00563      0
-1.5     0.005614      0
-1.48571     0.005666      0
-1.47143     0.005698      0
-1.45714     0.00568      0
-1.44286     0.005732      0
-1.42857     0.005774      0
-1.41429     0.005772      0
-1.4     0.00582      0
-1.38571     0.0058      0
-1.37143     0.005888      0
-1.35714     0.005866      0
-1.34286     0.005874      0
-1.32857     0.005964      0
-1.31429     0.005974      0
-1.3     0.005976      0
-1.28571     0.00606      0
-1.27143     0.00604      0
-1.25714     0.006052      0
-1.24286     0.00613      0
-1.22857     0.006134      0
-1.21429     0.006158      0
-1.2     0.006212      0
-1.18571     0.006204      0
-1.17143     0.006304      0
-1.15714     0.006264      0
-1.14286     0.006296      0
-1.12857     0.00641      0
-1.11429     0.006396      0
-1.1     0.006404      0
-1.08571     0.00646      0
-1.07143     0.006526      0
-1.05714     0.006528      0
-1.04286     0.006572      0
-1.02857     0.00658      0
-1.01429     0.006678      0
-1     0.006676      0
-0.985714     0.006688      0
-0.971429     0.006796      0
-0.957143     0.006796      0
-0.942857     0.006812      0
-0.928571     0.00694      0
-0.914286     0.006936      0
-0.9     0.006956      0
-0.885714     0.00702      0
-0.871429     0.007046      0
-0.857143     0.007146      0
-0.842857     0.007148      0
-0.828571     0.007208      0
-0.814286     0.00725      0
-0.8     0.007264      0
-0.785714     0.007438      0
-0.771429     0.007394      0
-0.757143     0.007424      0
-0.742857     0.00757      0
-0.728571     0.007582      0
-0.714286     0.007604      0
-0.7     0.007708      0
-0.685714     0.00776      0
-0.671429     0.007812      0
-0.657143     0.007908      0
-0.642857     0.007954      0
-0.628571     0.008042      0
-0.614286     0.008098      0
-0.6     0.008102      0
-0.585714     0.008286      0
-0.571429     0.008316      0
-0.557143     0.008402      0
-0.542857     0.008454      0
-0.528571     0.00857      0
-0.514286     0.008644      0
-0.5     0.008766      0
-0.485714     0.008816      0
-0.471429     0.008948      0
-0.457143     0.009028      0
-0.442857     0.009144      0
-0.428571     0.0093      0
-0.414286     0.009364      0
-0.4     0.009536      0
-0.385714     0.009626      0
-0.371429     0.009752      0
-0.357143     0.00989      0
-0.342857     0.010094      0
-0.328571     0.010268      0
-0.314286     0.010428      0
-0.3     0.010524      0
-0.285714     0.010846      0
-0.271429     0.011076      0
-0.257143     0.0113      0
-0.242857     0.01151      0
-0.228571     0.011854      0
-0.214286     0.012318      0
-0.2     0.012754      0
-0.185714     0.013282      0
-0.171429     0.013616      0
-0.157143     0.014794      0
-0.142857     0.01623      0
-0.128571     0.019418      0
-0.114286     0.0335645      0
-0.1     0.016188      0
-0.0857143     0.011764      0
-0.0714286     0.009586      0
-0.0571429     0.00811      0
-0.0428571     0.006934      0
-0.0285714     0.00607      0
-0.0142857     0.005236      0.0037125
0     0.003661      0.016276
0.0142857     0      0.012428
0.0285714     0      0.01154
0.0428571     0      0.011208
0.0571429     0      0.01123
0.0714286     0      0.011526
0.0857143     0      0.012042
0.1     0      0.013262
0.114286     0      0.015041
0.128571     0      0.012712
0.142857     0      0.01185
0.157143     0      0.011308
0.171429     0      0.01096
0.185714     0      0.010642
0.2     0      0.010374
0.214286     0      0.010162
0.228571     0      0.00988
0.242857     0      0.009746
0.257143     0      0.00956
0.271429     0      0.009428
0.285714     0      0.00924
0.3     0      0.009128
0.314286     0      0.008984
0.328571     0      0.008852
0.342857     0      0.008762
0.357143     0      0.008612
0.371429     0      0.008528
0.385714     0      0.008394
0.4     0      0.008306
0.414286     0      0.008262
0.428571     0      0.008072
0.442857     0      0.00809
0.457143     0      0.007938
0.471429     0      0.007912
0.485714     0      0.007764
0.5     0      0.007706
0.514286     0      0.00767
0.528571     0      0.007554
0.542857     0      0.00753
0.557143     0      0.007416
0.571429     0      0.007344
0.585714     0      0.007334
0.6     0      0.007188
0.614286     0      0.00721
0.628571     0      0.00709
0.642857     0      0.007044
0.657143     0      0.00703
0.671429     0      0.006898
0.685714     0      0.006924
0.7     0      0.00681
0.714286     0      0.006758
0.728571     0      0.00676
0.742857     0      0.006632
0.757143     0      0.00666
0.771429     0      0.006584
0.785714     0      0.006508
0.8     0      0.006478
0.814286     0      0.006476
0.828571     0      0.006376
0.842857     0      0.006348
0.857143     0      0.006324
0.871429     0      0.00624
0.885714     0      0.006202
0.9     0      0.00618
0.914286     0      0.006146
0.928571     0      0.006116
0.942857     0      0.006044
0.957143     0      0.006058
0.971429     0      0.005978
0.985714     0      0.00593
1     0      0.005944
1.01429     0      0.005858
1.02857     0      0.005836
1.04286     0      0.005812
1.05714     0      0.005762
1.07143     0      0.005724
1.08571     0      0.00573
1.1     0      0.005656
1.11429     0      0.005642
1.12857     0      0.0056
1.14286     0      0.005594
1.15714     0      0.005556
1.17143     0      0.005516
1.18571     0      0.005508
1.2     0      0.005454
1.21429     0      0.00543
1.22857     0      0.00538
1.24286     0      0.005338
1.25714     0      0.00538
1.27143     0      0.005314
1.28571     0      0.005312
1.3     0      0.005248
1.31429     0      0.005242
1.32857     0      0.005206
1.34286     0      0.00514
1.35714     0      0.00519
1.37143     0      0.005124
1.38571     0      0.005102
1.4     0      0.005076
1.41429     0      0.00509
1.42857     0      0.005004
1.44286     0      0.005002
1.45714     0      0.005018
1.47143     0      0.004938
1.48571     0      0.004914
1.5     0      0.004932
1.51429     0      0.004886
1.52857     0      0.004924
1.54286     0      0.00479
1.55714     0      0.00486
1.57143     0      0.00477
1.58571     0      0.00482
1.6     0      0.004746
1.61429     0      0.004728
1.62857     0      0.004742
1.64286     0      0.004724
1.65714     0      0.00465
1.67143     0      0.004668
1.68571     0      0.004626
1.7     0      0.00462
1.71429     0      0.004604
1.72857     0      0.004574
1.74286     0      0.004576
1.75714     0      0.004564
1.77143     0      0.004508
1.78571     0      0.004526
1.8     0      0.004504
1.81429     0      0.00446
1.82857     0      0.004456
1.84286     0      0.004406
1.85714     0      0.004412
1.87143     0      0.004404
1.88571     0      0.00438
1.9     0      0.004378
1.91429     0      0.00439
1.92857     0      0.004296
1.94286     0      0.00434
1.95714     0      0.004274
1.97143     0      0.004276
1.98571     0      0.004278
2     0      0.004244
2.01429     0      0.004226
2.02857     0      0.004228
2.04286     0      0.004206
2.05714     0      0.004186
2.07143     0      0.004176
2.08571     0      0.00415
2.1     0      0.004154
2.11429     0      0.00414
2.12857     0      0.004088
2.14286     0      0.004106
2.15714     0      0.004076
2.17143     0      0.0040105
2.18571     0      1.26839e-63
2.2     0      3.4878e-103
2.21429     0      0
2.22857     0      0
2.24286     0      0
2.25714     0      0
2.27143     0      0
2.28571     0      0
2.3     0      0
2.31429     0      0
2.32857     0      0
2.34286     0      0
2.35714     0      0
2.37143     0      0
2.38571     0      0
2.4     0      0
2.41429     0      0
2.42857     0      0
2.44286     0      0
2.45714     0      0
2.47143     0      0
2.48571     0      0
2.5     0      0
2.51429     0      0
2.52857     0      0
2.54286     0      0
2.55714     0      0
2.57143     0      0
2.58571     0      0
2.6     0      0
2.61429     0      0
2.62857     0      0
2.64286     0      0
2.65714     0      0
2.67143     0      0
2.68571     0      0
2.7     0      0
2.71429     0      0
2.72857     0      0
2.74286     0      0
2.75714     0      0
2.77143     0      0
2.78571     0      0
2.8     0      0
2.81429     0      0
2.82857     0      0
2.84286     0      0
2.85714     0      0
2.87143     0      0
2.88571     0      0
2.9     0      0
2.91429     0      0
2.92857     0      0
2.94286     0      0
2.95714     0      0
2.97143     0      0
2.98571     0      0
3     0      0
3.01429     0      0
3.02857     0      0
3.04286     0      0
3.05714     0      0
3.07143     0      0
3.08571     0      0
3.1     0      0
3.11429     0      0
3.12857     0      0
3.14286     0      0
3.15714     0      0
3.17143     0      0
3.18571     0      0
3.2     0      0
3.21429     0      0
3.22857     0      0
3.24286     0      0
3.25714     0      0
3.27143     0      0
3.28571     0      0
3.3     0      0
3.31429     0      0
3.32857     0      0
3.34286     0      0
3.35714     0      0
3.37143     0      0
3.38571     0      0
3.4     0      0
3.41429     0      0
3.42857     0      0
3.44286     0      0
3.45714     0      0
3.47143     0      0
3.48571     0      0
3.5     0      0
3.51429     0      0
3.52857     0      0
3.54286     0      0
3.55714     0      0
3.57143     0      0
3.58571     0      0
3.6     0      0
3.61429     0      0
3.62857     0      0
3.64286     0      0
3.65714     0      0
3.67143     0      0
3.68571     0      0
3.7     0      0
3.71429     0      0
3.72857     0      0
3.74286     0      0
3.75714     0      0
3.77143     0      0
3.78571     0      0
3.8     0      0
3.81429     0      0
3.82857     0      0
3.84286     0      0
3.85714     0      0
3.87143     0      0
3.88571     0      0
3.9     0      0
3.91429     0      0
3.92857     0      0
3.94286     0      0
3.95714     0      0
3.97143     0      0
3.98571     0      0
4     0      0
4.01429     0      0
4.02857     0      0
4.04286     0      0
4.05714     0      0
4.07143     0      0
4.08571     0      0
4.1     0      0
4.11429     0      0
4.12857     0      0
4.14286     0      0
4.15714     0      0
4.17143     0      0
4.18571     0      0
4.2     0      0
4.21429     0      0
4.22857     0      0
4.24286     0      0
4.25714     0      0
4.27143     0      0
4.28571     0      0
4.3     0      0
4.31429     0      0
4.32857     0      0
4.34286     0      0
4.35714     0      0
4.37143     0      0
4.38571     0      0
4.4     0      0
4.41429     0      0
4.42857     0      0
4.44286     0      0
4.45714     0      0
4.47143     0      0
4.48571     0      0
4.5     0      0
4.51429     0      0
4.52857     0      0
4.54286     0      0
4.55714     0      0
4.57143     0      0
4.58571     0      0
4.6     0      0
4.61429     0      0
4.62857     0      0
4.64286     0      0
4.65714     0      0
4.67143     0      0
4.68571     0      0
4.7     0      0
4.71429     0      0
4.72857     0      0
4.74286     0      0
4.75714     0      0
4.77143     0      0
4.78571     0      0
4.8     0      0
4.81429     0      0
4.82857     0      0
4.84286     0      0
4.85714     0      0
4.87143     0      0
4.88571     0      0
4.9     0      0
4.91429     0      0
4.92857     0      0
4.94286     0      0
4.95714     0      0
4.97143     0      0
4.98571     0      0
