# U,mu,nA_up, nA_dn, nB_up, nB_dn, ms, mf, ntotal,mu,cint
#energy    dos_upn   dos_upp   dos_dnn  dos_dnp GRID=1000 bin=700
-5     0      0
-4.98571     0      0
-4.97143     0      0
-4.95714     0      0
-4.94286     0      0
-4.92857     0      0
-4.91429     0      0
-4.9     0      0
-4.88571     0      0
-4.87143     0      0
-4.85714     0      0
-4.84286     0      0
-4.82857     0      0
-4.81429     0      0
-4.8     0      0
-4.78571     0      0
-4.77143     0      0
-4.75714     0      0
-4.74286     0      0
-4.72857     0      0
-4.71429     0      0
-4.7     0      0
-4.68571     0      0
-4.67143     0      0
-4.65714     0      0
-4.64286     0      0
-4.62857     0      0
-4.61429     0      0
-4.6     0      0
-4.58571     0      0
-4.57143     0      0
-4.55714     0      0
-4.54286     0      0
-4.52857     0      0
-4.51429     0      0
-4.5     0      0
-4.48571     0      0
-4.47143     0      0
-4.45714     0      0
-4.44286     0      0
-4.42857     0      0
-4.41429     0      0
-4.4     0      0
-4.38571     0      0
-4.37143     0      0
-4.35714     0      0
-4.34286     0      0
-4.32857     0      0
-4.31429     0      0
-4.3     0      0
-4.28571     0      0
-4.27143     0      0
-4.25714     0      0
-4.24286     0      0
-4.22857     0      0
-4.21429     0      0
-4.2     0      0
-4.18571     0      0
-4.17143     0      0
-4.15714     0      0
-4.14286     0      0
-4.12857     0      0
-4.11429     0      0
-4.1     0      0
-4.08571     0      0
-4.07143     0      0
-4.05714     0      0
-4.04286     0      0
-4.02857     0      0
-4.01429     0      0
-4     0      0
-3.98571     0      0
-3.97143     0      0
-3.95714     0      0
-3.94286     0      0
-3.92857     0      0
-3.91429     0      0
-3.9     0      0
-3.88571     0      0
-3.87143     0      0
-3.85714     0      0
-3.84286     0      0
-3.82857     0      0
-3.81429     0      0
-3.8     0      0
-3.78571     0      0
-3.77143     0      0
-3.75714     0      0
-3.74286     0      0
-3.72857     0      0
-3.71429     0      0
-3.7     0      0
-3.68571     0      0
-3.67143     0      0
-3.65714     0      0
-3.64286     0      0
-3.62857     0      0
-3.61429     0      0
-3.6     0      0
-3.58571     0      0
-3.57143     0      0
-3.55714     0      0
-3.54286     0      0
-3.52857     0      0
-3.51429     0      0
-3.5     0      0
-3.48571     0      0
-3.47143     0      0
-3.45714     0      0
-3.44286     0      0
-3.42857     0      0
-3.41429     0      0
-3.4     0      0
-3.38571     0      0
-3.37143     0      0
-3.35714     0      0
-3.34286     0      0
-3.32857     0      0
-3.31429     0      0
-3.3     0      0
-3.28571     0      0
-3.27143     0      0
-3.25714     0      0
-3.24286     0      0
-3.22857     0      0
-3.21429     0      0
-3.2     0      0
-3.18571     0      0
-3.17143     0      0
-3.15714     0      0
-3.14286     0      0
-3.12857     0      0
-3.11429     0      0
-3.1     0      0
-3.08571     0      0
-3.07143     0      0
-3.05714     0      0
-3.04286     0      0
-3.02857     0      0
-3.01429     0      0
-3     0      0
-2.98571     0      0
-2.97143     0      0
-2.95714     0      0
-2.94286     0      0
-2.92857     0      0
-2.91429     0      0
-2.9     0      0
-2.88571     0      0
-2.87143     0      0
-2.85714     0      0
-2.84286     0      0
-2.82857     0      0
-2.81429     0      0
-2.8     0      0
-2.78571     0      0
-2.77143     0      0
-2.75714     0      0
-2.74286     0      0
-2.72857     0      0
-2.71429     0      0
-2.7     0      0
-2.68571     0      0
-2.67143     0      0
-2.65714     0      0
-2.64286     0      0
-2.62857     0      0
-2.61429     0      0
-2.6     0      0
-2.58571     0      0
-2.57143     0      0
-2.55714     0      0
-2.54286     0      0
-2.52857     0      0
-2.51429     0      0
-2.5     0      0
-2.48571     0      0
-2.47143     0      0
-2.45714     0      0
-2.44286     0      0
-2.42857     0      0
-2.41429     0      0
-2.4     0      0
-2.38571     0      0
-2.37143     0      0
-2.35714     0      0
-2.34286     0      0
-2.32857     0      0
-2.31429     0      0
-2.3     0      0
-2.28571     0      0
-2.27143     0      0
-2.25714     0      0
-2.24286     0      0
-2.22857     0      0
-2.21429     0      0
-2.2     0      0
-2.18571     0      0
-2.17143     0      0
-2.15714     0      0
-2.14286     0      0
-2.12857     0      0
-2.11429     0      0
-2.1     0      0
-2.08571     0      0
-2.07143     0      0
-2.05714     0      0
-2.04286     0      0
-2.02857     0      0
-2.01429     0      0
-2     0      0
-1.98571     0      0
-1.97143     0      0
-1.95714     0      0
-1.94286     0      0
-1.92857     0      0
-1.91429     0      0
-1.9     0      0
-1.88571     0      0
-1.87143     0      0
-1.85714     0      0
-1.84286     0      0
-1.82857     0.0011965      0
-1.81429     0.005184      0
-1.8     0.005194      0
-1.78571     0.005238      0
-1.77143     0.005234      0
-1.75714     0.005254      0
-1.74286     0.005282      0
-1.72857     0.005282      0
-1.71429     0.00534      0
-1.7     0.005334      0
-1.68571     0.005358      0
-1.67143     0.005382      0
-1.65714     0.005406      0
-1.64286     0.005408      0
-1.62857     0.005398      0
-1.61429     0.005488      0
-1.6     0.005494      0
-1.58571     0.005494      0
-1.57143     0.005524      0
-1.55714     0.00556      0
-1.54286     0.005564      0
-1.52857     0.005598      0
-1.51429     0.00562      0
-1.5     0.005626      0
-1.48571     0.005676      0
-1.47143     0.005654      0
-1.45714     0.005738      0
-1.44286     0.005728      0
-1.42857     0.005756      0
-1.41429     0.005794      0
-1.4     0.005786      0
-1.38571     0.005864      0
-1.37143     0.005842      0
-1.35714     0.005912      0
-1.34286     0.005914      0
-1.32857     0.005952      0
-1.31429     0.005948      0
-1.3     0.006012      0
-1.28571     0.006032      0
-1.27143     0.006036      0
-1.25714     0.006094      0
-1.24286     0.006106      0
-1.22857     0.006178      0
-1.21429     0.006104      0
-1.2     0.006272      0
-1.18571     0.006212      0
-1.17143     0.006244      0
-1.15714     0.006334      0
-1.14286     0.006316      0
-1.12857     0.006366      0
-1.11429     0.006422      0
-1.1     0.006456      0
-1.08571     0.006452      0
-1.07143     0.00648      0
-1.05714     0.006578      0
-1.04286     0.006568      0
-1.02857     0.006636      0
-1.01429     0.00664      0
-1     0.006654      0
-0.985714     0.006754      0
-0.971429     0.006804      0
-0.957143     0.006796      0
-0.942857     0.006852      0
-0.928571     0.0069      0
-0.914286     0.00693      0
-0.9     0.007006      0
-0.885714     0.007036      0
-0.871429     0.007064      0
-0.857143     0.007116      0
-0.842857     0.007168      0
-0.828571     0.007216      0
-0.814286     0.007308      0
-0.8     0.007294      0
-0.785714     0.007354      0
-0.771429     0.007492      0
-0.757143     0.007442      0
-0.742857     0.007504      0
-0.728571     0.007646      0
-0.714286     0.007678      0
-0.7     0.007698      0
-0.685714     0.00779      0
-0.671429     0.007802      0
-0.657143     0.007926      0
-0.642857     0.007966      0
-0.628571     0.008064      0
-0.614286     0.008128      0
-0.6     0.00818      0
-0.585714     0.008272      0
-0.571429     0.008358      0
-0.557143     0.008436      0
-0.542857     0.008494      0
-0.528571     0.008598      0
-0.514286     0.008642      0
-0.5     0.008846      0
-0.485714     0.008874      0
-0.471429     0.008956      0
-0.457143     0.009092      0
-0.442857     0.009196      0
-0.428571     0.009348      0
-0.414286     0.00946      0
-0.4     0.009528      0
-0.385714     0.009728      0
-0.371429     0.009794      0
-0.357143     0.01003      0
-0.342857     0.010166      0
-0.328571     0.01039      0
-0.314286     0.010522      0
-0.3     0.010704      0
-0.285714     0.010952      0
-0.271429     0.011244      0
-0.257143     0.01151      0
-0.242857     0.011828      0
-0.228571     0.012004      0
-0.214286     0.012636      0
-0.2     0.013166      0
-0.185714     0.013736      0
-0.171429     0.014828      0
-0.157143     0.016174      0
-0.142857     0.018856      0
-0.128571     0.0352725      0
-0.114286     0.018512      0
-0.1     0.0129      0
-0.0857143     0.010426      0
-0.0714286     0.008708      0
-0.0571429     0.007568      0
-0.0428571     0.006602      0
-0.0285714     0.005774      0
-0.0142857     0.004741      0
0     0      0.0106385
0.0142857     0      0.014902
0.0285714     0      0.01259
0.0428571     0      0.011848
0.0571429     0      0.011632
0.0714286     0      0.011716
0.0857143     0      0.01198
0.1     0      0.012716
0.114286     0      0.015075
0.128571     0      0.014348
0.142857     0      0.012602
0.157143     0      0.011816
0.171429     0      0.011352
0.185714     0      0.010908
0.2     0      0.010594
0.214286     0      0.010302
0.228571     0      0.010146
0.242857     0      0.00984
0.257143     0      0.009666
0.271429     0      0.00951
0.285714     0      0.009362
0.3     0      0.00916
0.314286     0      0.009034
0.328571     0      0.008966
0.342857     0      0.00877
0.357143     0      0.008696
0.371429     0      0.008574
0.385714     0      0.008428
0.4     0      0.008386
0.414286     0      0.008238
0.428571     0      0.00816
0.442857     0      0.008078
0.457143     0      0.00797
0.471429     0      0.007932
0.485714     0      0.007776
0.5     0      0.007742
0.514286     0      0.00767
0.528571     0      0.007594
0.542857     0      0.007546
0.557143     0      0.00743
0.571429     0      0.00735
0.585714     0      0.007334
0.6     0      0.007232
0.614286     0      0.00722
0.628571     0      0.00708
0.642857     0      0.007064
0.657143     0      0.007026
0.671429     0      0.006926
0.685714     0      0.006924
0.7     0      0.006814
0.714286     0      0.006794
0.728571     0      0.006704
0.742857     0      0.006708
0.757143     0      0.006644
0.771429     0      0.006548
0.785714     0      0.006532
0.8     0      0.006522
0.814286     0      0.006444
0.828571     0      0.006406
0.842857     0      0.006342
0.857143     0      0.0063
0.871429     0      0.006262
0.885714     0      0.00624
0.9     0      0.006168
0.914286     0      0.006122
0.928571     0      0.006162
0.942857     0      0.00609
0.957143     0      0.005968
0.971429     0      0.00598
0.985714     0      0.005974
1     0      0.005904
1.01429     0      0.00587
1.02857     0      0.005888
1.04286     0      0.005782
1.05714     0      0.005764
1.07143     0      0.005744
1.08571     0      0.005698
1.1     0      0.0057
1.11429     0      0.005638
1.12857     0      0.005626
1.14286     0      0.005566
1.15714     0      0.005556
1.17143     0      0.005522
1.18571     0      0.005474
1.2     0      0.005444
1.21429     0      0.005434
1.22857     0      0.00538
1.24286     0      0.005394
1.25714     0      0.005358
1.27143     0      0.005314
1.28571     0      0.005278
1.3     0      0.005272
1.31429     0      0.005222
1.32857     0      0.005178
1.34286     0      0.005228
1.35714     0      0.005132
1.37143     0      0.005138
1.38571     0      0.005082
1.4     0      0.005104
1.41429     0      0.00506
1.42857     0      0.00503
1.44286     0      0.005002
1.45714     0      0.005008
1.47143     0      0.004942
1.48571     0      0.004968
1.5     0      0.004872
1.51429     0      0.004914
1.52857     0      0.004864
1.54286     0      0.004826
1.55714     0      0.00486
1.57143     0      0.004814
1.58571     0      0.004772
1.6     0      0.004776
1.61429     0      0.004728
1.62857     0      0.004704
1.64286     0      0.004708
1.65714     0      0.004704
1.67143     0      0.004656
1.68571     0      0.004636
1.7     0      0.004636
1.71429     0      0.004598
1.72857     0      0.004598
1.74286     0      0.004548
1.75714     0      0.00453
1.77143     0      0.004526
1.78571     0      0.004524
1.8     0      0.00448
1.81429     0      0.00445
1.82857     0      0.004468
1.84286     0      0.004438
1.85714     0      0.00442
1.87143     0      0.004392
1.88571     0      0.004384
1.9     0      0.004366
1.91429     0      0.00434
1.92857     0      0.00433
1.94286     0      0.004314
1.95714     0      0.00432
1.97143     0      0.004272
1.98571     0      0.004256
2     0      0.004262
2.01429     0      0.00424
2.02857     0      0.004234
2.04286     0      0.004168
2.05714     0      0.0042
2.07143     0      0.00418
2.08571     0      0.004148
2.1     0      0.004142
2.11429     0      0.004128
2.12857     0      0.004116
2.14286     0      0.004086
2.15714     0      0.004086
2.17143     0      0.0037125
2.18571     0      8.31251e-11
2.2     0      2.28577e-50
2.21429     0      0
2.22857     0      0
2.24286     0      0
2.25714     0      0
2.27143     0      0
2.28571     0      0
2.3     0      0
2.31429     0      0
2.32857     0      0
2.34286     0      0
2.35714     0      0
2.37143     0      0
2.38571     0      0
2.4     0      0
2.41429     0      0
2.42857     0      0
2.44286     0      0
2.45714     0      0
2.47143     0      0
2.48571     0      0
2.5     0      0
2.51429     0      0
2.52857     0      0
2.54286     0      0
2.55714     0      0
2.57143     0      0
2.58571     0      0
2.6     0      0
2.61429     0      0
2.62857     0      0
2.64286     0      0
2.65714     0      0
2.67143     0      0
2.68571     0      0
2.7     0      0
2.71429     0      0
2.72857     0      0
2.74286     0      0
2.75714     0      0
2.77143     0      0
2.78571     0      0
2.8     0      0
2.81429     0      0
2.82857     0      0
2.84286     0      0
2.85714     0      0
2.87143     0      0
2.88571     0      0
2.9     0      0
2.91429     0      0
2.92857     0      0
2.94286     0      0
2.95714     0      0
2.97143     0      0
2.98571     0      0
3     0      0
3.01429     0      0
3.02857     0      0
3.04286     0      0
3.05714     0      0
3.07143     0      0
3.08571     0      0
3.1     0      0
3.11429     0      0
3.12857     0      0
3.14286     0      0
3.15714     0      0
3.17143     0      0
3.18571     0      0
3.2     0      0
3.21429     0      0
3.22857     0      0
3.24286     0      0
3.25714     0      0
3.27143     0      0
3.28571     0      0
3.3     0      0
3.31429     0      0
3.32857     0      0
3.34286     0      0
3.35714     0      0
3.37143     0      0
3.38571     0      0
3.4     0      0
3.41429     0      0
3.42857     0      0
3.44286     0      0
3.45714     0      0
3.47143     0      0
3.48571     0      0
3.5     0      0
3.51429     0      0
3.52857     0      0
3.54286     0      0
3.55714     0      0
3.57143     0      0
3.58571     0      0
3.6     0      0
3.61429     0      0
3.62857     0      0
3.64286     0      0
3.65714     0      0
3.67143     0      0
3.68571     0      0
3.7     0      0
3.71429     0      0
3.72857     0      0
3.74286     0      0
3.75714     0      0
3.77143     0      0
3.78571     0      0
3.8     0      0
3.81429     0      0
3.82857     0      0
3.84286     0      0
3.85714     0      0
3.87143     0      0
3.88571     0      0
3.9     0      0
3.91429     0      0
3.92857     0      0
3.94286     0      0
3.95714     0      0
3.97143     0      0
3.98571     0      0
4     0      0
4.01429     0      0
4.02857     0      0
4.04286     0      0
4.05714     0      0
4.07143     0      0
4.08571     0      0
4.1     0      0
4.11429     0      0
4.12857     0      0
4.14286     0      0
4.15714     0      0
4.17143     0      0
4.18571     0      0
4.2     0      0
4.21429     0      0
4.22857     0      0
4.24286     0      0
4.25714     0      0
4.27143     0      0
4.28571     0      0
4.3     0      0
4.31429     0      0
4.32857     0      0
4.34286     0      0
4.35714     0      0
4.37143     0      0
4.38571     0      0
4.4     0      0
4.41429     0      0
4.42857     0      0
4.44286     0      0
4.45714     0      0
4.47143     0      0
4.48571     0      0
4.5     0      0
4.51429     0      0
4.52857     0      0
4.54286     0      0
4.55714     0      0
4.57143     0      0
4.58571     0      0
4.6     0      0
4.61429     0      0
4.62857     0      0
4.64286     0      0
4.65714     0      0
4.67143     0      0
4.68571     0      0
4.7     0      0
4.71429     0      0
4.72857     0      0
4.74286     0      0
4.75714     0      0
4.77143     0      0
4.78571     0      0
4.8     0      0
4.81429     0      0
4.82857     0      0
4.84286     0      0
4.85714     0      0
4.87143     0      0
4.88571     0      0
4.9     0      0
4.91429     0      0
4.92857     0      0
4.94286     0      0
4.95714     0      0
4.97143     0      0
4.98571     0      0
