# U,mu,nA_up, nA_dn, nB_up, nB_dn, ms, mf, ntotal,mu,cint
#energy    dos_upn   dos_upp   dos_dnn  dos_dnp GRID=1000 bin=700
-5     0      0
-4.98571     0      0
-4.97143     0      0
-4.95714     0      0
-4.94286     0      0
-4.92857     0      0
-4.91429     0      0
-4.9     0      0
-4.88571     0      0
-4.87143     0      0
-4.85714     0      0
-4.84286     0      0
-4.82857     0      0
-4.81429     0      0
-4.8     0      0
-4.78571     0      0
-4.77143     0      0
-4.75714     0      0
-4.74286     0      0
-4.72857     0      0
-4.71429     0      0
-4.7     0      0
-4.68571     0      0
-4.67143     0      0
-4.65714     0      0
-4.64286     0      0
-4.62857     0      0
-4.61429     0      0
-4.6     0      0
-4.58571     0      0
-4.57143     0      0
-4.55714     0      0
-4.54286     0      0
-4.52857     0      0
-4.51429     0      0
-4.5     0      0
-4.48571     0      0
-4.47143     0      0
-4.45714     0      0
-4.44286     0      0
-4.42857     0      0
-4.41429     0      0
-4.4     0      0
-4.38571     0      0
-4.37143     0      0
-4.35714     0      0
-4.34286     0      0
-4.32857     0      0
-4.31429     0      0
-4.3     0      0
-4.28571     0      0
-4.27143     0      0
-4.25714     0      0
-4.24286     0      0
-4.22857     0      0
-4.21429     0      0
-4.2     0      0
-4.18571     0      0
-4.17143     0      0
-4.15714     0      0
-4.14286     0      0
-4.12857     0      0
-4.11429     0      0
-4.1     0      0
-4.08571     0      0
-4.07143     0      0
-4.05714     0      0
-4.04286     0      0
-4.02857     0      0
-4.01429     0      0
-4     0      0
-3.98571     0      0
-3.97143     0      0
-3.95714     0      0
-3.94286     0      0
-3.92857     0      0
-3.91429     0      0
-3.9     0      0
-3.88571     0      0
-3.87143     0      0
-3.85714     0      0
-3.84286     0      0
-3.82857     0      0
-3.81429     0      0
-3.8     0      0
-3.78571     0      0
-3.77143     0      0
-3.75714     0      0
-3.74286     0      0
-3.72857     0      0
-3.71429     0      0
-3.7     0      0
-3.68571     0      0
-3.67143     0      0
-3.65714     0      0
-3.64286     0      0
-3.62857     0      0
-3.61429     0      0
-3.6     0      0
-3.58571     0      0
-3.57143     0      0
-3.55714     0      0
-3.54286     0      0
-3.52857     0      0
-3.51429     0      0
-3.5     0      0
-3.48571     0      0
-3.47143     0      0
-3.45714     0      0
-3.44286     0      0
-3.42857     0      0
-3.41429     0      0
-3.4     0      0
-3.38571     0      0
-3.37143     0      0
-3.35714     0      0
-3.34286     0      0
-3.32857     0      0
-3.31429     0      0
-3.3     0      0
-3.28571     0      0
-3.27143     0      0
-3.25714     0      0
-3.24286     0      0
-3.22857     0      0
-3.21429     0      0
-3.2     0      0
-3.18571     0      0
-3.17143     0      0
-3.15714     0      0
-3.14286     0      0
-3.12857     0      0
-3.11429     0      0
-3.1     0      0
-3.08571     0      0
-3.07143     0      0
-3.05714     0      0
-3.04286     0      0
-3.02857     0      0
-3.01429     0      0
-3     0      0
-2.98571     0      0
-2.97143     0      0
-2.95714     0      0
-2.94286     0      0
-2.92857     0      0
-2.91429     0      0
-2.9     0      0
-2.88571     0      0
-2.87143     0      0
-2.85714     0      0
-2.84286     0      0
-2.82857     0      0
-2.81429     0      0
-2.8     0      0
-2.78571     0      0
-2.77143     0      0
-2.75714     0      0
-2.74286     0      0
-2.72857     0      0
-2.71429     0      0
-2.7     0      0
-2.68571     0      0
-2.67143     0      0
-2.65714     0      0
-2.64286     0      0
-2.62857     0      0
-2.61429     0      0
-2.6     0      0
-2.58571     0      0
-2.57143     0      0
-2.55714     0      0
-2.54286     0      0
-2.52857     0      0
-2.51429     0      0
-2.5     0      0
-2.48571     0      0
-2.47143     0      0
-2.45714     0      0
-2.44286     0      0
-2.42857     0      0
-2.41429     0      0
-2.4     0      0
-2.38571     0      0
-2.37143     0      0
-2.35714     0      0
-2.34286     0      0
-2.32857     0      0
-2.31429     0      0
-2.3     0      0
-2.28571     0      0
-2.27143     0      0
-2.25714     0      0
-2.24286     0      0
-2.22857     0      0
-2.21429     0      0
-2.2     0      0
-2.18571     0      0
-2.17143     0      0
-2.15714     0      0
-2.14286     0      0
-2.12857     0      0
-2.11429     0      0
-2.1     0      0
-2.08571     0      0
-2.07143     0      0
-2.05714     0      0
-2.04286     0      0
-2.02857     0      0
-2.01429     0      0
-2     0      0
-1.98571     0      0
-1.97143     0      0
-1.95714     0      0
-1.94286     0      0
-1.92857     0      0
-1.91429     0      0
-1.9     0      0
-1.88571     0      0
-1.87143     0      0
-1.85714     0      0
-1.84286     0      0
-1.82857     0.0008085      0
-1.81429     0.005184      0
-1.8     0.005206      0
-1.78571     0.005226      0
-1.77143     0.005226      0
-1.75714     0.00526      0
-1.74286     0.005256      0
-1.72857     0.00529      0
-1.71429     0.005334      0
-1.7     0.005326      0
-1.68571     0.005356      0
-1.67143     0.005396      0
-1.65714     0.00539      0
-1.64286     0.005378      0
-1.62857     0.00547      0
-1.61429     0.005454      0
-1.6     0.005474      0
-1.58571     0.005506      0
-1.57143     0.005512      0
-1.55714     0.005544      0
-1.54286     0.005584      0
-1.52857     0.005584      0
-1.51429     0.005592      0
-1.5     0.005668      0
-1.48571     0.00565      0
-1.47143     0.00568      0
-1.45714     0.005704      0
-1.44286     0.005718      0
-1.42857     0.005784      0
-1.41429     0.00576      0
-1.4     0.005828      0
-1.38571     0.005808      0
-1.37143     0.005868      0
-1.35714     0.005886      0
-1.34286     0.005932      0
-1.32857     0.005922      0
-1.31429     0.00597      0
-1.3     0.005992      0
-1.28571     0.005988      0
-1.27143     0.006096      0
-1.25714     0.006036      0
-1.24286     0.006142      0
-1.22857     0.006126      0
-1.21429     0.006206      0
-1.2     0.006148      0
-1.18571     0.00626      0
-1.17143     0.006268      0
-1.15714     0.006268      0
-1.14286     0.00637      0
-1.12857     0.006364      0
-1.11429     0.006376      0
-1.1     0.0064      0
-1.08571     0.006486      0
-1.07143     0.006496      0
-1.05714     0.006536      0
-1.04286     0.006552      0
-1.02857     0.006626      0
-1.01429     0.006672      0
-1     0.006708      0
-0.985714     0.006712      0
-0.971429     0.006692      0
-0.957143     0.006848      0
-0.942857     0.006878      0
-0.928571     0.006878      0
-0.914286     0.006928      0
-0.9     0.006964      0
-0.885714     0.00704      0
-0.871429     0.007078      0
-0.857143     0.007106      0
-0.842857     0.007136      0
-0.828571     0.007244      0
-0.814286     0.00721      0
-0.8     0.00737      0
-0.785714     0.007336      0
-0.771429     0.00741      0
-0.757143     0.00749      0
-0.742857     0.00754      0
-0.728571     0.007566      0
-0.714286     0.007654      0
-0.7     0.007662      0
-0.685714     0.007756      0
-0.671429     0.00787      0
-0.657143     0.007878      0
-0.642857     0.007966      0
-0.628571     0.008014      0
-0.614286     0.00811      0
-0.6     0.008156      0
-0.585714     0.00822      0
-0.571429     0.00834      0
-0.557143     0.008394      0
-0.542857     0.008504      0
-0.528571     0.00857      0
-0.514286     0.00866      0
-0.5     0.008742      0
-0.485714     0.008872      0
-0.471429     0.008942      0
-0.457143     0.009036      0
-0.442857     0.009144      0
-0.428571     0.009276      0
-0.414286     0.009394      0
-0.4     0.00951      0
-0.385714     0.009678      0
-0.371429     0.009776      0
-0.357143     0.00991      0
-0.342857     0.010034      0
-0.328571     0.010286      0
-0.314286     0.010458      0
-0.3     0.010634      0
-0.285714     0.010736      0
-0.271429     0.011118      0
-0.257143     0.01135      0
-0.242857     0.011614      0
-0.228571     0.01183      0
-0.214286     0.012256      0
-0.2     0.012806      0
-0.185714     0.013284      0
-0.171429     0.013846      0
-0.157143     0.01481      0
-0.142857     0.01656      0
-0.128571     0.020134      0
-0.114286     0.0332645      0
-0.1     0.015618      0
-0.0857143     0.01155      0
-0.0714286     0.009434      0
-0.0571429     0.007986      0
-0.0428571     0.006926      0
-0.0285714     0.005972      0
-0.0142857     0.005228      0.0031545
0     0.003155      0.01659
0.0142857     0      0.012532
0.0285714     0      0.01161
0.0428571     0      0.011224
0.0571429     0      0.01129
0.0714286     0      0.01152
0.0857143     0      0.012052
0.1     0      0.013268
0.114286     0      0.015105
0.128571     0      0.01276
0.142857     0      0.011854
0.157143     0      0.011376
0.171429     0      0.010952
0.185714     0      0.010642
0.2     0      0.0104
0.214286     0      0.010152
0.228571     0      0.009924
0.242857     0      0.009718
0.257143     0      0.009616
0.271429     0      0.00943
0.285714     0      0.009216
0.3     0      0.009122
0.314286     0      0.008996
0.328571     0      0.00882
0.342857     0      0.008816
0.357143     0      0.00857
0.371429     0      0.008536
0.385714     0      0.008402
0.4     0      0.008326
0.414286     0      0.008236
0.428571     0      0.008098
0.442857     0      0.008078
0.457143     0      0.007946
0.471429     0      0.00788
0.485714     0      0.007792
0.5     0      0.007702
0.514286     0      0.007664
0.528571     0      0.007548
0.542857     0      0.007498
0.557143     0      0.007442
0.571429     0      0.007342
0.585714     0      0.007326
0.6     0      0.007184
0.614286     0      0.007232
0.628571     0      0.007084
0.642857     0      0.007036
0.657143     0      0.007044
0.671429     0      0.006884
0.685714     0      0.0069
0.7     0      0.00683
0.714286     0      0.006778
0.728571     0      0.006712
0.742857     0      0.006684
0.757143     0      0.006624
0.771429     0      0.00656
0.785714     0      0.00652
0.8     0      0.00651
0.814286     0      0.006436
0.828571     0      0.006418
0.842857     0      0.006318
0.857143     0      0.006288
0.871429     0      0.006278
0.885714     0      0.00622
0.9     0      0.006172
0.914286     0      0.006142
0.928571     0      0.006116
0.942857     0      0.006116
0.957143     0      0.005956
0.971429     0      0.005972
0.985714     0      0.005974
1     0      0.00592
1.01429     0      0.005854
1.02857     0      0.00584
1.04286     0      0.005822
1.05714     0      0.005744
1.07143     0      0.00576
1.08571     0      0.005694
1.1     0      0.005664
1.11429     0      0.00565
1.12857     0      0.005616
1.14286     0      0.0056
1.15714     0      0.005512
1.17143     0      0.005562
1.18571     0      0.005466
1.2     0      0.005452
1.21429     0      0.00539
1.22857     0      0.005412
1.24286     0      0.005374
1.25714     0      0.00534
1.27143     0      0.00536
1.28571     0      0.005286
1.3     0      0.005212
1.31429     0      0.00523
1.32857     0      0.005206
1.34286     0      0.005196
1.35714     0      0.005188
1.37143     0      0.005102
1.38571     0      0.005106
1.4     0      0.005064
1.41429     0      0.00508
1.42857     0      0.005018
1.44286     0      0.004994
1.45714     0      0.005012
1.47143     0      0.004962
1.48571     0      0.004916
1.5     0      0.004924
1.51429     0      0.004878
1.52857     0      0.004888
1.54286     0      0.004858
1.55714     0      0.004812
1.57143     0      0.004798
1.58571     0      0.004788
1.6     0      0.00478
1.61429     0      0.004732
1.62857     0      0.004736
1.64286     0      0.004668
1.65714     0      0.004708
1.67143     0      0.004646
1.68571     0      0.004642
1.7     0      0.004616
1.71429     0      0.004596
1.72857     0      0.004582
1.74286     0      0.00459
1.75714     0      0.004522
1.77143     0      0.004538
1.78571     0      0.004476
1.8     0      0.0045
1.81429     0      0.004474
1.82857     0      0.004462
1.84286     0      0.004444
1.85714     0      0.00441
1.87143     0      0.004392
1.88571     0      0.004386
1.9     0      0.004372
1.91429     0      0.004346
1.92857     0      0.004338
1.94286     0      0.004298
1.95714     0      0.004312
1.97143     0      0.004276
1.98571     0      0.00426
2     0      0.004252
2.01429     0      0.004228
2.02857     0      0.00423
2.04286     0      0.00419
2.05714     0      0.004208
2.07143     0      0.004158
2.08571     0      0.00416
2.1     0      0.004142
2.11429     0      0.004122
2.12857     0      0.004112
2.14286     0      0.004098
2.15714     0      0.004084
2.17143     0      0.0038505
2.18571     0      5.07355e-57
2.2     0      1.39512e-96
2.21429     0      0
2.22857     0      0
2.24286     0      0
2.25714     0      0
2.27143     0      0
2.28571     0      0
2.3     0      0
2.31429     0      0
2.32857     0      0
2.34286     0      0
2.35714     0      0
2.37143     0      0
2.38571     0      0
2.4     0      0
2.41429     0      0
2.42857     0      0
2.44286     0      0
2.45714     0      0
2.47143     0      0
2.48571     0      0
2.5     0      0
2.51429     0      0
2.52857     0      0
2.54286     0      0
2.55714     0      0
2.57143     0      0
2.58571     0      0
2.6     0      0
2.61429     0      0
2.62857     0      0
2.64286     0      0
2.65714     0      0
2.67143     0      0
2.68571     0      0
2.7     0      0
2.71429     0      0
2.72857     0      0
2.74286     0      0
2.75714     0      0
2.77143     0      0
2.78571     0      0
2.8     0      0
2.81429     0      0
2.82857     0      0
2.84286     0      0
2.85714     0      0
2.87143     0      0
2.88571     0      0
2.9     0      0
2.91429     0      0
2.92857     0      0
2.94286     0      0
2.95714     0      0
2.97143     0      0
2.98571     0      0
3     0      0
3.01429     0      0
3.02857     0      0
3.04286     0      0
3.05714     0      0
3.07143     0      0
3.08571     0      0
3.1     0      0
3.11429     0      0
3.12857     0      0
3.14286     0      0
3.15714     0      0
3.17143     0      0
3.18571     0      0
3.2     0      0
3.21429     0      0
3.22857     0      0
3.24286     0      0
3.25714     0      0
3.27143     0      0
3.28571     0      0
3.3     0      0
3.31429     0      0
3.32857     0      0
3.34286     0      0
3.35714     0      0
3.37143     0      0
3.38571     0      0
3.4     0      0
3.41429     0      0
3.42857     0      0
3.44286     0      0
3.45714     0      0
3.47143     0      0
3.48571     0      0
3.5     0      0
3.51429     0      0
3.52857     0      0
3.54286     0      0
3.55714     0      0
3.57143     0      0
3.58571     0      0
3.6     0      0
3.61429     0      0
3.62857     0      0
3.64286     0      0
3.65714     0      0
3.67143     0      0
3.68571     0      0
3.7     0      0
3.71429     0      0
3.72857     0      0
3.74286     0      0
3.75714     0      0
3.77143     0      0
3.78571     0      0
3.8     0      0
3.81429     0      0
3.82857     0      0
3.84286     0      0
3.85714     0      0
3.87143     0      0
3.88571     0      0
3.9     0      0
3.91429     0      0
3.92857     0      0
3.94286     0      0
3.95714     0      0
3.97143     0      0
3.98571     0      0
4     0      0
4.01429     0      0
4.02857     0      0
4.04286     0      0
4.05714     0      0
4.07143     0      0
4.08571     0      0
4.1     0      0
4.11429     0      0
4.12857     0      0
4.14286     0      0
4.15714     0      0
4.17143     0      0
4.18571     0      0
4.2     0      0
4.21429     0      0
4.22857     0      0
4.24286     0      0
4.25714     0      0
4.27143     0      0
4.28571     0      0
4.3     0      0
4.31429     0      0
4.32857     0      0
4.34286     0      0
4.35714     0      0
4.37143     0      0
4.38571     0      0
4.4     0      0
4.41429     0      0
4.42857     0      0
4.44286     0      0
4.45714     0      0
4.47143     0      0
4.48571     0      0
4.5     0      0
4.51429     0      0
4.52857     0      0
4.54286     0      0
4.55714     0      0
4.57143     0      0
4.58571     0      0
4.6     0      0
4.61429     0      0
4.62857     0      0
4.64286     0      0
4.65714     0      0
4.67143     0      0
4.68571     0      0
4.7     0      0
4.71429     0      0
4.72857     0      0
4.74286     0      0
4.75714     0      0
4.77143     0      0
4.78571     0      0
4.8     0      0
4.81429     0      0
4.82857     0      0
4.84286     0      0
4.85714     0      0
4.87143     0      0
4.88571     0      0
4.9     0      0
4.91429     0      0
4.92857     0      0
4.94286     0      0
4.95714     0      0
4.97143     0      0
4.98571     0      0
