# U,mu,nA_up, nA_dn, nB_up, nB_dn, ms, mf, ntotal,mu,cint
#energy    dos_upn   dos_upp   dos_dnn  dos_dnp GRID=1000 bin=700
-5     0      0
-4.98571     0      0
-4.97143     0      0
-4.95714     0      0
-4.94286     0      0
-4.92857     0      0
-4.91429     0      0
-4.9     0      0
-4.88571     0      0
-4.87143     0      0
-4.85714     0      0
-4.84286     0      0
-4.82857     0      0
-4.81429     0      0
-4.8     0      0
-4.78571     0      0
-4.77143     0      0
-4.75714     0      0
-4.74286     0      0
-4.72857     0      0
-4.71429     0      0
-4.7     0      0
-4.68571     0      0
-4.67143     0      0
-4.65714     0      0
-4.64286     0      0
-4.62857     0      0
-4.61429     0      0
-4.6     0      0
-4.58571     0      0
-4.57143     0      0
-4.55714     0      0
-4.54286     0      0
-4.52857     0      0
-4.51429     0      0
-4.5     0      0
-4.48571     0      0
-4.47143     0      0
-4.45714     0      0
-4.44286     0      0
-4.42857     0      0
-4.41429     0      0
-4.4     0      0
-4.38571     0      0
-4.37143     0      0
-4.35714     0      0
-4.34286     0      0
-4.32857     0      0
-4.31429     0      0
-4.3     0      0
-4.28571     0      0
-4.27143     0      0
-4.25714     0      0
-4.24286     0      0
-4.22857     0      0
-4.21429     0      0
-4.2     0      0
-4.18571     0      0
-4.17143     0      0
-4.15714     0      0
-4.14286     0      0
-4.12857     0      0
-4.11429     0      0
-4.1     0      0
-4.08571     0      0
-4.07143     0      0
-4.05714     0      0
-4.04286     0      0
-4.02857     0      0
-4.01429     0      0
-4     0      0
-3.98571     0      0
-3.97143     0      0
-3.95714     0      0
-3.94286     0      0
-3.92857     0      0
-3.91429     0      0
-3.9     0      0
-3.88571     0      0
-3.87143     0      0
-3.85714     0      0
-3.84286     0      0
-3.82857     0      0
-3.81429     0      0
-3.8     0      0
-3.78571     0      0
-3.77143     0      0
-3.75714     0      0
-3.74286     0      0
-3.72857     0      0
-3.71429     0      0
-3.7     0      0
-3.68571     0      0
-3.67143     0      0
-3.65714     0      0
-3.64286     0      0
-3.62857     0      0
-3.61429     0      0
-3.6     0      0
-3.58571     0      0
-3.57143     0      0
-3.55714     0      0
-3.54286     0      0
-3.52857     0      0
-3.51429     0      0
-3.5     0      0
-3.48571     0      0
-3.47143     0      0
-3.45714     0      0
-3.44286     0      0
-3.42857     0      0
-3.41429     0      0
-3.4     0      0
-3.38571     0      0
-3.37143     0      0
-3.35714     0      0
-3.34286     0      0
-3.32857     0      0
-3.31429     0      0
-3.3     0      0
-3.28571     0      0
-3.27143     0      0
-3.25714     0      0
-3.24286     0      0
-3.22857     0      0
-3.21429     0      0
-3.2     0      0
-3.18571     0      0
-3.17143     0      0
-3.15714     0      0
-3.14286     0      0
-3.12857     0      0
-3.11429     0      0
-3.1     0      0
-3.08571     0      0
-3.07143     0      0
-3.05714     0      0
-3.04286     0      0
-3.02857     0      0
-3.01429     0      0
-3     0      0
-2.98571     0      0
-2.97143     0      0
-2.95714     0      0
-2.94286     0      0
-2.92857     0      0
-2.91429     0      0
-2.9     0      0
-2.88571     0      0
-2.87143     0      0
-2.85714     0      0
-2.84286     0      0
-2.82857     0      0
-2.81429     0      0
-2.8     0      0
-2.78571     0      0
-2.77143     0      0
-2.75714     0      0
-2.74286     0      0
-2.72857     0      0
-2.71429     0      0
-2.7     0      0
-2.68571     0      0
-2.67143     0      0
-2.65714     0      0
-2.64286     0      0
-2.62857     0      0
-2.61429     0      0
-2.6     0      0
-2.58571     0      0
-2.57143     0      0
-2.55714     0      0
-2.54286     0      0
-2.52857     0      0
-2.51429     0      0
-2.5     0      0
-2.48571     0      0
-2.47143     0      0
-2.45714     0      0
-2.44286     0      0
-2.42857     0      0
-2.41429     0      0
-2.4     0      0
-2.38571     0      0
-2.37143     0      0
-2.35714     0      0
-2.34286     0      0
-2.32857     0      0
-2.31429     0      0
-2.3     0      0
-2.28571     0      0
-2.27143     0      0
-2.25714     0      0
-2.24286     0      0
-2.22857     0      0
-2.21429     0      0
-2.2     0      0
-2.18571     0      0
-2.17143     0      0
-2.15714     0      0
-2.14286     0      0
-2.12857     0      0
-2.11429     0      0
-2.1     0      0
-2.08571     0      0
-2.07143     0      0
-2.05714     0      0
-2.04286     0      0
-2.02857     0      0
-2.01429     0      0
-2     0      0
-1.98571     0      0
-1.97143     0      0
-1.95714     0      0
-1.94286     0      0
-1.92857     0      0
-1.91429     0      0
-1.9     0      0
-1.88571     0      0
-1.87143     0      0
-1.85714     0      0
-1.84286     0      0
-1.82857     0      0
-1.81429     0.0047785      0
-1.8     0.005196      0
-1.78571     0.005212      0
-1.77143     0.005234      0
-1.75714     0.00526      0
-1.74286     0.00526      0
-1.72857     0.005318      0
-1.71429     0.005304      0
-1.7     0.005322      0
-1.68571     0.00537      0
-1.67143     0.005358      0
-1.65714     0.005398      0
-1.64286     0.005394      0
-1.62857     0.005444      0
-1.61429     0.005454      0
-1.6     0.00547      0
-1.58571     0.005498      0
-1.57143     0.005518      0
-1.55714     0.005546      0
-1.54286     0.00556      0
-1.52857     0.005592      0
-1.51429     0.005622      0
-1.5     0.0056      0
-1.48571     0.005668      0
-1.47143     0.005686      0
-1.45714     0.005708      0
-1.44286     0.005696      0
-1.42857     0.005754      0
-1.41429     0.00582      0
-1.4     0.005792      0
-1.38571     0.005844      0
-1.37143     0.00584      0
-1.35714     0.00588      0
-1.34286     0.005896      0
-1.32857     0.005944      0
-1.31429     0.005958      0
-1.3     0.00597      0
-1.28571     0.006048      0
-1.27143     0.006034      0
-1.25714     0.006072      0
-1.24286     0.006132      0
-1.22857     0.00614      0
-1.21429     0.00615      0
-1.2     0.00621      0
-1.18571     0.006192      0
-1.17143     0.006298      0
-1.15714     0.006276      0
-1.14286     0.006306      0
-1.12857     0.006398      0
-1.11429     0.006368      0
-1.1     0.006436      0
-1.08571     0.006462      0
-1.07143     0.006496      0
-1.05714     0.006544      0
-1.04286     0.00654      0
-1.02857     0.006628      0
-1.01429     0.00665      0
-1     0.006672      0
-0.985714     0.00671      0
-0.971429     0.00676      0
-0.957143     0.0068      0
-0.942857     0.006874      0
-0.928571     0.006876      0
-0.914286     0.006936      0
-0.9     0.006946      0
-0.885714     0.007072      0
-0.871429     0.007006      0
-0.857143     0.007152      0
-0.842857     0.007146      0
-0.828571     0.007244      0
-0.814286     0.007204      0
-0.8     0.007366      0
-0.785714     0.007334      0
-0.771429     0.007416      0
-0.757143     0.00749      0
-0.742857     0.00753      0
-0.728571     0.007568      0
-0.714286     0.007632      0
-0.7     0.007672      0
-0.685714     0.007808      0
-0.671429     0.007836      0
-0.657143     0.007876      0
-0.642857     0.00796      0
-0.628571     0.008034      0
-0.614286     0.008074      0
-0.6     0.00821      0
-0.585714     0.008214      0
-0.571429     0.008354      0
-0.557143     0.008404      0
-0.542857     0.008498      0
-0.528571     0.008596      0
-0.514286     0.008666      0
-0.5     0.008764      0
-0.485714     0.008882      0
-0.471429     0.008968      0
-0.457143     0.009034      0
-0.442857     0.009242      0
-0.428571     0.009262      0
-0.414286     0.00943      0
-0.4     0.00949      0
-0.385714     0.00969      0
-0.371429     0.009858      0
-0.357143     0.009976      0
-0.342857     0.010196      0
-0.328571     0.010296      0
-0.314286     0.01046      0
-0.3     0.010736      0
-0.285714     0.010974      0
-0.271429     0.011198      0
-0.257143     0.011458      0
-0.242857     0.011692      0
-0.228571     0.012162      0
-0.214286     0.012664      0
-0.2     0.013138      0
-0.185714     0.013816      0
-0.171429     0.014696      0
-0.157143     0.015966      0
-0.142857     0.018934      0
-0.128571     0.0355445      0
-0.114286     0.019414      0
-0.1     0.013306      0
-0.0857143     0.010698      0
-0.0714286     0.008942      0
-0.0571429     0.007812      0
-0.0428571     0.006762      0
-0.0285714     0.005914      0
-0.0142857     0.005145      0
0     0      0
0.0142857     0      0.0174965
0.0285714     0      0.013826
0.0428571     0      0.012382
0.0571429     0      0.011864
0.0714286     0      0.011764
0.0857143     0      0.011948
0.1     0      0.012334
0.114286     0      0.013434
0.128571     0      0.015905
0.142857     0      0.013502
0.157143     0      0.012264
0.171429     0      0.01169
0.185714     0      0.011152
0.2     0      0.010804
0.214286     0      0.010512
0.228571     0      0.010232
0.242857     0      0.009988
0.257143     0      0.009758
0.271429     0      0.009616
0.285714     0      0.009466
0.3     0      0.00928
0.314286     0      0.009114
0.328571     0      0.009014
0.342857     0      0.00885
0.357143     0      0.008756
0.371429     0      0.008644
0.385714     0      0.008466
0.4     0      0.008422
0.414286     0      0.00832
0.428571     0      0.008198
0.442857     0      0.00811
0.457143     0      0.008042
0.471429     0      0.00792
0.485714     0      0.007882
0.5     0      0.007728
0.514286     0      0.007712
0.528571     0      0.00763
0.542857     0      0.007544
0.557143     0      0.007532
0.571429     0      0.007362
0.585714     0      0.00734
0.6     0      0.00731
0.614286     0      0.007158
0.628571     0      0.007188
0.642857     0      0.007054
0.657143     0      0.00705
0.671429     0      0.007002
0.685714     0      0.00688
0.7     0      0.006854
0.714286     0      0.006838
0.728571     0      0.006728
0.742857     0      0.006718
0.757143     0      0.006632
0.771429     0      0.006608
0.785714     0      0.0066
0.8     0      0.00646
0.814286     0      0.006444
0.828571     0      0.006438
0.842857     0      0.006384
0.857143     0      0.006318
0.871429     0      0.006294
0.885714     0      0.006232
0.9     0      0.006206
0.914286     0      0.006136
0.928571     0      0.00612
0.942857     0      0.006062
0.957143     0      0.006072
0.971429     0      0.006014
0.985714     0      0.005956
1     0      0.00593
1.01429     0      0.005882
1.02857     0      0.00586
1.04286     0      0.005822
1.05714     0      0.005796
1.07143     0      0.005742
1.08571     0      0.005724
1.1     0      0.005702
1.11429     0      0.00564
1.12857     0      0.005626
1.14286     0      0.005592
1.15714     0      0.005554
1.17143     0      0.005524
1.18571     0      0.005516
1.2     0      0.005484
1.21429     0      0.005414
1.22857     0      0.005424
1.24286     0      0.005386
1.25714     0      0.005334
1.27143     0      0.005316
1.28571     0      0.005298
1.3     0      0.005324
1.31429     0      0.005208
1.32857     0      0.005206
1.34286     0      0.00521
1.35714     0      0.00514
1.37143     0      0.005192
1.38571     0      0.005082
1.4     0      0.005098
1.41429     0      0.005032
1.42857     0      0.005076
1.44286     0      0.005018
1.45714     0      0.004978
1.47143     0      0.004996
1.48571     0      0.004942
1.5     0      0.004904
1.51429     0      0.004904
1.52857     0      0.004874
1.54286     0      0.004848
1.55714     0      0.004854
1.57143     0      0.004784
1.58571     0      0.004828
1.6     0      0.00475
1.61429     0      0.004766
1.62857     0      0.00474
1.64286     0      0.004674
1.65714     0      0.004692
1.67143     0      0.004676
1.68571     0      0.00465
1.7     0      0.004644
1.71429     0      0.004584
1.72857     0      0.004598
1.74286     0      0.004572
1.75714     0      0.004546
1.77143     0      0.004544
1.78571     0      0.004536
1.8     0      0.004462
1.81429     0      0.004498
1.82857     0      0.004442
1.84286     0      0.004436
1.85714     0      0.004444
1.87143     0      0.004394
1.88571     0      0.004396
1.9     0      0.004384
1.91429     0      0.004324
1.92857     0      0.004332
1.94286     0      0.004332
1.95714     0      0.004324
1.97143     0      0.004282
1.98571     0      0.004256
2     0      0.004266
2.01429     0      0.004246
2.02857     0      0.00422
2.04286     0      0.00419
2.05714     0      0.0042
2.07143     0      0.004192
2.08571     0      0.004158
2.1     0      0.00414
2.11429     0      0.004128
2.12857     0      0.004124
2.14286     0      0.004096
2.15714     0      0.00409
2.17143     0      0.004078
2.18571     0      0.0009705
2.2     0      3.65723e-37
2.21429     0      0
2.22857     0      0
2.24286     0      0
2.25714     0      0
2.27143     0      0
2.28571     0      0
2.3     0      0
2.31429     0      0
2.32857     0      0
2.34286     0      0
2.35714     0      0
2.37143     0      0
2.38571     0      0
2.4     0      0
2.41429     0      0
2.42857     0      0
2.44286     0      0
2.45714     0      0
2.47143     0      0
2.48571     0      0
2.5     0      0
2.51429     0      0
2.52857     0      0
2.54286     0      0
2.55714     0      0
2.57143     0      0
2.58571     0      0
2.6     0      0
2.61429     0      0
2.62857     0      0
2.64286     0      0
2.65714     0      0
2.67143     0      0
2.68571     0      0
2.7     0      0
2.71429     0      0
2.72857     0      0
2.74286     0      0
2.75714     0      0
2.77143     0      0
2.78571     0      0
2.8     0      0
2.81429     0      0
2.82857     0      0
2.84286     0      0
2.85714     0      0
2.87143     0      0
2.88571     0      0
2.9     0      0
2.91429     0      0
2.92857     0      0
2.94286     0      0
2.95714     0      0
2.97143     0      0
2.98571     0      0
3     0      0
3.01429     0      0
3.02857     0      0
3.04286     0      0
3.05714     0      0
3.07143     0      0
3.08571     0      0
3.1     0      0
3.11429     0      0
3.12857     0      0
3.14286     0      0
3.15714     0      0
3.17143     0      0
3.18571     0      0
3.2     0      0
3.21429     0      0
3.22857     0      0
3.24286     0      0
3.25714     0      0
3.27143     0      0
3.28571     0      0
3.3     0      0
3.31429     0      0
3.32857     0      0
3.34286     0      0
3.35714     0      0
3.37143     0      0
3.38571     0      0
3.4     0      0
3.41429     0      0
3.42857     0      0
3.44286     0      0
3.45714     0      0
3.47143     0      0
3.48571     0      0
3.5     0      0
3.51429     0      0
3.52857     0      0
3.54286     0      0
3.55714     0      0
3.57143     0      0
3.58571     0      0
3.6     0      0
3.61429     0      0
3.62857     0      0
3.64286     0      0
3.65714     0      0
3.67143     0      0
3.68571     0      0
3.7     0      0
3.71429     0      0
3.72857     0      0
3.74286     0      0
3.75714     0      0
3.77143     0      0
3.78571     0      0
3.8     0      0
3.81429     0      0
3.82857     0      0
3.84286     0      0
3.85714     0      0
3.87143     0      0
3.88571     0      0
3.9     0      0
3.91429     0      0
3.92857     0      0
3.94286     0      0
3.95714     0      0
3.97143     0      0
3.98571     0      0
4     0      0
4.01429     0      0
4.02857     0      0
4.04286     0      0
4.05714     0      0
4.07143     0      0
4.08571     0      0
4.1     0      0
4.11429     0      0
4.12857     0      0
4.14286     0      0
4.15714     0      0
4.17143     0      0
4.18571     0      0
4.2     0      0
4.21429     0      0
4.22857     0      0
4.24286     0      0
4.25714     0      0
4.27143     0      0
4.28571     0      0
4.3     0      0
4.31429     0      0
4.32857     0      0
4.34286     0      0
4.35714     0      0
4.37143     0      0
4.38571     0      0
4.4     0      0
4.41429     0      0
4.42857     0      0
4.44286     0      0
4.45714     0      0
4.47143     0      0
4.48571     0      0
4.5     0      0
4.51429     0      0
4.52857     0      0
4.54286     0      0
4.55714     0      0
4.57143     0      0
4.58571     0      0
4.6     0      0
4.61429     0      0
4.62857     0      0
4.64286     0      0
4.65714     0      0
4.67143     0      0
4.68571     0      0
4.7     0      0
4.71429     0      0
4.72857     0      0
4.74286     0      0
4.75714     0      0
4.77143     0      0
4.78571     0      0
4.8     0      0
4.81429     0      0
4.82857     0      0
4.84286     0      0
4.85714     0      0
4.87143     0      0
4.88571     0      0
4.9     0      0
4.91429     0      0
4.92857     0      0
4.94286     0      0
4.95714     0      0
4.97143     0      0
4.98571     0      0
