# U,mu,nA_up, nA_dn, nB_up, nB_dn, ms, mf, ntotal,mu,cint
#energy    dos_upn   dos_upp   dos_dnn  dos_dnp GRID=1000 bin=700
-5     0      0
-4.98571     0      0
-4.97143     0      0
-4.95714     0      0
-4.94286     0      0
-4.92857     0      0
-4.91429     0      0
-4.9     0      0
-4.88571     0      0
-4.87143     0      0
-4.85714     0      0
-4.84286     0      0
-4.82857     0      0
-4.81429     0      0
-4.8     0      0
-4.78571     0      0
-4.77143     0      0
-4.75714     0      0
-4.74286     0      0
-4.72857     0      0
-4.71429     0      0
-4.7     0      0
-4.68571     0      0
-4.67143     0      0
-4.65714     0      0
-4.64286     0      0
-4.62857     0      0
-4.61429     0      0
-4.6     0      0
-4.58571     0      0
-4.57143     0      0
-4.55714     0      0
-4.54286     0      0
-4.52857     0      0
-4.51429     0      0
-4.5     0      0
-4.48571     0      0
-4.47143     0      0
-4.45714     0      0
-4.44286     0      0
-4.42857     0      0
-4.41429     0      0
-4.4     0      0
-4.38571     0      0
-4.37143     0      0
-4.35714     0      0
-4.34286     0      0
-4.32857     0      0
-4.31429     0      0
-4.3     0      0
-4.28571     0      0
-4.27143     0      0
-4.25714     0      0
-4.24286     0      0
-4.22857     0      0
-4.21429     0      0
-4.2     0      0
-4.18571     0      0
-4.17143     0      0
-4.15714     0      0
-4.14286     0      0
-4.12857     0      0
-4.11429     0      0
-4.1     0      0
-4.08571     0      0
-4.07143     0      0
-4.05714     0      0
-4.04286     0      0
-4.02857     0      0
-4.01429     0      0
-4     0      0
-3.98571     0      0
-3.97143     0      0
-3.95714     0      0
-3.94286     0      0
-3.92857     0      0
-3.91429     0      0
-3.9     0      0
-3.88571     0      0
-3.87143     0      0
-3.85714     0      0
-3.84286     0      0
-3.82857     0      0
-3.81429     0      0
-3.8     0      0
-3.78571     0      0
-3.77143     0      0
-3.75714     0      0
-3.74286     0      0
-3.72857     0      0
-3.71429     0      0
-3.7     0      0
-3.68571     0      0
-3.67143     0      0
-3.65714     0      0
-3.64286     0      0
-3.62857     0      0
-3.61429     0      0
-3.6     0      0
-3.58571     0      0
-3.57143     0      0
-3.55714     0      0
-3.54286     0      0
-3.52857     0      0
-3.51429     0      0
-3.5     0      0
-3.48571     0      0
-3.47143     0      0
-3.45714     0      0
-3.44286     0      0
-3.42857     0      0
-3.41429     0      0
-3.4     0      0
-3.38571     0      0
-3.37143     0      0
-3.35714     0      0
-3.34286     0      0
-3.32857     0      0
-3.31429     0      0
-3.3     0      0
-3.28571     0      0
-3.27143     0      0
-3.25714     0      0
-3.24286     0      0
-3.22857     0      0
-3.21429     0      0
-3.2     0      0
-3.18571     0      0
-3.17143     0      0
-3.15714     0      0
-3.14286     0      0
-3.12857     0      0
-3.11429     0      0
-3.1     0      0
-3.08571     0      0
-3.07143     0      0
-3.05714     0      0
-3.04286     0      0
-3.02857     0      0
-3.01429     0      0
-3     0      0
-2.98571     0      0
-2.97143     0      0
-2.95714     0      0
-2.94286     0      0
-2.92857     0      0
-2.91429     0      0
-2.9     0      0
-2.88571     0      0
-2.87143     0      0
-2.85714     0      0
-2.84286     0      0
-2.82857     0      0
-2.81429     0      0
-2.8     0      0
-2.78571     0      0
-2.77143     0      0
-2.75714     0      0
-2.74286     0      0
-2.72857     0      0
-2.71429     0      0
-2.7     0      0
-2.68571     0      0
-2.67143     0      0
-2.65714     0      0
-2.64286     0      0
-2.62857     0      0
-2.61429     0      0
-2.6     0      0
-2.58571     0      0
-2.57143     0      0
-2.55714     0      0
-2.54286     0      0
-2.52857     0      0
-2.51429     0      0
-2.5     0      0
-2.48571     0      0
-2.47143     0      0
-2.45714     0      0
-2.44286     0      0
-2.42857     0      0
-2.41429     0      0
-2.4     0      0
-2.38571     0      0
-2.37143     0      0
-2.35714     0      0
-2.34286     0      0
-2.32857     0      0
-2.31429     0      0
-2.3     0      0
-2.28571     0      0
-2.27143     0      0
-2.25714     0      0
-2.24286     0      0
-2.22857     0      0
-2.21429     0      0
-2.2     0      0
-2.18571     0      0
-2.17143     0      0
-2.15714     0      0
-2.14286     0      0
-2.12857     0      0
-2.11429     0      0
-2.1     0      0
-2.08571     0      0
-2.07143     0      0
-2.05714     0      0
-2.04286     0      0
-2.02857     0      0
-2.01429     0      0
-2     0      0
-1.98571     0      0
-1.97143     0      0
-1.95714     0      0
-1.94286     0      0
-1.92857     0      0
-1.91429     0      0
-1.9     0      0
-1.88571     0      0
-1.87143     0      0
-1.85714     0      0
-1.84286     0      0
-1.82857     2.2125e-11      0
-1.81429     0.0051305      0
-1.8     0.00521      0
-1.78571     0.005214      0
-1.77143     0.005234      0
-1.75714     0.005254      0
-1.74286     0.005262      0
-1.72857     0.005296      0
-1.71429     0.005292      0
-1.7     0.005356      0
-1.68571     0.005342      0
-1.67143     0.00537      0
-1.65714     0.005402      0
-1.64286     0.00539      0
-1.62857     0.005436      0
-1.61429     0.005448      0
-1.6     0.005486      0
-1.58571     0.005502      0
-1.57143     0.005516      0
-1.55714     0.005536      0
-1.54286     0.005548      0
-1.52857     0.00557      0
-1.51429     0.005614      0
-1.5     0.005664      0
-1.48571     0.005638      0
-1.47143     0.005688      0
-1.45714     0.005706      0
-1.44286     0.005746      0
-1.42857     0.005732      0
-1.41429     0.005776      0
-1.4     0.005812      0
-1.38571     0.00583      0
-1.37143     0.005856      0
-1.35714     0.005888      0
-1.34286     0.00588      0
-1.32857     0.00594      0
-1.31429     0.005984      0
-1.3     0.005978      0
-1.28571     0.005998      0
-1.27143     0.006066      0
-1.25714     0.006044      0
-1.24286     0.006144      0
-1.22857     0.006122      0
-1.21429     0.006162      0
-1.2     0.006156      0
-1.18571     0.00625      0
-1.17143     0.006252      0
-1.15714     0.006256      0
-1.14286     0.00638      0
-1.12857     0.006344      0
-1.11429     0.006388      0
-1.1     0.006398      0
-1.08571     0.006488      0
-1.07143     0.006484      0
-1.05714     0.006512      0
-1.04286     0.00658      0
-1.02857     0.006626      0
-1.01429     0.006612      0
-1     0.006696      0
-0.985714     0.006724      0
-0.971429     0.006714      0
-0.957143     0.006822      0
-0.942857     0.006872      0
-0.928571     0.006832      0
-0.914286     0.006956      0
-0.9     0.006972      0
-0.885714     0.006978      0
-0.871429     0.007098      0
-0.857143     0.007084      0
-0.842857     0.00716      0
-0.828571     0.007202      0
-0.814286     0.007214      0
-0.8     0.007348      0
-0.785714     0.00735      0
-0.771429     0.007364      0
-0.757143     0.007486      0
-0.742857     0.00751      0
-0.728571     0.00754      0
-0.714286     0.007644      0
-0.7     0.007662      0
-0.685714     0.00779      0
-0.671429     0.007804      0
-0.657143     0.007872      0
-0.642857     0.007952      0
-0.628571     0.008004      0
-0.614286     0.008072      0
-0.6     0.008166      0
-0.585714     0.008222      0
-0.571429     0.008294      0
-0.557143     0.008396      0
-0.542857     0.008466      0
-0.528571     0.008552      0
-0.514286     0.008634      0
-0.5     0.008712      0
-0.485714     0.008838      0
-0.471429     0.008928      0
-0.457143     0.009034      0
-0.442857     0.009088      0
-0.428571     0.00924      0
-0.414286     0.00934      0
-0.4     0.00951      0
-0.385714     0.009632      0
-0.371429     0.009746      0
-0.357143     0.009872      0
-0.342857     0.009974      0
-0.328571     0.010242      0
-0.314286     0.010406      0
-0.3     0.010548      0
-0.285714     0.010726      0
-0.271429     0.010976      0
-0.257143     0.011256      0
-0.242857     0.01152      0
-0.228571     0.011764      0
-0.214286     0.012046      0
-0.2     0.01264      0
-0.185714     0.013102      0
-0.171429     0.01366      0
-0.157143     0.014348      0
-0.142857     0.015634      0
-0.128571     0.018      0
-0.114286     0.0323885      0
-0.1     0.018954      0
-0.0857143     0.012526      0
-0.0714286     0.009984      0
-0.0571429     0.008394      0
-0.0428571     0.00712      0
-0.0285714     0.006206      0
-0.0142857     0.00537      0.0050825
0     0.004624      0.01547
0.0142857     0.000411      0.012196
0.0285714     0      0.011392
0.0428571     0      0.0111
0.0571429     0      0.011164
0.0714286     0      0.011438
0.0857143     0      0.01198
0.1     0      0.013264
0.114286     0      0.014805
0.128571     0      0.012592
0.142857     0      0.011768
0.157143     0      0.011304
0.171429     0      0.010888
0.185714     0      0.01064
0.2     0      0.010332
0.214286     0      0.010084
0.228571     0      0.009924
0.242857     0      0.009748
0.257143     0      0.00955
0.271429     0      0.00938
0.285714     0      0.009254
0.3     0      0.00914
0.314286     0      0.008986
0.328571     0      0.008886
0.342857     0      0.008666
0.357143     0      0.008646
0.371429     0      0.008514
0.385714     0      0.008444
0.4     0      0.008344
0.414286     0      0.00819
0.428571     0      0.008184
0.442857     0      0.007972
0.457143     0      0.007986
0.471429     0      0.007866
0.485714     0      0.007808
0.5     0      0.00773
0.514286     0      0.00762
0.528571     0      0.0076
0.542857     0      0.007476
0.557143     0      0.007466
0.571429     0      0.007354
0.585714     0      0.007278
0.6     0      0.007298
0.614286     0      0.007104
0.628571     0      0.007162
0.642857     0      0.00703
0.657143     0      0.007
0.671429     0      0.006978
0.685714     0      0.006858
0.7     0      0.006824
0.714286     0      0.006796
0.728571     0      0.006736
0.742857     0      0.006664
0.757143     0      0.006636
0.771429     0      0.006562
0.785714     0      0.006578
0.8     0      0.006496
0.814286     0      0.006394
0.828571     0      0.006388
0.842857     0      0.006368
0.857143     0      0.006294
0.871429     0      0.006256
0.885714     0      0.006276
0.9     0      0.006172
0.914286     0      0.00612
0.928571     0      0.006094
0.942857     0      0.006084
0.957143     0      0.006038
0.971429     0      0.005956
0.985714     0      0.005956
1     0      0.00593
1.01429     0      0.005876
1.02857     0      0.005834
1.04286     0      0.005876
1.05714     0      0.005752
1.07143     0      0.005728
1.08571     0      0.00573
1.1     0      0.005664
1.11429     0      0.005658
1.12857     0      0.005604
1.14286     0      0.005566
1.15714     0      0.005548
1.17143     0      0.005502
1.18571     0      0.005508
1.2     0      0.005438
1.21429     0      0.00544
1.22857     0      0.00544
1.24286     0      0.005348
1.25714     0      0.00535
1.27143     0      0.005314
1.28571     0      0.00526
1.3     0      0.005274
1.31429     0      0.005246
1.32857     0      0.005222
1.34286     0      0.005202
1.35714     0      0.005118
1.37143     0      0.005148
1.38571     0      0.005106
1.4     0      0.005092
1.41429     0      0.005046
1.42857     0      0.005058
1.44286     0      0.005006
1.45714     0      0.004954
1.47143     0      0.005002
1.48571     0      0.004936
1.5     0      0.004906
1.51429     0      0.0049
1.52857     0      0.004878
1.54286     0      0.004856
1.55714     0      0.004798
1.57143     0      0.00484
1.58571     0      0.004762
1.6     0      0.004764
1.61429     0      0.004784
1.62857     0      0.004678
1.64286     0      0.0047
1.65714     0      0.004698
1.67143     0      0.00466
1.68571     0      0.004668
1.7     0      0.00463
1.71429     0      0.004604
1.72857     0      0.004564
1.74286     0      0.004546
1.75714     0      0.00454
1.77143     0      0.004558
1.78571     0      0.00452
1.8     0      0.004464
1.81429     0      0.004486
1.82857     0      0.004432
1.84286     0      0.004452
1.85714     0      0.004434
1.87143     0      0.004396
1.88571     0      0.004376
1.9     0      0.004382
1.91429     0      0.00435
1.92857     0      0.004316
1.94286     0      0.004328
1.95714     0      0.004302
1.97143     0      0.0043
1.98571     0      0.004252
2     0      0.004236
2.01429     0      0.004244
2.02857     0      0.004222
2.04286     0      0.004214
2.05714     0      0.004212
2.07143     0      0.004134
2.08571     0      0.004162
2.1     0      0.004158
2.11429     0      0.00413
2.12857     0      0.004114
2.14286     0      0.004098
2.15714     0      0.00407
2.17143     0      0.00408
2.18571     0      0.0003965
2.2     0      5.44969e-123
2.21429     0      0
2.22857     0      0
2.24286     0      0
2.25714     0      0
2.27143     0      0
2.28571     0      0
2.3     0      0
2.31429     0      0
2.32857     0      0
2.34286     0      0
2.35714     0      0
2.37143     0      0
2.38571     0      0
2.4     0      0
2.41429     0      0
2.42857     0      0
2.44286     0      0
2.45714     0      0
2.47143     0      0
2.48571     0      0
2.5     0      0
2.51429     0      0
2.52857     0      0
2.54286     0      0
2.55714     0      0
2.57143     0      0
2.58571     0      0
2.6     0      0
2.61429     0      0
2.62857     0      0
2.64286     0      0
2.65714     0      0
2.67143     0      0
2.68571     0      0
2.7     0      0
2.71429     0      0
2.72857     0      0
2.74286     0      0
2.75714     0      0
2.77143     0      0
2.78571     0      0
2.8     0      0
2.81429     0      0
2.82857     0      0
2.84286     0      0
2.85714     0      0
2.87143     0      0
2.88571     0      0
2.9     0      0
2.91429     0      0
2.92857     0      0
2.94286     0      0
2.95714     0      0
2.97143     0      0
2.98571     0      0
3     0      0
3.01429     0      0
3.02857     0      0
3.04286     0      0
3.05714     0      0
3.07143     0      0
3.08571     0      0
3.1     0      0
3.11429     0      0
3.12857     0      0
3.14286     0      0
3.15714     0      0
3.17143     0      0
3.18571     0      0
3.2     0      0
3.21429     0      0
3.22857     0      0
3.24286     0      0
3.25714     0      0
3.27143     0      0
3.28571     0      0
3.3     0      0
3.31429     0      0
3.32857     0      0
3.34286     0      0
3.35714     0      0
3.37143     0      0
3.38571     0      0
3.4     0      0
3.41429     0      0
3.42857     0      0
3.44286     0      0
3.45714     0      0
3.47143     0      0
3.48571     0      0
3.5     0      0
3.51429     0      0
3.52857     0      0
3.54286     0      0
3.55714     0      0
3.57143     0      0
3.58571     0      0
3.6     0      0
3.61429     0      0
3.62857     0      0
3.64286     0      0
3.65714     0      0
3.67143     0      0
3.68571     0      0
3.7     0      0
3.71429     0      0
3.72857     0      0
3.74286     0      0
3.75714     0      0
3.77143     0      0
3.78571     0      0
3.8     0      0
3.81429     0      0
3.82857     0      0
3.84286     0      0
3.85714     0      0
3.87143     0      0
3.88571     0      0
3.9     0      0
3.91429     0      0
3.92857     0      0
3.94286     0      0
3.95714     0      0
3.97143     0      0
3.98571     0      0
4     0      0
4.01429     0      0
4.02857     0      0
4.04286     0      0
4.05714     0      0
4.07143     0      0
4.08571     0      0
4.1     0      0
4.11429     0      0
4.12857     0      0
4.14286     0      0
4.15714     0      0
4.17143     0      0
4.18571     0      0
4.2     0      0
4.21429     0      0
4.22857     0      0
4.24286     0      0
4.25714     0      0
4.27143     0      0
4.28571     0      0
4.3     0      0
4.31429     0      0
4.32857     0      0
4.34286     0      0
4.35714     0      0
4.37143     0      0
4.38571     0      0
4.4     0      0
4.41429     0      0
4.42857     0      0
4.44286     0      0
4.45714     0      0
4.47143     0      0
4.48571     0      0
4.5     0      0
4.51429     0      0
4.52857     0      0
4.54286     0      0
4.55714     0      0
4.57143     0      0
4.58571     0      0
4.6     0      0
4.61429     0      0
4.62857     0      0
4.64286     0      0
4.65714     0      0
4.67143     0      0
4.68571     0      0
4.7     0      0
4.71429     0      0
4.72857     0      0
4.74286     0      0
4.75714     0      0
4.77143     0      0
4.78571     0      0
4.8     0      0
4.81429     0      0
4.82857     0      0
4.84286     0      0
4.85714     0      0
4.87143     0      0
4.88571     0      0
4.9     0      0
4.91429     0      0
4.92857     0      0
4.94286     0      0
4.95714     0      0
4.97143     0      0
4.98571     0      0
