# U,mu,nA_up, nA_dn, nB_up, nB_dn, ms, mf, ntotal,mu,cint
#energy    dos_upn   dos_upp   dos_dnn  dos_dnp GRID=1000 bin=700
-5     0      0
-4.98571     0      0
-4.97143     0      0
-4.95714     0      0
-4.94286     0      0
-4.92857     0      0
-4.91429     0      0
-4.9     0      0
-4.88571     0      0
-4.87143     0      0
-4.85714     0      0
-4.84286     0      0
-4.82857     0      0
-4.81429     0      0
-4.8     0      0
-4.78571     0      0
-4.77143     0      0
-4.75714     0      0
-4.74286     0      0
-4.72857     0      0
-4.71429     0      0
-4.7     0      0
-4.68571     0      0
-4.67143     0      0
-4.65714     0      0
-4.64286     0      0
-4.62857     0      0
-4.61429     0      0
-4.6     0      0
-4.58571     0      0
-4.57143     0      0
-4.55714     0      0
-4.54286     0      0
-4.52857     0      0
-4.51429     0      0
-4.5     0      0
-4.48571     0      0
-4.47143     0      0
-4.45714     0      0
-4.44286     0      0
-4.42857     0      0
-4.41429     0      0
-4.4     0      0
-4.38571     0      0
-4.37143     0      0
-4.35714     0      0
-4.34286     0      0
-4.32857     0      0
-4.31429     0      0
-4.3     0      0
-4.28571     0      0
-4.27143     0      0
-4.25714     0      0
-4.24286     0      0
-4.22857     0      0
-4.21429     0      0
-4.2     0      0
-4.18571     0      0
-4.17143     0      0
-4.15714     0      0
-4.14286     0      0
-4.12857     0      0
-4.11429     0      0
-4.1     0      0
-4.08571     0      0
-4.07143     0      0
-4.05714     0      0
-4.04286     0      0
-4.02857     0      0
-4.01429     0      0
-4     0      0
-3.98571     0      0
-3.97143     0      0
-3.95714     0      0
-3.94286     0      0
-3.92857     0      0
-3.91429     0      0
-3.9     0      0
-3.88571     0      0
-3.87143     0      0
-3.85714     0      0
-3.84286     0      0
-3.82857     0      0
-3.81429     0      0
-3.8     0      0
-3.78571     0      0
-3.77143     0      0
-3.75714     0      0
-3.74286     0      0
-3.72857     0      0
-3.71429     0      0
-3.7     0      0
-3.68571     0      0
-3.67143     0      0
-3.65714     0      0
-3.64286     0      0
-3.62857     0      0
-3.61429     0      0
-3.6     0      0
-3.58571     0      0
-3.57143     0      0
-3.55714     0      0
-3.54286     0      0
-3.52857     0      0
-3.51429     0      0
-3.5     0      0
-3.48571     0      0
-3.47143     0      0
-3.45714     0      0
-3.44286     0      0
-3.42857     0      0
-3.41429     0      0
-3.4     0      0
-3.38571     0      0
-3.37143     0      0
-3.35714     0      0
-3.34286     0      0
-3.32857     0      0
-3.31429     0      0
-3.3     0      0
-3.28571     0      0
-3.27143     0      0
-3.25714     0      0
-3.24286     0      0
-3.22857     0      0
-3.21429     0      0
-3.2     0      0
-3.18571     0      0
-3.17143     0      0
-3.15714     0      0
-3.14286     0      0
-3.12857     0      0
-3.11429     0      0
-3.1     0      0
-3.08571     0      0
-3.07143     0      0
-3.05714     0      0
-3.04286     0      0
-3.02857     0      0
-3.01429     0      0
-3     0      0
-2.98571     0      0
-2.97143     0      0
-2.95714     0      0
-2.94286     0      0
-2.92857     0      0
-2.91429     0      0
-2.9     0      0
-2.88571     0      0
-2.87143     0      0
-2.85714     0      0
-2.84286     0      0
-2.82857     0      0
-2.81429     0      0
-2.8     0      0
-2.78571     0      0
-2.77143     0      0
-2.75714     0      0
-2.74286     0      0
-2.72857     0      0
-2.71429     0      0
-2.7     0      0
-2.68571     0      0
-2.67143     0      0
-2.65714     0      0
-2.64286     0      0
-2.62857     0      0
-2.61429     0      0
-2.6     0      0
-2.58571     0      0
-2.57143     0      0
-2.55714     0      0
-2.54286     0      0
-2.52857     0      0
-2.51429     0      0
-2.5     0      0
-2.48571     0      0
-2.47143     0      0
-2.45714     0      0
-2.44286     0      0
-2.42857     0      0
-2.41429     0      0
-2.4     0      0
-2.38571     0      0
-2.37143     0      0
-2.35714     0      0
-2.34286     0      0
-2.32857     0      0
-2.31429     0      0
-2.3     0      0
-2.28571     0      0
-2.27143     0      0
-2.25714     0      0
-2.24286     0      0
-2.22857     0      0
-2.21429     0      0
-2.2     0      0
-2.18571     0      0
-2.17143     0      0
-2.15714     0      0
-2.14286     0      0
-2.12857     0      0
-2.11429     0      0
-2.1     0      0
-2.08571     0      0
-2.07143     0      0
-2.05714     0      0
-2.04286     0      0
-2.02857     0      0
-2.01429     0      0
-2     0      0
-1.98571     0      0
-1.97143     0      0
-1.95714     0      0
-1.94286     0      0
-1.92857     0      0
-1.91429     0      0
-1.9     0      0
-1.88571     0      0
-1.87143     0      0
-1.85714     0      0
-1.84286     0      0
-1.82857     0      0
-1.81429     0.0032505      0
-1.8     0.00519      0
-1.78571     0.005212      0
-1.77143     0.005212      0
-1.75714     0.005262      0
-1.74286     0.00526      0
-1.72857     0.005292      0
-1.71429     0.005314      0
-1.7     0.00533      0
-1.68571     0.005342      0
-1.67143     0.00535      0
-1.65714     0.00538      0
-1.64286     0.005428      0
-1.62857     0.005408      0
-1.61429     0.005458      0
-1.6     0.005468      0
-1.58571     0.005506      0
-1.57143     0.005514      0
-1.55714     0.005528      0
-1.54286     0.005564      0
-1.52857     0.005578      0
-1.51429     0.005608      0
-1.5     0.005618      0
-1.48571     0.005642      0
-1.47143     0.005666      0
-1.45714     0.005724      0
-1.44286     0.005692      0
-1.42857     0.005794      0
-1.41429     0.005776      0
-1.4     0.00578      0
-1.38571     0.005808      0
-1.37143     0.005864      0
-1.35714     0.005856      0
-1.34286     0.005922      0
-1.32857     0.005894      0
-1.31429     0.005962      0
-1.3     0.005988      0
-1.28571     0.005982      0
-1.27143     0.006062      0
-1.25714     0.006058      0
-1.24286     0.006122      0
-1.22857     0.006154      0
-1.21429     0.006112      0
-1.2     0.0062      0
-1.18571     0.006232      0
-1.17143     0.006276      0
-1.15714     0.006278      0
-1.14286     0.006306      0
-1.12857     0.00634      0
-1.11429     0.006406      0
-1.1     0.006412      0
-1.08571     0.006432      0
-1.07143     0.006468      0
-1.05714     0.006542      0
-1.04286     0.00658      0
-1.02857     0.006592      0
-1.01429     0.006628      0
-1     0.006652      0
-0.985714     0.006762      0
-0.971429     0.006744      0
-0.957143     0.00677      0
-0.942857     0.00688      0
-0.928571     0.006844      0
-0.914286     0.006896      0
-0.9     0.00701      0
-0.885714     0.006998      0
-0.871429     0.00706      0
-0.857143     0.007056      0
-0.842857     0.007172      0
-0.828571     0.007192      0
-0.814286     0.007296      0
-0.8     0.007264      0
-0.785714     0.007286      0
-0.771429     0.00749      0
-0.757143     0.007444      0
-0.742857     0.007486      0
-0.728571     0.007614      0
-0.714286     0.007648      0
-0.7     0.007652      0
-0.685714     0.007776      0
-0.671429     0.00777      0
-0.657143     0.00791      0
-0.642857     0.007944      0
-0.628571     0.00804      0
-0.614286     0.008098      0
-0.6     0.00811      0
-0.585714     0.008286      0
-0.571429     0.008296      0
-0.557143     0.00838      0
-0.542857     0.008496      0
-0.528571     0.008578      0
-0.514286     0.00866      0
-0.5     0.008718      0
-0.485714     0.008872      0
-0.471429     0.008908      0
-0.457143     0.009096      0
-0.442857     0.00915      0
-0.428571     0.009262      0
-0.414286     0.0094      0
-0.4     0.00956      0
-0.385714     0.009686      0
-0.371429     0.009812      0
-0.357143     0.009974      0
-0.342857     0.010112      0
-0.328571     0.010226      0
-0.314286     0.010536      0
-0.3     0.010738      0
-0.285714     0.01096      0
-0.271429     0.011176      0
-0.257143     0.011362      0
-0.242857     0.011818      0
-0.228571     0.012166      0
-0.214286     0.012624      0
-0.2     0.013168      0
-0.185714     0.013862      0
-0.171429     0.014594      0
-0.157143     0.016136      0
-0.142857     0.018882      0
-0.128571     0.0362545      0
-0.114286     0.019864      0
-0.1     0.013624      0
-0.0857143     0.01083      0
-0.0714286     0.009152      0
-0.0571429     0.007932      0
-0.0428571     0.006928      0
-0.0285714     0.006102      0
-0.0142857     0.005333      0
0     0      0
0.0142857     0      0.0069785
0.0285714     0      0.01658
0.0428571     0      0.013306
0.0571429     0      0.01229
0.0714286     0      0.011952
0.0857143     0      0.011946
0.1     0      0.012214
0.114286     0      0.01282
0.128571     0      0.014476
0.142857     0      0.015699
0.157143     0      0.012964
0.171429     0      0.012086
0.185714     0      0.011488
0.2     0      0.01106
0.214286     0      0.010684
0.228571     0      0.010428
0.242857     0      0.010144
0.257143     0      0.009914
0.271429     0      0.009736
0.285714     0      0.00957
0.3     0      0.009372
0.314286     0      0.009194
0.328571     0      0.009118
0.342857     0      0.008926
0.357143     0      0.0088
0.371429     0      0.008656
0.385714     0      0.008602
0.4     0      0.008438
0.414286     0      0.008384
0.428571     0      0.008278
0.442857     0      0.008146
0.457143     0      0.008052
0.471429     0      0.007962
0.485714     0      0.007886
0.5     0      0.007872
0.514286     0      0.007716
0.528571     0      0.007646
0.542857     0      0.007586
0.557143     0      0.007522
0.571429     0      0.00743
0.585714     0      0.007364
0.6     0      0.007316
0.614286     0      0.007228
0.628571     0      0.007174
0.642857     0      0.007118
0.657143     0      0.007058
0.671429     0      0.00698
0.685714     0      0.00697
0.7     0      0.006854
0.714286     0      0.006828
0.728571     0      0.006764
0.742857     0      0.006772
0.757143     0      0.006648
0.771429     0      0.006616
0.785714     0      0.006582
0.8     0      0.006548
0.814286     0      0.006476
0.828571     0      0.006392
0.842857     0      0.006396
0.857143     0      0.006362
0.871429     0      0.006316
0.885714     0      0.00622
0.9     0      0.006248
0.914286     0      0.006184
0.928571     0      0.006142
0.942857     0      0.006044
0.957143     0      0.006076
0.971429     0      0.00601
0.985714     0      0.00596
1     0      0.005974
1.01429     0      0.005908
1.02857     0      0.00586
1.04286     0      0.005834
1.05714     0      0.005832
1.07143     0      0.005744
1.08571     0      0.005752
1.1     0      0.005686
1.11429     0      0.00564
1.12857     0      0.005658
1.14286     0      0.005576
1.15714     0      0.005594
1.17143     0      0.00552
1.18571     0      0.00553
1.2     0      0.005468
1.21429     0      0.005478
1.22857     0      0.005418
1.24286     0      0.005402
1.25714     0      0.005362
1.27143     0      0.005312
1.28571     0      0.00531
1.3     0      0.005282
1.31429     0      0.005244
1.32857     0      0.005272
1.34286     0      0.005178
1.35714     0      0.00516
1.37143     0      0.005154
1.38571     0      0.005126
1.4     0      0.005108
1.41429     0      0.00504
1.42857     0      0.005066
1.44286     0      0.005084
1.45714     0      0.00495
1.47143     0      0.004978
1.48571     0      0.004996
1.5     0      0.004892
1.51429     0      0.004914
1.52857     0      0.004872
1.54286     0      0.004886
1.55714     0      0.004832
1.57143     0      0.004822
1.58571     0      0.00478
1.6     0      0.004808
1.61429     0      0.004748
1.62857     0      0.004732
1.64286     0      0.004724
1.65714     0      0.00472
1.67143     0      0.004634
1.68571     0      0.004638
1.7     0      0.004672
1.71429     0      0.004592
1.72857     0      0.004594
1.74286     0      0.0046
1.75714     0      0.00455
1.77143     0      0.004534
1.78571     0      0.004518
1.8     0      0.004526
1.81429     0      0.004482
1.82857     0      0.00445
1.84286     0      0.00444
1.85714     0      0.004436
1.87143     0      0.004432
1.88571     0      0.004412
1.9     0      0.004348
1.91429     0      0.004362
1.92857     0      0.004336
1.94286     0      0.004334
1.95714     0      0.004306
1.97143     0      0.004284
1.98571     0      0.004284
2     0      0.004262
2.01429     0      0.004236
2.02857     0      0.004232
2.04286     0      0.004226
2.05714     0      0.004184
2.07143     0      0.004204
2.08571     0      0.004144
2.1     0      0.004148
2.11429     0      0.00415
2.12857     0      0.004114
2.14286     0      0.004106
2.15714     0      0.004102
2.17143     0      0.00408
2.18571     0      0.0022545
2.2     0      5.85156e-24
2.21429     0      0
2.22857     0      0
2.24286     0      0
2.25714     0      0
2.27143     0      0
2.28571     0      0
2.3     0      0
2.31429     0      0
2.32857     0      0
2.34286     0      0
2.35714     0      0
2.37143     0      0
2.38571     0      0
2.4     0      0
2.41429     0      0
2.42857     0      0
2.44286     0      0
2.45714     0      0
2.47143     0      0
2.48571     0      0
2.5     0      0
2.51429     0      0
2.52857     0      0
2.54286     0      0
2.55714     0      0
2.57143     0      0
2.58571     0      0
2.6     0      0
2.61429     0      0
2.62857     0      0
2.64286     0      0
2.65714     0      0
2.67143     0      0
2.68571     0      0
2.7     0      0
2.71429     0      0
2.72857     0      0
2.74286     0      0
2.75714     0      0
2.77143     0      0
2.78571     0      0
2.8     0      0
2.81429     0      0
2.82857     0      0
2.84286     0      0
2.85714     0      0
2.87143     0      0
2.88571     0      0
2.9     0      0
2.91429     0      0
2.92857     0      0
2.94286     0      0
2.95714     0      0
2.97143     0      0
2.98571     0      0
3     0      0
3.01429     0      0
3.02857     0      0
3.04286     0      0
3.05714     0      0
3.07143     0      0
3.08571     0      0
3.1     0      0
3.11429     0      0
3.12857     0      0
3.14286     0      0
3.15714     0      0
3.17143     0      0
3.18571     0      0
3.2     0      0
3.21429     0      0
3.22857     0      0
3.24286     0      0
3.25714     0      0
3.27143     0      0
3.28571     0      0
3.3     0      0
3.31429     0      0
3.32857     0      0
3.34286     0      0
3.35714     0      0
3.37143     0      0
3.38571     0      0
3.4     0      0
3.41429     0      0
3.42857     0      0
3.44286     0      0
3.45714     0      0
3.47143     0      0
3.48571     0      0
3.5     0      0
3.51429     0      0
3.52857     0      0
3.54286     0      0
3.55714     0      0
3.57143     0      0
3.58571     0      0
3.6     0      0
3.61429     0      0
3.62857     0      0
3.64286     0      0
3.65714     0      0
3.67143     0      0
3.68571     0      0
3.7     0      0
3.71429     0      0
3.72857     0      0
3.74286     0      0
3.75714     0      0
3.77143     0      0
3.78571     0      0
3.8     0      0
3.81429     0      0
3.82857     0      0
3.84286     0      0
3.85714     0      0
3.87143     0      0
3.88571     0      0
3.9     0      0
3.91429     0      0
3.92857     0      0
3.94286     0      0
3.95714     0      0
3.97143     0      0
3.98571     0      0
4     0      0
4.01429     0      0
4.02857     0      0
4.04286     0      0
4.05714     0      0
4.07143     0      0
4.08571     0      0
4.1     0      0
4.11429     0      0
4.12857     0      0
4.14286     0      0
4.15714     0      0
4.17143     0      0
4.18571     0      0
4.2     0      0
4.21429     0      0
4.22857     0      0
4.24286     0      0
4.25714     0      0
4.27143     0      0
4.28571     0      0
4.3     0      0
4.31429     0      0
4.32857     0      0
4.34286     0      0
4.35714     0      0
4.37143     0      0
4.38571     0      0
4.4     0      0
4.41429     0      0
4.42857     0      0
4.44286     0      0
4.45714     0      0
4.47143     0      0
4.48571     0      0
4.5     0      0
4.51429     0      0
4.52857     0      0
4.54286     0      0
4.55714     0      0
4.57143     0      0
4.58571     0      0
4.6     0      0
4.61429     0      0
4.62857     0      0
4.64286     0      0
4.65714     0      0
4.67143     0      0
4.68571     0      0
4.7     0      0
4.71429     0      0
4.72857     0      0
4.74286     0      0
4.75714     0      0
4.77143     0      0
4.78571     0      0
4.8     0      0
4.81429     0      0
4.82857     0      0
4.84286     0      0
4.85714     0      0
4.87143     0      0
4.88571     0      0
4.9     0      0
4.91429     0      0
4.92857     0      0
4.94286     0      0
4.95714     0      0
4.97143     0      0
4.98571     0      0
