# U,mu,nA_up, nA_dn, nB_up, nB_dn, ms, mf, ntotal,mu,cint
#energy    dos_upn   dos_upp   dos_dnn  dos_dnp GRID=1000 bin=700
-5     0      0
-4.98571     0      0
-4.97143     0      0
-4.95714     0      0
-4.94286     0      0
-4.92857     0      0
-4.91429     0      0
-4.9     0      0
-4.88571     0      0
-4.87143     0      0
-4.85714     0      0
-4.84286     0      0
-4.82857     0      0
-4.81429     0      0
-4.8     0      0
-4.78571     0      0
-4.77143     0      0
-4.75714     0      0
-4.74286     0      0
-4.72857     0      0
-4.71429     0      0
-4.7     0      0
-4.68571     0      0
-4.67143     0      0
-4.65714     0      0
-4.64286     0      0
-4.62857     0      0
-4.61429     0      0
-4.6     0      0
-4.58571     0      0
-4.57143     0      0
-4.55714     0      0
-4.54286     0      0
-4.52857     0      0
-4.51429     0      0
-4.5     0      0
-4.48571     0      0
-4.47143     0      0
-4.45714     0      0
-4.44286     0      0
-4.42857     0      0
-4.41429     0      0
-4.4     0      0
-4.38571     0      0
-4.37143     0      0
-4.35714     0      0
-4.34286     0      0
-4.32857     0      0
-4.31429     0      0
-4.3     0      0
-4.28571     0      0
-4.27143     0      0
-4.25714     0      0
-4.24286     0      0
-4.22857     0      0
-4.21429     0      0
-4.2     0      0
-4.18571     0      0
-4.17143     0      0
-4.15714     0      0
-4.14286     0      0
-4.12857     0      0
-4.11429     0      0
-4.1     0      0
-4.08571     0      0
-4.07143     0      0
-4.05714     0      0
-4.04286     0      0
-4.02857     0      0
-4.01429     0      0
-4     0      0
-3.98571     0      0
-3.97143     0      0
-3.95714     0      0
-3.94286     0      0
-3.92857     0      0
-3.91429     0      0
-3.9     0      0
-3.88571     0      0
-3.87143     0      0
-3.85714     0      0
-3.84286     0      0
-3.82857     0      0
-3.81429     0      0
-3.8     0      0
-3.78571     0      0
-3.77143     0      0
-3.75714     0      0
-3.74286     0      0
-3.72857     0      0
-3.71429     0      0
-3.7     0      0
-3.68571     0      0
-3.67143     0      0
-3.65714     0      0
-3.64286     0      0
-3.62857     0      0
-3.61429     0      0
-3.6     0      0
-3.58571     0      0
-3.57143     0      0
-3.55714     0      0
-3.54286     0      0
-3.52857     0      0
-3.51429     0      0
-3.5     0      0
-3.48571     0      0
-3.47143     0      0
-3.45714     0      0
-3.44286     0      0
-3.42857     0      0
-3.41429     0      0
-3.4     0      0
-3.38571     0      0
-3.37143     0      0
-3.35714     0      0
-3.34286     0      0
-3.32857     0      0
-3.31429     0      0
-3.3     0      0
-3.28571     0      0
-3.27143     0      0
-3.25714     0      0
-3.24286     0      0
-3.22857     0      0
-3.21429     0      0
-3.2     0      0
-3.18571     0      0
-3.17143     0      0
-3.15714     0      0
-3.14286     0      0
-3.12857     0      0
-3.11429     0      0
-3.1     0      0
-3.08571     0      0
-3.07143     0      0
-3.05714     0      0
-3.04286     0      0
-3.02857     0      0
-3.01429     0      0
-3     0      0
-2.98571     0      0
-2.97143     0      0
-2.95714     0      0
-2.94286     0      0
-2.92857     0      0
-2.91429     0      0
-2.9     0      0
-2.88571     0      0
-2.87143     0      0
-2.85714     0      0
-2.84286     0      0
-2.82857     0      0
-2.81429     0      0
-2.8     0      0
-2.78571     0      0
-2.77143     0      0
-2.75714     0      0
-2.74286     0      0
-2.72857     0      0
-2.71429     0      0
-2.7     0      0
-2.68571     0      0
-2.67143     0      0
-2.65714     0      0
-2.64286     0      0
-2.62857     0      0
-2.61429     0      0
-2.6     0      0
-2.58571     0      0
-2.57143     0      0
-2.55714     0      0
-2.54286     0      0
-2.52857     0      0
-2.51429     0      0
-2.5     0      0
-2.48571     0      0
-2.47143     0      0
-2.45714     0      0
-2.44286     0      0
-2.42857     0      0
-2.41429     0      0
-2.4     0      0
-2.38571     0      0
-2.37143     0      0
-2.35714     0      0
-2.34286     0      0
-2.32857     0      0
-2.31429     0      0
-2.3     0      0
-2.28571     0      0
-2.27143     0      0
-2.25714     0      0
-2.24286     0      0
-2.22857     0      0
-2.21429     0      0
-2.2     0      0
-2.18571     0      0
-2.17143     0      0
-2.15714     0      0
-2.14286     0      0
-2.12857     0      0
-2.11429     0      0
-2.1     0      0
-2.08571     0      0
-2.07143     0      0
-2.05714     0      0
-2.04286     0      0
-2.02857     0      0
-2.01429     0      0
-2     0      0
-1.98571     0      0
-1.97143     0      0
-1.95714     0      0
-1.94286     0      0
-1.92857     0      0
-1.91429     0      0
-1.9     0      0
-1.88571     0      0
-1.87143     0      0
-1.85714     0      0
-1.84286     0      0
-1.82857     0      0
-1.81429     0.0016025      0
-1.8     0.005172      0
-1.78571     0.00523      0
-1.77143     0.005202      0
-1.75714     0.005252      0
-1.74286     0.005274      0
-1.72857     0.00527      0
-1.71429     0.005298      0
-1.7     0.005332      0
-1.68571     0.005346      0
-1.67143     0.005334      0
-1.65714     0.005414      0
-1.64286     0.005372      0
-1.62857     0.005444      0
-1.61429     0.005424      0
-1.6     0.005474      0
-1.58571     0.005466      0
-1.57143     0.005522      0
-1.55714     0.005536      0
-1.54286     0.00556      0
-1.52857     0.005564      0
-1.51429     0.005574      0
-1.5     0.005622      0
-1.48571     0.005658      0
-1.47143     0.005676      0
-1.45714     0.005692      0
-1.44286     0.005662      0
-1.42857     0.005796      0
-1.41429     0.005784      0
-1.4     0.00576      0
-1.38571     0.005804      0
-1.37143     0.005864      0
-1.35714     0.005842      0
-1.34286     0.005916      0
-1.32857     0.005928      0
-1.31429     0.00592      0
-1.3     0.005996      0
-1.28571     0.005986      0
-1.27143     0.006022      0
-1.25714     0.006102      0
-1.24286     0.006054      0
-1.22857     0.00615      0
-1.21429     0.006128      0
-1.2     0.006216      0
-1.18571     0.006156      0
-1.17143     0.006274      0
-1.15714     0.00628      0
-1.14286     0.00631      0
-1.12857     0.006358      0
-1.11429     0.006368      0
-1.1     0.006404      0
-1.08571     0.006396      0
-1.07143     0.006534      0
-1.05714     0.006508      0
-1.04286     0.00654      0
-1.02857     0.006552      0
-1.01429     0.006662      0
-1     0.006668      0
-0.985714     0.006712      0
-0.971429     0.00676      0
-0.957143     0.006744      0
-0.942857     0.006844      0
-0.928571     0.00688      0
-0.914286     0.006896      0
-0.9     0.006948      0
-0.885714     0.00702      0
-0.871429     0.007      0
-0.857143     0.007136      0
-0.842857     0.007116      0
-0.828571     0.007204      0
-0.814286     0.007206      0
-0.8     0.007278      0
-0.785714     0.00736      0
-0.771429     0.00741      0
-0.757143     0.0074      0
-0.742857     0.007538      0
-0.728571     0.007554      0
-0.714286     0.00761      0
-0.7     0.00769      0
-0.685714     0.007752      0
-0.671429     0.007814      0
-0.657143     0.00785      0
-0.642857     0.00793      0
-0.628571     0.008006      0
-0.614286     0.008038      0
-0.6     0.008148      0
-0.585714     0.008236      0
-0.571429     0.00832      0
-0.557143     0.008386      0
-0.542857     0.008458      0
-0.528571     0.008512      0
-0.514286     0.008638      0
-0.5     0.008728      0
-0.485714     0.008864      0
-0.471429     0.00895      0
-0.457143     0.00904      0
-0.442857     0.009166      0
-0.428571     0.009266      0
-0.414286     0.009382      0
-0.4     0.009522      0
-0.385714     0.009688      0
-0.371429     0.009766      0
-0.357143     0.009914      0
-0.342857     0.010112      0
-0.328571     0.010332      0
-0.314286     0.010504      0
-0.3     0.010696      0
-0.285714     0.010902      0
-0.271429     0.011082      0
-0.257143     0.011494      0
-0.242857     0.01182      0
-0.228571     0.012184      0
-0.214286     0.012622      0
-0.2     0.01315      0
-0.185714     0.013916      0
-0.171429     0.01456      0
-0.157143     0.016292      0
-0.142857     0.019068      0
-0.128571     0.0368485      0
-0.114286     0.020274      0
-0.1     0.013884      0
-0.0857143     0.011052      0
-0.0714286     0.009342      0
-0.0571429     0.008108      0
-0.0428571     0.007134      0
-0.0285714     0.006236      0
-0.0142857     0.005457      0
0     0      0
0.0142857     0      0
0.0285714     0      0.0135205
0.0428571     0      0.015186
0.0571429     0      0.013046
0.0714286     0      0.012332
0.0857143     0      0.012092
0.1     0      0.012138
0.114286     0      0.012588
0.128571     0      0.013338
0.142857     0      0.016061
0.157143     0      0.014394
0.171429     0      0.012746
0.185714     0      0.01193
0.2     0      0.011382
0.214286     0      0.010918
0.228571     0      0.010632
0.242857     0      0.010344
0.257143     0      0.01012
0.271429     0      0.009872
0.285714     0      0.009682
0.3     0      0.009494
0.314286     0      0.009272
0.328571     0      0.009182
0.342857     0      0.00903
0.357143     0      0.0089
0.371429     0      0.008724
0.385714     0      0.008654
0.4     0      0.008562
0.414286     0      0.008372
0.428571     0      0.00838
0.442857     0      0.008184
0.457143     0      0.0081
0.471429     0      0.008054
0.485714     0      0.00789
0.5     0      0.007908
0.514286     0      0.00777
0.528571     0      0.007696
0.542857     0      0.007612
0.557143     0      0.007538
0.571429     0      0.00746
0.585714     0      0.007446
0.6     0      0.00729
0.614286     0      0.007302
0.628571     0      0.007176
0.642857     0      0.007172
0.657143     0      0.007104
0.671429     0      0.006992
0.685714     0      0.006976
0.7     0      0.006904
0.714286     0      0.006852
0.728571     0      0.0068
0.742857     0      0.006764
0.757143     0      0.006652
0.771429     0      0.006672
0.785714     0      0.0066
0.8     0      0.006524
0.814286     0      0.006514
0.828571     0      0.006492
0.842857     0      0.006394
0.857143     0      0.00635
0.871429     0      0.006328
0.885714     0      0.006268
0.9     0      0.006206
0.914286     0      0.006216
0.928571     0      0.006158
0.942857     0      0.006104
0.957143     0      0.006088
0.971429     0      0.006036
0.985714     0      0.005992
1     0      0.005966
1.01429     0      0.005916
1.02857     0      0.005886
1.04286     0      0.00584
1.05714     0      0.00582
1.07143     0      0.00575
1.08571     0      0.005756
1.1     0      0.005714
1.11429     0      0.005672
1.12857     0      0.005654
1.14286     0      0.005632
1.15714     0      0.005608
1.17143     0      0.00552
1.18571     0      0.00557
1.2     0      0.00545
1.21429     0      0.005476
1.22857     0      0.005418
1.24286     0      0.005384
1.25714     0      0.00541
1.27143     0      0.00534
1.28571     0      0.005344
1.3     0      0.005286
1.31429     0      0.005232
1.32857     0      0.005226
1.34286     0      0.005218
1.35714     0      0.0052
1.37143     0      0.00516
1.38571     0      0.005134
1.4     0      0.005098
1.41429     0      0.005084
1.42857     0      0.005064
1.44286     0      0.005046
1.45714     0      0.005002
1.47143     0      0.004996
1.48571     0      0.004958
1.5     0      0.004968
1.51429     0      0.004872
1.52857     0      0.004914
1.54286     0      0.004868
1.55714     0      0.00483
1.57143     0      0.00486
1.58571     0      0.004822
1.6     0      0.00476
1.61429     0      0.004788
1.62857     0      0.004732
1.64286     0      0.004708
1.65714     0      0.004704
1.67143     0      0.0047
1.68571     0      0.004666
1.7     0      0.004626
1.71429     0      0.004636
1.72857     0      0.004614
1.74286     0      0.00459
1.75714     0      0.004554
1.77143     0      0.004536
1.78571     0      0.004514
1.8     0      0.004534
1.81429     0      0.004474
1.82857     0      0.004474
1.84286     0      0.004452
1.85714     0      0.00444
1.87143     0      0.00444
1.88571     0      0.004386
1.9     0      0.004378
1.91429     0      0.004368
1.92857     0      0.004328
1.94286     0      0.004346
1.95714     0      0.004306
1.97143     0      0.004308
1.98571     0      0.0043
2     0      0.004256
2.01429     0      0.004234
2.02857     0      0.00426
2.04286     0      0.004216
2.05714     0      0.004204
2.07143     0      0.00417
2.08571     0      0.004182
2.1     0      0.004146
2.11429     0      0.004154
2.12857     0      0.004122
2.14286     0      0.004128
2.15714     0      0.004096
2.17143     0      0.004078
2.18571     0      0.0036525
2.2     0      9.3625e-11
2.21429     0      0
2.22857     0      0
2.24286     0      0
2.25714     0      0
2.27143     0      0
2.28571     0      0
2.3     0      0
2.31429     0      0
2.32857     0      0
2.34286     0      0
2.35714     0      0
2.37143     0      0
2.38571     0      0
2.4     0      0
2.41429     0      0
2.42857     0      0
2.44286     0      0
2.45714     0      0
2.47143     0      0
2.48571     0      0
2.5     0      0
2.51429     0      0
2.52857     0      0
2.54286     0      0
2.55714     0      0
2.57143     0      0
2.58571     0      0
2.6     0      0
2.61429     0      0
2.62857     0      0
2.64286     0      0
2.65714     0      0
2.67143     0      0
2.68571     0      0
2.7     0      0
2.71429     0      0
2.72857     0      0
2.74286     0      0
2.75714     0      0
2.77143     0      0
2.78571     0      0
2.8     0      0
2.81429     0      0
2.82857     0      0
2.84286     0      0
2.85714     0      0
2.87143     0      0
2.88571     0      0
2.9     0      0
2.91429     0      0
2.92857     0      0
2.94286     0      0
2.95714     0      0
2.97143     0      0
2.98571     0      0
3     0      0
3.01429     0      0
3.02857     0      0
3.04286     0      0
3.05714     0      0
3.07143     0      0
3.08571     0      0
3.1     0      0
3.11429     0      0
3.12857     0      0
3.14286     0      0
3.15714     0      0
3.17143     0      0
3.18571     0      0
3.2     0      0
3.21429     0      0
3.22857     0      0
3.24286     0      0
3.25714     0      0
3.27143     0      0
3.28571     0      0
3.3     0      0
3.31429     0      0
3.32857     0      0
3.34286     0      0
3.35714     0      0
3.37143     0      0
3.38571     0      0
3.4     0      0
3.41429     0      0
3.42857     0      0
3.44286     0      0
3.45714     0      0
3.47143     0      0
3.48571     0      0
3.5     0      0
3.51429     0      0
3.52857     0      0
3.54286     0      0
3.55714     0      0
3.57143     0      0
3.58571     0      0
3.6     0      0
3.61429     0      0
3.62857     0      0
3.64286     0      0
3.65714     0      0
3.67143     0      0
3.68571     0      0
3.7     0      0
3.71429     0      0
3.72857     0      0
3.74286     0      0
3.75714     0      0
3.77143     0      0
3.78571     0      0
3.8     0      0
3.81429     0      0
3.82857     0      0
3.84286     0      0
3.85714     0      0
3.87143     0      0
3.88571     0      0
3.9     0      0
3.91429     0      0
3.92857     0      0
3.94286     0      0
3.95714     0      0
3.97143     0      0
3.98571     0      0
4     0      0
4.01429     0      0
4.02857     0      0
4.04286     0      0
4.05714     0      0
4.07143     0      0
4.08571     0      0
4.1     0      0
4.11429     0      0
4.12857     0      0
4.14286     0      0
4.15714     0      0
4.17143     0      0
4.18571     0      0
4.2     0      0
4.21429     0      0
4.22857     0      0
4.24286     0      0
4.25714     0      0
4.27143     0      0
4.28571     0      0
4.3     0      0
4.31429     0      0
4.32857     0      0
4.34286     0      0
4.35714     0      0
4.37143     0      0
4.38571     0      0
4.4     0      0
4.41429     0      0
4.42857     0      0
4.44286     0      0
4.45714     0      0
4.47143     0      0
4.48571     0      0
4.5     0      0
4.51429     0      0
4.52857     0      0
4.54286     0      0
4.55714     0      0
4.57143     0      0
4.58571     0      0
4.6     0      0
4.61429     0      0
4.62857     0      0
4.64286     0      0
4.65714     0      0
4.67143     0      0
4.68571     0      0
4.7     0      0
4.71429     0      0
4.72857     0      0
4.74286     0      0
4.75714     0      0
4.77143     0      0
4.78571     0      0
4.8     0      0
4.81429     0      0
4.82857     0      0
4.84286     0      0
4.85714     0      0
4.87143     0      0
4.88571     0      0
4.9     0      0
4.91429     0      0
4.92857     0      0
4.94286     0      0
4.95714     0      0
4.97143     0      0
4.98571     0      0
