# U,mu,nA_up, nA_dn, nB_up, nB_dn, ms, mf, ntotal,mu,cint
#energy    dos_upn   dos_upp   dos_dnn  dos_dnp GRID=1000 bin=700
-5     0      0
-4.98571     0      0
-4.97143     0      0
-4.95714     0      0
-4.94286     0      0
-4.92857     0      0
-4.91429     0      0
-4.9     0      0
-4.88571     0      0
-4.87143     0      0
-4.85714     0      0
-4.84286     0      0
-4.82857     0      0
-4.81429     0      0
-4.8     0      0
-4.78571     0      0
-4.77143     0      0
-4.75714     0      0
-4.74286     0      0
-4.72857     0      0
-4.71429     0      0
-4.7     0      0
-4.68571     0      0
-4.67143     0      0
-4.65714     0      0
-4.64286     0      0
-4.62857     0      0
-4.61429     0      0
-4.6     0      0
-4.58571     0      0
-4.57143     0      0
-4.55714     0      0
-4.54286     0      0
-4.52857     0      0
-4.51429     0      0
-4.5     0      0
-4.48571     0      0
-4.47143     0      0
-4.45714     0      0
-4.44286     0      0
-4.42857     0      0
-4.41429     0      0
-4.4     0      0
-4.38571     0      0
-4.37143     0      0
-4.35714     0      0
-4.34286     0      0
-4.32857     0      0
-4.31429     0      0
-4.3     0      0
-4.28571     0      0
-4.27143     0      0
-4.25714     0      0
-4.24286     0      0
-4.22857     0      0
-4.21429     0      0
-4.2     0      0
-4.18571     0      0
-4.17143     0      0
-4.15714     0      0
-4.14286     0      0
-4.12857     0      0
-4.11429     0      0
-4.1     0      0
-4.08571     0      0
-4.07143     0      0
-4.05714     0      0
-4.04286     0      0
-4.02857     0      0
-4.01429     0      0
-4     0      0
-3.98571     0      0
-3.97143     0      0
-3.95714     0      0
-3.94286     0      0
-3.92857     0      0
-3.91429     0      0
-3.9     0      0
-3.88571     0      0
-3.87143     0      0
-3.85714     0      0
-3.84286     0      0
-3.82857     0      0
-3.81429     0      0
-3.8     0      0
-3.78571     0      0
-3.77143     0      0
-3.75714     0      0
-3.74286     0      0
-3.72857     0      0
-3.71429     0      0
-3.7     0      0
-3.68571     0      0
-3.67143     0      0
-3.65714     0      0
-3.64286     0      0
-3.62857     0      0
-3.61429     0      0
-3.6     0      0
-3.58571     0      0
-3.57143     0      0
-3.55714     0      0
-3.54286     0      0
-3.52857     0      0
-3.51429     0      0
-3.5     0      0
-3.48571     0      0
-3.47143     0      0
-3.45714     0      0
-3.44286     0      0
-3.42857     0      0
-3.41429     0      0
-3.4     0      0
-3.38571     0      0
-3.37143     0      0
-3.35714     0      0
-3.34286     0      0
-3.32857     0      0
-3.31429     0      0
-3.3     0      0
-3.28571     0      0
-3.27143     0      0
-3.25714     0      0
-3.24286     0      0
-3.22857     0      0
-3.21429     0      0
-3.2     0      0
-3.18571     0      0
-3.17143     0      0
-3.15714     0      0
-3.14286     0      0
-3.12857     0      0
-3.11429     0      0
-3.1     0      0
-3.08571     0      0
-3.07143     0      0
-3.05714     0      0
-3.04286     0      0
-3.02857     0      0
-3.01429     0      0
-3     0      0
-2.98571     0      0
-2.97143     0      0
-2.95714     0      0
-2.94286     0      0
-2.92857     0      0
-2.91429     0      0
-2.9     0      0
-2.88571     0      0
-2.87143     0      0
-2.85714     0      0
-2.84286     0      0
-2.82857     0      0
-2.81429     0      0
-2.8     0      0
-2.78571     0      0
-2.77143     0      0
-2.75714     0      0
-2.74286     0      0
-2.72857     0      0
-2.71429     0      0
-2.7     0      0
-2.68571     0      0
-2.67143     0      0
-2.65714     0      0
-2.64286     0      0
-2.62857     0      0
-2.61429     0      0
-2.6     0      0
-2.58571     0      0
-2.57143     0      0
-2.55714     0      0
-2.54286     0      0
-2.52857     0      0
-2.51429     0      0
-2.5     0      0
-2.48571     0      0
-2.47143     0      0
-2.45714     0      0
-2.44286     0      0
-2.42857     0      0
-2.41429     0      0
-2.4     0      0
-2.38571     0      0
-2.37143     0      0
-2.35714     0      0
-2.34286     0      0
-2.32857     0      0
-2.31429     0      0
-2.3     0      0
-2.28571     0      0
-2.27143     0      0
-2.25714     0      0
-2.24286     0      0
-2.22857     0      0
-2.21429     0      0
-2.2     0      0
-2.18571     0      0
-2.17143     0      0
-2.15714     0      0
-2.14286     0      0
-2.12857     0      0
-2.11429     0      0
-2.1     0      0
-2.08571     0      0
-2.07143     0      0
-2.05714     0      0
-2.04286     0      0
-2.02857     0      0
-2.01429     0      0
-2     0      0
-1.98571     0      0
-1.97143     0      0
-1.95714     0      0
-1.94286     0      0
-1.92857     0      0
-1.91429     0      0
-1.9     0      0
-1.88571     0      0
-1.87143     0      0
-1.85714     0      0
-1.84286     0      0
-1.82857     0.0003625      0
-1.81429     0.005174      0
-1.8     0.005192      0
-1.78571     0.005214      0
-1.77143     0.005256      0
-1.75714     0.005236      0
-1.74286     0.005298      0
-1.72857     0.005276      0
-1.71429     0.005318      0
-1.7     0.005326      0
-1.68571     0.005362      0
-1.67143     0.00537      0
-1.65714     0.005398      0
-1.64286     0.005414      0
-1.62857     0.005436      0
-1.61429     0.005422      0
-1.6     0.005502      0
-1.58571     0.0055      0
-1.57143     0.005534      0
-1.55714     0.005528      0
-1.54286     0.005568      0
-1.52857     0.00559      0
-1.51429     0.005612      0
-1.5     0.0056      0
-1.48571     0.005688      0
-1.47143     0.00567      0
-1.45714     0.005712      0
-1.44286     0.00572      0
-1.42857     0.005736      0
-1.41429     0.00577      0
-1.4     0.00584      0
-1.38571     0.005848      0
-1.37143     0.005808      0
-1.35714     0.00592      0
-1.34286     0.005908      0
-1.32857     0.005934      0
-1.31429     0.005948      0
-1.3     0.005976      0
-1.28571     0.00604      0
-1.27143     0.006044      0
-1.25714     0.006088      0
-1.24286     0.0061      0
-1.22857     0.00616      0
-1.21429     0.006128      0
-1.2     0.006226      0
-1.18571     0.006216      0
-1.17143     0.006252      0
-1.15714     0.006304      0
-1.14286     0.006324      0
-1.12857     0.006348      0
-1.11429     0.006406      0
-1.1     0.006432      0
-1.08571     0.00646      0
-1.07143     0.006464      0
-1.05714     0.006582      0
-1.04286     0.00654      0
-1.02857     0.006632      0
-1.01429     0.006608      0
-1     0.006684      0
-0.985714     0.006718      0
-0.971429     0.006776      0
-0.957143     0.006816      0
-0.942857     0.00683      0
-0.928571     0.006884      0
-0.914286     0.006918      0
-0.9     0.006992      0
-0.885714     0.007028      0
-0.871429     0.007042      0
-0.857143     0.007088      0
-0.842857     0.007158      0
-0.828571     0.007214      0
-0.814286     0.007296      0
-0.8     0.007264      0
-0.785714     0.00731      0
-0.771429     0.007482      0
-0.757143     0.007444      0
-0.742857     0.007486      0
-0.728571     0.007598      0
-0.714286     0.007672      0
-0.7     0.007666      0
-0.685714     0.00777      0
-0.671429     0.007786      0
-0.657143     0.007894      0
-0.642857     0.007938      0
-0.628571     0.00805      0
-0.614286     0.008062      0
-0.6     0.008202      0
-0.585714     0.008234      0
-0.571429     0.008308      0
-0.557143     0.00834      0
-0.542857     0.0085      0
-0.528571     0.00859      0
-0.514286     0.008636      0
-0.5     0.008704      0
-0.485714     0.008814      0
-0.471429     0.008936      0
-0.457143     0.009072      0
-0.442857     0.009136      0
-0.428571     0.00925      0
-0.414286     0.009406      0
-0.4     0.009476      0
-0.385714     0.009568      0
-0.371429     0.009774      0
-0.357143     0.009948      0
-0.342857     0.010044      0
-0.328571     0.010252      0
-0.314286     0.010314      0
-0.3     0.01064      0
-0.285714     0.010826      0
-0.271429     0.011046      0
-0.257143     0.011194      0
-0.242857     0.01153      0
-0.228571     0.011924      0
-0.214286     0.01223      0
-0.2     0.012564      0
-0.185714     0.012908      0
-0.171429     0.014006      0
-0.157143     0.01467      0
-0.142857     0.015996      0
-0.128571     0.018802      0
-0.114286     0.0333945      0
-0.1     0.017016      0
-0.0857143     0.012038      0
-0.0714286     0.009712      0
-0.0571429     0.008204      0
-0.0428571     0.007088      0
-0.0285714     0.006058      0
-0.0142857     0.005282      0.0042085
0     0.004181      0.015982
0.0142857     0      0.01238
0.0285714     0      0.011458
0.0428571     0      0.011174
0.0571429     0      0.011218
0.0714286     0      0.011462
0.0857143     0      0.012004
0.1     0      0.013286
0.114286     0      0.014993
0.128571     0      0.01263
0.142857     0      0.011796
0.157143     0      0.011316
0.171429     0      0.010928
0.185714     0      0.010658
0.2     0      0.01037
0.214286     0      0.010146
0.228571     0      0.009872
0.242857     0      0.009742
0.257143     0      0.009588
0.271429     0      0.009392
0.285714     0      0.009248
0.3     0      0.009152
0.314286     0      0.008946
0.328571     0      0.008862
0.342857     0      0.008726
0.357143     0      0.008658
0.371429     0      0.008554
0.385714     0      0.008374
0.4     0      0.008346
0.414286     0      0.008178
0.428571     0      0.008168
0.442857     0      0.00803
0.457143     0      0.007954
0.471429     0      0.007878
0.485714     0      0.00777
0.5     0      0.007754
0.514286     0      0.007634
0.528571     0      0.007566
0.542857     0      0.00749
0.557143     0      0.007424
0.571429     0      0.007388
0.585714     0      0.007296
0.6     0      0.00723
0.614286     0      0.00714
0.628571     0      0.007148
0.642857     0      0.007064
0.657143     0      0.006948
0.671429     0      0.006988
0.685714     0      0.006864
0.7     0      0.006844
0.714286     0      0.006796
0.728571     0      0.0067
0.742857     0      0.006676
0.757143     0      0.006638
0.771429     0      0.006566
0.785714     0      0.006524
0.8     0      0.006514
0.814286     0      0.006404
0.828571     0      0.006408
0.842857     0      0.006362
0.857143     0      0.006342
0.871429     0      0.006236
0.885714     0      0.006206
0.9     0      0.006176
0.914286     0      0.006158
0.928571     0      0.00608
0.942857     0      0.00606
0.957143     0      0.00603
0.971429     0      0.006004
0.985714     0      0.005978
1     0      0.005914
1.01429     0      0.005868
1.02857     0      0.005838
1.04286     0      0.005784
1.05714     0      0.005794
1.07143     0      0.00572
1.08571     0      0.00571
1.1     0      0.005672
1.11429     0      0.005638
1.12857     0      0.005636
1.14286     0      0.00555
1.15714     0      0.005548
1.17143     0      0.005518
1.18571     0      0.005524
1.2     0      0.005436
1.21429     0      0.005448
1.22857     0      0.00539
1.24286     0      0.005374
1.25714     0      0.005316
1.27143     0      0.005334
1.28571     0      0.005302
1.3     0      0.005278
1.31429     0      0.005206
1.32857     0      0.005222
1.34286     0      0.005144
1.35714     0      0.00517
1.37143     0      0.005164
1.38571     0      0.005104
1.4     0      0.005054
1.41429     0      0.005038
1.42857     0      0.005076
1.44286     0      0.00501
1.45714     0      0.004968
1.47143     0      0.00498
1.48571     0      0.00493
1.5     0      0.004934
1.51429     0      0.0049
1.52857     0      0.004842
1.54286     0      0.004848
1.55714     0      0.004842
1.57143     0      0.004828
1.58571     0      0.004768
1.6     0      0.004758
1.61429     0      0.004732
1.62857     0      0.004748
1.64286     0      0.004672
1.65714     0      0.004672
1.67143     0      0.004676
1.68571     0      0.004648
1.7     0      0.00463
1.71429     0      0.004596
1.72857     0      0.00459
1.74286     0      0.004564
1.75714     0      0.00453
1.77143     0      0.004546
1.78571     0      0.004478
1.8     0      0.00451
1.81429     0      0.004462
1.82857     0      0.004466
1.84286     0      0.004432
1.85714     0      0.004432
1.87143     0      0.004412
1.88571     0      0.004356
1.9     0      0.004382
1.91429     0      0.004324
1.92857     0      0.004342
1.94286     0      0.00431
1.95714     0      0.004296
1.97143     0      0.004302
1.98571     0      0.00427
2     0      0.004238
2.01429     0      0.004258
2.02857     0      0.004208
2.04286     0      0.00418
2.05714     0      0.004206
2.07143     0      0.004178
2.08571     0      0.00415
2.1     0      0.00415
2.11429     0      0.004128
2.12857     0      0.004104
2.14286     0      0.004094
2.15714     0      0.004092
2.17143     0      0.004068
2.18571     0      0.0001065
2.2     0      8.71951e-110
2.21429     0      0
2.22857     0      0
2.24286     0      0
2.25714     0      0
2.27143     0      0
2.28571     0      0
2.3     0      0
2.31429     0      0
2.32857     0      0
2.34286     0      0
2.35714     0      0
2.37143     0      0
2.38571     0      0
2.4     0      0
2.41429     0      0
2.42857     0      0
2.44286     0      0
2.45714     0      0
2.47143     0      0
2.48571     0      0
2.5     0      0
2.51429     0      0
2.52857     0      0
2.54286     0      0
2.55714     0      0
2.57143     0      0
2.58571     0      0
2.6     0      0
2.61429     0      0
2.62857     0      0
2.64286     0      0
2.65714     0      0
2.67143     0      0
2.68571     0      0
2.7     0      0
2.71429     0      0
2.72857     0      0
2.74286     0      0
2.75714     0      0
2.77143     0      0
2.78571     0      0
2.8     0      0
2.81429     0      0
2.82857     0      0
2.84286     0      0
2.85714     0      0
2.87143     0      0
2.88571     0      0
2.9     0      0
2.91429     0      0
2.92857     0      0
2.94286     0      0
2.95714     0      0
2.97143     0      0
2.98571     0      0
3     0      0
3.01429     0      0
3.02857     0      0
3.04286     0      0
3.05714     0      0
3.07143     0      0
3.08571     0      0
3.1     0      0
3.11429     0      0
3.12857     0      0
3.14286     0      0
3.15714     0      0
3.17143     0      0
3.18571     0      0
3.2     0      0
3.21429     0      0
3.22857     0      0
3.24286     0      0
3.25714     0      0
3.27143     0      0
3.28571     0      0
3.3     0      0
3.31429     0      0
3.32857     0      0
3.34286     0      0
3.35714     0      0
3.37143     0      0
3.38571     0      0
3.4     0      0
3.41429     0      0
3.42857     0      0
3.44286     0      0
3.45714     0      0
3.47143     0      0
3.48571     0      0
3.5     0      0
3.51429     0      0
3.52857     0      0
3.54286     0      0
3.55714     0      0
3.57143     0      0
3.58571     0      0
3.6     0      0
3.61429     0      0
3.62857     0      0
3.64286     0      0
3.65714     0      0
3.67143     0      0
3.68571     0      0
3.7     0      0
3.71429     0      0
3.72857     0      0
3.74286     0      0
3.75714     0      0
3.77143     0      0
3.78571     0      0
3.8     0      0
3.81429     0      0
3.82857     0      0
3.84286     0      0
3.85714     0      0
3.87143     0      0
3.88571     0      0
3.9     0      0
3.91429     0      0
3.92857     0      0
3.94286     0      0
3.95714     0      0
3.97143     0      0
3.98571     0      0
4     0      0
4.01429     0      0
4.02857     0      0
4.04286     0      0
4.05714     0      0
4.07143     0      0
4.08571     0      0
4.1     0      0
4.11429     0      0
4.12857     0      0
4.14286     0      0
4.15714     0      0
4.17143     0      0
4.18571     0      0
4.2     0      0
4.21429     0      0
4.22857     0      0
4.24286     0      0
4.25714     0      0
4.27143     0      0
4.28571     0      0
4.3     0      0
4.31429     0      0
4.32857     0      0
4.34286     0      0
4.35714     0      0
4.37143     0      0
4.38571     0      0
4.4     0      0
4.41429     0      0
4.42857     0      0
4.44286     0      0
4.45714     0      0
4.47143     0      0
4.48571     0      0
4.5     0      0
4.51429     0      0
4.52857     0      0
4.54286     0      0
4.55714     0      0
4.57143     0      0
4.58571     0      0
4.6     0      0
4.61429     0      0
4.62857     0      0
4.64286     0      0
4.65714     0      0
4.67143     0      0
4.68571     0      0
4.7     0      0
4.71429     0      0
4.72857     0      0
4.74286     0      0
4.75714     0      0
4.77143     0      0
4.78571     0      0
4.8     0      0
4.81429     0      0
4.82857     0      0
4.84286     0      0
4.85714     0      0
4.87143     0      0
4.88571     0      0
4.9     0      0
4.91429     0      0
4.92857     0      0
4.94286     0      0
4.95714     0      0
4.97143     0      0
4.98571     0      0
