# U,mu,nA_up, nA_dn, nB_up, nB_dn, ms, mf, ntotal,mu,cint
#energy    dos_upn   dos_upp   dos_dnn  dos_dnp GRID=1000 bin=700
-5     0      0
-4.98571     0      0
-4.97143     0      0
-4.95714     0      0
-4.94286     0      0
-4.92857     0      0
-4.91429     0      0
-4.9     0      0
-4.88571     0      0
-4.87143     0      0
-4.85714     0      0
-4.84286     0      0
-4.82857     0      0
-4.81429     0      0
-4.8     0      0
-4.78571     0      0
-4.77143     0      0
-4.75714     0      0
-4.74286     0      0
-4.72857     0      0
-4.71429     0      0
-4.7     0      0
-4.68571     0      0
-4.67143     0      0
-4.65714     0      0
-4.64286     0      0
-4.62857     0      0
-4.61429     0      0
-4.6     0      0
-4.58571     0      0
-4.57143     0      0
-4.55714     0      0
-4.54286     0      0
-4.52857     0      0
-4.51429     0      0
-4.5     0      0
-4.48571     0      0
-4.47143     0      0
-4.45714     0      0
-4.44286     0      0
-4.42857     0      0
-4.41429     0      0
-4.4     0      0
-4.38571     0      0
-4.37143     0      0
-4.35714     0      0
-4.34286     0      0
-4.32857     0      0
-4.31429     0      0
-4.3     0      0
-4.28571     0      0
-4.27143     0      0
-4.25714     0      0
-4.24286     0      0
-4.22857     0      0
-4.21429     0      0
-4.2     0      0
-4.18571     0      0
-4.17143     0      0
-4.15714     0      0
-4.14286     0      0
-4.12857     0      0
-4.11429     0      0
-4.1     0      0
-4.08571     0      0
-4.07143     0      0
-4.05714     0      0
-4.04286     0      0
-4.02857     0      0
-4.01429     0      0
-4     0      0
-3.98571     0      0
-3.97143     0      0
-3.95714     0      0
-3.94286     0      0
-3.92857     0      0
-3.91429     0      0
-3.9     0      0
-3.88571     0      0
-3.87143     0      0
-3.85714     0      0
-3.84286     0      0
-3.82857     0      0
-3.81429     0      0
-3.8     0      0
-3.78571     0      0
-3.77143     0      0
-3.75714     0      0
-3.74286     0      0
-3.72857     0      0
-3.71429     0      0
-3.7     0      0
-3.68571     0      0
-3.67143     0      0
-3.65714     0      0
-3.64286     0      0
-3.62857     0      0
-3.61429     0      0
-3.6     0      0
-3.58571     0      0
-3.57143     0      0
-3.55714     0      0
-3.54286     0      0
-3.52857     0      0
-3.51429     0      0
-3.5     0      0
-3.48571     0      0
-3.47143     0      0
-3.45714     0      0
-3.44286     0      0
-3.42857     0      0
-3.41429     0      0
-3.4     0      0
-3.38571     0      0
-3.37143     0      0
-3.35714     0      0
-3.34286     0      0
-3.32857     0      0
-3.31429     0      0
-3.3     0      0
-3.28571     0      0
-3.27143     0      0
-3.25714     0      0
-3.24286     0      0
-3.22857     0      0
-3.21429     0      0
-3.2     0      0
-3.18571     0      0
-3.17143     0      0
-3.15714     0      0
-3.14286     0      0
-3.12857     0      0
-3.11429     0      0
-3.1     0      0
-3.08571     0      0
-3.07143     0      0
-3.05714     0      0
-3.04286     0      0
-3.02857     0      0
-3.01429     0      0
-3     0      0
-2.98571     0      0
-2.97143     0      0
-2.95714     0      0
-2.94286     0      0
-2.92857     0      0
-2.91429     0      0
-2.9     0      0
-2.88571     0      0
-2.87143     0      0
-2.85714     0      0
-2.84286     0      0
-2.82857     0      0
-2.81429     0      0
-2.8     0      0
-2.78571     0      0
-2.77143     0      0
-2.75714     0      0
-2.74286     0      0
-2.72857     0      0
-2.71429     0      0
-2.7     0      0
-2.68571     0      0
-2.67143     0      0
-2.65714     0      0
-2.64286     0      0
-2.62857     0      0
-2.61429     0      0
-2.6     0      0
-2.58571     0      0
-2.57143     0      0
-2.55714     0      0
-2.54286     0      0
-2.52857     0      0
-2.51429     0      0
-2.5     0      0
-2.48571     0      0
-2.47143     0      0
-2.45714     0      0
-2.44286     0      0
-2.42857     0      0
-2.41429     0      0
-2.4     0      0
-2.38571     0      0
-2.37143     0      0
-2.35714     0      0
-2.34286     0      0
-2.32857     0      0
-2.31429     0      0
-2.3     0      0
-2.28571     0      0
-2.27143     0      0
-2.25714     0      0
-2.24286     0      0
-2.22857     0      0
-2.21429     0      0
-2.2     0      0
-2.18571     0      0
-2.17143     0      0
-2.15714     0      0
-2.14286     0      0
-2.12857     0      0
-2.11429     0      0
-2.1     0      0
-2.08571     0      0
-2.07143     0      0
-2.05714     0      0
-2.04286     0      0
-2.02857     0      0
-2.01429     0      0
-2     0      0
-1.98571     0      0
-1.97143     0      0
-1.95714     0      0
-1.94286     0      0
-1.92857     0      0
-1.91429     0      0
-1.9     0      0
-1.88571     0      0
-1.87143     0      0
-1.85714     0      0
-1.84286     0      0
-1.82857     0      0
-1.81429     0      0
-1.8     0      0
-1.78571     0      0
-1.77143     0      0
-1.75714     0      0
-1.74286     0      0
-1.72857     0      0
-1.71429     0      0
-1.7     0      0
-1.68571     0      0
-1.67143     0      0
-1.65714     2.48051e-62      0
-1.64286     3.04413e-62      0
-1.62857     3.04642e-62      0
-1.61429     3.05405e-62      0
-1.6     1.06361e-55      0
-1.58571     1.21094e-55      0
-1.57143     1.21155e-55      0
-1.55714     1.21307e-55      0
-1.54286     4.77936e-49      0
-1.52857     4.80591e-49      0
-1.51429     4.83032e-49      0
-1.5     2.87232e-43      0
-1.48571     1.90918e-42      0
-1.47143     1.91602e-42      0
-1.45714     1.92871e-42      0
-1.44286     2.62549e-36      0
-1.42857     7.625e-36      0
-1.41429     7.66016e-36      0
-1.4     7.65039e-36      0
-1.38571     1.7502e-29      0
-1.37143     3.03906e-29      0
-1.35714     0.0021285      0
-1.34286     0.007708      0
-1.32857     0.007744      0
-1.31429     0.00774      0
-1.3     0.007746      0
-1.28571     0.00782      0
-1.27143     0.007794      0
-1.25714     0.007842      0
-1.24286     0.00785      0
-1.22857     0.007908      0
-1.21429     0.0079      0
-1.2     0.007918      0
-1.18571     0.007988      0
-1.17143     0.007978      0
-1.15714     0.008046      0
-1.14286     0.008034      0
-1.12857     0.008092      0
-1.11429     0.008108      0
-1.1     0.008168      0
-1.08571     0.008158      0
-1.07143     0.008224      0
-1.05714     0.008272      0
-1.04286     0.008284      0
-1.02857     0.008364      0
-1.01429     0.008354      0
-1     0.00842      0
-0.985714     0.008462      0
-0.971429     0.008518      0
-0.957143     0.008582      0
-0.942857     0.00856      0
-0.928571     0.008668      0
-0.914286     0.00871      0
-0.9     0.008758      0
-0.885714     0.008808      0
-0.871429     0.008872      0
-0.857143     0.008956      0
-0.842857     0.009      0
-0.828571     0.009072      0
-0.814286     0.009156      0
-0.8     0.00917      0
-0.785714     0.009332      0
-0.771429     0.009336      0
-0.757143     0.00942      0
-0.742857     0.009562      0
-0.728571     0.009612      0
-0.714286     0.009714      0
-0.7     0.009814      0
-0.685714     0.009918      0
-0.671429     0.010036      0
-0.657143     0.010148      0
-0.642857     0.010218      0
-0.628571     0.010486      0
-0.614286     0.010548      0
-0.6     0.010688      0
-0.585714     0.010902      0
-0.571429     0.011042      0
-0.557143     0.01132      0
-0.542857     0.011422      0
-0.528571     0.011752      0
-0.514286     0.012064      0
-0.5     0.012272      0
-0.485714     0.01259      0
-0.471429     0.013124      0
-0.457143     0.013716      0
-0.442857     0.014292      0
-0.428571     0.015108      0
-0.414286     0.0164325      0
-0.4     0.031562      0
-0.385714     0.04404      0
-0.371429     0.02967      0
-0.357143     0.02308      0
-0.342857     0.019716      0
-0.328571     0.01748      0
-0.314286     0.015848      0
-0.3     0.014564      0
-0.285714     0.013534      0
-0.271429     0.01267      0
-0.257143     0.011862      0
-0.242857     0.011246      0
-0.228571     0.010648      0
-0.214286     0.010144      0
-0.2     0.009608      0
-0.185714     0.009156      0
-0.171429     0.008802      0
-0.157143     0.008394      0
-0.142857     0.00804      0
-0.128571     0.007694      0
-0.114286     0.0074      0
-0.1     0.007118      0
-0.0857143     0.00677      0
-0.0714286     0.00653      0
-0.0571429     0.006294      0
-0.0428571     0.006048      0
-0.0285714     0.005772      0
-0.0142857     0.005561      0
0     0      0
0.0142857     0      0
0.0285714     0      0
0.0428571     0      0
0.0571429     0      3.14522e-63
0.0714286     0      4.17328e-62
0.0857143     0      9.10111e-56
0.1     0      1.61804e-55
0.114286     0      5.95246e-49
0.128571     0      3.65845e-43
0.142857     0      0.0105345
0.157143     0      0.009794
0.171429     0      0.009192
0.185714     0      0.008802
0.2     0      0.008484
0.214286     0      0.00838
0.228571     0      0.008132
0.242857     0      0.00806
0.257143     0      0.00799
0.271429     0      0.00792
0.285714     0      0.007874
0.3     0      0.007892
0.314286     0      0.007922
0.328571     0      0.007976
0.342857     0      0.007944
0.357143     0      0.008058
0.371429     0      0.008136
0.385714     0      0.008208
0.4     0      0.008364
0.414286     0      0.008476
0.428571     0      0.00862
0.442857     0      0.008876
0.457143     0      0.009094
0.471429     0      0.00941
0.485714     0      0.009824
0.5     0      0.0103
0.514286     0      0.011184
0.528571     0      0.01333
0.542857     0      0.013553
0.557143     0      0.011176
0.571429     0      0.010276
0.585714     0      0.009752
0.6     0      0.009292
0.614286     0      0.008966
0.628571     0      0.00872
0.642857     0      0.008468
0.657143     0      0.00819
0.671429     0      0.00805
0.685714     0      0.007884
0.7     0      0.007708
0.714286     0      0.007562
0.728571     0      0.007452
0.742857     0      0.007326
0.757143     0      0.007242
0.771429     0      0.007096
0.785714     0      0.006996
0.8     0      0.0069
0.814286     0      0.006862
0.828571     0      0.00671
0.842857     0      0.00665
0.857143     0      0.006584
0.871429     0      0.006502
0.885714     0      0.006414
0.9     0      0.006406
0.914286     0      0.00624
0.928571     0      0.006266
0.942857     0      0.006158
0.957143     0      0.00612
0.971429     0      0.006016
0.985714     0      0.006036
1     0      0.005914
1.01429     0      0.005938
1.02857     0      0.005774
1.04286     0      0.005822
1.05714     0      0.005724
1.07143     0      0.005696
1.08571     0      0.005648
1.1     0      0.005614
1.11429     0      0.005542
1.12857     0      0.005502
1.14286     0      0.005458
1.15714     0      0.0055
1.17143     0      0.005314
1.18571     0      0.005376
1.2     0      0.005328
1.21429     0      0.005274
1.22857     0      0.00523
1.24286     0      0.005246
1.25714     0      0.005118
1.27143     0      0.005154
1.28571     0      0.005128
1.3     0      0.005018
1.31429     0      0.00504
1.32857     0      0.00502
1.34286     0      0.004962
1.35714     0      0.004954
1.37143     0      0.00491
1.38571     0      0.004862
1.4     0      0.004858
1.41429     0      0.004852
1.42857     0      0.004756
1.44286     0      0.004762
1.45714     0      0.004756
1.47143     0      0.004716
1.48571     0      0.004638
1.5     0      0.004708
1.51429     0      0.004594
1.52857     0      0.004612
1.54286     0      0.00458
1.55714     0      0.004566
1.57143     0      0.004556
1.58571     0      0.004472
1.6     0      0.004466
1.61429     0      0.00449
1.62857     0      0.004406
1.64286     0      0.004422
1.65714     0      0.00441
1.67143     0      0.004334
1.68571     0      0.004356
1.7     0      0.00432
1.71429     0      0.004332
1.72857     0      0.004234
1.74286     0      0.004282
1.75714     0      0.004226
1.77143     0      0.004254
1.78571     0      0.004182
1.8     0      0.004198
1.81429     0      0.00411
1.82857     0      0.004164
1.84286     0      0.004112
1.85714     0      0.004092
1.87143     0      0.004098
1.88571     0      0.004054
1.9     0      0.004042
1.91429     0      0.00407
1.92857     0      0.003962
1.94286     0      0.004006
1.95714     0      0.003976
1.97143     0      0.003944
1.98571     0      0.003962
2     0      0.0039
2.01429     0      0.003906
2.02857     0      0.003894
2.04286     0      0.003868
2.05714     0      0.003874
2.07143     0      0.003826
2.08571     0      0.00383
2.1     0      0.0038
2.11429     0      0.003782
2.12857     0      0.003778
2.14286     0      0.003778
2.15714     0      0.003722
2.17143     0      0.00371
2.18571     0      0.003756
2.2     0      0.003674
2.21429     0      0.003698
2.22857     0      0.003668
2.24286     0      0.003634
2.25714     0      0.003668
2.27143     0      0.003604
2.28571     0      0.003632
2.3     0      0.003584
2.31429     0      0.003602
2.32857     0      0.00358
2.34286     0      0.003566
2.35714     0      0.003536
2.37143     0      0.003518
2.38571     0      0.003518
2.4     0      0.003522
2.41429     0      0.003466
2.42857     0      0.003484
2.44286     0      0.003498
2.45714     0      0.003444
2.47143     0      0.003432
2.48571     0      0.003438
2.5     0      0.00341
2.51429     0      0.003424
2.52857     0      0.003388
2.54286     0      0.00336
2.55714     0      0.003388
2.57143     0      0.003362
2.58571     0      0.003336
2.6     0      0.003338
2.61429     0      0.003332
2.62857     0      0.003304
2.64286     0      0.003304
2.65714     0      0.003288
2.67143     0      0.00328
2.68571     0      0.000950501
2.7     0      5.02125e-10
2.71429     0      2.0525e-16
2.72857     0      9.15625e-18
2.74286     0      0
2.75714     0      0
2.77143     0      0
2.78571     0      0
2.8     0      0
2.81429     0      0
2.82857     0      0
2.84286     0      0
2.85714     0      0
2.87143     0      0
2.88571     0      0
2.9     0      0
2.91429     0      0
2.92857     0      0
2.94286     0      0
2.95714     0      0
2.97143     0      0
2.98571     0      0
3     0      0
3.01429     0      0
3.02857     0      0
3.04286     0      0
3.05714     0      0
3.07143     0      0
3.08571     0      0
3.1     0      0
3.11429     0      0
3.12857     0      0
3.14286     0      0
3.15714     0      0
3.17143     0      0
3.18571     0      0
3.2     0      0
3.21429     0      0
3.22857     0      0
3.24286     0      0
3.25714     0      0
3.27143     0      0
3.28571     0      0
3.3     0      0
3.31429     0      0
3.32857     0      0
3.34286     0      0
3.35714     0      0
3.37143     0      0
3.38571     0      0
3.4     0      0
3.41429     0      0
3.42857     0      0
3.44286     0      0
3.45714     0      0
3.47143     0      0
3.48571     0      0
3.5     0      0
3.51429     0      0
3.52857     0      0
3.54286     0      0
3.55714     0      0
3.57143     0      0
3.58571     0      0
3.6     0      0
3.61429     0      0
3.62857     0      0
3.64286     0      0
3.65714     0      0
3.67143     0      0
3.68571     0      0
3.7     0      0
3.71429     0      0
3.72857     0      0
3.74286     0      0
3.75714     0      0
3.77143     0      0
3.78571     0      0
3.8     0      0
3.81429     0      0
3.82857     0      0
3.84286     0      0
3.85714     0      0
3.87143     0      0
3.88571     0      0
3.9     0      0
3.91429     0      0
3.92857     0      0
3.94286     0      0
3.95714     0      0
3.97143     0      0
3.98571     0      0
4     0      0
4.01429     0      0
4.02857     0      0
4.04286     0      0
4.05714     0      0
4.07143     0      0
4.08571     0      0
4.1     0      0
4.11429     0      0
4.12857     0      0
4.14286     0      0
4.15714     0      0
4.17143     0      0
4.18571     0      0
4.2     0      0
4.21429     0      0
4.22857     0      0
4.24286     0      0
4.25714     0      0
4.27143     0      0
4.28571     0      0
4.3     0      0
4.31429     0      0
4.32857     0      0
4.34286     0      0
4.35714     0      0
4.37143     0      0
4.38571     0      0
4.4     0      0
4.41429     0      0
4.42857     0      0
4.44286     0      0
4.45714     0      0
4.47143     0      0
4.48571     0      0
4.5     0      0
4.51429     0      0
4.52857     0      0
4.54286     0      0
4.55714     0      0
4.57143     0      0
4.58571     0      0
4.6     0      0
4.61429     0      0
4.62857     0      0
4.64286     0      0
4.65714     0      0
4.67143     0      0
4.68571     0      0
4.7     0      0
4.71429     0      0
4.72857     0      0
4.74286     0      0
4.75714     0      0
4.77143     0      0
4.78571     0      0
4.8     0      0
4.81429     0      0
4.82857     0      0
4.84286     0      0
4.85714     0      0
4.87143     0      0
4.88571     0      0
4.9     0      0
4.91429     0      0
4.92857     0      0
4.94286     0      0
4.95714     0      0
4.97143     0      0
4.98571     0      0
