# U,mu,nA_up, nA_dn, nB_up, nB_dn, ms, mf, ntotal,mu,cint
#energy    dos_upn   dos_upp   dos_dnn  dos_dnp GRID=1000 bin=700
-5     0      0
-4.98571     0      0
-4.97143     0      0
-4.95714     0      0
-4.94286     0      0
-4.92857     0      0
-4.91429     0      0
-4.9     0      0
-4.88571     0      0
-4.87143     0      0
-4.85714     0      0
-4.84286     0      0
-4.82857     0      0
-4.81429     0      0
-4.8     0      0
-4.78571     0      0
-4.77143     0      0
-4.75714     0      0
-4.74286     0      0
-4.72857     0      0
-4.71429     0      0
-4.7     0      0
-4.68571     0      0
-4.67143     0      0
-4.65714     0      0
-4.64286     0      0
-4.62857     0      0
-4.61429     0      0
-4.6     0      0
-4.58571     0      0
-4.57143     0      0
-4.55714     0      0
-4.54286     0      0
-4.52857     0      0
-4.51429     0      0
-4.5     0      0
-4.48571     0      0
-4.47143     0      0
-4.45714     0      0
-4.44286     0      0
-4.42857     0      0
-4.41429     0      0
-4.4     0      0
-4.38571     0      0
-4.37143     0      0
-4.35714     0      0
-4.34286     0      0
-4.32857     0      0
-4.31429     0      0
-4.3     0      0
-4.28571     0      0
-4.27143     0      0
-4.25714     0      0
-4.24286     0      0
-4.22857     0      0
-4.21429     0      0
-4.2     0      0
-4.18571     0      0
-4.17143     0      0
-4.15714     0      0
-4.14286     0      0
-4.12857     0      0
-4.11429     0      0
-4.1     0      0
-4.08571     0      0
-4.07143     0      0
-4.05714     0      0
-4.04286     0      0
-4.02857     0      0
-4.01429     0      0
-4     0      0
-3.98571     0      0
-3.97143     0      0
-3.95714     0      0
-3.94286     0      0
-3.92857     0      0
-3.91429     0      0
-3.9     0      0
-3.88571     0      0
-3.87143     0      0
-3.85714     0      0
-3.84286     0      0
-3.82857     0      0
-3.81429     0      0
-3.8     0      0
-3.78571     0      0
-3.77143     0      0
-3.75714     0      0
-3.74286     0      0
-3.72857     0      0
-3.71429     0      0
-3.7     0      0
-3.68571     0      0
-3.67143     0      0
-3.65714     0      0
-3.64286     0      0
-3.62857     0      0
-3.61429     0      0
-3.6     0      0
-3.58571     0      0
-3.57143     0      0
-3.55714     0      0
-3.54286     0      0
-3.52857     0      0
-3.51429     0      0
-3.5     0      0
-3.48571     0      0
-3.47143     0      0
-3.45714     0      0
-3.44286     0      0
-3.42857     0      0
-3.41429     0      0
-3.4     0      0
-3.38571     0      0
-3.37143     0      0
-3.35714     0      0
-3.34286     0      0
-3.32857     0      0
-3.31429     0      0
-3.3     0      0
-3.28571     0      0
-3.27143     0      0
-3.25714     0      0
-3.24286     0      0
-3.22857     0      0
-3.21429     0      0
-3.2     0      0
-3.18571     0      0
-3.17143     0      0
-3.15714     0      0
-3.14286     0      0
-3.12857     0      0
-3.11429     0      0
-3.1     0      0
-3.08571     0      0
-3.07143     0      0
-3.05714     0      0
-3.04286     0      0
-3.02857     0      0
-3.01429     0      0
-3     0      0
-2.98571     0      0
-2.97143     0      0
-2.95714     0      0
-2.94286     0      0
-2.92857     0      0
-2.91429     0      0
-2.9     0      0
-2.88571     0      0
-2.87143     0      0
-2.85714     0      0
-2.84286     0      0
-2.82857     0      0
-2.81429     0      0
-2.8     0      0
-2.78571     0      0
-2.77143     0      0
-2.75714     0      0
-2.74286     0      0
-2.72857     0      0
-2.71429     0      0
-2.7     0      0
-2.68571     0      0
-2.67143     0      0
-2.65714     0      0
-2.64286     0      0
-2.62857     0      0
-2.61429     0      0
-2.6     0      0
-2.58571     0      0
-2.57143     0      0
-2.55714     0      0
-2.54286     0      0
-2.52857     0      0
-2.51429     0      0
-2.5     0      0
-2.48571     0      0
-2.47143     0      0
-2.45714     0      0
-2.44286     0      0
-2.42857     0      0
-2.41429     0      0
-2.4     0      0
-2.38571     0      0
-2.37143     0      0
-2.35714     0      0
-2.34286     0      0
-2.32857     0      0
-2.31429     0      0
-2.3     0      0
-2.28571     0      0
-2.27143     0      0
-2.25714     0      0
-2.24286     0      0
-2.22857     0      0
-2.21429     0      0
-2.2     0      0
-2.18571     0      0
-2.17143     0      0
-2.15714     0      0
-2.14286     0      0
-2.12857     0      0
-2.11429     0      0
-2.1     0      0
-2.08571     0      0
-2.07143     0      0
-2.05714     0      0
-2.04286     0      0
-2.02857     0      0
-2.01429     0      0
-2     0      0
-1.98571     0      0
-1.97143     0      0
-1.95714     0      0
-1.94286     0      0
-1.92857     0      0
-1.91429     0      0
-1.9     0      0
-1.88571     0      0
-1.87143     0      0
-1.85714     0      0
-1.84286     0      0
-1.82857     0      0
-1.81429     0      0
-1.8     0      0
-1.78571     0      0
-1.77143     0      0
-1.75714     0      0
-1.74286     0      0
-1.72857     0      0
-1.71429     0      0
-1.7     0      0
-1.68571     0      0
-1.67143     0      0
-1.65714     0.0065025      0
-1.64286     0.00798      0
-1.62857     0.007986      0
-1.61429     0.008006      0
-1.6     0.008042      0
-1.58571     0.008082      0
-1.57143     0.00809      0
-1.55714     0.008142      0
-1.54286     0.008164      0
-1.52857     0.00821      0
-1.51429     0.008214      0
-1.5     0.008302      0
-1.48571     0.0083      0
-1.47143     0.008326      0
-1.45714     0.0084      0
-1.44286     0.008456      0
-1.42857     0.008484      0
-1.41429     0.008544      0
-1.4     0.008556      0
-1.38571     0.00864      0
-1.37143     0.00868      0
-1.35714     0.008724      0
-1.34286     0.008796      0
-1.32857     0.00886      0
-1.31429     0.008904      0
-1.3     0.009      0
-1.28571     0.009036      0
-1.27143     0.009098      0
-1.25714     0.009208      0
-1.24286     0.009262      0
-1.22857     0.009338      0
-1.21429     0.009442      0
-1.2     0.009548      0
-1.18571     0.009588      0
-1.17143     0.00977      0
-1.15714     0.009846      0
-1.14286     0.009934      0
-1.12857     0.01007      0
-1.11429     0.010194      0
-1.1     0.01033      0
-1.08571     0.010486      0
-1.07143     0.010618      0
-1.05714     0.010792      0
-1.04286     0.010998      0
-1.02857     0.011154      0
-1.01429     0.011456      0
-1     0.011626      0
-0.985714     0.011952      0
-0.971429     0.012252      0
-0.957143     0.012544      0
-0.942857     0.012822      0
-0.928571     0.013726      0
-0.914286     0.01394      0
-0.9     0.0147      0
-0.885714     0.015574      0
-0.871429     0.0281485      0
-0.857143     0.033256      0
-0.842857     0.04729      0
-0.828571     0.037372      0
-0.814286     0.028196      0
-0.8     0.023938      0
-0.785714     0.021252      0
-0.771429     0.019254      0
-0.757143     0.017738      0
-0.742857     0.016414      0
-0.728571     0.015426      0
-0.714286     0.014438      0
-0.7     0.013682      0
-0.685714     0.013014      0
-0.671429     0.012354      0
-0.657143     0.01181      0
-0.642857     0.011288      0
-0.628571     0.010788      0
-0.614286     0.010336      0
-0.6     0.010024      0
-0.585714     0.009546      0
-0.571429     0.00924      0
-0.557143     0.008912      0
-0.542857     0.008552      0
-0.528571     0.008312      0
-0.514286     0.007994      0
-0.5     0.007726      0
-0.485714     0.007474      0
-0.471429     0.000531      0
-0.457143     0      0
-0.442857     0      0
-0.428571     0      0
-0.414286     0      0
-0.4     0      0
-0.385714     0      0
-0.371429     0      0
-0.357143     0      0
-0.342857     0      0
-0.328571     0      0
-0.314286     0      0
-0.3     0      0
-0.285714     0      0
-0.271429     0      0
-0.257143     0      0
-0.242857     0      0
-0.228571     0      0
-0.214286     0      0
-0.2     0      0
-0.185714     0      0
-0.171429     0      0
-0.157143     0      0
-0.142857     0      0
-0.128571     0      0
-0.114286     0      0
-0.1     0      0
-0.0857143     0      0
-0.0714286     0      0
-0.0571429     0      0
-0.0428571     0      0
-0.0285714     0      0
-0.0142857     0      0
0     0      0
0.0142857     0      0
0.0285714     0      0
0.0428571     0      0
0.0571429     0      0.0008245
0.0714286     0      0.01094
0.0857143     0      0.010344
0.1     0      0.009988
0.114286     0      0.009668
0.128571     0      0.009386
0.142857     0      0.009324
0.157143     0      0.00902
0.171429     0      0.00914
0.185714     0      0.008982
0.2     0      0.008962
0.214286     0      0.008908
0.228571     0      0.008884
0.242857     0      0.009036
0.257143     0      0.008986
0.271429     0      0.009016
0.285714     0      0.009132
0.3     0      0.009212
0.314286     0      0.009346
0.328571     0      0.009474
0.342857     0      0.009664
0.357143     0      0.009852
0.371429     0      0.01009
0.385714     0      0.01038
0.4     0      0.010764
0.414286     0      0.011266
0.428571     0      0.01195
0.442857     0      0.013062
0.457143     0      0.016339
0.471429     0      0.015178
0.485714     0      0.012602
0.5     0      0.011562
0.514286     0      0.010754
0.528571     0      0.010236
0.542857     0      0.009752
0.557143     0      0.00942
0.571429     0      0.009096
0.585714     0      0.008808
0.6     0      0.008574
0.614286     0      0.00837
0.628571     0      0.008156
0.642857     0      0.007966
0.657143     0      0.00777
0.671429     0      0.00769
0.685714     0      0.007522
0.7     0      0.0074
0.714286     0      0.00721
0.728571     0      0.007194
0.742857     0      0.006986
0.757143     0      0.006914
0.771429     0      0.00681
0.785714     0      0.006706
0.8     0      0.00664
0.814286     0      0.006532
0.828571     0      0.006498
0.842857     0      0.006372
0.857143     0      0.006292
0.871429     0      0.006224
0.885714     0      0.006194
0.9     0      0.006066
0.914286     0      0.00601
0.928571     0      0.00599
0.942857     0      0.005902
0.957143     0      0.00586
0.971429     0      0.005778
0.985714     0      0.00573
1     0      0.00567
1.01429     0      0.005678
1.02857     0      0.005526
1.04286     0      0.005548
1.05714     0      0.005476
1.07143     0      0.005428
1.08571     0      0.005388
1.1     0      0.00538
1.11429     0      0.005254
1.12857     0      0.005306
1.14286     0      0.005194
1.15714     0      0.005222
1.17143     0      0.005098
1.18571     0      0.005112
1.2     0      0.005076
1.21429     0      0.005062
1.22857     0      0.00496
1.24286     0      0.00496
1.25714     0      0.004916
1.27143     0      0.0049
1.28571     0      0.00488
1.3     0      0.004802
1.31429     0      0.004818
1.32857     0      0.004754
1.34286     0      0.004766
1.35714     0      0.004694
1.37143     0      0.004664
1.38571     0      0.004628
1.4     0      0.004652
1.41429     0      0.00456
1.42857     0      0.004596
1.44286     0      0.004502
1.45714     0      0.004522
1.47143     0      0.004482
1.48571     0      0.004454
1.5     0      0.00441
1.51429     0      0.004426
1.52857     0      0.004412
1.54286     0      0.004324
1.55714     0      0.004356
1.57143     0      0.004308
1.58571     0      0.004272
1.6     0      0.004294
1.61429     0      0.004214
1.62857     0      0.004218
1.64286     0      0.004228
1.65714     0      0.004196
1.67143     0      0.004146
1.68571     0      0.00412
1.7     0      0.004134
1.71429     0      0.0041
1.72857     0      0.004068
1.74286     0      0.00403
1.75714     0      0.004082
1.77143     0      0.003992
1.78571     0      0.004026
1.8     0      0.003966
1.81429     0      0.00397
1.82857     0      0.003924
1.84286     0      0.003926
1.85714     0      0.003914
1.87143     0      0.003878
1.88571     0      0.003874
1.9     0      0.003842
1.91429     0      0.003862
1.92857     0      0.003812
1.94286     0      0.003798
1.95714     0      0.003786
1.97143     0      0.003776
1.98571     0      0.003738
2     0      0.00376
2.01429     0      0.003718
2.02857     0      0.003706
2.04286     0      0.003692
2.05714     0      0.003678
2.07143     0      0.003658
2.08571     0      0.00364
2.1     0      0.003634
2.11429     0      0.003612
2.12857     0      0.003614
2.14286     0      0.003592
2.15714     0      0.003552
2.17143     0      0.003584
2.18571     0      0.003534
2.2     0      0.003516
2.21429     0      0.003538
2.22857     0      0.003488
2.24286     0      0.003514
2.25714     0      0.003466
2.27143     0      0.003464
2.28571     0      0.003456
2.3     0      0.003416
2.31429     0      0.003434
2.32857     0      0.003416
2.34286     0      0.003406
2.35714     0      0.00338
2.37143     0      0.003374
2.38571     0      0.003366
2.4     0      0.003348
2.41429     0      0.003344
2.42857     0      0.00333
2.44286     0      0.0027165
2.45714     0      0
2.47143     0      0
2.48571     0      0
2.5     0      0
2.51429     0      0
2.52857     0      0
2.54286     0      0
2.55714     0      0
2.57143     0      0
2.58571     0      0
2.6     0      0
2.61429     0      0
2.62857     0      0
2.64286     0      0
2.65714     0      0
2.67143     0      0
2.68571     0      0
2.7     0      0
2.71429     0      0
2.72857     0      0
2.74286     0      0
2.75714     0      0
2.77143     0      0
2.78571     0      0
2.8     0      0
2.81429     0      0
2.82857     0      0
2.84286     0      0
2.85714     0      0
2.87143     0      0
2.88571     0      0
2.9     0      0
2.91429     0      0
2.92857     0      0
2.94286     0      0
2.95714     0      0
2.97143     0      0
2.98571     0      0
3     0      0
3.01429     0      0
3.02857     0      0
3.04286     0      0
3.05714     0      0
3.07143     0      0
3.08571     0      0
3.1     0      0
3.11429     0      0
3.12857     0      0
3.14286     0      0
3.15714     0      0
3.17143     0      0
3.18571     0      0
3.2     0      0
3.21429     0      0
3.22857     0      0
3.24286     0      0
3.25714     0      0
3.27143     0      0
3.28571     0      0
3.3     0      0
3.31429     0      0
3.32857     0      0
3.34286     0      0
3.35714     0      0
3.37143     0      0
3.38571     0      0
3.4     0      0
3.41429     0      0
3.42857     0      0
3.44286     0      0
3.45714     0      0
3.47143     0      0
3.48571     0      0
3.5     0      0
3.51429     0      0
3.52857     0      0
3.54286     0      0
3.55714     0      0
3.57143     0      0
3.58571     0      0
3.6     0      0
3.61429     0      0
3.62857     0      0
3.64286     0      0
3.65714     0      0
3.67143     0      0
3.68571     0      0
3.7     0      0
3.71429     0      0
3.72857     0      0
3.74286     0      0
3.75714     0      0
3.77143     0      0
3.78571     0      0
3.8     0      0
3.81429     0      0
3.82857     0      0
3.84286     0      0
3.85714     0      0
3.87143     0      0
3.88571     0      0
3.9     0      0
3.91429     0      0
3.92857     0      0
3.94286     0      0
3.95714     0      0
3.97143     0      0
3.98571     0      0
4     0      0
4.01429     0      0
4.02857     0      0
4.04286     0      0
4.05714     0      0
4.07143     0      0
4.08571     0      0
4.1     0      0
4.11429     0      0
4.12857     0      0
4.14286     0      0
4.15714     0      0
4.17143     0      0
4.18571     0      0
4.2     0      0
4.21429     0      0
4.22857     0      0
4.24286     0      0
4.25714     0      0
4.27143     0      0
4.28571     0      0
4.3     0      0
4.31429     0      0
4.32857     0      0
4.34286     0      0
4.35714     0      0
4.37143     0      0
4.38571     0      0
4.4     0      0
4.41429     0      0
4.42857     0      0
4.44286     0      0
4.45714     0      0
4.47143     0      0
4.48571     0      0
4.5     0      0
4.51429     0      0
4.52857     0      0
4.54286     0      0
4.55714     0      0
4.57143     0      0
4.58571     0      0
4.6     0      0
4.61429     0      0
4.62857     0      0
4.64286     0      0
4.65714     0      0
4.67143     0      0
4.68571     0      0
4.7     0      0
4.71429     0      0
4.72857     0      0
4.74286     0      0
4.75714     0      0
4.77143     0      0
4.78571     0      0
4.8     0      0
4.81429     0      0
4.82857     0      0
4.84286     0      0
4.85714     0      0
4.87143     0      0
4.88571     0      0
4.9     0      0
4.91429     0      0
4.92857     0      0
4.94286     0      0
4.95714     0      0
4.97143     0      0
4.98571     0      0
