# U,mu,nA_up, nA_dn, nB_up, nB_dn, ms, mf, ntotal,mu,cint
#energy    dos_upn   dos_upp   dos_dnn  dos_dnp GRID=1000 bin=700
-5     0      0
-4.98571     0      0
-4.97143     0      0
-4.95714     0      0
-4.94286     0      0
-4.92857     0      0
-4.91429     0      0
-4.9     0      0
-4.88571     0      0
-4.87143     0      0
-4.85714     0      0
-4.84286     0      0
-4.82857     0      0
-4.81429     0      0
-4.8     0      0
-4.78571     0      0
-4.77143     0      0
-4.75714     0      0
-4.74286     0      0
-4.72857     0      0
-4.71429     0      0
-4.7     0      0
-4.68571     0      0
-4.67143     0      0
-4.65714     0      0
-4.64286     0      0
-4.62857     0      0
-4.61429     0      0
-4.6     0      0
-4.58571     0      0
-4.57143     0      0
-4.55714     0      0
-4.54286     0      0
-4.52857     0      0
-4.51429     0      0
-4.5     0      0
-4.48571     0      0
-4.47143     0      0
-4.45714     0      0
-4.44286     0      0
-4.42857     0      0
-4.41429     0      0
-4.4     0      0
-4.38571     0      0
-4.37143     0      0
-4.35714     0      0
-4.34286     0      0
-4.32857     0      0
-4.31429     0      0
-4.3     0      0
-4.28571     0      0
-4.27143     0      0
-4.25714     0      0
-4.24286     0      0
-4.22857     0      0
-4.21429     0      0
-4.2     0      0
-4.18571     0      0
-4.17143     0      0
-4.15714     0      0
-4.14286     0      0
-4.12857     0      0
-4.11429     0      0
-4.1     0      0
-4.08571     0      0
-4.07143     0      0
-4.05714     0      0
-4.04286     0      0
-4.02857     0      0
-4.01429     0      0
-4     0      0
-3.98571     0      0
-3.97143     0      0
-3.95714     0      0
-3.94286     0      0
-3.92857     0      0
-3.91429     0      0
-3.9     0      0
-3.88571     0      0
-3.87143     0      0
-3.85714     0      0
-3.84286     0      0
-3.82857     0      0
-3.81429     0      0
-3.8     0      0
-3.78571     0      0
-3.77143     0      0
-3.75714     0      0
-3.74286     0      0
-3.72857     0      0
-3.71429     0      0
-3.7     0      0
-3.68571     0      0
-3.67143     0      0
-3.65714     0      0
-3.64286     0      0
-3.62857     0      0
-3.61429     0      0
-3.6     0      0
-3.58571     0      0
-3.57143     0      0
-3.55714     0      0
-3.54286     0      0
-3.52857     0      0
-3.51429     0      0
-3.5     0      0
-3.48571     0      0
-3.47143     0      0
-3.45714     0      0
-3.44286     0      0
-3.42857     0      0
-3.41429     0      0
-3.4     0      0
-3.38571     0      0
-3.37143     0      0
-3.35714     0      0
-3.34286     0      0
-3.32857     0      0
-3.31429     0      0
-3.3     0      0
-3.28571     0      0
-3.27143     0      0
-3.25714     0      0
-3.24286     0      0
-3.22857     0      0
-3.21429     0      0
-3.2     0      0
-3.18571     0      0
-3.17143     0      0
-3.15714     0      0
-3.14286     0      0
-3.12857     0      0
-3.11429     0      0
-3.1     0      0
-3.08571     0      0
-3.07143     0      0
-3.05714     0      0
-3.04286     0      0
-3.02857     0      0
-3.01429     0      0
-3     0      0
-2.98571     0      0
-2.97143     0      0
-2.95714     0      0
-2.94286     0      0
-2.92857     0      0
-2.91429     0      0
-2.9     0      0
-2.88571     0      0
-2.87143     0      0
-2.85714     0      0
-2.84286     0      0
-2.82857     0      0
-2.81429     0      0
-2.8     0      0
-2.78571     0      0
-2.77143     0      0
-2.75714     0      0
-2.74286     0      0
-2.72857     0      0
-2.71429     0      0
-2.7     0      0
-2.68571     0      0
-2.67143     0      0
-2.65714     0      0
-2.64286     0      0
-2.62857     0      0
-2.61429     0      0
-2.6     0      0
-2.58571     0      0
-2.57143     0      0
-2.55714     0      0
-2.54286     0      0
-2.52857     0      0
-2.51429     0      0
-2.5     0      0
-2.48571     0      0
-2.47143     0      0
-2.45714     0      0
-2.44286     0      0
-2.42857     0      0
-2.41429     0      0
-2.4     0      0
-2.38571     0      0
-2.37143     0      0
-2.35714     0      0
-2.34286     0      0
-2.32857     0      0
-2.31429     0      0
-2.3     0      0
-2.28571     0      0
-2.27143     0      0
-2.25714     0      0
-2.24286     0      0
-2.22857     0      0
-2.21429     0      0
-2.2     0      0
-2.18571     0      0
-2.17143     0      0
-2.15714     0      0
-2.14286     0      0
-2.12857     0      0
-2.11429     0      0
-2.1     0      0
-2.08571     0      0
-2.07143     0      0
-2.05714     0      0
-2.04286     0      0
-2.02857     0      0
-2.01429     0      0
-2     0      0
-1.98571     0      0
-1.97143     0      0
-1.95714     0      0
-1.94286     0      0
-1.92857     0      0
-1.91429     0      0
-1.9     0      0
-1.88571     0      0
-1.87143     0      0
-1.85714     0      0
-1.84286     0      0
-1.82857     0      0
-1.81429     0      0
-1.8     0      0
-1.78571     0      0
-1.77143     0      0
-1.75714     0      0
-1.74286     0      0
-1.72857     0      0
-1.71429     0      0
-1.7     0      0
-1.68571     0      0
-1.67143     0      0
-1.65714     0      0
-1.64286     0      0
-1.62857     0      0
-1.61429     0      0
-1.6     0      0
-1.58571     0      0
-1.57143     0      0
-1.55714     0      0
-1.54286     0      0
-1.52857     0      0
-1.51429     0      0
-1.5     0      0
-1.48571     0      0
-1.47143     0      0
-1.45714     0      0
-1.44286     0      0
-1.42857     0      0
-1.41429     0      0
-1.4     0      0
-1.38571     0      0
-1.37143     0      0
-1.35714     0      0
-1.34286     0      0
-1.32857     0      0
-1.31429     0      0
-1.3     0      0
-1.28571     0      0
-1.27143     0      0
-1.25714     0      0
-1.24286     0      0
-1.22857     0      0
-1.21429     0      0
-1.2     0      0
-1.18571     0      0
-1.17143     0      0
-1.15714     0      0
-1.14286     0      0
-1.12857     0      0
-1.11429     0      0
-1.1     0      0
-1.08571     0      0
-1.07143     0      0
-1.05714     0      0
-1.04286     0      0
-1.02857     0      0
-1.01429     0      0
-1     0      0
-0.985714     0      0
-0.971429     0      0
-0.957143     0      0
-0.942857     1.3689e-62      0
-0.928571     7.36332e-62      0
-0.914286     1.1853e-61      0
-0.9     1.16158e-61      0
-0.885714     1.15211e-61      0
-0.871429     2.39578e-55      0
-0.857143     4.61609e-55      0
-0.842857     6.81885e-36      0
-0.828571     0.0023545      0
-0.814286     0.02331      0
-0.8     0.022426      0
-0.785714     0.021758      0
-0.771429     0.021274      0
-0.757143     0.020958      0
-0.742857     0.020706      0
-0.728571     0.020574      0
-0.714286     0.020442      0
-0.7     0.0221225      0
-0.685714     0.026508      0
-0.671429     0.027014      0
-0.657143     0.027652      0
-0.642857     0.028634      0
-0.628571     0.029896      0
-0.614286     0.03183      0
-0.6     0.03508      0
-0.585714     0.044658      0
-0.571429     0.043156      0
-0.557143     0.032132      0
-0.542857     0.02771      0
-0.528571     0.024852      0
-0.514286     0.022484      0
-0.5     0.020912      0
-0.485714     0.01936      0
-0.471429     0.018122      0
-0.457143     0.01707      0
-0.442857     0.016146      0
-0.428571     0.015284      0
-0.414286     0.014574      0
-0.4     0.01388      0
-0.385714     0.013224      0
-0.371429     0.012726      0
-0.357143     0.012114      0
-0.342857     0.01168      0
-0.328571     0.011188      0
-0.314286     0.010766      0
-0.3     0.010372      0
-0.285714     0.010016      0
-0.271429     0.009662      0
-0.257143     0.009286      0
-0.242857     0.008988      0
-0.228571     0.00874      0
-0.214286     0.008378      0
-0.2     0.008126      0
-0.185714     0.00789      0
-0.171429     0.00764      0
-0.157143     0.007364      0
-0.142857     0.007168      0
-0.128571     0.006924      0
-0.114286     0.006706      0
-0.1     0.006498      0.0048065
-0.0857143     0.006362      0.005508
-0.0714286     0.00613      0.005368
-0.0571429     0.00593      0.005264
-0.0428571     0.005754      0.00522
-0.0285714     0.00559      0.005094
-0.0142857     0.005416      0.005074
0     0.005238      0.005032
0.0142857     0.005082      0.00496
0.0285714     0.00494      0.00493
0.0428571     0.004772      0.00493
0.0571429     0.00463      0.004834
0.0714286     0.004498      0.004916
0.0857143     0.004318      0.00486
0.1     0.003005      0.004846
0.114286     0      0.00477
0.128571     0      0.004912
0.142857     0      0.004816
0.157143     0      0.004834
0.171429     0      0.004846
0.185714     0      0.004904
0.2     0      0.004824
0.214286     0      0.00491
0.228571     0      0.004888
0.242857     0      0.004982
0.257143     0      0.004898
0.271429     0      0.004972
0.285714     0      0.004996
0.3     0      0.005022
0.314286     0      0.005072
0.328571     0      0.0051
0.342857     0      0.005134
0.357143     0      0.005138
0.371429     0      0.00524
0.385714     0      0.005312
0.4     0      0.005258
0.414286     0      0.005408
0.428571     0      0.005418
0.442857     0      0.005496
0.457143     0      0.00551
0.471429     0      0.005672
0.485714     0      0.005684
0.5     0      0.00578
0.514286     0      0.005916
0.528571     0      0.005956
0.542857     0      0.006066
0.557143     0      0.00622
0.571429     0      0.006352
0.585714     0      0.00649
0.6     0      0.00662
0.614286     0      0.006826
0.628571     0      0.007098
0.642857     0      0.00738
0.657143     0      0.007774
0.671429     0      0.008332
0.685714     0      0.009648
0.7     0      0.010603
0.714286     0      0.008688
0.728571     0      0.008024
0.742857     0      0.007586
0.757143     0      0.007304
0.771429     0      0.007066
0.785714     0      0.006884
0.8     0      0.006686
0.814286     0      0.006516
0.828571     0      0.006376
0.842857     0      0.006288
0.857143     0      0.00617
0.871429     0      0.006144
0.885714     0      0.005936
0.9     0      0.005896
0.914286     0      0.005834
0.928571     0      0.005744
0.942857     0      0.005706
0.957143     0      0.005558
0.971429     0      0.005546
0.985714     0      0.005478
1     0      0.005396
1.01429     0      0.005348
1.02857     0      0.005318
1.04286     0      0.005282
1.05714     0      0.00516
1.07143     0      0.005122
1.08571     0      0.005168
1.1     0      0.005008
1.11429     0      0.004994
1.12857     0      0.004998
1.14286     0      0.0049
1.15714     0      0.004922
1.17143     0      0.004844
1.18571     0      0.004766
1.2     0      0.004766
1.21429     0      0.004724
1.22857     0      0.004702
1.24286     0      0.004658
1.25714     0      0.004624
1.27143     0      0.00457
1.28571     0      0.004604
1.3     0      0.004474
1.31429     0      0.004518
1.32857     0      0.004444
1.34286     0      0.00443
1.35714     0      0.004412
1.37143     0      0.004362
1.38571     0      0.004358
1.4     0      0.0043
1.41429     0      0.004298
1.42857     0      0.004272
1.44286     0      0.004262
1.45714     0      0.00423
1.47143     0      0.004136
1.48571     0      0.00417
1.5     0      0.004104
1.51429     0      0.00413
1.52857     0      0.004104
1.54286     0      0.00403
1.55714     0      0.00407
1.57143     0      0.003972
1.58571     0      0.004026
1.6     0      0.003954
1.61429     0      0.003934
1.62857     0      0.003962
1.64286     0      0.00386
1.65714     0      0.003906
1.67143     0      0.00386
1.68571     0      0.003858
1.7     0      0.003862
1.71429     0      0.003732
1.72857     0      0.00379
1.74286     0      0.003764
1.75714     0      0.003762
1.77143     0      0.003742
1.78571     0      0.003672
1.8     0      0.003706
1.81429     0      0.003674
1.82857     0      0.003634
1.84286     0      0.00365
1.85714     0      0.0036
1.87143     0      0.00359
1.88571     0      0.00359
1.9     0      0.003572
1.91429     0      0.003554
1.92857     0      0.003562
1.94286     0      0.003492
1.95714     0      0.003494
1.97143     0      0.003494
1.98571     0      0.003452
2     0      0.003466
2.01429     0      0.003434
2.02857     0      0.003412
2.04286     0      0.003402
2.05714     0      0.003374
2.07143     0      0.003418
2.08571     0      0.003356
2.1     0      0.003342
2.11429     0      0.003346
2.12857     0      0.003334
2.14286     0      0.003318
2.15714     0      0.00326
2.17143     0      0.003286
2.18571     0      0.003246
2.2     0      0.00327
2.21429     0      0.003234
2.22857     0      0.003228
2.24286     0      0.003202
2.25714     0      0.003206
2.27143     0      0.00318
2.28571     0      0.003162
2.3     0      0.003186
2.31429     0      0.003146
2.32857     0      0.003146
2.34286     0      0.00313
2.35714     0      0.003102
2.37143     0      0.003112
2.38571     0      0.00307
2.4     0      0.003082
2.41429     0      0.003058
2.42857     0      0.003062
2.44286     0      0.003036
2.45714     0      0.003026
2.47143     0      0.003034
2.48571     0      0.00299
2.5     0      0.003022
2.51429     0      0.00299
2.52857     0      0.002946
2.54286     0      0.00298
2.55714     0      0.002968
2.57143     0      0.002926
2.58571     0      0.002928
2.6     0      0.00294
2.61429     0      0.002908
2.62857     0      0.002906
2.64286     0      0.002898
2.65714     0      0.00287
2.67143     0      0.002874
2.68571     0      0.002862
2.7     0      0.002854
2.71429     0      0.00284
2.72857     0      0.002832
2.74286     0      0.002818
2.75714     0      0.002816
2.77143     0      0.002826
2.78571     0      0.002794
2.8     0      0.002778
2.81429     0      0.00279
2.82857     0      0.002766
2.84286     0      0.002744
2.85714     0      0.002734
2.87143     0      0.002756
2.88571     0      0.002744
2.9     0      0.002686
2.91429     0      0.002744
2.92857     0      0.00269
2.94286     0      0.002698
2.95714     0      0.00268
2.97143     0      0.002682
2.98571     0      0.00268
3     0      0.002662
3.01429     0      0.002672
3.02857     0      0.002642
3.04286     0      0.002624
3.05714     0      0.002642
3.07143     0      0.002626
3.08571     0      0.00261
3.1     0      0.0026
3.11429     0      0.002598
3.12857     0      0.002584
3.14286     0      0.002606
3.15714     0      0.002552
3.17143     0      0.002582
3.18571     0      0.002556
3.2     0      0.002546
3.21429     0      0.0024245
3.22857     0      1.6125e-11
3.24286     0      1.56006e-49
3.25714     0      1.66321e-50
3.27143     0      0
3.28571     0      0
3.3     0      0
3.31429     0      0
3.32857     0      0
3.34286     0      0
3.35714     0      0
3.37143     0      0
3.38571     0      0
3.4     0      0
3.41429     0      0
3.42857     0      0
3.44286     0      0
3.45714     0      0
3.47143     0      0
3.48571     0      0
3.5     0      0
3.51429     0      0
3.52857     0      0
3.54286     0      0
3.55714     0      0
3.57143     0      0
3.58571     0      0
3.6     0      0
3.61429     0      0
3.62857     0      0
3.64286     0      0
3.65714     0      0
3.67143     0      0
3.68571     0      0
3.7     0      0
3.71429     0      0
3.72857     0      0
3.74286     0      0
3.75714     0      0
3.77143     0      0
3.78571     0      0
3.8     0      0
3.81429     0      0
3.82857     0      0
3.84286     0      0
3.85714     0      0
3.87143     0      0
3.88571     0      0
3.9     0      0
3.91429     0      0
3.92857     0      0
3.94286     0      0
3.95714     0      0
3.97143     0      0
3.98571     0      0
4     0      0
4.01429     0      0
4.02857     0      0
4.04286     0      0
4.05714     0      0
4.07143     0      0
4.08571     0      0
4.1     0      0
4.11429     0      0
4.12857     0      0
4.14286     0      0
4.15714     0      0
4.17143     0      0
4.18571     0      0
4.2     0      0
4.21429     0      0
4.22857     0      0
4.24286     0      0
4.25714     0      0
4.27143     0      0
4.28571     0      0
4.3     0      0
4.31429     0      0
4.32857     0      0
4.34286     0      0
4.35714     0      0
4.37143     0      0
4.38571     0      0
4.4     0      0
4.41429     0      0
4.42857     0      0
4.44286     0      0
4.45714     0      0
4.47143     0      0
4.48571     0      0
4.5     0      0
4.51429     0      0
4.52857     0      0
4.54286     0      0
4.55714     0      0
4.57143     0      0
4.58571     0      0
4.6     0      0
4.61429     0      0
4.62857     0      0
4.64286     0      0
4.65714     0      0
4.67143     0      0
4.68571     0      0
4.7     0      0
4.71429     0      0
4.72857     0      0
4.74286     0      0
4.75714     0      0
4.77143     0      0
4.78571     0      0
4.8     0      0
4.81429     0      0
4.82857     0      0
4.84286     0      0
4.85714     0      0
4.87143     0      0
4.88571     0      0
4.9     0      0
4.91429     0      0
4.92857     0      0
4.94286     0      0
4.95714     0      0
4.97143     0      0
4.98571     0      0
