# U,mu,nA_up, nA_dn, nB_up, nB_dn, ms, mf, ntotal,mu,cint
#energy    dos_upn   dos_upp   dos_dnn  dos_dnp GRID=1000 bin=700
-5     0      0
-4.98571     0      0
-4.97143     0      0
-4.95714     0      0
-4.94286     0      0
-4.92857     0      0
-4.91429     0      0
-4.9     0      0
-4.88571     0      0
-4.87143     0      0
-4.85714     0      0
-4.84286     0      0
-4.82857     0      0
-4.81429     0      0
-4.8     0      0
-4.78571     0      0
-4.77143     0      0
-4.75714     0      0
-4.74286     0      0
-4.72857     0      0
-4.71429     0      0
-4.7     0      0
-4.68571     0      0
-4.67143     0      0
-4.65714     0      0
-4.64286     0      0
-4.62857     0      0
-4.61429     0      0
-4.6     0      0
-4.58571     0      0
-4.57143     0      0
-4.55714     0      0
-4.54286     0      0
-4.52857     0      0
-4.51429     0      0
-4.5     0      0
-4.48571     0      0
-4.47143     0      0
-4.45714     0      0
-4.44286     0      0
-4.42857     0      0
-4.41429     0      0
-4.4     0      0
-4.38571     0      0
-4.37143     0      0
-4.35714     0      0
-4.34286     0      0
-4.32857     0      0
-4.31429     0      0
-4.3     0      0
-4.28571     0      0
-4.27143     0      0
-4.25714     0      0
-4.24286     0      0
-4.22857     0      0
-4.21429     0      0
-4.2     0      0
-4.18571     0      0
-4.17143     0      0
-4.15714     0      0
-4.14286     0      0
-4.12857     0      0
-4.11429     0      0
-4.1     0      0
-4.08571     0      0
-4.07143     0      0
-4.05714     0      0
-4.04286     0      0
-4.02857     0      0
-4.01429     0      0
-4     0      0
-3.98571     0      0
-3.97143     0      0
-3.95714     0      0
-3.94286     0      0
-3.92857     0      0
-3.91429     0      0
-3.9     0      0
-3.88571     0      0
-3.87143     0      0
-3.85714     0      0
-3.84286     0      0
-3.82857     0      0
-3.81429     0      0
-3.8     0      0
-3.78571     0      0
-3.77143     0      0
-3.75714     0      0
-3.74286     0      0
-3.72857     0      0
-3.71429     0      0
-3.7     0      0
-3.68571     0      0
-3.67143     0      0
-3.65714     0      0
-3.64286     0      0
-3.62857     0      0
-3.61429     0      0
-3.6     0      0
-3.58571     0      0
-3.57143     0      0
-3.55714     0      0
-3.54286     0      0
-3.52857     0      0
-3.51429     0      0
-3.5     0      0
-3.48571     0      0
-3.47143     0      0
-3.45714     0      0
-3.44286     0      0
-3.42857     0      0
-3.41429     0      0
-3.4     0      0
-3.38571     0      0
-3.37143     0      0
-3.35714     0      0
-3.34286     0      0
-3.32857     0      0
-3.31429     0      0
-3.3     0      0
-3.28571     0      0
-3.27143     0      0
-3.25714     0      0
-3.24286     0      0
-3.22857     0      0
-3.21429     0      0
-3.2     0      0
-3.18571     0      0
-3.17143     0      0
-3.15714     0      0
-3.14286     0      0
-3.12857     0      0
-3.11429     0      0
-3.1     0      0
-3.08571     0      0
-3.07143     0      0
-3.05714     0      0
-3.04286     0      0
-3.02857     0      0
-3.01429     0      0
-3     0      0
-2.98571     0      0
-2.97143     0      0
-2.95714     0      0
-2.94286     0      0
-2.92857     0      0
-2.91429     0      0
-2.9     0      0
-2.88571     0      0
-2.87143     0      0
-2.85714     0      0
-2.84286     0      0
-2.82857     0      0
-2.81429     0      0
-2.8     0      0
-2.78571     0      0
-2.77143     0      0
-2.75714     0      0
-2.74286     0      0
-2.72857     0      0
-2.71429     0      0
-2.7     0      0
-2.68571     0      0
-2.67143     0      0
-2.65714     0      0
-2.64286     0      0
-2.62857     0      0
-2.61429     0      0
-2.6     0      0
-2.58571     0      0
-2.57143     0      0
-2.55714     0      0
-2.54286     0      0
-2.52857     0      0
-2.51429     0      0
-2.5     0      0
-2.48571     0      0
-2.47143     0      0
-2.45714     0      0
-2.44286     0      0
-2.42857     0      0
-2.41429     0      0
-2.4     0      0
-2.38571     0      0
-2.37143     0      0
-2.35714     0      0
-2.34286     0      0
-2.32857     0      0
-2.31429     0      0
-2.3     0      0
-2.28571     0      0
-2.27143     0      0
-2.25714     0      0
-2.24286     0      0
-2.22857     0      0
-2.21429     0      0
-2.2     0      0
-2.18571     0      0
-2.17143     0      0
-2.15714     0      0
-2.14286     0      0
-2.12857     0      0
-2.11429     0      0
-2.1     0      0
-2.08571     0      0
-2.07143     0      0
-2.05714     6.80733e-63      0
-2.04286     3.3252e-37      0
-2.02857     8.85003e-05      0
-2.01429     0.004588      0
-2     0.0046      0
-1.98571     0.004632      0
-1.97143     0.004636      0
-1.95714     0.00466      0
-1.94286     0.004682      0
-1.92857     0.0047      0
-1.91429     0.00471      0
-1.9     0.004718      0
-1.88571     0.004766      0
-1.87143     0.004764      0
-1.85714     0.004774      0
-1.84286     0.004814      0
-1.82857     0.004806      0
-1.81429     0.00487      0
-1.8     0.004864      0
-1.78571     0.004888      0
-1.77143     0.004878      0
-1.75714     0.004964      0
-1.74286     0.004922      0
-1.72857     0.00497      0
-1.71429     0.004976      0
-1.7     0.00501      0
-1.68571     0.005054      0
-1.67143     0.005064      0
-1.65714     0.005072      0
-1.64286     0.005074      0
-1.62857     0.005126      0
-1.61429     0.005152      0
-1.6     0.005164      0
-1.58571     0.005206      0
-1.57143     0.005206      0
-1.55714     0.005234      0
-1.54286     0.005244      0
-1.52857     0.005324      0
-1.51429     0.0053      0
-1.5     0.00533      0
-1.48571     0.005324      0
-1.47143     0.005414      0
-1.45714     0.005458      0
-1.44286     0.005436      0
-1.42857     0.005464      0
-1.41429     0.00548      0
-1.4     0.005538      0
-1.38571     0.005572      0
-1.37143     0.005544      0
-1.35714     0.00562      0
-1.34286     0.005638      0
-1.32857     0.005664      0
-1.31429     0.005728      0
-1.3     0.005728      0
-1.28571     0.005772      0
-1.27143     0.005782      0
-1.25714     0.005844      0
-1.24286     0.005888      0
-1.22857     0.005888      0
-1.21429     0.005918      0
-1.2     0.005994      0
-1.18571     0.006      0
-1.17143     0.006018      0
-1.15714     0.006088      0
-1.14286     0.00612      0
-1.12857     0.006114      0
-1.11429     0.006214      0
-1.1     0.006248      0
-1.08571     0.006264      0
-1.07143     0.006312      0
-1.05714     0.006376      0
-1.04286     0.006408      0
-1.02857     0.006426      0
-1.01429     0.006506      0
-1     0.006516      0
-0.985714     0.006586      0
-0.971429     0.00667      0
-0.957143     0.00666      0
-0.942857     0.006726      0
-0.928571     0.006814      0
-0.914286     0.006828      0
-0.9     0.00689      0
-0.885714     0.00694      0
-0.871429     0.007038      0
-0.857143     0.007058      0
-0.842857     0.007156      0
-0.828571     0.007186      0
-0.814286     0.007256      0
-0.8     0.00736      0
-0.785714     0.007394      0
-0.771429     0.0075      0
-0.757143     0.007558      0
-0.742857     0.007612      0
-0.728571     0.007694      0
-0.714286     0.007788      0
-0.7     0.007904      0
-0.685714     0.007978      0
-0.671429     0.008098      0
-0.657143     0.008166      0
-0.642857     0.008276      0
-0.628571     0.008396      0
-0.614286     0.0085      0
-0.6     0.008686      0
-0.585714     0.008768      0
-0.571429     0.008884      0
-0.557143     0.009076      0
-0.542857     0.009218      0
-0.528571     0.00941      0
-0.514286     0.00963      0
-0.5     0.009738      0
-0.485714     0.010038      0
-0.471429     0.010262      0
-0.457143     0.010552      0
-0.442857     0.0108      0
-0.428571     0.011152      0
-0.414286     0.011574      0
-0.4     0.011972      0
-0.385714     0.01249      0
-0.371429     0.013178      0
-0.357143     0.013886      0
-0.342857     0.01479      0
-0.328571     0.015972      0
-0.314286     0.01769      0
-0.3     0.01999      0
-0.285714     0.023778      0
-0.271429     0.031486      0
-0.257143     0.066182      0
-0.242857     0.0316315      0
-0.228571     0      0
-0.214286     0      0
-0.2     0      0
-0.185714     0      0
-0.171429     0      0
-0.157143     0      0
-0.142857     0      0
-0.128571     0      0
-0.114286     0      0
-0.1     0      0
-0.0857143     0      0
-0.0714286     0      0
-0.0571429     0      0
-0.0428571     0      0
-0.0285714     0      0
-0.0142857     0      0
0     0      0
0.0142857     0      0
0.0285714     0      0
0.0428571     0      0
0.0571429     0      0
0.0714286     0      0
0.0857143     0      0
0.1     0      0
0.114286     0      0
0.128571     0      0
0.142857     0      0
0.157143     0      0
0.171429     0      0
0.185714     0      0
0.2     0      0
0.214286     0      0
0.228571     0      0.0316315
0.242857     0      0.066182
0.257143     0      0.031486
0.271429     0      0.023778
0.285714     0      0.01999
0.3     0      0.01769
0.314286     0      0.015972
0.328571     0      0.01479
0.342857     0      0.013886
0.357143     0      0.013178
0.371429     0      0.01249
0.385714     0      0.011972
0.4     0      0.011574
0.414286     0      0.011152
0.428571     0      0.0108
0.442857     0      0.010552
0.457143     0      0.010262
0.471429     0      0.010038
0.485714     0      0.009738
0.5     0      0.00963
0.514286     0      0.00941
0.528571     0      0.009218
0.542857     0      0.009076
0.557143     0      0.008884
0.571429     0      0.008768
0.585714     0      0.008686
0.6     0      0.0085
0.614286     0      0.008396
0.628571     0      0.008276
0.642857     0      0.008166
0.657143     0      0.008098
0.671429     0      0.007978
0.685714     0      0.007904
0.7     0      0.007788
0.714286     0      0.007694
0.728571     0      0.007612
0.742857     0      0.007558
0.757143     0      0.0075
0.771429     0      0.007394
0.785714     0      0.00736
0.8     0      0.007256
0.814286     0      0.007186
0.828571     0      0.007156
0.842857     0      0.007058
0.857143     0      0.007038
0.871429     0      0.00694
0.885714     0      0.00689
0.9     0      0.006828
0.914286     0      0.006814
0.928571     0      0.006726
0.942857     0      0.00666
0.957143     0      0.00667
0.971429     0      0.006586
0.985714     0      0.006516
1     0      0.006506
1.01429     0      0.006426
1.02857     0      0.006408
1.04286     0      0.006376
1.05714     0      0.006312
1.07143     0      0.006264
1.08571     0      0.006248
1.1     0      0.006214
1.11429     0      0.006114
1.12857     0      0.00612
1.14286     0      0.006088
1.15714     0      0.006018
1.17143     0      0.006
1.18571     0      0.005994
1.2     0      0.005918
1.21429     0      0.005888
1.22857     0      0.005888
1.24286     0      0.005844
1.25714     0      0.005782
1.27143     0      0.005772
1.28571     0      0.005728
1.3     0      0.005728
1.31429     0      0.005664
1.32857     0      0.005638
1.34286     0      0.00562
1.35714     0      0.005544
1.37143     0      0.005572
1.38571     0      0.005538
1.4     0      0.00548
1.41429     0      0.005464
1.42857     0      0.005436
1.44286     0      0.005458
1.45714     0      0.005414
1.47143     0      0.005324
1.48571     0      0.00533
1.5     0      0.0053
1.51429     0      0.005324
1.52857     0      0.005244
1.54286     0      0.005234
1.55714     0      0.005206
1.57143     0      0.005206
1.58571     0      0.005164
1.6     0      0.005152
1.61429     0      0.005126
1.62857     0      0.005074
1.64286     0      0.005072
1.65714     0      0.005064
1.67143     0      0.005054
1.68571     0      0.00501
1.7     0      0.004976
1.71429     0      0.00497
1.72857     0      0.004922
1.74286     0      0.004964
1.75714     0      0.004878
1.77143     0      0.004888
1.78571     0      0.004864
1.8     0      0.00487
1.81429     0      0.004806
1.82857     0      0.004814
1.84286     0      0.004774
1.85714     0      0.004764
1.87143     0      0.004766
1.88571     0      0.004718
1.9     0      0.00471
1.91429     0      0.0047
1.92857     0      0.004682
1.94286     0      0.00466
1.95714     0      0.004636
1.97143     0      0.004632
1.98571     0      0.0046
2     0      0.004588
2.01429     0      8.85003e-05
2.02857     0      3.3252e-37
2.04286     0      6.80733e-63
2.05714     0      0
2.07143     0      0
2.08571     0      0
2.1     0      0
2.11429     0      0
2.12857     0      0
2.14286     0      0
2.15714     0      0
2.17143     0      0
2.18571     0      0
2.2     0      0
2.21429     0      0
2.22857     0      0
2.24286     0      0
2.25714     0      0
2.27143     0      0
2.28571     0      0
2.3     0      0
2.31429     0      0
2.32857     0      0
2.34286     0      0
2.35714     0      0
2.37143     0      0
2.38571     0      0
2.4     0      0
2.41429     0      0
2.42857     0      0
2.44286     0      0
2.45714     0      0
2.47143     0      0
2.48571     0      0
2.5     0      0
2.51429     0      0
2.52857     0      0
2.54286     0      0
2.55714     0      0
2.57143     0      0
2.58571     0      0
2.6     0      0
2.61429     0      0
2.62857     0      0
2.64286     0      0
2.65714     0      0
2.67143     0      0
2.68571     0      0
2.7     0      0
2.71429     0      0
2.72857     0      0
2.74286     0      0
2.75714     0      0
2.77143     0      0
2.78571     0      0
2.8     0      0
2.81429     0      0
2.82857     0      0
2.84286     0      0
2.85714     0      0
2.87143     0      0
2.88571     0      0
2.9     0      0
2.91429     0      0
2.92857     0      0
2.94286     0      0
2.95714     0      0
2.97143     0      0
2.98571     0      0
3     0      0
3.01429     0      0
3.02857     0      0
3.04286     0      0
3.05714     0      0
3.07143     0      0
3.08571     0      0
3.1     0      0
3.11429     0      0
3.12857     0      0
3.14286     0      0
3.15714     0      0
3.17143     0      0
3.18571     0      0
3.2     0      0
3.21429     0      0
3.22857     0      0
3.24286     0      0
3.25714     0      0
3.27143     0      0
3.28571     0      0
3.3     0      0
3.31429     0      0
3.32857     0      0
3.34286     0      0
3.35714     0      0
3.37143     0      0
3.38571     0      0
3.4     0      0
3.41429     0      0
3.42857     0      0
3.44286     0      0
3.45714     0      0
3.47143     0      0
3.48571     0      0
3.5     0      0
3.51429     0      0
3.52857     0      0
3.54286     0      0
3.55714     0      0
3.57143     0      0
3.58571     0      0
3.6     0      0
3.61429     0      0
3.62857     0      0
3.64286     0      0
3.65714     0      0
3.67143     0      0
3.68571     0      0
3.7     0      0
3.71429     0      0
3.72857     0      0
3.74286     0      0
3.75714     0      0
3.77143     0      0
3.78571     0      0
3.8     0      0
3.81429     0      0
3.82857     0      0
3.84286     0      0
3.85714     0      0
3.87143     0      0
3.88571     0      0
3.9     0      0
3.91429     0      0
3.92857     0      0
3.94286     0      0
3.95714     0      0
3.97143     0      0
3.98571     0      0
4     0      0
4.01429     0      0
4.02857     0      0
4.04286     0      0
4.05714     0      0
4.07143     0      0
4.08571     0      0
4.1     0      0
4.11429     0      0
4.12857     0      0
4.14286     0      0
4.15714     0      0
4.17143     0      0
4.18571     0      0
4.2     0      0
4.21429     0      0
4.22857     0      0
4.24286     0      0
4.25714     0      0
4.27143     0      0
4.28571     0      0
4.3     0      0
4.31429     0      0
4.32857     0      0
4.34286     0      0
4.35714     0      0
4.37143     0      0
4.38571     0      0
4.4     0      0
4.41429     0      0
4.42857     0      0
4.44286     0      0
4.45714     0      0
4.47143     0      0
4.48571     0      0
4.5     0      0
4.51429     0      0
4.52857     0      0
4.54286     0      0
4.55714     0      0
4.57143     0      0
4.58571     0      0
4.6     0      0
4.61429     0      0
4.62857     0      0
4.64286     0      0
4.65714     0      0
4.67143     0      0
4.68571     0      0
4.7     0      0
4.71429     0      0
4.72857     0      0
4.74286     0      0
4.75714     0      0
4.77143     0      0
4.78571     0      0
4.8     0      0
4.81429     0      0
4.82857     0      0
4.84286     0      0
4.85714     0      0
4.87143     0      0
4.88571     0      0
4.9     0      0
4.91429     0      0
4.92857     0      0
4.94286     0      0
4.95714     0      0
4.97143     0      0
4.98571     0      0
