# U,mu,nA_up, nA_dn, nB_up, nB_dn, ms, mf, ntotal,mu,cint
#energy    dos_upn   dos_upp   dos_dnn  dos_dnp GRID=1000 bin=700
-5     0      0
-4.98571     0      0
-4.97143     0      0
-4.95714     0      0
-4.94286     0      0
-4.92857     0      0
-4.91429     0      0
-4.9     0      0
-4.88571     0      0
-4.87143     0      0
-4.85714     0      0
-4.84286     0      0
-4.82857     0      0
-4.81429     0      0
-4.8     0      0
-4.78571     0      0
-4.77143     0      0
-4.75714     0      0
-4.74286     0      0
-4.72857     0      0
-4.71429     0      0
-4.7     0      0
-4.68571     0      0
-4.67143     0      0
-4.65714     0      0
-4.64286     0      0
-4.62857     0      0
-4.61429     0      0
-4.6     0      0
-4.58571     0      0
-4.57143     0      0
-4.55714     0      0
-4.54286     0      0
-4.52857     0      0
-4.51429     0      0
-4.5     0      0
-4.48571     0      0
-4.47143     0      0
-4.45714     0      0
-4.44286     0      0
-4.42857     0      0
-4.41429     0      0
-4.4     0      0
-4.38571     0      0
-4.37143     0      0
-4.35714     0      0
-4.34286     0      0
-4.32857     0      0
-4.31429     0      0
-4.3     0      0
-4.28571     0      0
-4.27143     0      0
-4.25714     0      0
-4.24286     0      0
-4.22857     0      0
-4.21429     0      0
-4.2     0      0
-4.18571     0      0
-4.17143     0      0
-4.15714     0      0
-4.14286     0      0
-4.12857     0      0
-4.11429     0      0
-4.1     0      0
-4.08571     0      0
-4.07143     0      0
-4.05714     0      0
-4.04286     0      0
-4.02857     0      0
-4.01429     0      0
-4     0      0
-3.98571     0      0
-3.97143     0      0
-3.95714     0      0
-3.94286     0      0
-3.92857     0      0
-3.91429     0      0
-3.9     0      0
-3.88571     0      0
-3.87143     0      0
-3.85714     0      0
-3.84286     0      0
-3.82857     0      0
-3.81429     0      0
-3.8     0      0
-3.78571     0      0
-3.77143     0      0
-3.75714     0      0
-3.74286     0      0
-3.72857     0      0
-3.71429     0      0
-3.7     0      0
-3.68571     0      0
-3.67143     0      0
-3.65714     0      0
-3.64286     0      0
-3.62857     0      0
-3.61429     0      0
-3.6     0      0
-3.58571     0      0
-3.57143     0      0
-3.55714     0      0
-3.54286     0      0
-3.52857     0      0
-3.51429     0      0
-3.5     0      0
-3.48571     0      0
-3.47143     0      0
-3.45714     0      0
-3.44286     0      0
-3.42857     0      0
-3.41429     0      0
-3.4     0      0
-3.38571     0      0
-3.37143     0      0
-3.35714     0      0
-3.34286     0      0
-3.32857     0      0
-3.31429     0      0
-3.3     0      0
-3.28571     0      0
-3.27143     0      0
-3.25714     0      0
-3.24286     0      0
-3.22857     0      0
-3.21429     0      0
-3.2     0      0
-3.18571     0      0
-3.17143     0      0
-3.15714     0      0
-3.14286     0      0
-3.12857     0      0
-3.11429     0      0
-3.1     0      0
-3.08571     0      0
-3.07143     0      0
-3.05714     0      0
-3.04286     0      0
-3.02857     0      0
-3.01429     0      0
-3     0      0
-2.98571     0      0
-2.97143     0      0
-2.95714     0      0
-2.94286     0      0
-2.92857     0      0
-2.91429     0      0
-2.9     0      0
-2.88571     0      0
-2.87143     0      0
-2.85714     0      0
-2.84286     0      0
-2.82857     0      0
-2.81429     0      0
-2.8     0      0
-2.78571     0      0
-2.77143     0      0
-2.75714     0      0
-2.74286     0      0
-2.72857     0      0
-2.71429     0      0
-2.7     0      0
-2.68571     0      0
-2.67143     0      0
-2.65714     0      0
-2.64286     0      0
-2.62857     0      0
-2.61429     0      0
-2.6     0      0
-2.58571     0      0
-2.57143     0      0
-2.55714     0      0
-2.54286     0      0
-2.52857     0      0
-2.51429     0      0
-2.5     0      0
-2.48571     0      0
-2.47143     0      0
-2.45714     0      0
-2.44286     0      0
-2.42857     0      0
-2.41429     0      0
-2.4     0      0
-2.38571     0      0
-2.37143     0      0
-2.35714     0      0
-2.34286     0      0
-2.32857     0      0
-2.31429     0      0
-2.3     0      0
-2.28571     0      0
-2.27143     0      0
-2.25714     0      0
-2.24286     0      0
-2.22857     0      0
-2.21429     0      0
-2.2     0      0
-2.18571     0      0
-2.17143     0      0
-2.15714     0      0
-2.14286     0      0
-2.12857     0      0
-2.11429     0      0
-2.1     0      0
-2.08571     0      0
-2.07143     0      0
-2.05714     2.78828e-23      0
-2.04286     0.0015905      0
-2.02857     0.004636      0
-2.01429     0.004668      0
-2     0.004672      0
-1.98571     0.004692      0
-1.97143     0.004712      0
-1.95714     0.00473      0
-1.94286     0.004752      0
-1.92857     0.004778      0
-1.91429     0.00476      0
-1.9     0.004822      0
-1.88571     0.004842      0
-1.87143     0.004826      0
-1.85714     0.004876      0
-1.84286     0.004918      0
-1.82857     0.004884      0
-1.81429     0.00495      0
-1.8     0.004964      0
-1.78571     0.004972      0
-1.77143     0.004982      0
-1.75714     0.005018      0
-1.74286     0.005034      0
-1.72857     0.005098      0
-1.71429     0.005092      0
-1.7     0.005096      0
-1.68571     0.005148      0
-1.67143     0.005156      0
-1.65714     0.005172      0
-1.64286     0.005204      0
-1.62857     0.005268      0
-1.61429     0.00524      0
-1.6     0.005304      0
-1.58571     0.005292      0
-1.57143     0.005336      0
-1.55714     0.00537      0
-1.54286     0.005398      0
-1.52857     0.005446      0
-1.51429     0.005412      0
-1.5     0.005508      0
-1.48571     0.00552      0
-1.47143     0.00552      0
-1.45714     0.00559      0
-1.44286     0.00558      0
-1.42857     0.00564      0
-1.41429     0.005644      0
-1.4     0.005722      0
-1.38571     0.005708      0
-1.37143     0.005764      0
-1.35714     0.005808      0
-1.34286     0.005832      0
-1.32857     0.005892      0
-1.31429     0.005892      0
-1.3     0.00594      0
-1.28571     0.005968      0
-1.27143     0.00602      0
-1.25714     0.006048      0
-1.24286     0.006078      0
-1.22857     0.006148      0
-1.21429     0.00618      0
-1.2     0.006228      0
-1.18571     0.006264      0
-1.17143     0.006292      0
-1.15714     0.006358      0
-1.14286     0.006406      0
-1.12857     0.006464      0
-1.11429     0.006512      0
-1.1     0.00654      0
-1.08571     0.006562      0
-1.07143     0.006642      0
-1.05714     0.00676      0
-1.04286     0.006772      0
-1.02857     0.006828      0
-1.01429     0.006888      0
-1     0.006934      0
-0.985714     0.007028      0
-0.971429     0.007068      0
-0.957143     0.007124      0
-0.942857     0.007214      0
-0.928571     0.007296      0
-0.914286     0.00738      0
-0.9     0.007422      0
-0.885714     0.007544      0
-0.871429     0.007584      0
-0.857143     0.007736      0
-0.842857     0.00777      0
-0.828571     0.007934      0
-0.814286     0.007968      0
-0.8     0.008108      0
-0.785714     0.008192      0
-0.771429     0.008344      0
-0.757143     0.008466      0
-0.742857     0.008572      0
-0.728571     0.008692      0
-0.714286     0.00895      0
-0.7     0.009058      0
-0.685714     0.009194      0
-0.671429     0.009422      0
-0.657143     0.009558      0
-0.642857     0.009802      0
-0.628571     0.010098      0
-0.614286     0.010292      0
-0.6     0.010592      0
-0.585714     0.010908      0
-0.571429     0.011272      0
-0.557143     0.011618      0
-0.542857     0.012114      0
-0.528571     0.012608      0
-0.514286     0.01325      0
-0.5     0.013932      0
-0.485714     0.014812      0
-0.471429     0.015934      0
-0.457143     0.01726      0
-0.442857     0.019082      0
-0.428571     0.021732      0
-0.414286     0.025896      0
-0.4     0.03369      0
-0.385714     0.058638      0
-0.371429     0.0652835      0
-0.357143     0      0
-0.342857     0      0
-0.328571     0      0
-0.314286     0      0
-0.3     0      0
-0.285714     0      0
-0.271429     0      0
-0.257143     0      0
-0.242857     0      0
-0.228571     0      0
-0.214286     0      0
-0.2     0      0
-0.185714     0      0
-0.171429     0      0
-0.157143     0      0
-0.142857     0      0
-0.128571     0      0
-0.114286     0      0
-0.1     0      0
-0.0857143     0      0
-0.0714286     0      0
-0.0571429     0      0
-0.0428571     0      0
-0.0285714     0      0
-0.0142857     0      0
0     0      0
0.0142857     0      0
0.0285714     0      0
0.0428571     0      0
0.0571429     0      0
0.0714286     0      0
0.0857143     0      0
0.1     0      0
0.114286     0      0
0.128571     0      0
0.142857     0      0
0.157143     0      0
0.171429     0      0
0.185714     0      0
0.2     0      0
0.214286     0      0
0.228571     0      0
0.242857     0      0
0.257143     0      0
0.271429     0      0
0.285714     0      0
0.3     0      0
0.314286     0      0
0.328571     0      0
0.342857     0      0
0.357143     0      0.0652835
0.371429     0      0.058638
0.385714     0      0.03369
0.4     0      0.025896
0.414286     0      0.021732
0.428571     0      0.019082
0.442857     0      0.01726
0.457143     0      0.015934
0.471429     0      0.014812
0.485714     0      0.013932
0.5     0      0.01325
0.514286     0      0.012608
0.528571     0      0.012114
0.542857     0      0.011618
0.557143     0      0.011272
0.571429     0      0.010908
0.585714     0      0.010592
0.6     0      0.010292
0.614286     0      0.010098
0.628571     0      0.009802
0.642857     0      0.009558
0.657143     0      0.009422
0.671429     0      0.009194
0.685714     0      0.009058
0.7     0      0.00895
0.714286     0      0.008692
0.728571     0      0.008572
0.742857     0      0.008466
0.757143     0      0.008344
0.771429     0      0.008192
0.785714     0      0.008108
0.8     0      0.007968
0.814286     0      0.007934
0.828571     0      0.00777
0.842857     0      0.007736
0.857143     0      0.007584
0.871429     0      0.007544
0.885714     0      0.007422
0.9     0      0.00738
0.914286     0      0.007296
0.928571     0      0.007214
0.942857     0      0.007124
0.957143     0      0.007068
0.971429     0      0.007028
0.985714     0      0.006934
1     0      0.006888
1.01429     0      0.006828
1.02857     0      0.006772
1.04286     0      0.00676
1.05714     0      0.006642
1.07143     0      0.006562
1.08571     0      0.00654
1.1     0      0.006512
1.11429     0      0.006464
1.12857     0      0.006406
1.14286     0      0.006358
1.15714     0      0.006292
1.17143     0      0.006264
1.18571     0      0.006228
1.2     0      0.00618
1.21429     0      0.006148
1.22857     0      0.006078
1.24286     0      0.006048
1.25714     0      0.00602
1.27143     0      0.005968
1.28571     0      0.00594
1.3     0      0.005892
1.31429     0      0.005892
1.32857     0      0.005832
1.34286     0      0.005808
1.35714     0      0.005764
1.37143     0      0.005708
1.38571     0      0.005722
1.4     0      0.005644
1.41429     0      0.00564
1.42857     0      0.00558
1.44286     0      0.00559
1.45714     0      0.00552
1.47143     0      0.00552
1.48571     0      0.005508
1.5     0      0.005412
1.51429     0      0.005446
1.52857     0      0.005398
1.54286     0      0.00537
1.55714     0      0.005336
1.57143     0      0.005292
1.58571     0      0.005304
1.6     0      0.00524
1.61429     0      0.005268
1.62857     0      0.005204
1.64286     0      0.005172
1.65714     0      0.005156
1.67143     0      0.005148
1.68571     0      0.005096
1.7     0      0.005092
1.71429     0      0.005098
1.72857     0      0.005034
1.74286     0      0.005018
1.75714     0      0.004982
1.77143     0      0.004972
1.78571     0      0.004964
1.8     0      0.00495
1.81429     0      0.004884
1.82857     0      0.004918
1.84286     0      0.004876
1.85714     0      0.004826
1.87143     0      0.004842
1.88571     0      0.004822
1.9     0      0.00476
1.91429     0      0.004778
1.92857     0      0.004752
1.94286     0      0.00473
1.95714     0      0.004712
1.97143     0      0.004692
1.98571     0      0.004672
2     0      0.004668
2.01429     0      0.004636
2.02857     0      0.0015905
2.04286     0      2.78828e-23
2.05714     0      0
2.07143     0      0
2.08571     0      0
2.1     0      0
2.11429     0      0
2.12857     0      0
2.14286     0      0
2.15714     0      0
2.17143     0      0
2.18571     0      0
2.2     0      0
2.21429     0      0
2.22857     0      0
2.24286     0      0
2.25714     0      0
2.27143     0      0
2.28571     0      0
2.3     0      0
2.31429     0      0
2.32857     0      0
2.34286     0      0
2.35714     0      0
2.37143     0      0
2.38571     0      0
2.4     0      0
2.41429     0      0
2.42857     0      0
2.44286     0      0
2.45714     0      0
2.47143     0      0
2.48571     0      0
2.5     0      0
2.51429     0      0
2.52857     0      0
2.54286     0      0
2.55714     0      0
2.57143     0      0
2.58571     0      0
2.6     0      0
2.61429     0      0
2.62857     0      0
2.64286     0      0
2.65714     0      0
2.67143     0      0
2.68571     0      0
2.7     0      0
2.71429     0      0
2.72857     0      0
2.74286     0      0
2.75714     0      0
2.77143     0      0
2.78571     0      0
2.8     0      0
2.81429     0      0
2.82857     0      0
2.84286     0      0
2.85714     0      0
2.87143     0      0
2.88571     0      0
2.9     0      0
2.91429     0      0
2.92857     0      0
2.94286     0      0
2.95714     0      0
2.97143     0      0
2.98571     0      0
3     0      0
3.01429     0      0
3.02857     0      0
3.04286     0      0
3.05714     0      0
3.07143     0      0
3.08571     0      0
3.1     0      0
3.11429     0      0
3.12857     0      0
3.14286     0      0
3.15714     0      0
3.17143     0      0
3.18571     0      0
3.2     0      0
3.21429     0      0
3.22857     0      0
3.24286     0      0
3.25714     0      0
3.27143     0      0
3.28571     0      0
3.3     0      0
3.31429     0      0
3.32857     0      0
3.34286     0      0
3.35714     0      0
3.37143     0      0
3.38571     0      0
3.4     0      0
3.41429     0      0
3.42857     0      0
3.44286     0      0
3.45714     0      0
3.47143     0      0
3.48571     0      0
3.5     0      0
3.51429     0      0
3.52857     0      0
3.54286     0      0
3.55714     0      0
3.57143     0      0
3.58571     0      0
3.6     0      0
3.61429     0      0
3.62857     0      0
3.64286     0      0
3.65714     0      0
3.67143     0      0
3.68571     0      0
3.7     0      0
3.71429     0      0
3.72857     0      0
3.74286     0      0
3.75714     0      0
3.77143     0      0
3.78571     0      0
3.8     0      0
3.81429     0      0
3.82857     0      0
3.84286     0      0
3.85714     0      0
3.87143     0      0
3.88571     0      0
3.9     0      0
3.91429     0      0
3.92857     0      0
3.94286     0      0
3.95714     0      0
3.97143     0      0
3.98571     0      0
4     0      0
4.01429     0      0
4.02857     0      0
4.04286     0      0
4.05714     0      0
4.07143     0      0
4.08571     0      0
4.1     0      0
4.11429     0      0
4.12857     0      0
4.14286     0      0
4.15714     0      0
4.17143     0      0
4.18571     0      0
4.2     0      0
4.21429     0      0
4.22857     0      0
4.24286     0      0
4.25714     0      0
4.27143     0      0
4.28571     0      0
4.3     0      0
4.31429     0      0
4.32857     0      0
4.34286     0      0
4.35714     0      0
4.37143     0      0
4.38571     0      0
4.4     0      0
4.41429     0      0
4.42857     0      0
4.44286     0      0
4.45714     0      0
4.47143     0      0
4.48571     0      0
4.5     0      0
4.51429     0      0
4.52857     0      0
4.54286     0      0
4.55714     0      0
4.57143     0      0
4.58571     0      0
4.6     0      0
4.61429     0      0
4.62857     0      0
4.64286     0      0
4.65714     0      0
4.67143     0      0
4.68571     0      0
4.7     0      0
4.71429     0      0
4.72857     0      0
4.74286     0      0
4.75714     0      0
4.77143     0      0
4.78571     0      0
4.8     0      0
4.81429     0      0
4.82857     0      0
4.84286     0      0
4.85714     0      0
4.87143     0      0
4.88571     0      0
4.9     0      0
4.91429     0      0
4.92857     0      0
4.94286     0      0
4.95714     0      0
4.97143     0      0
4.98571     0      0
