# U,mu,nA_up, nA_dn, nB_up, nB_dn, ms, mf, ntotal,mu,cint
#energy    dos_upn   dos_upp   dos_dnn  dos_dnp GRID=1000 bin=700
-5     0      0
-4.98571     0      0
-4.97143     0      0
-4.95714     0      0
-4.94286     0      0
-4.92857     0      0
-4.91429     0      0
-4.9     0      0
-4.88571     0      0
-4.87143     0      0
-4.85714     0      0
-4.84286     0      0
-4.82857     0      0
-4.81429     0      0
-4.8     0      0
-4.78571     0      0
-4.77143     0      0
-4.75714     0      0
-4.74286     0      0
-4.72857     0      0
-4.71429     0      0
-4.7     0      0
-4.68571     0      0
-4.67143     0      0
-4.65714     0      0
-4.64286     0      0
-4.62857     0      0
-4.61429     0      0
-4.6     0      0
-4.58571     0      0
-4.57143     0      0
-4.55714     0      0
-4.54286     0      0
-4.52857     0      0
-4.51429     0      0
-4.5     0      0
-4.48571     0      0
-4.47143     0      0
-4.45714     0      0
-4.44286     0      0
-4.42857     0      0
-4.41429     0      0
-4.4     0      0
-4.38571     0      0
-4.37143     0      0
-4.35714     0      0
-4.34286     0      0
-4.32857     0      0
-4.31429     0      0
-4.3     0      0
-4.28571     0      0
-4.27143     0      0
-4.25714     0      0
-4.24286     0      0
-4.22857     0      0
-4.21429     0      0
-4.2     0      0
-4.18571     0      0
-4.17143     0      0
-4.15714     0      0
-4.14286     0      0
-4.12857     0      0
-4.11429     0      0
-4.1     0      0
-4.08571     0      0
-4.07143     0      0
-4.05714     0      0
-4.04286     0      0
-4.02857     0      0
-4.01429     0      0
-4     0      0
-3.98571     0      0
-3.97143     0      0
-3.95714     0      0
-3.94286     0      0
-3.92857     0      0
-3.91429     0      0
-3.9     0      0
-3.88571     0      0
-3.87143     0      0
-3.85714     0      0
-3.84286     0      0
-3.82857     0      0
-3.81429     0      0
-3.8     0      0
-3.78571     0      0
-3.77143     0      0
-3.75714     0      0
-3.74286     0      0
-3.72857     0      0
-3.71429     0      0
-3.7     0      0
-3.68571     0      0
-3.67143     0      0
-3.65714     0      0
-3.64286     0      0
-3.62857     0      0
-3.61429     0      0
-3.6     0      0
-3.58571     0      0
-3.57143     0      0
-3.55714     0      0
-3.54286     0      0
-3.52857     0      0
-3.51429     0      0
-3.5     0      0
-3.48571     0      0
-3.47143     0      0
-3.45714     0      0
-3.44286     0      0
-3.42857     0      0
-3.41429     0      0
-3.4     0      0
-3.38571     0      0
-3.37143     0      0
-3.35714     0      0
-3.34286     0      0
-3.32857     0      0
-3.31429     0      0
-3.3     0      0
-3.28571     0      0
-3.27143     0      0
-3.25714     0      0
-3.24286     0      0
-3.22857     0      0
-3.21429     0      0
-3.2     0      0
-3.18571     0      0
-3.17143     0      0
-3.15714     0      0
-3.14286     0      0
-3.12857     0      0
-3.11429     0      0
-3.1     0      0
-3.08571     0      0
-3.07143     0      0
-3.05714     0      0
-3.04286     0      0
-3.02857     0      0
-3.01429     0      0
-3     0      0
-2.98571     0      0
-2.97143     0      0
-2.95714     0      0
-2.94286     0      0
-2.92857     0      0
-2.91429     0      0
-2.9     0      0
-2.88571     0      0
-2.87143     0      0
-2.85714     0      0
-2.84286     0      0
-2.82857     0      0
-2.81429     0      0
-2.8     0      0
-2.78571     0      0
-2.77143     0      0
-2.75714     0      0
-2.74286     0      0
-2.72857     0      0
-2.71429     0      0
-2.7     0      0
-2.68571     0      0
-2.67143     0      0
-2.65714     0      0
-2.64286     0      0
-2.62857     0      0
-2.61429     0      0
-2.6     0      0
-2.58571     0      0
-2.57143     0      0
-2.55714     0      0
-2.54286     0      0
-2.52857     0      0
-2.51429     0      0
-2.5     0      0
-2.48571     0      0
-2.47143     0      0
-2.45714     0      0
-2.44286     0      0
-2.42857     0      0
-2.41429     0      0
-2.4     0      0
-2.38571     0      0
-2.37143     0      0
-2.35714     0      0
-2.34286     0      0
-2.32857     0      0
-2.31429     0      0
-2.3     0      0
-2.28571     0      0
-2.27143     0      0
-2.25714     0      0
-2.24286     0      0
-2.22857     0      0
-2.21429     0      0
-2.2     0      0
-2.18571     0      0
-2.17143     0      0
-2.15714     0      0
-2.14286     0      0
-2.12857     0      0
-2.11429     0      0
-2.1     0      0
-2.08571     0      0
-2.07143     0      0
-2.05714     4.25458e-76      0
-2.04286     2.07825e-50      0
-2.02857     5.53127e-18      0
-2.01429     0.0037205      0
-2     0.004602      0
-1.98571     0.004614      0
-1.97143     0.004638      0
-1.95714     0.004642      0
-1.94286     0.004662      0
-1.92857     0.00469      0
-1.91429     0.00471      0
-1.9     0.00469      0
-1.88571     0.004758      0
-1.87143     0.004756      0
-1.85714     0.004774      0
-1.84286     0.004806      0
-1.82857     0.004808      0
-1.81429     0.004824      0
-1.8     0.004832      0
-1.78571     0.00491      0
-1.77143     0.004862      0
-1.75714     0.004918      0
-1.74286     0.00494      0
-1.72857     0.004928      0
-1.71429     0.005018      0
-1.7     0.004988      0
-1.68571     0.005006      0
-1.67143     0.005044      0
-1.65714     0.005052      0
-1.64286     0.005084      0
-1.62857     0.005094      0
-1.61429     0.00511      0
-1.6     0.005144      0
-1.58571     0.005192      0
-1.57143     0.005196      0
-1.55714     0.005216      0
-1.54286     0.005248      0
-1.52857     0.005266      0
-1.51429     0.005294      0
-1.5     0.005326      0
-1.48571     0.005336      0
-1.47143     0.00536      0
-1.45714     0.005402      0
-1.44286     0.005408      0
-1.42857     0.005436      0
-1.41429     0.005476      0
-1.4     0.005518      0
-1.38571     0.00554      0
-1.37143     0.005536      0
-1.35714     0.005592      0
-1.34286     0.00562      0
-1.32857     0.005656      0
-1.31429     0.00568      0
-1.3     0.005682      0
-1.28571     0.00574      0
-1.27143     0.005784      0
-1.25714     0.005784      0
-1.24286     0.005814      0
-1.22857     0.005904      0
-1.21429     0.005908      0
-1.2     0.005868      0
-1.18571     0.006      0
-1.17143     0.006008      0
-1.15714     0.005998      0
-1.14286     0.006124      0
-1.12857     0.00609      0
-1.11429     0.00613      0
-1.1     0.006196      0
-1.08571     0.006256      0
-1.07143     0.006216      0
-1.05714     0.006352      0
-1.04286     0.006348      0
-1.02857     0.006348      0
-1.01429     0.006504      0
-1     0.00646      0
-0.985714     0.00648      0
-0.971429     0.006624      0
-0.957143     0.0066      0
-0.942857     0.006656      0
-0.928571     0.00672      0
-0.914286     0.006796      0
-0.9     0.006802      0
-0.885714     0.006866      0
-0.871429     0.006926      0
-0.857143     0.007      0
-0.842857     0.007032      0
-0.828571     0.007108      0
-0.814286     0.007168      0
-0.8     0.007246      0
-0.785714     0.0073      0
-0.771429     0.007382      0
-0.757143     0.007388      0
-0.742857     0.007538      0
-0.728571     0.007576      0
-0.714286     0.007638      0
-0.7     0.007736      0
-0.685714     0.007868      0
-0.671429     0.007886      0
-0.657143     0.008006      0
-0.642857     0.00813      0
-0.628571     0.008176      0
-0.614286     0.008296      0
-0.6     0.008428      0
-0.585714     0.008512      0
-0.571429     0.008676      0
-0.557143     0.008772      0
-0.542857     0.008894      0
-0.528571     0.00909      0
-0.514286     0.009248      0
-0.5     0.009422      0
-0.485714     0.009568      0
-0.471429     0.009742      0
-0.457143     0.010032      0
-0.442857     0.010212      0
-0.428571     0.010464      0
-0.414286     0.010844      0
-0.4     0.011114      0
-0.385714     0.011526      0
-0.371429     0.011914      0
-0.357143     0.012432      0
-0.342857     0.013052      0
-0.328571     0.013816      0
-0.314286     0.014702      0
-0.3     0.015952      0
-0.285714     0.017534      0
-0.271429     0.02003      0
-0.257143     0.024096      0
-0.242857     0.032944      0
-0.228571     0.0856035      0
-0.214286     0      0
-0.2     0      0
-0.185714     0      0
-0.171429     0      0
-0.157143     0      0
-0.142857     0      0
-0.128571     0      0
-0.114286     0      0
-0.1     0      0
-0.0857143     0      0
-0.0714286     0      0
-0.0571429     0      0
-0.0428571     0      0
-0.0285714     0      0
-0.0142857     0      0
0     0      0
0.0142857     0      0
0.0285714     0      0
0.0428571     0      0
0.0571429     0      0
0.0714286     0      0
0.0857143     0      0
0.1     0      0
0.114286     0      0
0.128571     0      0
0.142857     0      0
0.157143     0      0
0.171429     0      0
0.185714     0      0
0.2     0      0
0.214286     0      0.0856035
0.228571     0      0.032944
0.242857     0      0.024096
0.257143     0      0.02003
0.271429     0      0.017534
0.285714     0      0.015952
0.3     0      0.014702
0.314286     0      0.013816
0.328571     0      0.013052
0.342857     0      0.012432
0.357143     0      0.011914
0.371429     0      0.011526
0.385714     0      0.011114
0.4     0      0.010844
0.414286     0      0.010464
0.428571     0      0.010212
0.442857     0      0.010032
0.457143     0      0.009742
0.471429     0      0.009568
0.485714     0      0.009422
0.5     0      0.009248
0.514286     0      0.00909
0.528571     0      0.008894
0.542857     0      0.008772
0.557143     0      0.008676
0.571429     0      0.008512
0.585714     0      0.008428
0.6     0      0.008296
0.614286     0      0.008176
0.628571     0      0.00813
0.642857     0      0.008006
0.657143     0      0.007886
0.671429     0      0.007868
0.685714     0      0.007736
0.7     0      0.007638
0.714286     0      0.007576
0.728571     0      0.007538
0.742857     0      0.007388
0.757143     0      0.007382
0.771429     0      0.0073
0.785714     0      0.007246
0.8     0      0.007168
0.814286     0      0.007108
0.828571     0      0.007032
0.842857     0      0.007
0.857143     0      0.006926
0.871429     0      0.006866
0.885714     0      0.006802
0.9     0      0.006796
0.914286     0      0.00672
0.928571     0      0.006656
0.942857     0      0.0066
0.957143     0      0.006624
0.971429     0      0.00648
0.985714     0      0.00646
1     0      0.006504
1.01429     0      0.006348
1.02857     0      0.006348
1.04286     0      0.006352
1.05714     0      0.006216
1.07143     0      0.006256
1.08571     0      0.006196
1.1     0      0.00613
1.11429     0      0.00609
1.12857     0      0.006124
1.14286     0      0.005998
1.15714     0      0.006008
1.17143     0      0.006
1.18571     0      0.005868
1.2     0      0.005908
1.21429     0      0.005904
1.22857     0      0.005814
1.24286     0      0.005784
1.25714     0      0.005784
1.27143     0      0.00574
1.28571     0      0.005682
1.3     0      0.00568
1.31429     0      0.005656
1.32857     0      0.00562
1.34286     0      0.005592
1.35714     0      0.005536
1.37143     0      0.00554
1.38571     0      0.005518
1.4     0      0.005476
1.41429     0      0.005436
1.42857     0      0.005408
1.44286     0      0.005402
1.45714     0      0.00536
1.47143     0      0.005336
1.48571     0      0.005326
1.5     0      0.005294
1.51429     0      0.005266
1.52857     0      0.005248
1.54286     0      0.005216
1.55714     0      0.005196
1.57143     0      0.005192
1.58571     0      0.005144
1.6     0      0.00511
1.61429     0      0.005094
1.62857     0      0.005084
1.64286     0      0.005052
1.65714     0      0.005044
1.67143     0      0.005006
1.68571     0      0.004988
1.7     0      0.005018
1.71429     0      0.004928
1.72857     0      0.00494
1.74286     0      0.004918
1.75714     0      0.004862
1.77143     0      0.00491
1.78571     0      0.004832
1.8     0      0.004824
1.81429     0      0.004808
1.82857     0      0.004806
1.84286     0      0.004774
1.85714     0      0.004756
1.87143     0      0.004758
1.88571     0      0.00469
1.9     0      0.00471
1.91429     0      0.00469
1.92857     0      0.004662
1.94286     0      0.004642
1.95714     0      0.004638
1.97143     0      0.004614
1.98571     0      0.004602
2     0      0.0037205
2.01429     0      5.53127e-18
2.02857     0      2.07825e-50
2.04286     0      4.25458e-76
2.05714     0      0
2.07143     0      0
2.08571     0      0
2.1     0      0
2.11429     0      0
2.12857     0      0
2.14286     0      0
2.15714     0      0
2.17143     0      0
2.18571     0      0
2.2     0      0
2.21429     0      0
2.22857     0      0
2.24286     0      0
2.25714     0      0
2.27143     0      0
2.28571     0      0
2.3     0      0
2.31429     0      0
2.32857     0      0
2.34286     0      0
2.35714     0      0
2.37143     0      0
2.38571     0      0
2.4     0      0
2.41429     0      0
2.42857     0      0
2.44286     0      0
2.45714     0      0
2.47143     0      0
2.48571     0      0
2.5     0      0
2.51429     0      0
2.52857     0      0
2.54286     0      0
2.55714     0      0
2.57143     0      0
2.58571     0      0
2.6     0      0
2.61429     0      0
2.62857     0      0
2.64286     0      0
2.65714     0      0
2.67143     0      0
2.68571     0      0
2.7     0      0
2.71429     0      0
2.72857     0      0
2.74286     0      0
2.75714     0      0
2.77143     0      0
2.78571     0      0
2.8     0      0
2.81429     0      0
2.82857     0      0
2.84286     0      0
2.85714     0      0
2.87143     0      0
2.88571     0      0
2.9     0      0
2.91429     0      0
2.92857     0      0
2.94286     0      0
2.95714     0      0
2.97143     0      0
2.98571     0      0
3     0      0
3.01429     0      0
3.02857     0      0
3.04286     0      0
3.05714     0      0
3.07143     0      0
3.08571     0      0
3.1     0      0
3.11429     0      0
3.12857     0      0
3.14286     0      0
3.15714     0      0
3.17143     0      0
3.18571     0      0
3.2     0      0
3.21429     0      0
3.22857     0      0
3.24286     0      0
3.25714     0      0
3.27143     0      0
3.28571     0      0
3.3     0      0
3.31429     0      0
3.32857     0      0
3.34286     0      0
3.35714     0      0
3.37143     0      0
3.38571     0      0
3.4     0      0
3.41429     0      0
3.42857     0      0
3.44286     0      0
3.45714     0      0
3.47143     0      0
3.48571     0      0
3.5     0      0
3.51429     0      0
3.52857     0      0
3.54286     0      0
3.55714     0      0
3.57143     0      0
3.58571     0      0
3.6     0      0
3.61429     0      0
3.62857     0      0
3.64286     0      0
3.65714     0      0
3.67143     0      0
3.68571     0      0
3.7     0      0
3.71429     0      0
3.72857     0      0
3.74286     0      0
3.75714     0      0
3.77143     0      0
3.78571     0      0
3.8     0      0
3.81429     0      0
3.82857     0      0
3.84286     0      0
3.85714     0      0
3.87143     0      0
3.88571     0      0
3.9     0      0
3.91429     0      0
3.92857     0      0
3.94286     0      0
3.95714     0      0
3.97143     0      0
3.98571     0      0
4     0      0
4.01429     0      0
4.02857     0      0
4.04286     0      0
4.05714     0      0
4.07143     0      0
4.08571     0      0
4.1     0      0
4.11429     0      0
4.12857     0      0
4.14286     0      0
4.15714     0      0
4.17143     0      0
4.18571     0      0
4.2     0      0
4.21429     0      0
4.22857     0      0
4.24286     0      0
4.25714     0      0
4.27143     0      0
4.28571     0      0
4.3     0      0
4.31429     0      0
4.32857     0      0
4.34286     0      0
4.35714     0      0
4.37143     0      0
4.38571     0      0
4.4     0      0
4.41429     0      0
4.42857     0      0
4.44286     0      0
4.45714     0      0
4.47143     0      0
4.48571     0      0
4.5     0      0
4.51429     0      0
4.52857     0      0
4.54286     0      0
4.55714     0      0
4.57143     0      0
4.58571     0      0
4.6     0      0
4.61429     0      0
4.62857     0      0
4.64286     0      0
4.65714     0      0
4.67143     0      0
4.68571     0      0
4.7     0      0
4.71429     0      0
4.72857     0      0
4.74286     0      0
4.75714     0      0
4.77143     0      0
4.78571     0      0
4.8     0      0
4.81429     0      0
4.82857     0      0
4.84286     0      0
4.85714     0      0
4.87143     0      0
4.88571     0      0
4.9     0      0
4.91429     0      0
4.92857     0      0
4.94286     0      0
4.95714     0      0
4.97143     0      0
4.98571     0      0
