# U,mu,nA_up, nA_dn, nB_up, nB_dn, ms, mf, ntotal,mu,cint
#energy    dos_upn   dos_upp   dos_dnn  dos_dnp GRID=1000 bin=700
-5     0      0
-4.98571     0      0
-4.97143     0      0
-4.95714     0      0
-4.94286     0      0
-4.92857     0      0
-4.91429     0      0
-4.9     0      0
-4.88571     0      0
-4.87143     0      0
-4.85714     0      0
-4.84286     0      0
-4.82857     0      0
-4.81429     0      0
-4.8     0      0
-4.78571     0      0
-4.77143     0      0
-4.75714     0      0
-4.74286     0      0
-4.72857     0      0
-4.71429     0      0
-4.7     0      0
-4.68571     0      0
-4.67143     0      0
-4.65714     0      0
-4.64286     0      0
-4.62857     0      0
-4.61429     0      0
-4.6     0      0
-4.58571     0      0
-4.57143     0      0
-4.55714     0      0
-4.54286     0      0
-4.52857     0      0
-4.51429     0      0
-4.5     0      0
-4.48571     0      0
-4.47143     0      0
-4.45714     0      0
-4.44286     0      0
-4.42857     0      0
-4.41429     0      0
-4.4     0      0
-4.38571     0      0
-4.37143     0      0
-4.35714     0      0
-4.34286     0      0
-4.32857     0      0
-4.31429     0      0
-4.3     0      0
-4.28571     0      0
-4.27143     0      0
-4.25714     0      0
-4.24286     0      0
-4.22857     0      0
-4.21429     0      0
-4.2     0      0
-4.18571     0      0
-4.17143     0      0
-4.15714     0      0
-4.14286     0      0
-4.12857     0      0
-4.11429     0      0
-4.1     0      0
-4.08571     0      0
-4.07143     0      0
-4.05714     0      0
-4.04286     0      0
-4.02857     0      0
-4.01429     0      0
-4     0      0
-3.98571     0      0
-3.97143     0      0
-3.95714     0      0
-3.94286     0      0
-3.92857     0      0
-3.91429     0      0
-3.9     0      0
-3.88571     0      0
-3.87143     0      0
-3.85714     0      0
-3.84286     0      0
-3.82857     0      0
-3.81429     0      0
-3.8     0      0
-3.78571     0      0
-3.77143     0      0
-3.75714     0      0
-3.74286     0      0
-3.72857     0      0
-3.71429     0      0
-3.7     0      0
-3.68571     0      0
-3.67143     0      0
-3.65714     0      0
-3.64286     0      0
-3.62857     0      0
-3.61429     0      0
-3.6     0      0
-3.58571     0      0
-3.57143     0      0
-3.55714     0      0
-3.54286     0      0
-3.52857     0      0
-3.51429     0      0
-3.5     0      0
-3.48571     0      0
-3.47143     0      0
-3.45714     0      0
-3.44286     0      0
-3.42857     0      0
-3.41429     0      0
-3.4     0      0
-3.38571     0      0
-3.37143     0      0
-3.35714     0      0
-3.34286     0      0
-3.32857     0      0
-3.31429     0      0
-3.3     0      0
-3.28571     0      0
-3.27143     0      0
-3.25714     0      0
-3.24286     0      0
-3.22857     0      0
-3.21429     0      0
-3.2     0      0
-3.18571     0      0
-3.17143     0      0
-3.15714     0      0
-3.14286     0      0
-3.12857     0      0
-3.11429     0      0
-3.1     0      0
-3.08571     0      0
-3.07143     0      0
-3.05714     0      0
-3.04286     0      0
-3.02857     0      0
-3.01429     0      0
-3     0      0
-2.98571     0      0
-2.97143     0      0
-2.95714     0      0
-2.94286     0      0
-2.92857     0      0
-2.91429     0      0
-2.9     0      0
-2.88571     0      0
-2.87143     0      0
-2.85714     0      0
-2.84286     0      0
-2.82857     0      0
-2.81429     0      0
-2.8     0      0
-2.78571     0      0
-2.77143     0      0
-2.75714     0      0
-2.74286     0      0
-2.72857     0      0
-2.71429     0      0
-2.7     0      0
-2.68571     0      0
-2.67143     0      0
-2.65714     0      0
-2.64286     0      0
-2.62857     0      0
-2.61429     0      0
-2.6     0      0
-2.58571     0      0
-2.57143     0      0
-2.55714     0      0
-2.54286     0      0
-2.52857     0      0
-2.51429     0      0
-2.5     0      0
-2.48571     0      0
-2.47143     0      0
-2.45714     0      0
-2.44286     0      0
-2.42857     0      0
-2.41429     0      0
-2.4     0      0
-2.38571     0      0
-2.37143     0      0
-2.35714     0      0
-2.34286     0      0
-2.32857     0      0
-2.31429     0      0
-2.3     0      0
-2.28571     0      0
-2.27143     0      0
-2.25714     0      0
-2.24286     0      0
-2.22857     0      0
-2.21429     0      0
-2.2     0      0
-2.18571     0      0
-2.17143     0      0
-2.15714     0      0
-2.14286     0      0
-2.12857     0      0
-2.11429     0      0
-2.1     0      0
-2.08571     0      0
-2.07143     0      0
-2.05714     1.03872e-115      0
-2.04286     5.07385e-90      0
-2.02857     1.35041e-57      0
-2.01429     0.0019965      0
-2     0.004582      0
-1.98571     0.0046      0
-1.97143     0.00461      0
-1.95714     0.004612      0
-1.94286     0.00467      0
-1.92857     0.00465      0
-1.91429     0.004676      0
-1.9     0.004706      0
-1.88571     0.004718      0
-1.87143     0.004734      0
-1.85714     0.00474      0
-1.84286     0.004774      0
-1.82857     0.00478      0
-1.81429     0.004828      0
-1.8     0.004808      0
-1.78571     0.004862      0
-1.77143     0.00485      0
-1.75714     0.004878      0
-1.74286     0.004928      0
-1.72857     0.004914      0
-1.71429     0.00496      0
-1.7     0.004954      0
-1.68571     0.004976      0
-1.67143     0.004996      0
-1.65714     0.005044      0
-1.64286     0.005056      0
-1.62857     0.005088      0
-1.61429     0.005086      0
-1.6     0.005114      0
-1.58571     0.005144      0
-1.57143     0.005116      0
-1.55714     0.005224      0
-1.54286     0.00521      0
-1.52857     0.005234      0
-1.51429     0.005246      0
-1.5     0.005272      0
-1.48571     0.005304      0
-1.47143     0.00533      0
-1.45714     0.00533      0
-1.44286     0.00542      0
-1.42857     0.005396      0
-1.41429     0.005414      0
-1.4     0.00548      0
-1.38571     0.005444      0
-1.37143     0.005522      0
-1.35714     0.005548      0
-1.34286     0.00558      0
-1.32857     0.005592      0
-1.31429     0.005624      0
-1.3     0.005636      0
-1.28571     0.005706      0
-1.27143     0.0057      0
-1.25714     0.005748      0
-1.24286     0.005722      0
-1.22857     0.005832      0
-1.21429     0.005836      0
-1.2     0.005846      0
-1.18571     0.005902      0
-1.17143     0.005936      0
-1.15714     0.005958      0
-1.14286     0.006004      0
-1.12857     0.006068      0
-1.11429     0.006012      0
-1.1     0.006148      0
-1.08571     0.006118      0
-1.07143     0.00617      0
-1.05714     0.00626      0
-1.04286     0.006214      0
-1.02857     0.006286      0
-1.01429     0.00638      0
-1     0.00637      0
-0.985714     0.006414      0
-0.971429     0.006446      0
-0.957143     0.006528      0
-0.942857     0.006542      0
-0.928571     0.00657      0
-0.914286     0.006642      0
-0.9     0.00668      0
-0.885714     0.006758      0
-0.871429     0.006806      0
-0.857143     0.006812      0
-0.842857     0.006904      0
-0.828571     0.00696      0
-0.814286     0.00697      0
-0.8     0.007028      0
-0.785714     0.007136      0
-0.771429     0.007152      0
-0.757143     0.00725      0
-0.742857     0.007292      0
-0.728571     0.007338      0
-0.714286     0.00742      0
-0.7     0.007464      0
-0.685714     0.007564      0
-0.671429     0.007642      0
-0.657143     0.007686      0
-0.642857     0.007806      0
-0.628571     0.007856      0
-0.614286     0.007974      0
-0.6     0.007992      0
-0.585714     0.008098      0
-0.571429     0.00826      0
-0.557143     0.00832      0
-0.542857     0.008412      0
-0.528571     0.00854      0
-0.514286     0.008644      0
-0.5     0.008764      0
-0.485714     0.008868      0
-0.471429     0.00905      0
-0.457143     0.009176      0
-0.442857     0.00933      0
-0.428571     0.009488      0
-0.414286     0.00968      0
-0.4     0.009872      0
-0.385714     0.010088      0
-0.371429     0.010276      0
-0.357143     0.01056      0
-0.342857     0.010882      0
-0.328571     0.011218      0
-0.314286     0.011566      0
-0.3     0.012006      0
-0.285714     0.012526      0
-0.271429     0.013184      0
-0.257143     0.013974      0
-0.242857     0.014968      0
-0.228571     0.016322      0
-0.214286     0.018476      0
-0.2     0.021892      0
-0.185714     0.029176      0
-0.171429     0.0772795      0
-0.157143     0      0
-0.142857     0      0
-0.128571     0      0
-0.114286     0      0
-0.1     0      0
-0.0857143     0      0
-0.0714286     0      0
-0.0571429     0      0
-0.0428571     0      0
-0.0285714     0      0
-0.0142857     0      0
0     0      0
0.0142857     0      0
0.0285714     0      0
0.0428571     0      0
0.0571429     0      0
0.0714286     0      0
0.0857143     0      0
0.1     0      0
0.114286     0      0
0.128571     0      0
0.142857     0      0
0.157143     0      0.0772795
0.171429     0      0.029176
0.185714     0      0.021892
0.2     0      0.018476
0.214286     0      0.016322
0.228571     0      0.014968
0.242857     0      0.013974
0.257143     0      0.013184
0.271429     0      0.012526
0.285714     0      0.012006
0.3     0      0.011566
0.314286     0      0.011218
0.328571     0      0.010882
0.342857     0      0.01056
0.357143     0      0.010276
0.371429     0      0.010088
0.385714     0      0.009872
0.4     0      0.00968
0.414286     0      0.009488
0.428571     0      0.00933
0.442857     0      0.009176
0.457143     0      0.00905
0.471429     0      0.008868
0.485714     0      0.008764
0.5     0      0.008644
0.514286     0      0.00854
0.528571     0      0.008412
0.542857     0      0.00832
0.557143     0      0.00826
0.571429     0      0.008098
0.585714     0      0.007992
0.6     0      0.007974
0.614286     0      0.007856
0.628571     0      0.007806
0.642857     0      0.007686
0.657143     0      0.007642
0.671429     0      0.007564
0.685714     0      0.007464
0.7     0      0.00742
0.714286     0      0.007338
0.728571     0      0.007292
0.742857     0      0.00725
0.757143     0      0.007152
0.771429     0      0.007136
0.785714     0      0.007028
0.8     0      0.00697
0.814286     0      0.00696
0.828571     0      0.006904
0.842857     0      0.006812
0.857143     0      0.006806
0.871429     0      0.006758
0.885714     0      0.00668
0.9     0      0.006642
0.914286     0      0.00657
0.928571     0      0.006542
0.942857     0      0.006528
0.957143     0      0.006446
0.971429     0      0.006414
0.985714     0      0.00637
1     0      0.00638
1.01429     0      0.006286
1.02857     0      0.006214
1.04286     0      0.00626
1.05714     0      0.00617
1.07143     0      0.006118
1.08571     0      0.006148
1.1     0      0.006012
1.11429     0      0.006068
1.12857     0      0.006004
1.14286     0      0.005958
1.15714     0      0.005936
1.17143     0      0.005902
1.18571     0      0.005846
1.2     0      0.005836
1.21429     0      0.005832
1.22857     0      0.005722
1.24286     0      0.005748
1.25714     0      0.0057
1.27143     0      0.005706
1.28571     0      0.005636
1.3     0      0.005624
1.31429     0      0.005592
1.32857     0      0.00558
1.34286     0      0.005548
1.35714     0      0.005522
1.37143     0      0.005444
1.38571     0      0.00548
1.4     0      0.005414
1.41429     0      0.005396
1.42857     0      0.00542
1.44286     0      0.00533
1.45714     0      0.00533
1.47143     0      0.005304
1.48571     0      0.005272
1.5     0      0.005246
1.51429     0      0.005234
1.52857     0      0.00521
1.54286     0      0.005224
1.55714     0      0.005116
1.57143     0      0.005144
1.58571     0      0.005114
1.6     0      0.005086
1.61429     0      0.005088
1.62857     0      0.005056
1.64286     0      0.005044
1.65714     0      0.004996
1.67143     0      0.004976
1.68571     0      0.004954
1.7     0      0.00496
1.71429     0      0.004914
1.72857     0      0.004928
1.74286     0      0.004878
1.75714     0      0.00485
1.77143     0      0.004862
1.78571     0      0.004808
1.8     0      0.004828
1.81429     0      0.00478
1.82857     0      0.004774
1.84286     0      0.00474
1.85714     0      0.004734
1.87143     0      0.004718
1.88571     0      0.004706
1.9     0      0.004676
1.91429     0      0.00465
1.92857     0      0.00467
1.94286     0      0.004612
1.95714     0      0.00461
1.97143     0      0.0046
1.98571     0      0.004582
2     0      0.0019965
2.01429     0      1.35041e-57
2.02857     0      5.07385e-90
2.04286     0      1.03872e-115
2.05714     0      0
2.07143     0      0
2.08571     0      0
2.1     0      0
2.11429     0      0
2.12857     0      0
2.14286     0      0
2.15714     0      0
2.17143     0      0
2.18571     0      0
2.2     0      0
2.21429     0      0
2.22857     0      0
2.24286     0      0
2.25714     0      0
2.27143     0      0
2.28571     0      0
2.3     0      0
2.31429     0      0
2.32857     0      0
2.34286     0      0
2.35714     0      0
2.37143     0      0
2.38571     0      0
2.4     0      0
2.41429     0      0
2.42857     0      0
2.44286     0      0
2.45714     0      0
2.47143     0      0
2.48571     0      0
2.5     0      0
2.51429     0      0
2.52857     0      0
2.54286     0      0
2.55714     0      0
2.57143     0      0
2.58571     0      0
2.6     0      0
2.61429     0      0
2.62857     0      0
2.64286     0      0
2.65714     0      0
2.67143     0      0
2.68571     0      0
2.7     0      0
2.71429     0      0
2.72857     0      0
2.74286     0      0
2.75714     0      0
2.77143     0      0
2.78571     0      0
2.8     0      0
2.81429     0      0
2.82857     0      0
2.84286     0      0
2.85714     0      0
2.87143     0      0
2.88571     0      0
2.9     0      0
2.91429     0      0
2.92857     0      0
2.94286     0      0
2.95714     0      0
2.97143     0      0
2.98571     0      0
3     0      0
3.01429     0      0
3.02857     0      0
3.04286     0      0
3.05714     0      0
3.07143     0      0
3.08571     0      0
3.1     0      0
3.11429     0      0
3.12857     0      0
3.14286     0      0
3.15714     0      0
3.17143     0      0
3.18571     0      0
3.2     0      0
3.21429     0      0
3.22857     0      0
3.24286     0      0
3.25714     0      0
3.27143     0      0
3.28571     0      0
3.3     0      0
3.31429     0      0
3.32857     0      0
3.34286     0      0
3.35714     0      0
3.37143     0      0
3.38571     0      0
3.4     0      0
3.41429     0      0
3.42857     0      0
3.44286     0      0
3.45714     0      0
3.47143     0      0
3.48571     0      0
3.5     0      0
3.51429     0      0
3.52857     0      0
3.54286     0      0
3.55714     0      0
3.57143     0      0
3.58571     0      0
3.6     0      0
3.61429     0      0
3.62857     0      0
3.64286     0      0
3.65714     0      0
3.67143     0      0
3.68571     0      0
3.7     0      0
3.71429     0      0
3.72857     0      0
3.74286     0      0
3.75714     0      0
3.77143     0      0
3.78571     0      0
3.8     0      0
3.81429     0      0
3.82857     0      0
3.84286     0      0
3.85714     0      0
3.87143     0      0
3.88571     0      0
3.9     0      0
3.91429     0      0
3.92857     0      0
3.94286     0      0
3.95714     0      0
3.97143     0      0
3.98571     0      0
4     0      0
4.01429     0      0
4.02857     0      0
4.04286     0      0
4.05714     0      0
4.07143     0      0
4.08571     0      0
4.1     0      0
4.11429     0      0
4.12857     0      0
4.14286     0      0
4.15714     0      0
4.17143     0      0
4.18571     0      0
4.2     0      0
4.21429     0      0
4.22857     0      0
4.24286     0      0
4.25714     0      0
4.27143     0      0
4.28571     0      0
4.3     0      0
4.31429     0      0
4.32857     0      0
4.34286     0      0
4.35714     0      0
4.37143     0      0
4.38571     0      0
4.4     0      0
4.41429     0      0
4.42857     0      0
4.44286     0      0
4.45714     0      0
4.47143     0      0
4.48571     0      0
4.5     0      0
4.51429     0      0
4.52857     0      0
4.54286     0      0
4.55714     0      0
4.57143     0      0
4.58571     0      0
4.6     0      0
4.61429     0      0
4.62857     0      0
4.64286     0      0
4.65714     0      0
4.67143     0      0
4.68571     0      0
4.7     0      0
4.71429     0      0
4.72857     0      0
4.74286     0      0
4.75714     0      0
4.77143     0      0
4.78571     0      0
4.8     0      0
4.81429     0      0
4.82857     0      0
4.84286     0      0
4.85714     0      0
4.87143     0      0
4.88571     0      0
4.9     0      0
4.91429     0      0
4.92857     0      0
4.94286     0      0
4.95714     0      0
4.97143     0      0
4.98571     0      0
