# U,mu,nA_up, nA_dn, nB_up, nB_dn, ms, mf, ntotal,mu,cint
#energy    dos_upn   dos_upp   dos_dnn  dos_dnp GRID=1000 bin=700
-5     0      0
-4.98571     0      0
-4.97143     0      0
-4.95714     0      0
-4.94286     0      0
-4.92857     0      0
-4.91429     0      0
-4.9     0      0
-4.88571     0      0
-4.87143     0      0
-4.85714     0      0
-4.84286     0      0
-4.82857     0      0
-4.81429     0      0
-4.8     0      0
-4.78571     0      0
-4.77143     0      0
-4.75714     0      0
-4.74286     0      0
-4.72857     0      0
-4.71429     0      0
-4.7     0      0
-4.68571     0      0
-4.67143     0      0
-4.65714     0      0
-4.64286     0      0
-4.62857     0      0
-4.61429     0      0
-4.6     0      0
-4.58571     0      0
-4.57143     0      0
-4.55714     0      0
-4.54286     0      0
-4.52857     0      0
-4.51429     0      0
-4.5     0      0
-4.48571     0      0
-4.47143     0      0
-4.45714     0      0
-4.44286     0      0
-4.42857     0      0
-4.41429     0      0
-4.4     0      0
-4.38571     0      0
-4.37143     0      0
-4.35714     0      0
-4.34286     0      0
-4.32857     0      0
-4.31429     0      0
-4.3     0      0
-4.28571     0      0
-4.27143     0      0
-4.25714     0      0
-4.24286     0      0
-4.22857     0      0
-4.21429     0      0
-4.2     0      0
-4.18571     0      0
-4.17143     0      0
-4.15714     0      0
-4.14286     0      0
-4.12857     0      0
-4.11429     0      0
-4.1     0      0
-4.08571     0      0
-4.07143     0      0
-4.05714     0      0
-4.04286     0      0
-4.02857     0      0
-4.01429     0      0
-4     0      0
-3.98571     0      0
-3.97143     0      0
-3.95714     0      0
-3.94286     0      0
-3.92857     0      0
-3.91429     0      0
-3.9     0      0
-3.88571     0      0
-3.87143     0      0
-3.85714     0      0
-3.84286     0      0
-3.82857     0      0
-3.81429     0      0
-3.8     0      0
-3.78571     0      0
-3.77143     0      0
-3.75714     0      0
-3.74286     0      0
-3.72857     0      0
-3.71429     0      0
-3.7     0      0
-3.68571     0      0
-3.67143     0      0
-3.65714     0      0
-3.64286     0      0
-3.62857     0      0
-3.61429     0      0
-3.6     0      0
-3.58571     0      0
-3.57143     0      0
-3.55714     0      0
-3.54286     0      0
-3.52857     0      0
-3.51429     0      0
-3.5     0      0
-3.48571     0      0
-3.47143     0      0
-3.45714     0      0
-3.44286     0      0
-3.42857     0      0
-3.41429     0      0
-3.4     0      0
-3.38571     0      0
-3.37143     0      0
-3.35714     0      0
-3.34286     0      0
-3.32857     0      0
-3.31429     0      0
-3.3     0      0
-3.28571     0      0
-3.27143     0      0
-3.25714     0      0
-3.24286     0      0
-3.22857     0      0
-3.21429     0      0
-3.2     0      0
-3.18571     0      0
-3.17143     0      0
-3.15714     0      0
-3.14286     0      0
-3.12857     0      0
-3.11429     0      0
-3.1     0      0
-3.08571     0      0
-3.07143     0      0
-3.05714     0      0
-3.04286     0      0
-3.02857     0      0
-3.01429     0      0
-3     0      0
-2.98571     0      0
-2.97143     0      0
-2.95714     0      0
-2.94286     0      0
-2.92857     0      0
-2.91429     0      0
-2.9     0      0
-2.88571     0      0
-2.87143     0      0
-2.85714     0      0
-2.84286     0      0
-2.82857     0      0
-2.81429     0      0
-2.8     0      0
-2.78571     0      0
-2.77143     0      0
-2.75714     0      0
-2.74286     0      0
-2.72857     0      0
-2.71429     0      0
-2.7     0      0
-2.68571     0      0
-2.67143     0      0
-2.65714     0      0
-2.64286     0      0
-2.62857     0      0
-2.61429     0      0
-2.6     0      0
-2.58571     0      0
-2.57143     0      0
-2.55714     0      0
-2.54286     0      0
-2.52857     0      0
-2.51429     0      0
-2.5     0      0
-2.48571     0      0
-2.47143     0      0
-2.45714     0      0
-2.44286     0      0
-2.42857     0      0
-2.41429     0      0
-2.4     0      0
-2.38571     0      0
-2.37143     0      0
-2.35714     0      0
-2.34286     0      0
-2.32857     0      0
-2.31429     0      0
-2.3     0      0
-2.28571     0      0
-2.27143     0      0
-2.25714     0      0
-2.24286     0      0
-2.22857     0      0
-2.21429     0      0
-2.2     0      0
-2.18571     0      0
-2.17143     0      0
-2.15714     0      0
-2.14286     0      0
-2.12857     0      0
-2.11429     0      0
-2.1     0      0
-2.08571     0      0
-2.07143     0      0
-2.05714     1.08917e-49      0
-2.04286     5.32032e-24      0
-2.02857     0.0020465      0
-2.01429     0.004616      0
-2     0.004624      0
-1.98571     0.004644      0
-1.97143     0.004666      0
-1.95714     0.004692      0
-1.94286     0.004686      0
-1.92857     0.004714      0
-1.91429     0.00475      0
-1.9     0.004758      0
-1.88571     0.00477      0
-1.87143     0.0048      0
-1.85714     0.004804      0
-1.84286     0.004822      0
-1.82857     0.004882      0
-1.81429     0.004852      0
-1.8     0.004898      0
-1.78571     0.00492      0
-1.77143     0.00493      0
-1.75714     0.004958      0
-1.74286     0.00498      0
-1.72857     0.004984      0
-1.71429     0.005      0
-1.7     0.005088      0
-1.68571     0.00506      0
-1.67143     0.005092      0
-1.65714     0.005108      0
-1.64286     0.005108      0
-1.62857     0.005164      0
-1.61429     0.005196      0
-1.6     0.005188      0
-1.58571     0.005226      0
-1.57143     0.00527      0
-1.55714     0.005266      0
-1.54286     0.005312      0
-1.52857     0.005344      0
-1.51429     0.005344      0
-1.5     0.005378      0
-1.48571     0.005392      0
-1.47143     0.00547      0
-1.45714     0.005454      0
-1.44286     0.0055      0
-1.42857     0.005532      0
-1.41429     0.005544      0
-1.4     0.005576      0
-1.38571     0.00561      0
-1.37143     0.00564      0
-1.35714     0.005676      0
-1.34286     0.005676      0
-1.32857     0.005718      0
-1.31429     0.00578      0
-1.3     0.005808      0
-1.28571     0.005828      0
-1.27143     0.005876      0
-1.25714     0.005862      0
-1.24286     0.005952      0
-1.22857     0.005976      0
-1.21429     0.006048      0
-1.2     0.006018      0
-1.18571     0.006082      0
-1.17143     0.006136      0
-1.15714     0.006152      0
-1.14286     0.006206      0
-1.12857     0.006272      0
-1.11429     0.006262      0
-1.1     0.006336      0
-1.08571     0.006346      0
-1.07143     0.006452      0
-1.05714     0.006466      0
-1.04286     0.006512      0
-1.02857     0.006526      0
-1.01429     0.006656      0
-1     0.00665      0
-0.985714     0.006704      0
-0.971429     0.006746      0
-0.957143     0.00687      0
-0.942857     0.006836      0
-0.928571     0.006984      0
-0.914286     0.006986      0
-0.9     0.007018      0
-0.885714     0.007168      0
-0.871429     0.007206      0
-0.857143     0.007228      0
-0.842857     0.007352      0
-0.828571     0.007434      0
-0.814286     0.00746      0
-0.8     0.00753      0
-0.785714     0.007644      0
-0.771429     0.007748      0
-0.757143     0.007832      0
-0.742857     0.007884      0
-0.728571     0.008008      0
-0.714286     0.008134      0
-0.7     0.008222      0
-0.685714     0.00827      0
-0.671429     0.008518      0
-0.657143     0.008556      0
-0.642857     0.008676      0
-0.628571     0.008906      0
-0.614286     0.008982      0
-0.6     0.009136      0
-0.585714     0.009382      0
-0.571429     0.009518      0
-0.557143     0.009778      0
-0.542857     0.009888      0
-0.528571     0.010224      0
-0.514286     0.010452      0
-0.5     0.010792      0
-0.485714     0.011072      0
-0.471429     0.011518      0
-0.457143     0.011882      0
-0.442857     0.01241      0
-0.428571     0.012942      0
-0.414286     0.013726      0
-0.4     0.014546      0
-0.385714     0.015608      0
-0.371429     0.016968      0
-0.357143     0.01889      0
-0.342857     0.021796      0
-0.328571     0.026468      0
-0.314286     0.037024      0
-0.3     0.0941475      0
-0.285714     0      0
-0.271429     0      0
-0.257143     0      0
-0.242857     0      0
-0.228571     0      0
-0.214286     0      0
-0.2     0      0
-0.185714     0      0
-0.171429     0      0
-0.157143     0      0
-0.142857     0      0
-0.128571     0      0
-0.114286     0      0
-0.1     0      0
-0.0857143     0      0
-0.0714286     0      0
-0.0571429     0      0
-0.0428571     0      0
-0.0285714     0      0
-0.0142857     0      0
0     0      0
0.0142857     0      0
0.0285714     0      0
0.0428571     0      0
0.0571429     0      0
0.0714286     0      0
0.0857143     0      0
0.1     0      0
0.114286     0      0
0.128571     0      0
0.142857     0      0
0.157143     0      0
0.171429     0      0
0.185714     0      0
0.2     0      0
0.214286     0      0
0.228571     0      0
0.242857     0      0
0.257143     0      0
0.271429     0      0
0.285714     0      0.0941475
0.3     0      0.037024
0.314286     0      0.026468
0.328571     0      0.021796
0.342857     0      0.01889
0.357143     0      0.016968
0.371429     0      0.015608
0.385714     0      0.014546
0.4     0      0.013726
0.414286     0      0.012942
0.428571     0      0.01241
0.442857     0      0.011882
0.457143     0      0.011518
0.471429     0      0.011072
0.485714     0      0.010792
0.5     0      0.010452
0.514286     0      0.010224
0.528571     0      0.009888
0.542857     0      0.009778
0.557143     0      0.009518
0.571429     0      0.009382
0.585714     0      0.009136
0.6     0      0.008982
0.614286     0      0.008906
0.628571     0      0.008676
0.642857     0      0.008556
0.657143     0      0.008518
0.671429     0      0.00827
0.685714     0      0.008222
0.7     0      0.008134
0.714286     0      0.008008
0.728571     0      0.007884
0.742857     0      0.007832
0.757143     0      0.007748
0.771429     0      0.007644
0.785714     0      0.00753
0.8     0      0.00746
0.814286     0      0.007434
0.828571     0      0.007352
0.842857     0      0.007228
0.857143     0      0.007206
0.871429     0      0.007168
0.885714     0      0.007018
0.9     0      0.006986
0.914286     0      0.006984
0.928571     0      0.006836
0.942857     0      0.00687
0.957143     0      0.006746
0.971429     0      0.006704
0.985714     0      0.00665
1     0      0.006656
1.01429     0      0.006526
1.02857     0      0.006512
1.04286     0      0.006466
1.05714     0      0.006452
1.07143     0      0.006346
1.08571     0      0.006336
1.1     0      0.006262
1.11429     0      0.006272
1.12857     0      0.006206
1.14286     0      0.006152
1.15714     0      0.006136
1.17143     0      0.006082
1.18571     0      0.006018
1.2     0      0.006048
1.21429     0      0.005976
1.22857     0      0.005952
1.24286     0      0.005862
1.25714     0      0.005876
1.27143     0      0.005828
1.28571     0      0.005808
1.3     0      0.00578
1.31429     0      0.005718
1.32857     0      0.005676
1.34286     0      0.005676
1.35714     0      0.00564
1.37143     0      0.00561
1.38571     0      0.005576
1.4     0      0.005544
1.41429     0      0.005532
1.42857     0      0.0055
1.44286     0      0.005454
1.45714     0      0.00547
1.47143     0      0.005392
1.48571     0      0.005378
1.5     0      0.005344
1.51429     0      0.005344
1.52857     0      0.005312
1.54286     0      0.005266
1.55714     0      0.00527
1.57143     0      0.005226
1.58571     0      0.005188
1.6     0      0.005196
1.61429     0      0.005164
1.62857     0      0.005108
1.64286     0      0.005108
1.65714     0      0.005092
1.67143     0      0.00506
1.68571     0      0.005088
1.7     0      0.005
1.71429     0      0.004984
1.72857     0      0.00498
1.74286     0      0.004958
1.75714     0      0.00493
1.77143     0      0.00492
1.78571     0      0.004898
1.8     0      0.004852
1.81429     0      0.004882
1.82857     0      0.004822
1.84286     0      0.004804
1.85714     0      0.0048
1.87143     0      0.00477
1.88571     0      0.004758
1.9     0      0.00475
1.91429     0      0.004714
1.92857     0      0.004686
1.94286     0      0.004692
1.95714     0      0.004666
1.97143     0      0.004644
1.98571     0      0.004624
2     0      0.004616
2.01429     0      0.0020465
2.02857     0      5.32032e-24
2.04286     0      1.08917e-49
2.05714     0      0
2.07143     0      0
2.08571     0      0
2.1     0      0
2.11429     0      0
2.12857     0      0
2.14286     0      0
2.15714     0      0
2.17143     0      0
2.18571     0      0
2.2     0      0
2.21429     0      0
2.22857     0      0
2.24286     0      0
2.25714     0      0
2.27143     0      0
2.28571     0      0
2.3     0      0
2.31429     0      0
2.32857     0      0
2.34286     0      0
2.35714     0      0
2.37143     0      0
2.38571     0      0
2.4     0      0
2.41429     0      0
2.42857     0      0
2.44286     0      0
2.45714     0      0
2.47143     0      0
2.48571     0      0
2.5     0      0
2.51429     0      0
2.52857     0      0
2.54286     0      0
2.55714     0      0
2.57143     0      0
2.58571     0      0
2.6     0      0
2.61429     0      0
2.62857     0      0
2.64286     0      0
2.65714     0      0
2.67143     0      0
2.68571     0      0
2.7     0      0
2.71429     0      0
2.72857     0      0
2.74286     0      0
2.75714     0      0
2.77143     0      0
2.78571     0      0
2.8     0      0
2.81429     0      0
2.82857     0      0
2.84286     0      0
2.85714     0      0
2.87143     0      0
2.88571     0      0
2.9     0      0
2.91429     0      0
2.92857     0      0
2.94286     0      0
2.95714     0      0
2.97143     0      0
2.98571     0      0
3     0      0
3.01429     0      0
3.02857     0      0
3.04286     0      0
3.05714     0      0
3.07143     0      0
3.08571     0      0
3.1     0      0
3.11429     0      0
3.12857     0      0
3.14286     0      0
3.15714     0      0
3.17143     0      0
3.18571     0      0
3.2     0      0
3.21429     0      0
3.22857     0      0
3.24286     0      0
3.25714     0      0
3.27143     0      0
3.28571     0      0
3.3     0      0
3.31429     0      0
3.32857     0      0
3.34286     0      0
3.35714     0      0
3.37143     0      0
3.38571     0      0
3.4     0      0
3.41429     0      0
3.42857     0      0
3.44286     0      0
3.45714     0      0
3.47143     0      0
3.48571     0      0
3.5     0      0
3.51429     0      0
3.52857     0      0
3.54286     0      0
3.55714     0      0
3.57143     0      0
3.58571     0      0
3.6     0      0
3.61429     0      0
3.62857     0      0
3.64286     0      0
3.65714     0      0
3.67143     0      0
3.68571     0      0
3.7     0      0
3.71429     0      0
3.72857     0      0
3.74286     0      0
3.75714     0      0
3.77143     0      0
3.78571     0      0
3.8     0      0
3.81429     0      0
3.82857     0      0
3.84286     0      0
3.85714     0      0
3.87143     0      0
3.88571     0      0
3.9     0      0
3.91429     0      0
3.92857     0      0
3.94286     0      0
3.95714     0      0
3.97143     0      0
3.98571     0      0
4     0      0
4.01429     0      0
4.02857     0      0
4.04286     0      0
4.05714     0      0
4.07143     0      0
4.08571     0      0
4.1     0      0
4.11429     0      0
4.12857     0      0
4.14286     0      0
4.15714     0      0
4.17143     0      0
4.18571     0      0
4.2     0      0
4.21429     0      0
4.22857     0      0
4.24286     0      0
4.25714     0      0
4.27143     0      0
4.28571     0      0
4.3     0      0
4.31429     0      0
4.32857     0      0
4.34286     0      0
4.35714     0      0
4.37143     0      0
4.38571     0      0
4.4     0      0
4.41429     0      0
4.42857     0      0
4.44286     0      0
4.45714     0      0
4.47143     0      0
4.48571     0      0
4.5     0      0
4.51429     0      0
4.52857     0      0
4.54286     0      0
4.55714     0      0
4.57143     0      0
4.58571     0      0
4.6     0      0
4.61429     0      0
4.62857     0      0
4.64286     0      0
4.65714     0      0
4.67143     0      0
4.68571     0      0
4.7     0      0
4.71429     0      0
4.72857     0      0
4.74286     0      0
4.75714     0      0
4.77143     0      0
4.78571     0      0
4.8     0      0
4.81429     0      0
4.82857     0      0
4.84286     0      0
4.85714     0      0
4.87143     0      0
4.88571     0      0
4.9     0      0
4.91429     0      0
4.92857     0      0
4.94286     0      0
4.95714     0      0
4.97143     0      0
4.98571     0      0
