# U,mu,nA_up, nA_dn, nB_up, nB_dn, ms, mf, ntotal,mu,cint
#energy    dos_upn   dos_upp   dos_dnn  dos_dnp GRID=1000 bin=700
-5     0      0
-4.98571     0      0
-4.97143     0      0
-4.95714     0      0
-4.94286     0      0
-4.92857     0      0
-4.91429     0      0
-4.9     0      0
-4.88571     0      0
-4.87143     0      0
-4.85714     0      0
-4.84286     0      0
-4.82857     0      0
-4.81429     0      0
-4.8     0      0
-4.78571     0      0
-4.77143     0      0
-4.75714     0      0
-4.74286     0      0
-4.72857     0      0
-4.71429     0      0
-4.7     0      0
-4.68571     0      0
-4.67143     0      0
-4.65714     0      0
-4.64286     0      0
-4.62857     0      0
-4.61429     0      0
-4.6     0      0
-4.58571     0      0
-4.57143     0      0
-4.55714     0      0
-4.54286     0      0
-4.52857     0      0
-4.51429     0      0
-4.5     0      0
-4.48571     0      0
-4.47143     0      0
-4.45714     0      0
-4.44286     0      0
-4.42857     0      0
-4.41429     0      0
-4.4     0      0
-4.38571     0      0
-4.37143     0      0
-4.35714     0      0
-4.34286     0      0
-4.32857     0      0
-4.31429     0      0
-4.3     0      0
-4.28571     0      0
-4.27143     0      0
-4.25714     0      0
-4.24286     0      0
-4.22857     0      0
-4.21429     0      0
-4.2     0      0
-4.18571     0      0
-4.17143     0      0
-4.15714     0      0
-4.14286     0      0
-4.12857     0      0
-4.11429     0      0
-4.1     0      0
-4.08571     0      0
-4.07143     0      0
-4.05714     0      0
-4.04286     0      0
-4.02857     0      0
-4.01429     0      0
-4     0      0
-3.98571     0      0
-3.97143     0      0
-3.95714     0      0
-3.94286     0      0
-3.92857     0      0
-3.91429     0      0
-3.9     0      0
-3.88571     0      0
-3.87143     0      0
-3.85714     0      0
-3.84286     0      0
-3.82857     0      0
-3.81429     0      0
-3.8     0      0
-3.78571     0      0
-3.77143     0      0
-3.75714     0      0
-3.74286     0      0
-3.72857     0      0
-3.71429     0      0
-3.7     0      0
-3.68571     0      0
-3.67143     0      0
-3.65714     0      0
-3.64286     0      0
-3.62857     0      0
-3.61429     0      0
-3.6     0      0
-3.58571     0      0
-3.57143     0      0
-3.55714     0      0
-3.54286     0      0
-3.52857     0      0
-3.51429     0      0
-3.5     0      0
-3.48571     0      0
-3.47143     0      0
-3.45714     0      0
-3.44286     0      0
-3.42857     0      0
-3.41429     0      0
-3.4     0      0
-3.38571     0      0
-3.37143     0      0
-3.35714     0      0
-3.34286     0      0
-3.32857     0      0
-3.31429     0      0
-3.3     0      0
-3.28571     0      0
-3.27143     0      0
-3.25714     0      0
-3.24286     0      0
-3.22857     0      0
-3.21429     0      0
-3.2     0      0
-3.18571     0      0
-3.17143     0      0
-3.15714     0      0
-3.14286     0      0
-3.12857     0      0
-3.11429     0      0
-3.1     0      0
-3.08571     0      0
-3.07143     0      0
-3.05714     0      0
-3.04286     0      0
-3.02857     0      0
-3.01429     0      0
-3     0      0
-2.98571     0      0
-2.97143     0      0
-2.95714     0      0
-2.94286     0      0
-2.92857     0      0
-2.91429     0      0
-2.9     0      0
-2.88571     0      0
-2.87143     0      0
-2.85714     0      0
-2.84286     0      0
-2.82857     0      0
-2.81429     0      0
-2.8     0      0
-2.78571     0      0
-2.77143     0      0
-2.75714     0      0
-2.74286     0      0
-2.72857     0      0
-2.71429     0      0
-2.7     0      0
-2.68571     0      0
-2.67143     0      0
-2.65714     0      0
-2.64286     0      0
-2.62857     0      0
-2.61429     0      0
-2.6     0      0
-2.58571     0      0
-2.57143     0      0
-2.55714     0      0
-2.54286     0      0
-2.52857     0      0
-2.51429     0      0
-2.5     0      0
-2.48571     0      0
-2.47143     0      0
-2.45714     0      0
-2.44286     0      0
-2.42857     0      0
-2.41429     0      0
-2.4     0      0
-2.38571     0      0
-2.37143     0      0
-2.35714     0      0
-2.34286     0      0
-2.32857     0      0
-2.31429     0      0
-2.3     0      0
-2.28571     0      0
-2.27143     0      0
-2.25714     0      0
-2.24286     0      0
-2.22857     0      0
-2.21429     0      0
-2.2     0      0
-2.18571     0      0
-2.17143     0      0
-2.15714     0      0
-2.14286     0      0
-2.12857     0      0
-2.11429     0      0
-2.1     0      0
-2.08571     0      0
-2.07143     0      0
-2.05714     4.15487e-109      0
-2.04286     2.02954e-83      0
-2.02857     5.40163e-51      0
-2.01429     0.0022025      0
-2     0.004568      0
-1.98571     0.004628      0
-1.97143     0.004598      0
-1.95714     0.00462      0
-1.94286     0.00466      0
-1.92857     0.004658      0
-1.91429     0.004678      0
-1.9     0.004722      0
-1.88571     0.004696      0
-1.87143     0.004734      0
-1.85714     0.004782      0
-1.84286     0.00477      0
-1.82857     0.004796      0
-1.81429     0.004792      0
-1.8     0.004846      0
-1.78571     0.004856      0
-1.77143     0.004856      0
-1.75714     0.00489      0
-1.74286     0.004882      0
-1.72857     0.00497      0
-1.71429     0.004922      0
-1.7     0.00497      0
-1.68571     0.005      0
-1.67143     0.00502      0
-1.65714     0.005024      0
-1.64286     0.00504      0
-1.62857     0.005066      0
-1.61429     0.005124      0
-1.6     0.005114      0
-1.58571     0.005114      0
-1.57143     0.005204      0
-1.55714     0.005172      0
-1.54286     0.00522      0
-1.52857     0.00524      0
-1.51429     0.005246      0
-1.5     0.005272      0
-1.48571     0.00534      0
-1.47143     0.005312      0
-1.45714     0.00538      0
-1.44286     0.005356      0
-1.42857     0.005422      0
-1.41429     0.005432      0
-1.4     0.005472      0
-1.38571     0.005492      0
-1.37143     0.005516      0
-1.35714     0.00552      0
-1.34286     0.005558      0
-1.32857     0.005584      0
-1.31429     0.005656      0
-1.3     0.00566      0
-1.28571     0.005688      0
-1.27143     0.005682      0
-1.25714     0.005792      0
-1.24286     0.005796      0
-1.22857     0.005762      0
-1.21429     0.005836      0
-1.2     0.005908      0
-1.18571     0.005898      0
-1.17143     0.005922      0
-1.15714     0.006016      0
-1.14286     0.005946      0
-1.12857     0.006096      0
-1.11429     0.006096      0
-1.1     0.006072      0
-1.08571     0.006164      0
-1.07143     0.006178      0
-1.05714     0.006234      0
-1.04286     0.006284      0
-1.02857     0.006282      0
-1.01429     0.006354      0
-1     0.0064      0
-0.985714     0.006434      0
-0.971429     0.006482      0
-0.957143     0.006494      0
-0.942857     0.006572      0
-0.928571     0.00661      0
-0.914286     0.006634      0
-0.9     0.006746      0
-0.885714     0.00676      0
-0.871429     0.00676      0
-0.857143     0.006844      0
-0.842857     0.006926      0
-0.828571     0.006964      0
-0.814286     0.006986      0
-0.8     0.007106      0
-0.785714     0.00712      0
-0.771429     0.007186      0
-0.757143     0.007252      0
-0.742857     0.007284      0
-0.728571     0.0074      0
-0.714286     0.007458      0
-0.7     0.00752      0
-0.685714     0.007582      0
-0.671429     0.007668      0
-0.657143     0.007734      0
-0.642857     0.007782      0
-0.628571     0.007906      0
-0.614286     0.00801      0
-0.6     0.008048      0
-0.585714     0.00819      0
-0.571429     0.008282      0
-0.557143     0.00839      0
-0.542857     0.008466      0
-0.528571     0.008578      0
-0.514286     0.008726      0
-0.5     0.008842      0
-0.485714     0.008962      0
-0.471429     0.009124      0
-0.457143     0.00925      0
-0.442857     0.009412      0
-0.428571     0.009608      0
-0.414286     0.009808      0
-0.4     0.009964      0
-0.385714     0.010228      0
-0.371429     0.010436      0
-0.357143     0.010836      0
-0.342857     0.011084      0
-0.328571     0.011406      0
-0.314286     0.011914      0
-0.3     0.0123      0
-0.285714     0.01296      0
-0.271429     0.013698      0
-0.257143     0.014602      0
-0.242857     0.015832      0
-0.228571     0.017536      0
-0.214286     0.020412      0
-0.2     0.025466      0
-0.185714     0.040522      0
-0.171429     0.0528395      0
-0.157143     0      0
-0.142857     0      0
-0.128571     0      0
-0.114286     0      0
-0.1     0      0
-0.0857143     0      0
-0.0714286     0      0
-0.0571429     0      0
-0.0428571     0      0
-0.0285714     0      0
-0.0142857     0      0
0     0      0
0.0142857     0      0
0.0285714     0      0
0.0428571     0      0
0.0571429     0      0
0.0714286     0      0
0.0857143     0      0
0.1     0      0
0.114286     0      0
0.128571     0      0
0.142857     0      0
0.157143     0      0.0528395
0.171429     0      0.040522
0.185714     0      0.025466
0.2     0      0.020412
0.214286     0      0.017536
0.228571     0      0.015832
0.242857     0      0.014602
0.257143     0      0.013698
0.271429     0      0.01296
0.285714     0      0.0123
0.3     0      0.011914
0.314286     0      0.011406
0.328571     0      0.011084
0.342857     0      0.010836
0.357143     0      0.010436
0.371429     0      0.010228
0.385714     0      0.009964
0.4     0      0.009808
0.414286     0      0.009608
0.428571     0      0.009412
0.442857     0      0.00925
0.457143     0      0.009124
0.471429     0      0.008962
0.485714     0      0.008842
0.5     0      0.008726
0.514286     0      0.008578
0.528571     0      0.008466
0.542857     0      0.00839
0.557143     0      0.008282
0.571429     0      0.00819
0.585714     0      0.008048
0.6     0      0.00801
0.614286     0      0.007906
0.628571     0      0.007782
0.642857     0      0.007734
0.657143     0      0.007668
0.671429     0      0.007582
0.685714     0      0.00752
0.7     0      0.007458
0.714286     0      0.0074
0.728571     0      0.007284
0.742857     0      0.007252
0.757143     0      0.007186
0.771429     0      0.00712
0.785714     0      0.007106
0.8     0      0.006986
0.814286     0      0.006964
0.828571     0      0.006926
0.842857     0      0.006844
0.857143     0      0.00676
0.871429     0      0.00676
0.885714     0      0.006746
0.9     0      0.006634
0.914286     0      0.00661
0.928571     0      0.006572
0.942857     0      0.006494
0.957143     0      0.006482
0.971429     0      0.006434
0.985714     0      0.0064
1     0      0.006354
1.01429     0      0.006282
1.02857     0      0.006284
1.04286     0      0.006234
1.05714     0      0.006178
1.07143     0      0.006164
1.08571     0      0.006072
1.1     0      0.006096
1.11429     0      0.006096
1.12857     0      0.005946
1.14286     0      0.006016
1.15714     0      0.005922
1.17143     0      0.005898
1.18571     0      0.005908
1.2     0      0.005836
1.21429     0      0.005762
1.22857     0      0.005796
1.24286     0      0.005792
1.25714     0      0.005682
1.27143     0      0.005688
1.28571     0      0.00566
1.3     0      0.005656
1.31429     0      0.005584
1.32857     0      0.005558
1.34286     0      0.00552
1.35714     0      0.005516
1.37143     0      0.005492
1.38571     0      0.005472
1.4     0      0.005432
1.41429     0      0.005422
1.42857     0      0.005356
1.44286     0      0.00538
1.45714     0      0.005312
1.47143     0      0.00534
1.48571     0      0.005272
1.5     0      0.005246
1.51429     0      0.00524
1.52857     0      0.00522
1.54286     0      0.005172
1.55714     0      0.005204
1.57143     0      0.005114
1.58571     0      0.005114
1.6     0      0.005124
1.61429     0      0.005066
1.62857     0      0.00504
1.64286     0      0.005024
1.65714     0      0.00502
1.67143     0      0.005
1.68571     0      0.00497
1.7     0      0.004922
1.71429     0      0.00497
1.72857     0      0.004882
1.74286     0      0.00489
1.75714     0      0.004856
1.77143     0      0.004856
1.78571     0      0.004846
1.8     0      0.004792
1.81429     0      0.004796
1.82857     0      0.00477
1.84286     0      0.004782
1.85714     0      0.004734
1.87143     0      0.004696
1.88571     0      0.004722
1.9     0      0.004678
1.91429     0      0.004658
1.92857     0      0.00466
1.94286     0      0.00462
1.95714     0      0.004598
1.97143     0      0.004628
1.98571     0      0.004568
2     0      0.0022025
2.01429     0      5.40163e-51
2.02857     0      2.02954e-83
2.04286     0      4.15487e-109
2.05714     0      0
2.07143     0      0
2.08571     0      0
2.1     0      0
2.11429     0      0
2.12857     0      0
2.14286     0      0
2.15714     0      0
2.17143     0      0
2.18571     0      0
2.2     0      0
2.21429     0      0
2.22857     0      0
2.24286     0      0
2.25714     0      0
2.27143     0      0
2.28571     0      0
2.3     0      0
2.31429     0      0
2.32857     0      0
2.34286     0      0
2.35714     0      0
2.37143     0      0
2.38571     0      0
2.4     0      0
2.41429     0      0
2.42857     0      0
2.44286     0      0
2.45714     0      0
2.47143     0      0
2.48571     0      0
2.5     0      0
2.51429     0      0
2.52857     0      0
2.54286     0      0
2.55714     0      0
2.57143     0      0
2.58571     0      0
2.6     0      0
2.61429     0      0
2.62857     0      0
2.64286     0      0
2.65714     0      0
2.67143     0      0
2.68571     0      0
2.7     0      0
2.71429     0      0
2.72857     0      0
2.74286     0      0
2.75714     0      0
2.77143     0      0
2.78571     0      0
2.8     0      0
2.81429     0      0
2.82857     0      0
2.84286     0      0
2.85714     0      0
2.87143     0      0
2.88571     0      0
2.9     0      0
2.91429     0      0
2.92857     0      0
2.94286     0      0
2.95714     0      0
2.97143     0      0
2.98571     0      0
3     0      0
3.01429     0      0
3.02857     0      0
3.04286     0      0
3.05714     0      0
3.07143     0      0
3.08571     0      0
3.1     0      0
3.11429     0      0
3.12857     0      0
3.14286     0      0
3.15714     0      0
3.17143     0      0
3.18571     0      0
3.2     0      0
3.21429     0      0
3.22857     0      0
3.24286     0      0
3.25714     0      0
3.27143     0      0
3.28571     0      0
3.3     0      0
3.31429     0      0
3.32857     0      0
3.34286     0      0
3.35714     0      0
3.37143     0      0
3.38571     0      0
3.4     0      0
3.41429     0      0
3.42857     0      0
3.44286     0      0
3.45714     0      0
3.47143     0      0
3.48571     0      0
3.5     0      0
3.51429     0      0
3.52857     0      0
3.54286     0      0
3.55714     0      0
3.57143     0      0
3.58571     0      0
3.6     0      0
3.61429     0      0
3.62857     0      0
3.64286     0      0
3.65714     0      0
3.67143     0      0
3.68571     0      0
3.7     0      0
3.71429     0      0
3.72857     0      0
3.74286     0      0
3.75714     0      0
3.77143     0      0
3.78571     0      0
3.8     0      0
3.81429     0      0
3.82857     0      0
3.84286     0      0
3.85714     0      0
3.87143     0      0
3.88571     0      0
3.9     0      0
3.91429     0      0
3.92857     0      0
3.94286     0      0
3.95714     0      0
3.97143     0      0
3.98571     0      0
4     0      0
4.01429     0      0
4.02857     0      0
4.04286     0      0
4.05714     0      0
4.07143     0      0
4.08571     0      0
4.1     0      0
4.11429     0      0
4.12857     0      0
4.14286     0      0
4.15714     0      0
4.17143     0      0
4.18571     0      0
4.2     0      0
4.21429     0      0
4.22857     0      0
4.24286     0      0
4.25714     0      0
4.27143     0      0
4.28571     0      0
4.3     0      0
4.31429     0      0
4.32857     0      0
4.34286     0      0
4.35714     0      0
4.37143     0      0
4.38571     0      0
4.4     0      0
4.41429     0      0
4.42857     0      0
4.44286     0      0
4.45714     0      0
4.47143     0      0
4.48571     0      0
4.5     0      0
4.51429     0      0
4.52857     0      0
4.54286     0      0
4.55714     0      0
4.57143     0      0
4.58571     0      0
4.6     0      0
4.61429     0      0
4.62857     0      0
4.64286     0      0
4.65714     0      0
4.67143     0      0
4.68571     0      0
4.7     0      0
4.71429     0      0
4.72857     0      0
4.74286     0      0
4.75714     0      0
4.77143     0      0
4.78571     0      0
4.8     0      0
4.81429     0      0
4.82857     0      0
4.84286     0      0
4.85714     0      0
4.87143     0      0
4.88571     0      0
4.9     0      0
4.91429     0      0
4.92857     0      0
4.94286     0      0
4.95714     0      0
4.97143     0      0
4.98571     0      0
