# U,mu,nA_up, nA_dn, nB_up, nB_dn, ms, mf, ntotal,mu,cint
#energy    dos_upn   dos_upp   dos_dnn  dos_dnp GRID=1000 bin=700
-5     0      0
-4.98571     0      0
-4.97143     0      0
-4.95714     0      0
-4.94286     0      0
-4.92857     0      0
-4.91429     0      0
-4.9     0      0
-4.88571     0      0
-4.87143     0      0
-4.85714     0      0
-4.84286     0      0
-4.82857     0      0
-4.81429     0      0
-4.8     0      0
-4.78571     0      0
-4.77143     0      0
-4.75714     0      0
-4.74286     0      0
-4.72857     0      0
-4.71429     0      0
-4.7     0      0
-4.68571     0      0
-4.67143     0      0
-4.65714     0      0
-4.64286     0      0
-4.62857     0      0
-4.61429     0      0
-4.6     0      0
-4.58571     0      0
-4.57143     0      0
-4.55714     0      0
-4.54286     0      0
-4.52857     0      0
-4.51429     0      0
-4.5     0      0
-4.48571     0      0
-4.47143     0      0
-4.45714     0      0
-4.44286     0      0
-4.42857     0      0
-4.41429     0      0
-4.4     0      0
-4.38571     0      0
-4.37143     0      0
-4.35714     0      0
-4.34286     0      0
-4.32857     0      0
-4.31429     0      0
-4.3     0      0
-4.28571     0      0
-4.27143     0      0
-4.25714     0      0
-4.24286     0      0
-4.22857     0      0
-4.21429     0      0
-4.2     0      0
-4.18571     0      0
-4.17143     0      0
-4.15714     0      0
-4.14286     0      0
-4.12857     0      0
-4.11429     0      0
-4.1     0      0
-4.08571     0      0
-4.07143     0      0
-4.05714     0      0
-4.04286     0      0
-4.02857     0      0
-4.01429     0      0
-4     0      0
-3.98571     0      0
-3.97143     0      0
-3.95714     0      0
-3.94286     0      0
-3.92857     0      0
-3.91429     0      0
-3.9     0      0
-3.88571     0      0
-3.87143     0      0
-3.85714     0      0
-3.84286     0      0
-3.82857     0      0
-3.81429     0      0
-3.8     0      0
-3.78571     0      0
-3.77143     0      0
-3.75714     0      0
-3.74286     0      0
-3.72857     0      0
-3.71429     0      0
-3.7     0      0
-3.68571     0      0
-3.67143     0      0
-3.65714     0      0
-3.64286     0      0
-3.62857     0      0
-3.61429     0      0
-3.6     0      0
-3.58571     0      0
-3.57143     0      0
-3.55714     0      0
-3.54286     0      0
-3.52857     0      0
-3.51429     0      0
-3.5     0      0
-3.48571     0      0
-3.47143     0      0
-3.45714     0      0
-3.44286     0      0
-3.42857     0      0
-3.41429     0      0
-3.4     0      0
-3.38571     0      0
-3.37143     0      0
-3.35714     0      0
-3.34286     0      0
-3.32857     0      0
-3.31429     0      0
-3.3     0      0
-3.28571     0      0
-3.27143     0      0
-3.25714     0      0
-3.24286     0      0
-3.22857     0      0
-3.21429     0      0
-3.2     0      0
-3.18571     0      0
-3.17143     0      0
-3.15714     0      0
-3.14286     0      0
-3.12857     0      0
-3.11429     0      0
-3.1     0      0
-3.08571     0      0
-3.07143     0      0
-3.05714     0      0
-3.04286     0      0
-3.02857     0      0
-3.01429     0      0
-3     0      0
-2.98571     0      0
-2.97143     0      0
-2.95714     0      0
-2.94286     0      0
-2.92857     0      0
-2.91429     0      0
-2.9     0      0
-2.88571     0      0
-2.87143     0      0
-2.85714     0      0
-2.84286     0      0
-2.82857     0      0
-2.81429     0      0
-2.8     0      0
-2.78571     0      0
-2.77143     0      0
-2.75714     0      0
-2.74286     0      0
-2.72857     0      0
-2.71429     0      0
-2.7     0      0
-2.68571     0      0
-2.67143     0      0
-2.65714     0      0
-2.64286     0      0
-2.62857     0      0
-2.61429     0      0
-2.6     0      0
-2.58571     0      0
-2.57143     0      0
-2.55714     0      0
-2.54286     0      0
-2.52857     0      0
-2.51429     0      0
-2.5     0      0
-2.48571     0      0
-2.47143     0      0
-2.45714     0      0
-2.44286     0      0
-2.42857     0      0
-2.41429     0      0
-2.4     0      0
-2.38571     0      0
-2.37143     0      0
-2.35714     0      0
-2.34286     0      0
-2.32857     0      0
-2.31429     0      0
-2.3     0      0
-2.28571     0      0
-2.27143     0      0
-2.25714     0      0
-2.24286     0      0
-2.22857     0      0
-2.21429     0      0
-2.2     0      0
-2.18571     0      0
-2.17143     0      0
-2.15714     0      0
-2.14286     0      0
-2.12857     0      0
-2.11429     0      0
-2.1     0      0
-2.08571     0      0
-2.07143     0      0
-2.05714     6.97071e-30      0
-2.04286     0.0003405      0
-2.02857     0.00463      0
-2.01429     0.004644      0
-2     0.004666      0
-1.98571     0.004668      0
-1.97143     0.0047      0
-1.95714     0.00472      0
-1.94286     0.004742      0
-1.92857     0.004726      0
-1.91429     0.00481      0
-1.9     0.00477      0
-1.88571     0.004802      0
-1.87143     0.004856      0
-1.85714     0.004858      0
-1.84286     0.004872      0
-1.82857     0.00488      0
-1.81429     0.004916      0
-1.8     0.004946      0
-1.78571     0.00493      0
-1.77143     0.005006      0
-1.75714     0.005008      0
-1.74286     0.004992      0
-1.72857     0.005086      0
-1.71429     0.005042      0
-1.7     0.005104      0
-1.68571     0.005096      0
-1.67143     0.005152      0
-1.65714     0.005164      0
-1.64286     0.005192      0
-1.62857     0.005206      0
-1.61429     0.005234      0
-1.6     0.005276      0
-1.58571     0.005272      0
-1.57143     0.005324      0
-1.55714     0.005318      0
-1.54286     0.005374      0
-1.52857     0.005422      0
-1.51429     0.0054      0
-1.5     0.005444      0
-1.48571     0.005484      0
-1.47143     0.005524      0
-1.45714     0.005508      0
-1.44286     0.005594      0
-1.42857     0.005576      0
-1.41429     0.005644      0
-1.4     0.005644      0
-1.38571     0.00569      0
-1.37143     0.005728      0
-1.35714     0.005788      0
-1.34286     0.005776      0
-1.32857     0.005804      0
-1.31429     0.005864      0
-1.3     0.005932      0
-1.28571     0.005924      0
-1.27143     0.00596      0
-1.25714     0.005986      0
-1.24286     0.006068      0
-1.22857     0.006096      0
-1.21429     0.006148      0
-1.2     0.00614      0
-1.18571     0.006176      0
-1.17143     0.006288      0
-1.15714     0.006308      0
-1.14286     0.006328      0
-1.12857     0.006384      0
-1.11429     0.006434      0
-1.1     0.006486      0
-1.08571     0.006512      0
-1.07143     0.006588      0
-1.05714     0.006664      0
-1.04286     0.006666      0
-1.02857     0.006734      0
-1.01429     0.006824      0
-1     0.006844      0
-0.985714     0.006924      0
-0.971429     0.00699      0
-0.957143     0.00704      0
-0.942857     0.007124      0
-0.928571     0.007146      0
-0.914286     0.007248      0
-0.9     0.007332      0
-0.885714     0.007404      0
-0.871429     0.007506      0
-0.857143     0.007548      0
-0.842857     0.007672      0
-0.828571     0.007718      0
-0.814286     0.007804      0
-0.8     0.00797      0
-0.785714     0.008006      0
-0.771429     0.008156      0
-0.757143     0.008254      0
-0.742857     0.00836      0
-0.728571     0.008508      0
-0.714286     0.008616      0
-0.7     0.008794      0
-0.685714     0.008954      0
-0.671429     0.009052      0
-0.657143     0.00929      0
-0.642857     0.00941      0
-0.628571     0.00967      0
-0.614286     0.009888      0
-0.6     0.010082      0
-0.585714     0.010366      0
-0.571429     0.010656      0
-0.557143     0.010988      0
-0.542857     0.0113      0
-0.528571     0.011796      0
-0.514286     0.01225      0
-0.5     0.012714      0
-0.485714     0.013444      0
-0.471429     0.014168      0
-0.457143     0.015062      0
-0.442857     0.016274      0
-0.428571     0.017772      0
-0.414286     0.019868      0
-0.4     0.023022      0
-0.385714     0.028228      0
-0.371429     0.039828      0
-0.357143     0.100096      0
-0.342857     0      0
-0.328571     0      0
-0.314286     0      0
-0.3     0      0
-0.285714     0      0
-0.271429     0      0
-0.257143     0      0
-0.242857     0      0
-0.228571     0      0
-0.214286     0      0
-0.2     0      0
-0.185714     0      0
-0.171429     0      0
-0.157143     0      0
-0.142857     0      0
-0.128571     0      0
-0.114286     0      0
-0.1     0      0
-0.0857143     0      0
-0.0714286     0      0
-0.0571429     0      0
-0.0428571     0      0
-0.0285714     0      0
-0.0142857     0      0
0     0      0
0.0142857     0      0
0.0285714     0      0
0.0428571     0      0
0.0571429     0      0
0.0714286     0      0
0.0857143     0      0
0.1     0      0
0.114286     0      0
0.128571     0      0
0.142857     0      0
0.157143     0      0
0.171429     0      0
0.185714     0      0
0.2     0      0
0.214286     0      0
0.228571     0      0
0.242857     0      0
0.257143     0      0
0.271429     0      0
0.285714     0      0
0.3     0      0
0.314286     0      0
0.328571     0      0
0.342857     0      0.100096
0.357143     0      0.039828
0.371429     0      0.028228
0.385714     0      0.023022
0.4     0      0.019868
0.414286     0      0.017772
0.428571     0      0.016274
0.442857     0      0.015062
0.457143     0      0.014168
0.471429     0      0.013444
0.485714     0      0.012714
0.5     0      0.01225
0.514286     0      0.011796
0.528571     0      0.0113
0.542857     0      0.010988
0.557143     0      0.010656
0.571429     0      0.010366
0.585714     0      0.010082
0.6     0      0.009888
0.614286     0      0.00967
0.628571     0      0.00941
0.642857     0      0.00929
0.657143     0      0.009052
0.671429     0      0.008954
0.685714     0      0.008794
0.7     0      0.008616
0.714286     0      0.008508
0.728571     0      0.00836
0.742857     0      0.008254
0.757143     0      0.008156
0.771429     0      0.008006
0.785714     0      0.00797
0.8     0      0.007804
0.814286     0      0.007718
0.828571     0      0.007672
0.842857     0      0.007548
0.857143     0      0.007506
0.871429     0      0.007404
0.885714     0      0.007332
0.9     0      0.007248
0.914286     0      0.007146
0.928571     0      0.007124
0.942857     0      0.00704
0.957143     0      0.00699
0.971429     0      0.006924
0.985714     0      0.006844
1     0      0.006824
1.01429     0      0.006734
1.02857     0      0.006666
1.04286     0      0.006664
1.05714     0      0.006588
1.07143     0      0.006512
1.08571     0      0.006486
1.1     0      0.006434
1.11429     0      0.006384
1.12857     0      0.006328
1.14286     0      0.006308
1.15714     0      0.006288
1.17143     0      0.006176
1.18571     0      0.00614
1.2     0      0.006148
1.21429     0      0.006096
1.22857     0      0.006068
1.24286     0      0.005986
1.25714     0      0.00596
1.27143     0      0.005924
1.28571     0      0.005932
1.3     0      0.005864
1.31429     0      0.005804
1.32857     0      0.005776
1.34286     0      0.005788
1.35714     0      0.005728
1.37143     0      0.00569
1.38571     0      0.005644
1.4     0      0.005644
1.41429     0      0.005576
1.42857     0      0.005594
1.44286     0      0.005508
1.45714     0      0.005524
1.47143     0      0.005484
1.48571     0      0.005444
1.5     0      0.0054
1.51429     0      0.005422
1.52857     0      0.005374
1.54286     0      0.005318
1.55714     0      0.005324
1.57143     0      0.005272
1.58571     0      0.005276
1.6     0      0.005234
1.61429     0      0.005206
1.62857     0      0.005192
1.64286     0      0.005164
1.65714     0      0.005152
1.67143     0      0.005096
1.68571     0      0.005104
1.7     0      0.005042
1.71429     0      0.005086
1.72857     0      0.004992
1.74286     0      0.005008
1.75714     0      0.005006
1.77143     0      0.00493
1.78571     0      0.004946
1.8     0      0.004916
1.81429     0      0.00488
1.82857     0      0.004872
1.84286     0      0.004858
1.85714     0      0.004856
1.87143     0      0.004802
1.88571     0      0.00477
1.9     0      0.00481
1.91429     0      0.004726
1.92857     0      0.004742
1.94286     0      0.00472
1.95714     0      0.0047
1.97143     0      0.004668
1.98571     0      0.004666
2     0      0.004644
2.01429     0      0.00463
2.02857     0      0.0003405
2.04286     0      6.97071e-30
2.05714     0      0
2.07143     0      0
2.08571     0      0
2.1     0      0
2.11429     0      0
2.12857     0      0
2.14286     0      0
2.15714     0      0
2.17143     0      0
2.18571     0      0
2.2     0      0
2.21429     0      0
2.22857     0      0
2.24286     0      0
2.25714     0      0
2.27143     0      0
2.28571     0      0
2.3     0      0
2.31429     0      0
2.32857     0      0
2.34286     0      0
2.35714     0      0
2.37143     0      0
2.38571     0      0
2.4     0      0
2.41429     0      0
2.42857     0      0
2.44286     0      0
2.45714     0      0
2.47143     0      0
2.48571     0      0
2.5     0      0
2.51429     0      0
2.52857     0      0
2.54286     0      0
2.55714     0      0
2.57143     0      0
2.58571     0      0
2.6     0      0
2.61429     0      0
2.62857     0      0
2.64286     0      0
2.65714     0      0
2.67143     0      0
2.68571     0      0
2.7     0      0
2.71429     0      0
2.72857     0      0
2.74286     0      0
2.75714     0      0
2.77143     0      0
2.78571     0      0
2.8     0      0
2.81429     0      0
2.82857     0      0
2.84286     0      0
2.85714     0      0
2.87143     0      0
2.88571     0      0
2.9     0      0
2.91429     0      0
2.92857     0      0
2.94286     0      0
2.95714     0      0
2.97143     0      0
2.98571     0      0
3     0      0
3.01429     0      0
3.02857     0      0
3.04286     0      0
3.05714     0      0
3.07143     0      0
3.08571     0      0
3.1     0      0
3.11429     0      0
3.12857     0      0
3.14286     0      0
3.15714     0      0
3.17143     0      0
3.18571     0      0
3.2     0      0
3.21429     0      0
3.22857     0      0
3.24286     0      0
3.25714     0      0
3.27143     0      0
3.28571     0      0
3.3     0      0
3.31429     0      0
3.32857     0      0
3.34286     0      0
3.35714     0      0
3.37143     0      0
3.38571     0      0
3.4     0      0
3.41429     0      0
3.42857     0      0
3.44286     0      0
3.45714     0      0
3.47143     0      0
3.48571     0      0
3.5     0      0
3.51429     0      0
3.52857     0      0
3.54286     0      0
3.55714     0      0
3.57143     0      0
3.58571     0      0
3.6     0      0
3.61429     0      0
3.62857     0      0
3.64286     0      0
3.65714     0      0
3.67143     0      0
3.68571     0      0
3.7     0      0
3.71429     0      0
3.72857     0      0
3.74286     0      0
3.75714     0      0
3.77143     0      0
3.78571     0      0
3.8     0      0
3.81429     0      0
3.82857     0      0
3.84286     0      0
3.85714     0      0
3.87143     0      0
3.88571     0      0
3.9     0      0
3.91429     0      0
3.92857     0      0
3.94286     0      0
3.95714     0      0
3.97143     0      0
3.98571     0      0
4     0      0
4.01429     0      0
4.02857     0      0
4.04286     0      0
4.05714     0      0
4.07143     0      0
4.08571     0      0
4.1     0      0
4.11429     0      0
4.12857     0      0
4.14286     0      0
4.15714     0      0
4.17143     0      0
4.18571     0      0
4.2     0      0
4.21429     0      0
4.22857     0      0
4.24286     0      0
4.25714     0      0
4.27143     0      0
4.28571     0      0
4.3     0      0
4.31429     0      0
4.32857     0      0
4.34286     0      0
4.35714     0      0
4.37143     0      0
4.38571     0      0
4.4     0      0
4.41429     0      0
4.42857     0      0
4.44286     0      0
4.45714     0      0
4.47143     0      0
4.48571     0      0
4.5     0      0
4.51429     0      0
4.52857     0      0
4.54286     0      0
4.55714     0      0
4.57143     0      0
4.58571     0      0
4.6     0      0
4.61429     0      0
4.62857     0      0
4.64286     0      0
4.65714     0      0
4.67143     0      0
4.68571     0      0
4.7     0      0
4.71429     0      0
4.72857     0      0
4.74286     0      0
4.75714     0      0
4.77143     0      0
4.78571     0      0
4.8     0      0
4.81429     0      0
4.82857     0      0
4.84286     0      0
4.85714     0      0
4.87143     0      0
4.88571     0      0
4.9     0      0
4.91429     0      0
4.92857     0      0
4.94286     0      0
4.95714     0      0
4.97143     0      0
4.98571     0      0
