# U,mu,nA_up, nA_dn, nB_up, nB_dn, ms, mf, ntotal,mu,cint
#energy    dos_upn   dos_upp   dos_dnn  dos_dnp GRID=1000 bin=700
-5     0      0
-4.98571     0      0
-4.97143     0      0
-4.95714     0      0
-4.94286     0      0
-4.92857     0      0
-4.91429     0      0
-4.9     0      0
-4.88571     0      0
-4.87143     0      0
-4.85714     0      0
-4.84286     0      0
-4.82857     0      0
-4.81429     0      0
-4.8     0      0
-4.78571     0      0
-4.77143     0      0
-4.75714     0      0
-4.74286     0      0
-4.72857     0      0
-4.71429     0      0
-4.7     0      0
-4.68571     0      0
-4.67143     0      0
-4.65714     0      0
-4.64286     0      0
-4.62857     0      0
-4.61429     0      0
-4.6     0      0
-4.58571     0      0
-4.57143     0      0
-4.55714     0      0
-4.54286     0      0
-4.52857     0      0
-4.51429     0      0
-4.5     0      0
-4.48571     0      0
-4.47143     0      0
-4.45714     0      0
-4.44286     0      0
-4.42857     0      0
-4.41429     0      0
-4.4     0      0
-4.38571     0      0
-4.37143     0      0
-4.35714     0      0
-4.34286     0      0
-4.32857     0      0
-4.31429     0      0
-4.3     0      0
-4.28571     0      0
-4.27143     0      0
-4.25714     0      0
-4.24286     0      0
-4.22857     0      0
-4.21429     0      0
-4.2     0      0
-4.18571     0      0
-4.17143     0      0
-4.15714     0      0
-4.14286     0      0
-4.12857     0      0
-4.11429     0      0
-4.1     0      0
-4.08571     0      0
-4.07143     0      0
-4.05714     0      0
-4.04286     0      0
-4.02857     0      0
-4.01429     0      0
-4     0      0
-3.98571     0      0
-3.97143     0      0
-3.95714     0      0
-3.94286     0      0
-3.92857     0      0
-3.91429     0      0
-3.9     0      0
-3.88571     0      0
-3.87143     0      0
-3.85714     0      0
-3.84286     0      0
-3.82857     0      0
-3.81429     0      0
-3.8     0      0
-3.78571     0      0
-3.77143     0      0
-3.75714     0      0
-3.74286     0      0
-3.72857     0      0
-3.71429     0      0
-3.7     0      0
-3.68571     0      0
-3.67143     0      0
-3.65714     0      0
-3.64286     0      0
-3.62857     0      0
-3.61429     0      0
-3.6     0      0
-3.58571     0      0
-3.57143     0      0
-3.55714     0      0
-3.54286     0      0
-3.52857     0      0
-3.51429     0      0
-3.5     0      0
-3.48571     0      0
-3.47143     0      0
-3.45714     0      0
-3.44286     0      0
-3.42857     0      0
-3.41429     0      0
-3.4     0      0
-3.38571     0      0
-3.37143     0      0
-3.35714     0      0
-3.34286     0      0
-3.32857     0      0
-3.31429     0      0
-3.3     0      0
-3.28571     0      0
-3.27143     0      0
-3.25714     0      0
-3.24286     0      0
-3.22857     0      0
-3.21429     0      0
-3.2     0      0
-3.18571     0      0
-3.17143     0      0
-3.15714     0      0
-3.14286     0      0
-3.12857     0      0
-3.11429     0      0
-3.1     0      0
-3.08571     0      0
-3.07143     0      0
-3.05714     0      0
-3.04286     0      0
-3.02857     0      0
-3.01429     0      0
-3     0      0
-2.98571     0      0
-2.97143     0      0
-2.95714     0      0
-2.94286     0      0
-2.92857     0      0
-2.91429     0      0
-2.9     0      0
-2.88571     0      0
-2.87143     0      0
-2.85714     0      0
-2.84286     0      0
-2.82857     0      0
-2.81429     0      0
-2.8     0      0
-2.78571     0      0
-2.77143     0      0
-2.75714     0      0
-2.74286     0      0
-2.72857     0      0
-2.71429     0      0
-2.7     0      0
-2.68571     0      0
-2.67143     0      0
-2.65714     0      0
-2.64286     0      0
-2.62857     0      0
-2.61429     0      0
-2.6     0      0
-2.58571     0      0
-2.57143     0      0
-2.55714     0      0
-2.54286     0      0
-2.52857     0      0
-2.51429     0      0
-2.5     0      0
-2.48571     0      0
-2.47143     0      0
-2.45714     0      0
-2.44286     0      0
-2.42857     0      0
-2.41429     0      0
-2.4     0      0
-2.38571     0      0
-2.37143     0      0
-2.35714     0      0
-2.34286     0      0
-2.32857     0      0
-2.31429     0      0
-2.3     0      0
-2.28571     0      0
-2.27143     0      0
-2.25714     0      0
-2.24286     0      0
-2.22857     0      0
-2.21429     0      0
-2.2     0      0
-2.18571     0      0
-2.17143     0      0
-2.15714     0      0
-2.14286     0      0
-2.12857     0      0
-2.11429     0      0
-2.1     0      0
-2.08571     0      0
-2.07143     0      0
-2.05714     1.66195e-102      0
-2.04286     8.11816e-77      0
-2.02857     2.16065e-44      0
-2.01429     0.0024445      0
-2     0.00457      0
-1.98571     0.00461      0
-1.97143     0.004616      0
-1.95714     0.004632      0
-1.94286     0.004636      0
-1.92857     0.004666      0
-1.91429     0.004702      0
-1.9     0.004696      0
-1.88571     0.004736      0
-1.87143     0.004734      0
-1.85714     0.004752      0
-1.84286     0.004776      0
-1.82857     0.004782      0
-1.81429     0.004838      0
-1.8     0.004832      0
-1.78571     0.00484      0
-1.77143     0.00488      0
-1.75714     0.004912      0
-1.74286     0.004898      0
-1.72857     0.00492      0
-1.71429     0.00498      0
-1.7     0.004952      0
-1.68571     0.004996      0
-1.67143     0.005028      0
-1.65714     0.005028      0
-1.64286     0.005056      0
-1.62857     0.005084      0
-1.61429     0.005074      0
-1.6     0.005144      0
-1.58571     0.00515      0
-1.57143     0.005154      0
-1.55714     0.0052      0
-1.54286     0.00524      0
-1.52857     0.005226      0
-1.51429     0.005254      0
-1.5     0.005308      0
-1.48571     0.005318      0
-1.47143     0.005336      0
-1.45714     0.00534      0
-1.44286     0.005398      0
-1.42857     0.005388      0
-1.41429     0.005476      0
-1.4     0.005464      0
-1.38571     0.005476      0
-1.37143     0.005546      0
-1.35714     0.005552      0
-1.34286     0.005568      0
-1.32857     0.005604      0
-1.31429     0.005606      0
-1.3     0.005688      0
-1.28571     0.005696      0
-1.27143     0.005744      0
-1.25714     0.005706      0
-1.24286     0.005798      0
-1.22857     0.00584      0
-1.21429     0.005844      0
-1.2     0.00589      0
-1.18571     0.005884      0
-1.17143     0.005968      0
-1.15714     0.00598      0
-1.14286     0.006036      0
-1.12857     0.00603      0
-1.11429     0.006108      0
-1.1     0.006104      0
-1.08571     0.006188      0
-1.07143     0.006188      0
-1.05714     0.00626      0
-1.04286     0.006284      0
-1.02857     0.006296      0
-1.01429     0.006358      0
-1     0.00645      0
-0.985714     0.006384      0
-0.971429     0.006494      0
-0.957143     0.006578      0
-0.942857     0.006556      0
-0.928571     0.006616      0
-0.914286     0.006648      0
-0.9     0.00674      0
-0.885714     0.00678      0
-0.871429     0.006836      0
-0.857143     0.006874      0
-0.842857     0.006902      0
-0.828571     0.006974      0
-0.814286     0.007064      0
-0.8     0.007078      0
-0.785714     0.00711      0
-0.771429     0.007238      0
-0.757143     0.00728      0
-0.742857     0.007358      0
-0.728571     0.007388      0
-0.714286     0.00751      0
-0.7     0.007536      0
-0.685714     0.007642      0
-0.671429     0.007704      0
-0.657143     0.00773      0
-0.642857     0.00788      0
-0.628571     0.007942      0
-0.614286     0.008066      0
-0.6     0.008118      0
-0.585714     0.008224      0
-0.571429     0.0083      0
-0.557143     0.008452      0
-0.542857     0.008552      0
-0.528571     0.00866      0
-0.514286     0.008792      0
-0.5     0.008914      0
-0.485714     0.009036      0
-0.471429     0.00921      0
-0.457143     0.009368      0
-0.442857     0.009546      0
-0.428571     0.00972      0
-0.414286     0.00992      0
-0.4     0.010158      0
-0.385714     0.010434      0
-0.371429     0.010644      0
-0.357143     0.010964      0
-0.342857     0.011348      0
-0.328571     0.011758      0
-0.314286     0.012218      0
-0.3     0.01271      0
-0.285714     0.01347      0
-0.271429     0.01431      0
-0.257143     0.015502      0
-0.242857     0.016968      0
-0.228571     0.019276      0
-0.214286     0.023298      0
-0.2     0.0323      0
-0.185714     0.0741635      0
-0.171429     0      0
-0.157143     0      0
-0.142857     0      0
-0.128571     0      0
-0.114286     0      0
-0.1     0      0
-0.0857143     0      0
-0.0714286     0      0
-0.0571429     0      0
-0.0428571     0      0
-0.0285714     0      0
-0.0142857     0      0
0     0      0
0.0142857     0      0
0.0285714     0      0
0.0428571     0      0
0.0571429     0      0
0.0714286     0      0
0.0857143     0      0
0.1     0      0
0.114286     0      0
0.128571     0      0
0.142857     0      0
0.157143     0      0
0.171429     0      0.0741635
0.185714     0      0.0323
0.2     0      0.023298
0.214286     0      0.019276
0.228571     0      0.016968
0.242857     0      0.015502
0.257143     0      0.01431
0.271429     0      0.01347
0.285714     0      0.01271
0.3     0      0.012218
0.314286     0      0.011758
0.328571     0      0.011348
0.342857     0      0.010964
0.357143     0      0.010644
0.371429     0      0.010434
0.385714     0      0.010158
0.4     0      0.00992
0.414286     0      0.00972
0.428571     0      0.009546
0.442857     0      0.009368
0.457143     0      0.00921
0.471429     0      0.009036
0.485714     0      0.008914
0.5     0      0.008792
0.514286     0      0.00866
0.528571     0      0.008552
0.542857     0      0.008452
0.557143     0      0.0083
0.571429     0      0.008224
0.585714     0      0.008118
0.6     0      0.008066
0.614286     0      0.007942
0.628571     0      0.00788
0.642857     0      0.00773
0.657143     0      0.007704
0.671429     0      0.007642
0.685714     0      0.007536
0.7     0      0.00751
0.714286     0      0.007388
0.728571     0      0.007358
0.742857     0      0.00728
0.757143     0      0.007238
0.771429     0      0.00711
0.785714     0      0.007078
0.8     0      0.007064
0.814286     0      0.006974
0.828571     0      0.006902
0.842857     0      0.006874
0.857143     0      0.006836
0.871429     0      0.00678
0.885714     0      0.00674
0.9     0      0.006648
0.914286     0      0.006616
0.928571     0      0.006556
0.942857     0      0.006578
0.957143     0      0.006494
0.971429     0      0.006384
0.985714     0      0.00645
1     0      0.006358
1.01429     0      0.006296
1.02857     0      0.006284
1.04286     0      0.00626
1.05714     0      0.006188
1.07143     0      0.006188
1.08571     0      0.006104
1.1     0      0.006108
1.11429     0      0.00603
1.12857     0      0.006036
1.14286     0      0.00598
1.15714     0      0.005968
1.17143     0      0.005884
1.18571     0      0.00589
1.2     0      0.005844
1.21429     0      0.00584
1.22857     0      0.005798
1.24286     0      0.005706
1.25714     0      0.005744
1.27143     0      0.005696
1.28571     0      0.005688
1.3     0      0.005606
1.31429     0      0.005604
1.32857     0      0.005568
1.34286     0      0.005552
1.35714     0      0.005546
1.37143     0      0.005476
1.38571     0      0.005464
1.4     0      0.005476
1.41429     0      0.005388
1.42857     0      0.005398
1.44286     0      0.00534
1.45714     0      0.005336
1.47143     0      0.005318
1.48571     0      0.005308
1.5     0      0.005254
1.51429     0      0.005226
1.52857     0      0.00524
1.54286     0      0.0052
1.55714     0      0.005154
1.57143     0      0.00515
1.58571     0      0.005144
1.6     0      0.005074
1.61429     0      0.005084
1.62857     0      0.005056
1.64286     0      0.005028
1.65714     0      0.005028
1.67143     0      0.004996
1.68571     0      0.004952
1.7     0      0.00498
1.71429     0      0.00492
1.72857     0      0.004898
1.74286     0      0.004912
1.75714     0      0.00488
1.77143     0      0.00484
1.78571     0      0.004832
1.8     0      0.004838
1.81429     0      0.004782
1.82857     0      0.004776
1.84286     0      0.004752
1.85714     0      0.004734
1.87143     0      0.004736
1.88571     0      0.004696
1.9     0      0.004702
1.91429     0      0.004666
1.92857     0      0.004636
1.94286     0      0.004632
1.95714     0      0.004616
1.97143     0      0.00461
1.98571     0      0.00457
2     0      0.0024445
2.01429     0      2.16065e-44
2.02857     0      8.11816e-77
2.04286     0      1.66195e-102
2.05714     0      0
2.07143     0      0
2.08571     0      0
2.1     0      0
2.11429     0      0
2.12857     0      0
2.14286     0      0
2.15714     0      0
2.17143     0      0
2.18571     0      0
2.2     0      0
2.21429     0      0
2.22857     0      0
2.24286     0      0
2.25714     0      0
2.27143     0      0
2.28571     0      0
2.3     0      0
2.31429     0      0
2.32857     0      0
2.34286     0      0
2.35714     0      0
2.37143     0      0
2.38571     0      0
2.4     0      0
2.41429     0      0
2.42857     0      0
2.44286     0      0
2.45714     0      0
2.47143     0      0
2.48571     0      0
2.5     0      0
2.51429     0      0
2.52857     0      0
2.54286     0      0
2.55714     0      0
2.57143     0      0
2.58571     0      0
2.6     0      0
2.61429     0      0
2.62857     0      0
2.64286     0      0
2.65714     0      0
2.67143     0      0
2.68571     0      0
2.7     0      0
2.71429     0      0
2.72857     0      0
2.74286     0      0
2.75714     0      0
2.77143     0      0
2.78571     0      0
2.8     0      0
2.81429     0      0
2.82857     0      0
2.84286     0      0
2.85714     0      0
2.87143     0      0
2.88571     0      0
2.9     0      0
2.91429     0      0
2.92857     0      0
2.94286     0      0
2.95714     0      0
2.97143     0      0
2.98571     0      0
3     0      0
3.01429     0      0
3.02857     0      0
3.04286     0      0
3.05714     0      0
3.07143     0      0
3.08571     0      0
3.1     0      0
3.11429     0      0
3.12857     0      0
3.14286     0      0
3.15714     0      0
3.17143     0      0
3.18571     0      0
3.2     0      0
3.21429     0      0
3.22857     0      0
3.24286     0      0
3.25714     0      0
3.27143     0      0
3.28571     0      0
3.3     0      0
3.31429     0      0
3.32857     0      0
3.34286     0      0
3.35714     0      0
3.37143     0      0
3.38571     0      0
3.4     0      0
3.41429     0      0
3.42857     0      0
3.44286     0      0
3.45714     0      0
3.47143     0      0
3.48571     0      0
3.5     0      0
3.51429     0      0
3.52857     0      0
3.54286     0      0
3.55714     0      0
3.57143     0      0
3.58571     0      0
3.6     0      0
3.61429     0      0
3.62857     0      0
3.64286     0      0
3.65714     0      0
3.67143     0      0
3.68571     0      0
3.7     0      0
3.71429     0      0
3.72857     0      0
3.74286     0      0
3.75714     0      0
3.77143     0      0
3.78571     0      0
3.8     0      0
3.81429     0      0
3.82857     0      0
3.84286     0      0
3.85714     0      0
3.87143     0      0
3.88571     0      0
3.9     0      0
3.91429     0      0
3.92857     0      0
3.94286     0      0
3.95714     0      0
3.97143     0      0
3.98571     0      0
4     0      0
4.01429     0      0
4.02857     0      0
4.04286     0      0
4.05714     0      0
4.07143     0      0
4.08571     0      0
4.1     0      0
4.11429     0      0
4.12857     0      0
4.14286     0      0
4.15714     0      0
4.17143     0      0
4.18571     0      0
4.2     0      0
4.21429     0      0
4.22857     0      0
4.24286     0      0
4.25714     0      0
4.27143     0      0
4.28571     0      0
4.3     0      0
4.31429     0      0
4.32857     0      0
4.34286     0      0
4.35714     0      0
4.37143     0      0
4.38571     0      0
4.4     0      0
4.41429     0      0
4.42857     0      0
4.44286     0      0
4.45714     0      0
4.47143     0      0
4.48571     0      0
4.5     0      0
4.51429     0      0
4.52857     0      0
4.54286     0      0
4.55714     0      0
4.57143     0      0
4.58571     0      0
4.6     0      0
4.61429     0      0
4.62857     0      0
4.64286     0      0
4.65714     0      0
4.67143     0      0
4.68571     0      0
4.7     0      0
4.71429     0      0
4.72857     0      0
4.74286     0      0
4.75714     0      0
4.77143     0      0
4.78571     0      0
4.8     0      0
4.81429     0      0
4.82857     0      0
4.84286     0      0
4.85714     0      0
4.87143     0      0
4.88571     0      0
4.9     0      0
4.91429     0      0
4.92857     0      0
4.94286     0      0
4.95714     0      0
4.97143     0      0
4.98571     0      0
