# U,mu,nA_up, nA_dn, nB_up, nB_dn, ms, mf, ntotal,mu,cint
#energy    dos_upn   dos_upp   dos_dnn  dos_dnp GRID=1000 bin=700
-5     0      0
-4.98571     0      0
-4.97143     0      0
-4.95714     0      0
-4.94286     0      0
-4.92857     0      0
-4.91429     0      0
-4.9     0      0
-4.88571     0      0
-4.87143     0      0
-4.85714     0      0
-4.84286     0      0
-4.82857     0      0
-4.81429     0      0
-4.8     0      0
-4.78571     0      0
-4.77143     0      0
-4.75714     0      0
-4.74286     0      0
-4.72857     0      0
-4.71429     0      0
-4.7     0      0
-4.68571     0      0
-4.67143     0      0
-4.65714     0      0
-4.64286     0      0
-4.62857     0      0
-4.61429     0      0
-4.6     0      0
-4.58571     0      0
-4.57143     0      0
-4.55714     0      0
-4.54286     0      0
-4.52857     0      0
-4.51429     0      0
-4.5     0      0
-4.48571     0      0
-4.47143     0      0
-4.45714     0      0
-4.44286     0      0
-4.42857     0      0
-4.41429     0      0
-4.4     0      0
-4.38571     0      0
-4.37143     0      0
-4.35714     0      0
-4.34286     0      0
-4.32857     0      0
-4.31429     0      0
-4.3     0      0
-4.28571     0      0
-4.27143     0      0
-4.25714     0      0
-4.24286     0      0
-4.22857     0      0
-4.21429     0      0
-4.2     0      0
-4.18571     0      0
-4.17143     0      0
-4.15714     0      0
-4.14286     0      0
-4.12857     0      0
-4.11429     0      0
-4.1     0      0
-4.08571     0      0
-4.07143     0      0
-4.05714     0      0
-4.04286     0      0
-4.02857     0      0
-4.01429     0      0
-4     0      0
-3.98571     0      0
-3.97143     0      0
-3.95714     0      0
-3.94286     0      0
-3.92857     0      0
-3.91429     0      0
-3.9     0      0
-3.88571     0      0
-3.87143     0      0
-3.85714     0      0
-3.84286     0      0
-3.82857     0      0
-3.81429     0      0
-3.8     0      0
-3.78571     0      0
-3.77143     0      0
-3.75714     0      0
-3.74286     0      0
-3.72857     0      0
-3.71429     0      0
-3.7     0      0
-3.68571     0      0
-3.67143     0      0
-3.65714     0      0
-3.64286     0      0
-3.62857     0      0
-3.61429     0      0
-3.6     0      0
-3.58571     0      0
-3.57143     0      0
-3.55714     0      0
-3.54286     0      0
-3.52857     0      0
-3.51429     0      0
-3.5     0      0
-3.48571     0      0
-3.47143     0      0
-3.45714     0      0
-3.44286     0      0
-3.42857     0      0
-3.41429     0      0
-3.4     0      0
-3.38571     0      0
-3.37143     0      0
-3.35714     0      0
-3.34286     0      0
-3.32857     0      0
-3.31429     0      0
-3.3     0      0
-3.28571     0      0
-3.27143     0      0
-3.25714     0      0
-3.24286     0      0
-3.22857     0      0
-3.21429     0      0
-3.2     0      0
-3.18571     0      0
-3.17143     0      0
-3.15714     0      0
-3.14286     0      0
-3.12857     0      0
-3.11429     0      0
-3.1     0      0
-3.08571     0      0
-3.07143     0      0
-3.05714     0      0
-3.04286     0      0
-3.02857     0      0
-3.01429     0      0
-3     0      0
-2.98571     0      0
-2.97143     0      0
-2.95714     0      0
-2.94286     0      0
-2.92857     0      0
-2.91429     0      0
-2.9     0      0
-2.88571     0      0
-2.87143     0      0
-2.85714     0      0
-2.84286     0      0
-2.82857     0      0
-2.81429     0      0
-2.8     0      0
-2.78571     0      0
-2.77143     0      0
-2.75714     0      0
-2.74286     0      0
-2.72857     0      0
-2.71429     0      0
-2.7     0      0
-2.68571     0      0
-2.67143     0      0
-2.65714     0      0
-2.64286     0      0
-2.62857     0      0
-2.61429     0      0
-2.6     0      0
-2.58571     0      0
-2.57143     0      0
-2.55714     0      0
-2.54286     0      0
-2.52857     0      0
-2.51429     0      0
-2.5     0      0
-2.48571     0      0
-2.47143     0      0
-2.45714     0      0
-2.44286     0      0
-2.42857     0      0
-2.41429     0      0
-2.4     0      0
-2.38571     0      0
-2.37143     0      0
-2.35714     0      0
-2.34286     0      0
-2.32857     0      0
-2.31429     0      0
-2.3     0      0
-2.28571     0      0
-2.27143     0      0
-2.25714     0      0
-2.24286     0      0
-2.22857     0      0
-2.21429     0      0
-2.2     0      0
-2.18571     0      0
-2.17143     0      0
-2.15714     0      0
-2.14286     0      0
-2.12857     0      0
-2.11429     0      0
-2.1     0      0
-2.08571     0      0
-2.07143     0      0
-2.05714     1.70183e-69      0
-2.04286     8.313e-44      0
-2.02857     2.21251e-11      0
-2.01429     0.0041745      0
-2     0.004602      0
-1.98571     0.004626      0
-1.97143     0.00463      0
-1.95714     0.004656      0
-1.94286     0.00467      0
-1.92857     0.004688      0
-1.91429     0.004698      0
-1.9     0.00472      0
-1.88571     0.004744      0
-1.87143     0.00476      0
-1.85714     0.004794      0
-1.84286     0.004804      0
-1.82857     0.004796      0
-1.81429     0.004858      0
-1.8     0.004864      0
-1.78571     0.00486      0
-1.77143     0.004884      0
-1.75714     0.004948      0
-1.74286     0.004926      0
-1.72857     0.004956      0
-1.71429     0.004974      0
-1.7     0.005018      0
-1.68571     0.005028      0
-1.67143     0.005044      0
-1.65714     0.00506      0
-1.64286     0.005072      0
-1.62857     0.005106      0
-1.61429     0.00516      0
-1.6     0.005154      0
-1.58571     0.00517      0
-1.57143     0.005236      0
-1.55714     0.005192      0
-1.54286     0.005276      0
-1.52857     0.00528      0
-1.51429     0.00529      0
-1.5     0.005308      0
-1.48571     0.005376      0
-1.47143     0.005384      0
-1.45714     0.005388      0
-1.44286     0.005432      0
-1.42857     0.00549      0
-1.41429     0.005452      0
-1.4     0.00552      0
-1.38571     0.00552      0
-1.37143     0.0056      0
-1.35714     0.005604      0
-1.34286     0.005612      0
-1.32857     0.005638      0
-1.31429     0.005672      0
-1.3     0.005736      0
-1.28571     0.005772      0
-1.27143     0.005772      0
-1.25714     0.00581      0
-1.24286     0.005876      0
-1.22857     0.005884      0
-1.21429     0.005872      0
-1.2     0.005962      0
-1.18571     0.006      0
-1.17143     0.006      0
-1.15714     0.006072      0
-1.14286     0.006076      0
-1.12857     0.006136      0
-1.11429     0.006162      0
-1.1     0.006214      0
-1.08571     0.006256      0
-1.07143     0.006266      0
-1.05714     0.00636      0
-1.04286     0.006386      0
-1.02857     0.006366      0
-1.01429     0.0065      0
-1     0.006522      0
-0.985714     0.006494      0
-0.971429     0.006644      0
-0.957143     0.00665      0
-0.942857     0.00667      0
-0.928571     0.00678      0
-0.914286     0.00681      0
-0.9     0.006836      0
-0.885714     0.006912      0
-0.871429     0.006948      0
-0.857143     0.007076      0
-0.842857     0.007074      0
-0.828571     0.007152      0
-0.814286     0.00718      0
-0.8     0.007284      0
-0.785714     0.007342      0
-0.771429     0.007384      0
-0.757143     0.007528      0
-0.742857     0.007582      0
-0.728571     0.007644      0
-0.714286     0.00773      0
-0.7     0.007788      0
-0.685714     0.007908      0
-0.671429     0.007972      0
-0.657143     0.008082      0
-0.642857     0.008182      0
-0.628571     0.008286      0
-0.614286     0.0084      0
-0.6     0.008546      0
-0.585714     0.00865      0
-0.571429     0.008782      0
-0.557143     0.008888      0
-0.542857     0.009038      0
-0.528571     0.009246      0
-0.514286     0.00942      0
-0.5     0.009558      0
-0.485714     0.009712      0
-0.471429     0.010036      0
-0.457143     0.010264      0
-0.442857     0.010432      0
-0.428571     0.01087      0
-0.414286     0.011112      0
-0.4     0.01153      0
-0.385714     0.011942      0
-0.371429     0.012474      0
-0.357143     0.013052      0
-0.342857     0.013784      0
-0.328571     0.014738      0
-0.314286     0.015876      0
-0.3     0.017558      0
-0.285714     0.01991      0
-0.271429     0.023726      0
-0.257143     0.031642      0
-0.242857     0.080694      0
-0.228571     0.0124675      0
-0.214286     0      0
-0.2     0      0
-0.185714     0      0
-0.171429     0      0
-0.157143     0      0
-0.142857     0      0
-0.128571     0      0
-0.114286     0      0
-0.1     0      0
-0.0857143     0      0
-0.0714286     0      0
-0.0571429     0      0
-0.0428571     0      0
-0.0285714     0      0
-0.0142857     0      0
0     0      0
0.0142857     0      0
0.0285714     0      0
0.0428571     0      0
0.0571429     0      0
0.0714286     0      0
0.0857143     0      0
0.1     0      0
0.114286     0      0
0.128571     0      0
0.142857     0      0
0.157143     0      0
0.171429     0      0
0.185714     0      0
0.2     0      0
0.214286     0      0.0124675
0.228571     0      0.080694
0.242857     0      0.031642
0.257143     0      0.023726
0.271429     0      0.01991
0.285714     0      0.017558
0.3     0      0.015876
0.314286     0      0.014738
0.328571     0      0.013784
0.342857     0      0.013052
0.357143     0      0.012474
0.371429     0      0.011942
0.385714     0      0.01153
0.4     0      0.011112
0.414286     0      0.01087
0.428571     0      0.010432
0.442857     0      0.010264
0.457143     0      0.010036
0.471429     0      0.009712
0.485714     0      0.009558
0.5     0      0.00942
0.514286     0      0.009246
0.528571     0      0.009038
0.542857     0      0.008888
0.557143     0      0.008782
0.571429     0      0.00865
0.585714     0      0.008546
0.6     0      0.0084
0.614286     0      0.008286
0.628571     0      0.008182
0.642857     0      0.008082
0.657143     0      0.007972
0.671429     0      0.007908
0.685714     0      0.007788
0.7     0      0.00773
0.714286     0      0.007644
0.728571     0      0.007582
0.742857     0      0.007528
0.757143     0      0.007384
0.771429     0      0.007342
0.785714     0      0.007284
0.8     0      0.00718
0.814286     0      0.007152
0.828571     0      0.007074
0.842857     0      0.007076
0.857143     0      0.006948
0.871429     0      0.006912
0.885714     0      0.006836
0.9     0      0.00681
0.914286     0      0.00678
0.928571     0      0.00667
0.942857     0      0.00665
0.957143     0      0.006644
0.971429     0      0.006494
0.985714     0      0.006522
1     0      0.0065
1.01429     0      0.006366
1.02857     0      0.006386
1.04286     0      0.00636
1.05714     0      0.006266
1.07143     0      0.006256
1.08571     0      0.006214
1.1     0      0.006162
1.11429     0      0.006136
1.12857     0      0.006076
1.14286     0      0.006072
1.15714     0      0.006
1.17143     0      0.006
1.18571     0      0.005962
1.2     0      0.005872
1.21429     0      0.005884
1.22857     0      0.005876
1.24286     0      0.00581
1.25714     0      0.005772
1.27143     0      0.005772
1.28571     0      0.005736
1.3     0      0.005672
1.31429     0      0.005638
1.32857     0      0.005612
1.34286     0      0.005604
1.35714     0      0.0056
1.37143     0      0.00552
1.38571     0      0.00552
1.4     0      0.005452
1.41429     0      0.00549
1.42857     0      0.005432
1.44286     0      0.005388
1.45714     0      0.005384
1.47143     0      0.005376
1.48571     0      0.005308
1.5     0      0.00529
1.51429     0      0.00528
1.52857     0      0.005276
1.54286     0      0.005192
1.55714     0      0.005236
1.57143     0      0.00517
1.58571     0      0.005154
1.6     0      0.00516
1.61429     0      0.005106
1.62857     0      0.005072
1.64286     0      0.00506
1.65714     0      0.005044
1.67143     0      0.005028
1.68571     0      0.005018
1.7     0      0.004974
1.71429     0      0.004956
1.72857     0      0.004926
1.74286     0      0.004948
1.75714     0      0.004884
1.77143     0      0.00486
1.78571     0      0.004864
1.8     0      0.004858
1.81429     0      0.004796
1.82857     0      0.004804
1.84286     0      0.004794
1.85714     0      0.00476
1.87143     0      0.004744
1.88571     0      0.00472
1.9     0      0.004698
1.91429     0      0.004688
1.92857     0      0.00467
1.94286     0      0.004656
1.95714     0      0.00463
1.97143     0      0.004626
1.98571     0      0.004602
2     0      0.0041745
2.01429     0      2.21251e-11
2.02857     0      8.313e-44
2.04286     0      1.70183e-69
2.05714     0      0
2.07143     0      0
2.08571     0      0
2.1     0      0
2.11429     0      0
2.12857     0      0
2.14286     0      0
2.15714     0      0
2.17143     0      0
2.18571     0      0
2.2     0      0
2.21429     0      0
2.22857     0      0
2.24286     0      0
2.25714     0      0
2.27143     0      0
2.28571     0      0
2.3     0      0
2.31429     0      0
2.32857     0      0
2.34286     0      0
2.35714     0      0
2.37143     0      0
2.38571     0      0
2.4     0      0
2.41429     0      0
2.42857     0      0
2.44286     0      0
2.45714     0      0
2.47143     0      0
2.48571     0      0
2.5     0      0
2.51429     0      0
2.52857     0      0
2.54286     0      0
2.55714     0      0
2.57143     0      0
2.58571     0      0
2.6     0      0
2.61429     0      0
2.62857     0      0
2.64286     0      0
2.65714     0      0
2.67143     0      0
2.68571     0      0
2.7     0      0
2.71429     0      0
2.72857     0      0
2.74286     0      0
2.75714     0      0
2.77143     0      0
2.78571     0      0
2.8     0      0
2.81429     0      0
2.82857     0      0
2.84286     0      0
2.85714     0      0
2.87143     0      0
2.88571     0      0
2.9     0      0
2.91429     0      0
2.92857     0      0
2.94286     0      0
2.95714     0      0
2.97143     0      0
2.98571     0      0
3     0      0
3.01429     0      0
3.02857     0      0
3.04286     0      0
3.05714     0      0
3.07143     0      0
3.08571     0      0
3.1     0      0
3.11429     0      0
3.12857     0      0
3.14286     0      0
3.15714     0      0
3.17143     0      0
3.18571     0      0
3.2     0      0
3.21429     0      0
3.22857     0      0
3.24286     0      0
3.25714     0      0
3.27143     0      0
3.28571     0      0
3.3     0      0
3.31429     0      0
3.32857     0      0
3.34286     0      0
3.35714     0      0
3.37143     0      0
3.38571     0      0
3.4     0      0
3.41429     0      0
3.42857     0      0
3.44286     0      0
3.45714     0      0
3.47143     0      0
3.48571     0      0
3.5     0      0
3.51429     0      0
3.52857     0      0
3.54286     0      0
3.55714     0      0
3.57143     0      0
3.58571     0      0
3.6     0      0
3.61429     0      0
3.62857     0      0
3.64286     0      0
3.65714     0      0
3.67143     0      0
3.68571     0      0
3.7     0      0
3.71429     0      0
3.72857     0      0
3.74286     0      0
3.75714     0      0
3.77143     0      0
3.78571     0      0
3.8     0      0
3.81429     0      0
3.82857     0      0
3.84286     0      0
3.85714     0      0
3.87143     0      0
3.88571     0      0
3.9     0      0
3.91429     0      0
3.92857     0      0
3.94286     0      0
3.95714     0      0
3.97143     0      0
3.98571     0      0
4     0      0
4.01429     0      0
4.02857     0      0
4.04286     0      0
4.05714     0      0
4.07143     0      0
4.08571     0      0
4.1     0      0
4.11429     0      0
4.12857     0      0
4.14286     0      0
4.15714     0      0
4.17143     0      0
4.18571     0      0
4.2     0      0
4.21429     0      0
4.22857     0      0
4.24286     0      0
4.25714     0      0
4.27143     0      0
4.28571     0      0
4.3     0      0
4.31429     0      0
4.32857     0      0
4.34286     0      0
4.35714     0      0
4.37143     0      0
4.38571     0      0
4.4     0      0
4.41429     0      0
4.42857     0      0
4.44286     0      0
4.45714     0      0
4.47143     0      0
4.48571     0      0
4.5     0      0
4.51429     0      0
4.52857     0      0
4.54286     0      0
4.55714     0      0
4.57143     0      0
4.58571     0      0
4.6     0      0
4.61429     0      0
4.62857     0      0
4.64286     0      0
4.65714     0      0
4.67143     0      0
4.68571     0      0
4.7     0      0
4.71429     0      0
4.72857     0      0
4.74286     0      0
4.75714     0      0
4.77143     0      0
4.78571     0      0
4.8     0      0
4.81429     0      0
4.82857     0      0
4.84286     0      0
4.85714     0      0
4.87143     0      0
4.88571     0      0
4.9     0      0
4.91429     0      0
4.92857     0      0
4.94286     0      0
4.95714     0      0
4.97143     0      0
4.98571     0      0
