# U,mu,nA_up, nA_dn, nB_up, nB_dn, ms, mf, ntotal,mu,cint
#energy    dos_upn   dos_upp   dos_dnn  dos_dnp GRID=1000 bin=700
-5     0      0
-4.98571     0      0
-4.97143     0      0
-4.95714     0      0
-4.94286     0      0
-4.92857     0      0
-4.91429     0      0
-4.9     0      0
-4.88571     0      0
-4.87143     0      0
-4.85714     0      0
-4.84286     0      0
-4.82857     0      0
-4.81429     0      0
-4.8     0      0
-4.78571     0      0
-4.77143     0      0
-4.75714     0      0
-4.74286     0      0
-4.72857     0      0
-4.71429     0      0
-4.7     0      0
-4.68571     0      0
-4.67143     0      0
-4.65714     0      0
-4.64286     0      0
-4.62857     0      0
-4.61429     0      0
-4.6     0      0
-4.58571     0      0
-4.57143     0      0
-4.55714     0      0
-4.54286     0      0
-4.52857     0      0
-4.51429     0      0
-4.5     0      0
-4.48571     0      0
-4.47143     0      0
-4.45714     0      0
-4.44286     0      0
-4.42857     0      0
-4.41429     0      0
-4.4     0      0
-4.38571     0      0
-4.37143     0      0
-4.35714     0      0
-4.34286     0      0
-4.32857     0      0
-4.31429     0      0
-4.3     0      0
-4.28571     0      0
-4.27143     0      0
-4.25714     0      0
-4.24286     0      0
-4.22857     0      0
-4.21429     0      0
-4.2     0      0
-4.18571     0      0
-4.17143     0      0
-4.15714     0      0
-4.14286     0      0
-4.12857     0      0
-4.11429     0      0
-4.1     0      0
-4.08571     0      0
-4.07143     0      0
-4.05714     0      0
-4.04286     0      0
-4.02857     0      0
-4.01429     0      0
-4     0      0
-3.98571     0      0
-3.97143     0      0
-3.95714     0      0
-3.94286     0      0
-3.92857     0      0
-3.91429     0      0
-3.9     0      0
-3.88571     0      0
-3.87143     0      0
-3.85714     0      0
-3.84286     0      0
-3.82857     0      0
-3.81429     0      0
-3.8     0      0
-3.78571     0      0
-3.77143     0      0
-3.75714     0      0
-3.74286     0      0
-3.72857     0      0
-3.71429     0      0
-3.7     0      0
-3.68571     0      0
-3.67143     0      0
-3.65714     0      0
-3.64286     0      0
-3.62857     0      0
-3.61429     0      0
-3.6     0      0
-3.58571     0      0
-3.57143     0      0
-3.55714     0      0
-3.54286     0      0
-3.52857     0      0
-3.51429     0      0
-3.5     0      0
-3.48571     0      0
-3.47143     0      0
-3.45714     0      0
-3.44286     0      0
-3.42857     0      0
-3.41429     0      0
-3.4     0      0
-3.38571     0      0
-3.37143     0      0
-3.35714     0      0
-3.34286     0      0
-3.32857     0      0
-3.31429     0      0
-3.3     0      0
-3.28571     0      0
-3.27143     0      0
-3.25714     0      0
-3.24286     0      0
-3.22857     0      0
-3.21429     0      0
-3.2     0      0
-3.18571     0      0
-3.17143     0      0
-3.15714     0      0
-3.14286     0      0
-3.12857     0      0
-3.11429     0      0
-3.1     0      0
-3.08571     0      0
-3.07143     0      0
-3.05714     0      0
-3.04286     0      0
-3.02857     0      0
-3.01429     0      0
-3     0      0
-2.98571     0      0
-2.97143     0      0
-2.95714     0      0
-2.94286     0      0
-2.92857     0      0
-2.91429     0      0
-2.9     0      0
-2.88571     0      0
-2.87143     0      0
-2.85714     0      0
-2.84286     0      0
-2.82857     0      0
-2.81429     0      0
-2.8     0      0
-2.78571     0      0
-2.77143     0      0
-2.75714     0      0
-2.74286     0      0
-2.72857     0      0
-2.71429     0      0
-2.7     0      0
-2.68571     0      0
-2.67143     0      0
-2.65714     0      0
-2.64286     0      0
-2.62857     0      0
-2.61429     0      0
-2.6     0      0
-2.58571     0      0
-2.57143     0      0
-2.55714     0      0
-2.54286     0      0
-2.52857     0      0
-2.51429     0      0
-2.5     0      0
-2.48571     0      0
-2.47143     0      0
-2.45714     0      0
-2.44286     0      0
-2.42857     0      0
-2.41429     0      0
-2.4     0      0
-2.38571     0      0
-2.37143     0      0
-2.35714     0      0
-2.34286     0      0
-2.32857     0      0
-2.31429     0      0
-2.3     0      0
-2.28571     0      0
-2.27143     0      0
-2.25714     0      0
-2.24286     0      0
-2.22857     0      0
-2.21429     0      0
-2.2     0      0
-2.18571     0      0
-2.17143     0      0
-2.15714     0      0
-2.14286     0      0
-2.12857     0      0
-2.11429     0      0
-2.1     0      0
-2.08571     0      0
-2.07143     0      0
-2.05714     1.74268e-36      0
-2.04286     8.51251e-11      0
-2.02857     0.0038605      0
-2.01429     0.00464      0
-2     0.004654      0
-1.98571     0.00466      0
-1.97143     0.004672      0
-1.95714     0.0047      0
-1.94286     0.004738      0
-1.92857     0.004752      0
-1.91429     0.004724      0
-1.9     0.0048      0
-1.88571     0.004788      0
-1.87143     0.004826      0
-1.85714     0.004836      0
-1.84286     0.004878      0
-1.82857     0.004852      0
-1.81429     0.0049      0
-1.8     0.004926      0
-1.78571     0.004956      0
-1.77143     0.004932      0
-1.75714     0.005012      0
-1.74286     0.005      0
-1.72857     0.00502      0
-1.71429     0.005028      0
-1.7     0.0051      0
-1.68571     0.005104      0
-1.67143     0.005128      0
-1.65714     0.005128      0
-1.64286     0.005136      0
-1.62857     0.005224      0
-1.61429     0.005228      0
-1.6     0.005226      0
-1.58571     0.005254      0
-1.57143     0.005294      0
-1.55714     0.00532      0
-1.54286     0.005352      0
-1.52857     0.005348      0
-1.51429     0.005416      0
-1.5     0.005424      0
-1.48571     0.005458      0
-1.47143     0.005476      0
-1.45714     0.005474      0
-1.44286     0.005566      0
-1.42857     0.005592      0
-1.41429     0.005584      0
-1.4     0.005624      0
-1.38571     0.005652      0
-1.37143     0.00571      0
-1.35714     0.005724      0
-1.34286     0.005726      0
-1.32857     0.005812      0
-1.31429     0.005828      0
-1.3     0.005868      0
-1.28571     0.005888      0
-1.27143     0.005956      0
-1.25714     0.005952      0
-1.24286     0.005986      0
-1.22857     0.006048      0
-1.21429     0.00608      0
-1.2     0.006122      0
-1.18571     0.006142      0
-1.17143     0.00624      0
-1.15714     0.006216      0
-1.14286     0.0063      0
-1.12857     0.006328      0
-1.11429     0.006372      0
-1.1     0.00644      0
-1.08571     0.006464      0
-1.07143     0.006544      0
-1.05714     0.006502      0
-1.04286     0.006674      0
-1.02857     0.006656      0
-1.01429     0.006748      0
-1     0.006766      0
-0.985714     0.006854      0
-0.971429     0.006852      0
-0.957143     0.007      0
-0.942857     0.007018      0
-0.928571     0.007064      0
-0.914286     0.007196      0
-0.9     0.007222      0
-0.885714     0.00728      0
-0.871429     0.007392      0
-0.857143     0.007406      0
-0.842857     0.007536      0
-0.828571     0.007612      0
-0.814286     0.00767      0
-0.8     0.0078      0
-0.785714     0.007906      0
-0.771429     0.00797      0
-0.757143     0.00808      0
-0.742857     0.008166      0
-0.728571     0.008318      0
-0.714286     0.008446      0
-0.7     0.00852      0
-0.685714     0.008746      0
-0.671429     0.008796      0
-0.657143     0.008992      0
-0.642857     0.009142      0
-0.628571     0.009334      0
-0.614286     0.00953      0
-0.6     0.009734      0
-0.585714     0.009918      0
-0.571429     0.010232      0
-0.557143     0.010468      0
-0.542857     0.010772      0
-0.528571     0.011092      0
-0.514286     0.011456      0
-0.5     0.011914      0
-0.485714     0.01239      0
-0.471429     0.013004      0
-0.457143     0.01364      0
-0.442857     0.014472      0
-0.428571     0.015492      0
-0.414286     0.016866      0
-0.4     0.018558      0
-0.385714     0.021128      0
-0.371429     0.02505      0
-0.357143     0.032728      0
-0.342857     0.057766      0
-0.328571     0.0591175      0
-0.314286     0      0
-0.3     0      0
-0.285714     0      0
-0.271429     0      0
-0.257143     0      0
-0.242857     0      0
-0.228571     0      0
-0.214286     0      0
-0.2     0      0
-0.185714     0      0
-0.171429     0      0
-0.157143     0      0
-0.142857     0      0
-0.128571     0      0
-0.114286     0      0
-0.1     0      0
-0.0857143     0      0
-0.0714286     0      0
-0.0571429     0      0
-0.0428571     0      0
-0.0285714     0      0
-0.0142857     0      0
0     0      0
0.0142857     0      0
0.0285714     0      0
0.0428571     0      0
0.0571429     0      0
0.0714286     0      0
0.0857143     0      0
0.1     0      0
0.114286     0      0
0.128571     0      0
0.142857     0      0
0.157143     0      0
0.171429     0      0
0.185714     0      0
0.2     0      0
0.214286     0      0
0.228571     0      0
0.242857     0      0
0.257143     0      0
0.271429     0      0
0.285714     0      0
0.3     0      0
0.314286     0      0.0591175
0.328571     0      0.057766
0.342857     0      0.032728
0.357143     0      0.02505
0.371429     0      0.021128
0.385714     0      0.018558
0.4     0      0.016866
0.414286     0      0.015492
0.428571     0      0.014472
0.442857     0      0.01364
0.457143     0      0.013004
0.471429     0      0.01239
0.485714     0      0.011914
0.5     0      0.011456
0.514286     0      0.011092
0.528571     0      0.010772
0.542857     0      0.010468
0.557143     0      0.010232
0.571429     0      0.009918
0.585714     0      0.009734
0.6     0      0.00953
0.614286     0      0.009334
0.628571     0      0.009142
0.642857     0      0.008992
0.657143     0      0.008796
0.671429     0      0.008746
0.685714     0      0.00852
0.7     0      0.008446
0.714286     0      0.008318
0.728571     0      0.008166
0.742857     0      0.00808
0.757143     0      0.00797
0.771429     0      0.007906
0.785714     0      0.0078
0.8     0      0.00767
0.814286     0      0.007612
0.828571     0      0.007536
0.842857     0      0.007406
0.857143     0      0.007392
0.871429     0      0.00728
0.885714     0      0.007222
0.9     0      0.007196
0.914286     0      0.007064
0.928571     0      0.007018
0.942857     0      0.007
0.957143     0      0.006852
0.971429     0      0.006854
0.985714     0      0.006766
1     0      0.006748
1.01429     0      0.006656
1.02857     0      0.006674
1.04286     0      0.006502
1.05714     0      0.006544
1.07143     0      0.006464
1.08571     0      0.00644
1.1     0      0.006372
1.11429     0      0.006328
1.12857     0      0.0063
1.14286     0      0.006216
1.15714     0      0.00624
1.17143     0      0.006142
1.18571     0      0.006122
1.2     0      0.00608
1.21429     0      0.006048
1.22857     0      0.005986
1.24286     0      0.005952
1.25714     0      0.005956
1.27143     0      0.005888
1.28571     0      0.005868
1.3     0      0.005828
1.31429     0      0.005812
1.32857     0      0.005726
1.34286     0      0.005724
1.35714     0      0.00571
1.37143     0      0.005652
1.38571     0      0.005624
1.4     0      0.005584
1.41429     0      0.005592
1.42857     0      0.005566
1.44286     0      0.005474
1.45714     0      0.005476
1.47143     0      0.005458
1.48571     0      0.005424
1.5     0      0.005416
1.51429     0      0.005348
1.52857     0      0.005352
1.54286     0      0.00532
1.55714     0      0.005294
1.57143     0      0.005254
1.58571     0      0.005226
1.6     0      0.005228
1.61429     0      0.005224
1.62857     0      0.005136
1.64286     0      0.005128
1.65714     0      0.005128
1.67143     0      0.005104
1.68571     0      0.0051
1.7     0      0.005028
1.71429     0      0.00502
1.72857     0      0.005
1.74286     0      0.005012
1.75714     0      0.004932
1.77143     0      0.004956
1.78571     0      0.004926
1.8     0      0.0049
1.81429     0      0.004852
1.82857     0      0.004878
1.84286     0      0.004836
1.85714     0      0.004826
1.87143     0      0.004788
1.88571     0      0.0048
1.9     0      0.004724
1.91429     0      0.004752
1.92857     0      0.004738
1.94286     0      0.0047
1.95714     0      0.004672
1.97143     0      0.00466
1.98571     0      0.004654
2     0      0.00464
2.01429     0      0.0038605
2.02857     0      8.51251e-11
2.04286     0      1.74268e-36
2.05714     0      0
2.07143     0      0
2.08571     0      0
2.1     0      0
2.11429     0      0
2.12857     0      0
2.14286     0      0
2.15714     0      0
2.17143     0      0
2.18571     0      0
2.2     0      0
2.21429     0      0
2.22857     0      0
2.24286     0      0
2.25714     0      0
2.27143     0      0
2.28571     0      0
2.3     0      0
2.31429     0      0
2.32857     0      0
2.34286     0      0
2.35714     0      0
2.37143     0      0
2.38571     0      0
2.4     0      0
2.41429     0      0
2.42857     0      0
2.44286     0      0
2.45714     0      0
2.47143     0      0
2.48571     0      0
2.5     0      0
2.51429     0      0
2.52857     0      0
2.54286     0      0
2.55714     0      0
2.57143     0      0
2.58571     0      0
2.6     0      0
2.61429     0      0
2.62857     0      0
2.64286     0      0
2.65714     0      0
2.67143     0      0
2.68571     0      0
2.7     0      0
2.71429     0      0
2.72857     0      0
2.74286     0      0
2.75714     0      0
2.77143     0      0
2.78571     0      0
2.8     0      0
2.81429     0      0
2.82857     0      0
2.84286     0      0
2.85714     0      0
2.87143     0      0
2.88571     0      0
2.9     0      0
2.91429     0      0
2.92857     0      0
2.94286     0      0
2.95714     0      0
2.97143     0      0
2.98571     0      0
3     0      0
3.01429     0      0
3.02857     0      0
3.04286     0      0
3.05714     0      0
3.07143     0      0
3.08571     0      0
3.1     0      0
3.11429     0      0
3.12857     0      0
3.14286     0      0
3.15714     0      0
3.17143     0      0
3.18571     0      0
3.2     0      0
3.21429     0      0
3.22857     0      0
3.24286     0      0
3.25714     0      0
3.27143     0      0
3.28571     0      0
3.3     0      0
3.31429     0      0
3.32857     0      0
3.34286     0      0
3.35714     0      0
3.37143     0      0
3.38571     0      0
3.4     0      0
3.41429     0      0
3.42857     0      0
3.44286     0      0
3.45714     0      0
3.47143     0      0
3.48571     0      0
3.5     0      0
3.51429     0      0
3.52857     0      0
3.54286     0      0
3.55714     0      0
3.57143     0      0
3.58571     0      0
3.6     0      0
3.61429     0      0
3.62857     0      0
3.64286     0      0
3.65714     0      0
3.67143     0      0
3.68571     0      0
3.7     0      0
3.71429     0      0
3.72857     0      0
3.74286     0      0
3.75714     0      0
3.77143     0      0
3.78571     0      0
3.8     0      0
3.81429     0      0
3.82857     0      0
3.84286     0      0
3.85714     0      0
3.87143     0      0
3.88571     0      0
3.9     0      0
3.91429     0      0
3.92857     0      0
3.94286     0      0
3.95714     0      0
3.97143     0      0
3.98571     0      0
4     0      0
4.01429     0      0
4.02857     0      0
4.04286     0      0
4.05714     0      0
4.07143     0      0
4.08571     0      0
4.1     0      0
4.11429     0      0
4.12857     0      0
4.14286     0      0
4.15714     0      0
4.17143     0      0
4.18571     0      0
4.2     0      0
4.21429     0      0
4.22857     0      0
4.24286     0      0
4.25714     0      0
4.27143     0      0
4.28571     0      0
4.3     0      0
4.31429     0      0
4.32857     0      0
4.34286     0      0
4.35714     0      0
4.37143     0      0
4.38571     0      0
4.4     0      0
4.41429     0      0
4.42857     0      0
4.44286     0      0
4.45714     0      0
4.47143     0      0
4.48571     0      0
4.5     0      0
4.51429     0      0
4.52857     0      0
4.54286     0      0
4.55714     0      0
4.57143     0      0
4.58571     0      0
4.6     0      0
4.61429     0      0
4.62857     0      0
4.64286     0      0
4.65714     0      0
4.67143     0      0
4.68571     0      0
4.7     0      0
4.71429     0      0
4.72857     0      0
4.74286     0      0
4.75714     0      0
4.77143     0      0
4.78571     0      0
4.8     0      0
4.81429     0      0
4.82857     0      0
4.84286     0      0
4.85714     0      0
4.87143     0      0
4.88571     0      0
4.9     0      0
4.91429     0      0
4.92857     0      0
4.94286     0      0
4.95714     0      0
4.97143     0      0
4.98571     0      0
