# U,mu,nA_up, nA_dn, nB_up, nB_dn, ms, mf, ntotal,mu,cint
#energy    dos_upn   dos_upp   dos_dnn  dos_dnp GRID=1000 bin=700
-5     0      0
-4.98571     0      0
-4.97143     0      0
-4.95714     0      0
-4.94286     0      0
-4.92857     0      0
-4.91429     0      0
-4.9     0      0
-4.88571     0      0
-4.87143     0      0
-4.85714     0      0
-4.84286     0      0
-4.82857     0      0
-4.81429     0      0
-4.8     0      0
-4.78571     0      0
-4.77143     0      0
-4.75714     0      0
-4.74286     0      0
-4.72857     0      0
-4.71429     0      0
-4.7     0      0
-4.68571     0      0
-4.67143     0      0
-4.65714     0      0
-4.64286     0      0
-4.62857     0      0
-4.61429     0      0
-4.6     0      0
-4.58571     0      0
-4.57143     0      0
-4.55714     0      0
-4.54286     0      0
-4.52857     0      0
-4.51429     0      0
-4.5     0      0
-4.48571     0      0
-4.47143     0      0
-4.45714     0      0
-4.44286     0      0
-4.42857     0      0
-4.41429     0      0
-4.4     0      0
-4.38571     0      0
-4.37143     0      0
-4.35714     0      0
-4.34286     0      0
-4.32857     0      0
-4.31429     0      0
-4.3     0      0
-4.28571     0      0
-4.27143     0      0
-4.25714     0      0
-4.24286     0      0
-4.22857     0      0
-4.21429     0      0
-4.2     0      0
-4.18571     0      0
-4.17143     0      0
-4.15714     0      0
-4.14286     0      0
-4.12857     0      0
-4.11429     0      0
-4.1     0      0
-4.08571     0      0
-4.07143     0      0
-4.05714     0      0
-4.04286     0      0
-4.02857     0      0
-4.01429     0      0
-4     0      0
-3.98571     0      0
-3.97143     0      0
-3.95714     0      0
-3.94286     0      0
-3.92857     0      0
-3.91429     0      0
-3.9     0      0
-3.88571     0      0
-3.87143     0      0
-3.85714     0      0
-3.84286     0      0
-3.82857     0      0
-3.81429     0      0
-3.8     0      0
-3.78571     0      0
-3.77143     0      0
-3.75714     0      0
-3.74286     0      0
-3.72857     0      0
-3.71429     0      0
-3.7     0      0
-3.68571     0      0
-3.67143     0      0
-3.65714     0      0
-3.64286     0      0
-3.62857     0      0
-3.61429     0      0
-3.6     0      0
-3.58571     0      0
-3.57143     0      0
-3.55714     0      0
-3.54286     0      0
-3.52857     0      0
-3.51429     0      0
-3.5     0      0
-3.48571     0      0
-3.47143     0      0
-3.45714     0      0
-3.44286     0      0
-3.42857     0      0
-3.41429     0      0
-3.4     0      0
-3.38571     0      0
-3.37143     0      0
-3.35714     0      0
-3.34286     0      0
-3.32857     0      0
-3.31429     0      0
-3.3     0      0
-3.28571     0      0
-3.27143     0      0
-3.25714     0      0
-3.24286     0      0
-3.22857     0      0
-3.21429     0      0
-3.2     0      0
-3.18571     0      0
-3.17143     0      0
-3.15714     0      0
-3.14286     0      0
-3.12857     0      0
-3.11429     0      0
-3.1     0      0
-3.08571     0      0
-3.07143     0      0
-3.05714     0      0
-3.04286     0      0
-3.02857     0      0
-3.01429     0      0
-3     0      0
-2.98571     0      0
-2.97143     0      0
-2.95714     0      0
-2.94286     0      0
-2.92857     0      0
-2.91429     0      0
-2.9     0      0
-2.88571     0      0
-2.87143     0      0
-2.85714     0      0
-2.84286     0      0
-2.82857     0      0
-2.81429     0      0
-2.8     0      0
-2.78571     0      0
-2.77143     0      0
-2.75714     0      0
-2.74286     0      0
-2.72857     0      0
-2.71429     0      0
-2.7     0      0
-2.68571     0      0
-2.67143     0      0
-2.65714     0      0
-2.64286     0      0
-2.62857     0      0
-2.61429     0      0
-2.6     0      0
-2.58571     0      0
-2.57143     0      0
-2.55714     0      0
-2.54286     0      0
-2.52857     0      0
-2.51429     0      0
-2.5     0      0
-2.48571     0      0
-2.47143     0      0
-2.45714     0      0
-2.44286     0      0
-2.42857     0      0
-2.41429     0      0
-2.4     0      0
-2.38571     0      0
-2.37143     0      0
-2.35714     0      0
-2.34286     0      0
-2.32857     0      0
-2.31429     0      0
-2.3     0      0
-2.28571     0      0
-2.27143     0      0
-2.25714     0      0
-2.24286     0      0
-2.22857     0      0
-2.21429     0      0
-2.2     0      0
-2.18571     0      0
-2.17143     0      0
-2.15714     0      0
-2.14286     0      0
-2.12857     0      0
-2.11429     0      0
-2.1     0      0
-2.08571     0      0
-2.07143     0      0
-2.05714     2.65911e-89      0
-2.04286     1.29891e-63      0
-2.02857     3.45704e-31      0
-2.01429     0.0030025      0
-2     0.004594      0
-1.98571     0.004604      0
-1.97143     0.00462      0
-1.95714     0.004638      0
-1.94286     0.004666      0
-1.92857     0.00466      0
-1.91429     0.004692      0
-1.9     0.004728      0
-1.88571     0.004724      0
-1.87143     0.004742      0
-1.85714     0.00476      0
-1.84286     0.004774      0
-1.82857     0.004812      0
-1.81429     0.00483      0
-1.8     0.004832      0
-1.78571     0.004868      0
-1.77143     0.004876      0
-1.75714     0.00493      0
-1.74286     0.004896      0
-1.72857     0.004952      0
-1.71429     0.004942      0
-1.7     0.005002      0
-1.68571     0.004988      0
-1.67143     0.005044      0
-1.65714     0.005024      0
-1.64286     0.005096      0
-1.62857     0.00508      0
-1.61429     0.00508      0
-1.6     0.005168      0
-1.58571     0.005132      0
-1.57143     0.005202      0
-1.55714     0.005188      0
-1.54286     0.005256      0
-1.52857     0.005228      0
-1.51429     0.005274      0
-1.5     0.00529      0
-1.48571     0.005344      0
-1.47143     0.005358      0
-1.45714     0.005376      0
-1.44286     0.0054      0
-1.42857     0.00542      0
-1.41429     0.005466      0
-1.4     0.00548      0
-1.38571     0.005492      0
-1.37143     0.005568      0
-1.35714     0.005568      0
-1.34286     0.00558      0
-1.32857     0.005624      0
-1.31429     0.005622      0
-1.3     0.0057      0
-1.28571     0.005712      0
-1.27143     0.005776      0
-1.25714     0.00575      0
-1.24286     0.0058      0
-1.22857     0.005844      0
-1.21429     0.005868      0
-1.2     0.005918      0
-1.18571     0.005906      0
-1.17143     0.005976      0
-1.15714     0.006018      0
-1.14286     0.006056      0
-1.12857     0.006058      0
-1.11429     0.006118      0
-1.1     0.006188      0
-1.08571     0.006142      0
-1.07143     0.00626      0
-1.05714     0.006278      0
-1.04286     0.006246      0
-1.02857     0.006404      0
-1.01429     0.006386      0
-1     0.006414      0
-0.985714     0.006512      0
-0.971429     0.0065      0
-0.957143     0.006592      0
-0.942857     0.00659      0
-0.928571     0.006686      0
-0.914286     0.006732      0
-0.9     0.006762      0
-0.885714     0.006784      0
-0.871429     0.006848      0
-0.857143     0.006936      0
-0.842857     0.00702      0
-0.828571     0.00703      0
-0.814286     0.007078      0
-0.8     0.007162      0
-0.785714     0.007208      0
-0.771429     0.007314      0
-0.757143     0.007312      0
-0.742857     0.00743      0
-0.728571     0.007436      0
-0.714286     0.007602      0
-0.7     0.007628      0
-0.685714     0.007706      0
-0.671429     0.007772      0
-0.657143     0.00791      0
-0.642857     0.007912      0
-0.628571     0.008046      0
-0.614286     0.00819      0
-0.6     0.008218      0
-0.585714     0.008362      0
-0.571429     0.008482      0
-0.557143     0.008566      0
-0.542857     0.008694      0
-0.528571     0.008862      0
-0.514286     0.008944      0
-0.5     0.009142      0
-0.485714     0.009306      0
-0.471429     0.00942      0
-0.457143     0.009646      0
-0.442857     0.009812      0
-0.428571     0.010052      0
-0.414286     0.010308      0
-0.4     0.010554      0
-0.385714     0.01082      0
-0.371429     0.011196      0
-0.357143     0.01156      0
-0.342857     0.01201      0
-0.328571     0.012544      0
-0.314286     0.013108      0
-0.3     0.013966      0
-0.285714     0.014942      0
-0.271429     0.016224      0
-0.257143     0.018092      0
-0.242857     0.020944      0
-0.228571     0.026094      0
-0.214286     0.040908      0
-0.2     0.0602155      0
-0.185714     0      0
-0.171429     0      0
-0.157143     0      0
-0.142857     0      0
-0.128571     0      0
-0.114286     0      0
-0.1     0      0
-0.0857143     0      0
-0.0714286     0      0
-0.0571429     0      0
-0.0428571     0      0
-0.0285714     0      0
-0.0142857     0      0
0     0      0
0.0142857     0      0
0.0285714     0      0
0.0428571     0      0
0.0571429     0      0
0.0714286     0      0
0.0857143     0      0
0.1     0      0
0.114286     0      0
0.128571     0      0
0.142857     0      0
0.157143     0      0
0.171429     0      0
0.185714     0      0.0602155
0.2     0      0.040908
0.214286     0      0.026094
0.228571     0      0.020944
0.242857     0      0.018092
0.257143     0      0.016224
0.271429     0      0.014942
0.285714     0      0.013966
0.3     0      0.013108
0.314286     0      0.012544
0.328571     0      0.01201
0.342857     0      0.01156
0.357143     0      0.011196
0.371429     0      0.01082
0.385714     0      0.010554
0.4     0      0.010308
0.414286     0      0.010052
0.428571     0      0.009812
0.442857     0      0.009646
0.457143     0      0.00942
0.471429     0      0.009306
0.485714     0      0.009142
0.5     0      0.008944
0.514286     0      0.008862
0.528571     0      0.008694
0.542857     0      0.008566
0.557143     0      0.008482
0.571429     0      0.008362
0.585714     0      0.008218
0.6     0      0.00819
0.614286     0      0.008046
0.628571     0      0.007912
0.642857     0      0.00791
0.657143     0      0.007772
0.671429     0      0.007706
0.685714     0      0.007628
0.7     0      0.007602
0.714286     0      0.007436
0.728571     0      0.00743
0.742857     0      0.007312
0.757143     0      0.007314
0.771429     0      0.007208
0.785714     0      0.007162
0.8     0      0.007078
0.814286     0      0.00703
0.828571     0      0.00702
0.842857     0      0.006936
0.857143     0      0.006848
0.871429     0      0.006784
0.885714     0      0.006762
0.9     0      0.006732
0.914286     0      0.006686
0.928571     0      0.00659
0.942857     0      0.006592
0.957143     0      0.0065
0.971429     0      0.006512
0.985714     0      0.006414
1     0      0.006386
1.01429     0      0.006404
1.02857     0      0.006246
1.04286     0      0.006278
1.05714     0      0.00626
1.07143     0      0.006142
1.08571     0      0.006188
1.1     0      0.006118
1.11429     0      0.006058
1.12857     0      0.006056
1.14286     0      0.006018
1.15714     0      0.005976
1.17143     0      0.005906
1.18571     0      0.005918
1.2     0      0.005868
1.21429     0      0.005844
1.22857     0      0.0058
1.24286     0      0.00575
1.25714     0      0.005776
1.27143     0      0.005712
1.28571     0      0.0057
1.3     0      0.005622
1.31429     0      0.005624
1.32857     0      0.00558
1.34286     0      0.005568
1.35714     0      0.005568
1.37143     0      0.005492
1.38571     0      0.00548
1.4     0      0.005466
1.41429     0      0.00542
1.42857     0      0.0054
1.44286     0      0.005376
1.45714     0      0.005358
1.47143     0      0.005344
1.48571     0      0.00529
1.5     0      0.005274
1.51429     0      0.005228
1.52857     0      0.005256
1.54286     0      0.005188
1.55714     0      0.005202
1.57143     0      0.005132
1.58571     0      0.005168
1.6     0      0.00508
1.61429     0      0.00508
1.62857     0      0.005096
1.64286     0      0.005024
1.65714     0      0.005044
1.67143     0      0.004988
1.68571     0      0.005002
1.7     0      0.004942
1.71429     0      0.004952
1.72857     0      0.004896
1.74286     0      0.00493
1.75714     0      0.004876
1.77143     0      0.004868
1.78571     0      0.004832
1.8     0      0.00483
1.81429     0      0.004812
1.82857     0      0.004774
1.84286     0      0.00476
1.85714     0      0.004742
1.87143     0      0.004724
1.88571     0      0.004728
1.9     0      0.004692
1.91429     0      0.00466
1.92857     0      0.004666
1.94286     0      0.004638
1.95714     0      0.00462
1.97143     0      0.004604
1.98571     0      0.004594
2     0      0.0030025
2.01429     0      3.45704e-31
2.02857     0      1.29891e-63
2.04286     0      2.65911e-89
2.05714     0      0
2.07143     0      0
2.08571     0      0
2.1     0      0
2.11429     0      0
2.12857     0      0
2.14286     0      0
2.15714     0      0
2.17143     0      0
2.18571     0      0
2.2     0      0
2.21429     0      0
2.22857     0      0
2.24286     0      0
2.25714     0      0
2.27143     0      0
2.28571     0      0
2.3     0      0
2.31429     0      0
2.32857     0      0
2.34286     0      0
2.35714     0      0
2.37143     0      0
2.38571     0      0
2.4     0      0
2.41429     0      0
2.42857     0      0
2.44286     0      0
2.45714     0      0
2.47143     0      0
2.48571     0      0
2.5     0      0
2.51429     0      0
2.52857     0      0
2.54286     0      0
2.55714     0      0
2.57143     0      0
2.58571     0      0
2.6     0      0
2.61429     0      0
2.62857     0      0
2.64286     0      0
2.65714     0      0
2.67143     0      0
2.68571     0      0
2.7     0      0
2.71429     0      0
2.72857     0      0
2.74286     0      0
2.75714     0      0
2.77143     0      0
2.78571     0      0
2.8     0      0
2.81429     0      0
2.82857     0      0
2.84286     0      0
2.85714     0      0
2.87143     0      0
2.88571     0      0
2.9     0      0
2.91429     0      0
2.92857     0      0
2.94286     0      0
2.95714     0      0
2.97143     0      0
2.98571     0      0
3     0      0
3.01429     0      0
3.02857     0      0
3.04286     0      0
3.05714     0      0
3.07143     0      0
3.08571     0      0
3.1     0      0
3.11429     0      0
3.12857     0      0
3.14286     0      0
3.15714     0      0
3.17143     0      0
3.18571     0      0
3.2     0      0
3.21429     0      0
3.22857     0      0
3.24286     0      0
3.25714     0      0
3.27143     0      0
3.28571     0      0
3.3     0      0
3.31429     0      0
3.32857     0      0
3.34286     0      0
3.35714     0      0
3.37143     0      0
3.38571     0      0
3.4     0      0
3.41429     0      0
3.42857     0      0
3.44286     0      0
3.45714     0      0
3.47143     0      0
3.48571     0      0
3.5     0      0
3.51429     0      0
3.52857     0      0
3.54286     0      0
3.55714     0      0
3.57143     0      0
3.58571     0      0
3.6     0      0
3.61429     0      0
3.62857     0      0
3.64286     0      0
3.65714     0      0
3.67143     0      0
3.68571     0      0
3.7     0      0
3.71429     0      0
3.72857     0      0
3.74286     0      0
3.75714     0      0
3.77143     0      0
3.78571     0      0
3.8     0      0
3.81429     0      0
3.82857     0      0
3.84286     0      0
3.85714     0      0
3.87143     0      0
3.88571     0      0
3.9     0      0
3.91429     0      0
3.92857     0      0
3.94286     0      0
3.95714     0      0
3.97143     0      0
3.98571     0      0
4     0      0
4.01429     0      0
4.02857     0      0
4.04286     0      0
4.05714     0      0
4.07143     0      0
4.08571     0      0
4.1     0      0
4.11429     0      0
4.12857     0      0
4.14286     0      0
4.15714     0      0
4.17143     0      0
4.18571     0      0
4.2     0      0
4.21429     0      0
4.22857     0      0
4.24286     0      0
4.25714     0      0
4.27143     0      0
4.28571     0      0
4.3     0      0
4.31429     0      0
4.32857     0      0
4.34286     0      0
4.35714     0      0
4.37143     0      0
4.38571     0      0
4.4     0      0
4.41429     0      0
4.42857     0      0
4.44286     0      0
4.45714     0      0
4.47143     0      0
4.48571     0      0
4.5     0      0
4.51429     0      0
4.52857     0      0
4.54286     0      0
4.55714     0      0
4.57143     0      0
4.58571     0      0
4.6     0      0
4.61429     0      0
4.62857     0      0
4.64286     0      0
4.65714     0      0
4.67143     0      0
4.68571     0      0
4.7     0      0
4.71429     0      0
4.72857     0      0
4.74286     0      0
4.75714     0      0
4.77143     0      0
4.78571     0      0
4.8     0      0
4.81429     0      0
4.82857     0      0
4.84286     0      0
4.85714     0      0
4.87143     0      0
4.88571     0      0
4.9     0      0
4.91429     0      0
4.92857     0      0
4.94286     0      0
4.95714     0      0
4.97143     0      0
4.98571     0      0
