# U,mu,nA_up, nA_dn, nB_up, nB_dn, ms, mf, ntotal,mu,cint
#energy    dos_upn   dos_upp   dos_dnn  dos_dnp GRID=1000 bin=700
-5     0      0
-4.98571     0      0
-4.97143     0      0
-4.95714     0      0
-4.94286     0      0
-4.92857     0      0
-4.91429     0      0
-4.9     0      0
-4.88571     0      0
-4.87143     0      0
-4.85714     0      0
-4.84286     0      0
-4.82857     0      0
-4.81429     0      0
-4.8     0      0
-4.78571     0      0
-4.77143     0      0
-4.75714     0      0
-4.74286     0      0
-4.72857     0      0
-4.71429     0      0
-4.7     0      0
-4.68571     0      0
-4.67143     0      0
-4.65714     0      0
-4.64286     0      0
-4.62857     0      0
-4.61429     0      0
-4.6     0      0
-4.58571     0      0
-4.57143     0      0
-4.55714     0      0
-4.54286     0      0
-4.52857     0      0
-4.51429     0      0
-4.5     0      0
-4.48571     0      0
-4.47143     0      0
-4.45714     0      0
-4.44286     0      0
-4.42857     0      0
-4.41429     0      0
-4.4     0      0
-4.38571     0      0
-4.37143     0      0
-4.35714     0      0
-4.34286     0      0
-4.32857     0      0
-4.31429     0      0
-4.3     0      0
-4.28571     0      0
-4.27143     0      0
-4.25714     0      0
-4.24286     0      0
-4.22857     0      0
-4.21429     0      0
-4.2     0      0
-4.18571     0      0
-4.17143     0      0
-4.15714     0      0
-4.14286     0      0
-4.12857     0      0
-4.11429     0      0
-4.1     0      0
-4.08571     0      0
-4.07143     0      0
-4.05714     0      0
-4.04286     0      0
-4.02857     0      0
-4.01429     0      0
-4     0      0
-3.98571     0      0
-3.97143     0      0
-3.95714     0      0
-3.94286     0      0
-3.92857     0      0
-3.91429     0      0
-3.9     0      0
-3.88571     0      0
-3.87143     0      0
-3.85714     0      0
-3.84286     0      0
-3.82857     0      0
-3.81429     0      0
-3.8     0      0
-3.78571     0      0
-3.77143     0      0
-3.75714     0      0
-3.74286     0      0
-3.72857     0      0
-3.71429     0      0
-3.7     0      0
-3.68571     0      0
-3.67143     0      0
-3.65714     0      0
-3.64286     0      0
-3.62857     0      0
-3.61429     0      0
-3.6     0      0
-3.58571     0      0
-3.57143     0      0
-3.55714     0      0
-3.54286     0      0
-3.52857     0      0
-3.51429     0      0
-3.5     0      0
-3.48571     0      0
-3.47143     0      0
-3.45714     0      0
-3.44286     0      0
-3.42857     0      0
-3.41429     0      0
-3.4     0      0
-3.38571     0      0
-3.37143     0      0
-3.35714     0      0
-3.34286     0      0
-3.32857     0      0
-3.31429     0      0
-3.3     0      0
-3.28571     0      0
-3.27143     0      0
-3.25714     0      0
-3.24286     0      0
-3.22857     0      0
-3.21429     0      0
-3.2     0      0
-3.18571     0      0
-3.17143     0      0
-3.15714     0      0
-3.14286     0      0
-3.12857     0      0
-3.11429     0      0
-3.1     0      0
-3.08571     0      0
-3.07143     0      0
-3.05714     0      0
-3.04286     0      0
-3.02857     0      0
-3.01429     0      0
-3     0      0
-2.98571     0      0
-2.97143     0      0
-2.95714     0      0
-2.94286     0      0
-2.92857     0      0
-2.91429     0      0
-2.9     0      0
-2.88571     0      0
-2.87143     0      0
-2.85714     0      0
-2.84286     0      0
-2.82857     0      0
-2.81429     0      0
-2.8     0      0
-2.78571     0      0
-2.77143     0      0
-2.75714     0      0
-2.74286     0      0
-2.72857     0      0
-2.71429     0      0
-2.7     0      0
-2.68571     0      0
-2.67143     0      0
-2.65714     0      0
-2.64286     0      0
-2.62857     0      0
-2.61429     0      0
-2.6     0      0
-2.58571     0      0
-2.57143     0      0
-2.55714     0      0
-2.54286     0      0
-2.52857     0      0
-2.51429     0      0
-2.5     0      0
-2.48571     0      0
-2.47143     0      0
-2.45714     0      0
-2.44286     0      0
-2.42857     0      0
-2.41429     0      0
-2.4     0      0
-2.38571     0      0
-2.37143     0      0
-2.35714     0      0
-2.34286     0      0
-2.32857     0      0
-2.31429     0      0
-2.3     0      0
-2.28571     0      0
-2.27143     0      0
-2.25714     0      0
-2.24286     0      0
-2.22857     0      0
-2.21429     0      0
-2.2     0      0
-2.18571     0      0
-2.17143     0      0
-2.15714     0      0
-2.14286     0      0
-2.12857     0      0
-2.11429     0      0
-2.1     0      0
-2.08571     0      0
-2.07143     0      0
-2.05714     2.72293e-56      0
-2.04286     1.33008e-30      0
-2.02857     0.0013005      0
-2.01429     0.004612      0
-2     0.004596      0
-1.98571     0.004662      0
-1.97143     0.00466      0
-1.95714     0.004672      0
-1.94286     0.004686      0
-1.92857     0.00472      0
-1.91429     0.004726      0
-1.9     0.004736      0
-1.88571     0.004762      0
-1.87143     0.004798      0
-1.85714     0.0048      0
-1.84286     0.004806      0
-1.82857     0.004858      0
-1.81429     0.004848      0
-1.8     0.00488      0
-1.78571     0.004908      0
-1.77143     0.004928      0
-1.75714     0.004934      0
-1.74286     0.004946      0
-1.72857     0.00503      0
-1.71429     0.005002      0
-1.7     0.005008      0
-1.68571     0.005066      0
-1.67143     0.005056      0
-1.65714     0.0051      0
-1.64286     0.005126      0
-1.62857     0.005172      0
-1.61429     0.005142      0
-1.6     0.005194      0
-1.58571     0.00522      0
-1.57143     0.005208      0
-1.55714     0.005292      0
-1.54286     0.005282      0
-1.52857     0.00533      0
-1.51429     0.005336      0
-1.5     0.005358      0
-1.48571     0.005392      0
-1.47143     0.005418      0
-1.45714     0.00545      0
-1.44286     0.005484      0
-1.42857     0.005512      0
-1.41429     0.005522      0
-1.4     0.005544      0
-1.38571     0.00558      0
-1.37143     0.00562      0
-1.35714     0.005646      0
-1.34286     0.005704      0
-1.32857     0.005696      0
-1.31429     0.005752      0
-1.3     0.005764      0
-1.28571     0.005832      0
-1.27143     0.00581      0
-1.25714     0.005896      0
-1.24286     0.005896      0
-1.22857     0.005936      0
-1.21429     0.005962      0
-1.2     0.006056      0
-1.18571     0.00606      0
-1.17143     0.006086      0
-1.15714     0.006118      0
-1.14286     0.006152      0
-1.12857     0.006224      0
-1.11429     0.006254      0
-1.1     0.006298      0
-1.08571     0.006332      0
-1.07143     0.00638      0
-1.05714     0.006414      0
-1.04286     0.006502      0
-1.02857     0.006484      0
-1.01429     0.006566      0
-1     0.006614      0
-0.985714     0.006688      0
-0.971429     0.00672      0
-0.957143     0.006748      0
-0.942857     0.006832      0
-0.928571     0.006908      0
-0.914286     0.00693      0
-0.9     0.006976      0
-0.885714     0.007044      0
-0.871429     0.00714      0
-0.857143     0.007192      0
-0.842857     0.007218      0
-0.828571     0.00738      0
-0.814286     0.0074      0
-0.8     0.007462      0
-0.785714     0.007524      0
-0.771429     0.007668      0
-0.757143     0.007698      0
-0.742857     0.00781      0
-0.728571     0.007898      0
-0.714286     0.007968      0
-0.7     0.008112      0
-0.685714     0.008204      0
-0.671429     0.0083      0
-0.657143     0.008404      0
-0.642857     0.008556      0
-0.628571     0.008666      0
-0.614286     0.008794      0
-0.6     0.008942      0
-0.585714     0.009134      0
-0.571429     0.009296      0
-0.557143     0.009442      0
-0.542857     0.009696      0
-0.528571     0.009852      0
-0.514286     0.010152      0
-0.5     0.010286      0
-0.485714     0.010692      0
-0.471429     0.010992      0
-0.457143     0.01137      0
-0.442857     0.01168      0
-0.428571     0.01221      0
-0.414286     0.012832      0
-0.4     0.013428      0
-0.385714     0.014226      0
-0.371429     0.015166      0
-0.357143     0.016596      0
-0.342857     0.018234      0
-0.328571     0.020898      0
-0.314286     0.025104      0
-0.3     0.033726      0
-0.285714     0.0990895      0
-0.271429     0      0
-0.257143     0      0
-0.242857     0      0
-0.228571     0      0
-0.214286     0      0
-0.2     0      0
-0.185714     0      0
-0.171429     0      0
-0.157143     0      0
-0.142857     0      0
-0.128571     0      0
-0.114286     0      0
-0.1     0      0
-0.0857143     0      0
-0.0714286     0      0
-0.0571429     0      0
-0.0428571     0      0
-0.0285714     0      0
-0.0142857     0      0
0     0      0
0.0142857     0      0
0.0285714     0      0
0.0428571     0      0
0.0571429     0      0
0.0714286     0      0
0.0857143     0      0
0.1     0      0
0.114286     0      0
0.128571     0      0
0.142857     0      0
0.157143     0      0
0.171429     0      0
0.185714     0      0
0.2     0      0
0.214286     0      0
0.228571     0      0
0.242857     0      0
0.257143     0      0
0.271429     0      0.0990895
0.285714     0      0.033726
0.3     0      0.025104
0.314286     0      0.020898
0.328571     0      0.018234
0.342857     0      0.016596
0.357143     0      0.015166
0.371429     0      0.014226
0.385714     0      0.013428
0.4     0      0.012832
0.414286     0      0.01221
0.428571     0      0.01168
0.442857     0      0.01137
0.457143     0      0.010992
0.471429     0      0.010692
0.485714     0      0.010286
0.5     0      0.010152
0.514286     0      0.009852
0.528571     0      0.009696
0.542857     0      0.009442
0.557143     0      0.009296
0.571429     0      0.009134
0.585714     0      0.008942
0.6     0      0.008794
0.614286     0      0.008666
0.628571     0      0.008556
0.642857     0      0.008404
0.657143     0      0.0083
0.671429     0      0.008204
0.685714     0      0.008112
0.7     0      0.007968
0.714286     0      0.007898
0.728571     0      0.00781
0.742857     0      0.007698
0.757143     0      0.007668
0.771429     0      0.007524
0.785714     0      0.007462
0.8     0      0.0074
0.814286     0      0.00738
0.828571     0      0.007218
0.842857     0      0.007192
0.857143     0      0.00714
0.871429     0      0.007044
0.885714     0      0.006976
0.9     0      0.00693
0.914286     0      0.006908
0.928571     0      0.006832
0.942857     0      0.006748
0.957143     0      0.00672
0.971429     0      0.006688
0.985714     0      0.006614
1     0      0.006566
1.01429     0      0.006484
1.02857     0      0.006502
1.04286     0      0.006414
1.05714     0      0.00638
1.07143     0      0.006332
1.08571     0      0.006298
1.1     0      0.006254
1.11429     0      0.006224
1.12857     0      0.006152
1.14286     0      0.006118
1.15714     0      0.006086
1.17143     0      0.00606
1.18571     0      0.006056
1.2     0      0.005962
1.21429     0      0.005936
1.22857     0      0.005896
1.24286     0      0.005896
1.25714     0      0.00581
1.27143     0      0.005832
1.28571     0      0.005764
1.3     0      0.005752
1.31429     0      0.005696
1.32857     0      0.005704
1.34286     0      0.005646
1.35714     0      0.00562
1.37143     0      0.00558
1.38571     0      0.005544
1.4     0      0.005522
1.41429     0      0.005512
1.42857     0      0.005484
1.44286     0      0.00545
1.45714     0      0.005418
1.47143     0      0.005392
1.48571     0      0.005358
1.5     0      0.005336
1.51429     0      0.00533
1.52857     0      0.005282
1.54286     0      0.005292
1.55714     0      0.005208
1.57143     0      0.00522
1.58571     0      0.005194
1.6     0      0.005142
1.61429     0      0.005172
1.62857     0      0.005126
1.64286     0      0.0051
1.65714     0      0.005056
1.67143     0      0.005066
1.68571     0      0.005008
1.7     0      0.005002
1.71429     0      0.00503
1.72857     0      0.004946
1.74286     0      0.004934
1.75714     0      0.004928
1.77143     0      0.004908
1.78571     0      0.00488
1.8     0      0.004848
1.81429     0      0.004858
1.82857     0      0.004806
1.84286     0      0.0048
1.85714     0      0.004798
1.87143     0      0.004762
1.88571     0      0.004736
1.9     0      0.004726
1.91429     0      0.00472
1.92857     0      0.004686
1.94286     0      0.004672
1.95714     0      0.00466
1.97143     0      0.004662
1.98571     0      0.004596
2     0      0.004612
2.01429     0      0.0013005
2.02857     0      1.33008e-30
2.04286     0      2.72293e-56
2.05714     0      0
2.07143     0      0
2.08571     0      0
2.1     0      0
2.11429     0      0
2.12857     0      0
2.14286     0      0
2.15714     0      0
2.17143     0      0
2.18571     0      0
2.2     0      0
2.21429     0      0
2.22857     0      0
2.24286     0      0
2.25714     0      0
2.27143     0      0
2.28571     0      0
2.3     0      0
2.31429     0      0
2.32857     0      0
2.34286     0      0
2.35714     0      0
2.37143     0      0
2.38571     0      0
2.4     0      0
2.41429     0      0
2.42857     0      0
2.44286     0      0
2.45714     0      0
2.47143     0      0
2.48571     0      0
2.5     0      0
2.51429     0      0
2.52857     0      0
2.54286     0      0
2.55714     0      0
2.57143     0      0
2.58571     0      0
2.6     0      0
2.61429     0      0
2.62857     0      0
2.64286     0      0
2.65714     0      0
2.67143     0      0
2.68571     0      0
2.7     0      0
2.71429     0      0
2.72857     0      0
2.74286     0      0
2.75714     0      0
2.77143     0      0
2.78571     0      0
2.8     0      0
2.81429     0      0
2.82857     0      0
2.84286     0      0
2.85714     0      0
2.87143     0      0
2.88571     0      0
2.9     0      0
2.91429     0      0
2.92857     0      0
2.94286     0      0
2.95714     0      0
2.97143     0      0
2.98571     0      0
3     0      0
3.01429     0      0
3.02857     0      0
3.04286     0      0
3.05714     0      0
3.07143     0      0
3.08571     0      0
3.1     0      0
3.11429     0      0
3.12857     0      0
3.14286     0      0
3.15714     0      0
3.17143     0      0
3.18571     0      0
3.2     0      0
3.21429     0      0
3.22857     0      0
3.24286     0      0
3.25714     0      0
3.27143     0      0
3.28571     0      0
3.3     0      0
3.31429     0      0
3.32857     0      0
3.34286     0      0
3.35714     0      0
3.37143     0      0
3.38571     0      0
3.4     0      0
3.41429     0      0
3.42857     0      0
3.44286     0      0
3.45714     0      0
3.47143     0      0
3.48571     0      0
3.5     0      0
3.51429     0      0
3.52857     0      0
3.54286     0      0
3.55714     0      0
3.57143     0      0
3.58571     0      0
3.6     0      0
3.61429     0      0
3.62857     0      0
3.64286     0      0
3.65714     0      0
3.67143     0      0
3.68571     0      0
3.7     0      0
3.71429     0      0
3.72857     0      0
3.74286     0      0
3.75714     0      0
3.77143     0      0
3.78571     0      0
3.8     0      0
3.81429     0      0
3.82857     0      0
3.84286     0      0
3.85714     0      0
3.87143     0      0
3.88571     0      0
3.9     0      0
3.91429     0      0
3.92857     0      0
3.94286     0      0
3.95714     0      0
3.97143     0      0
3.98571     0      0
4     0      0
4.01429     0      0
4.02857     0      0
4.04286     0      0
4.05714     0      0
4.07143     0      0
4.08571     0      0
4.1     0      0
4.11429     0      0
4.12857     0      0
4.14286     0      0
4.15714     0      0
4.17143     0      0
4.18571     0      0
4.2     0      0
4.21429     0      0
4.22857     0      0
4.24286     0      0
4.25714     0      0
4.27143     0      0
4.28571     0      0
4.3     0      0
4.31429     0      0
4.32857     0      0
4.34286     0      0
4.35714     0      0
4.37143     0      0
4.38571     0      0
4.4     0      0
4.41429     0      0
4.42857     0      0
4.44286     0      0
4.45714     0      0
4.47143     0      0
4.48571     0      0
4.5     0      0
4.51429     0      0
4.52857     0      0
4.54286     0      0
4.55714     0      0
4.57143     0      0
4.58571     0      0
4.6     0      0
4.61429     0      0
4.62857     0      0
4.64286     0      0
4.65714     0      0
4.67143     0      0
4.68571     0      0
4.7     0      0
4.71429     0      0
4.72857     0      0
4.74286     0      0
4.75714     0      0
4.77143     0      0
4.78571     0      0
4.8     0      0
4.81429     0      0
4.82857     0      0
4.84286     0      0
4.85714     0      0
4.87143     0      0
4.88571     0      0
4.9     0      0
4.91429     0      0
4.92857     0      0
4.94286     0      0
4.95714     0      0
4.97143     0      0
4.98571     0      0
