# U,mu,nA_up, nA_dn, nB_up, nB_dn, ms, mf, ntotal,mu,cint
#energy    dos_upn   dos_upp   dos_dnn  dos_dnp GRID=1000 bin=700
-5     0      0
-4.98571     0      0
-4.97143     0      0
-4.95714     0      0
-4.94286     0      0
-4.92857     0      0
-4.91429     0      0
-4.9     0      0
-4.88571     0      0
-4.87143     0      0
-4.85714     0      0
-4.84286     0      0
-4.82857     0      0
-4.81429     0      0
-4.8     0      0
-4.78571     0      0
-4.77143     0      0
-4.75714     0      0
-4.74286     0      0
-4.72857     0      0
-4.71429     0      0
-4.7     0      0
-4.68571     0      0
-4.67143     0      0
-4.65714     0      0
-4.64286     0      0
-4.62857     0      0
-4.61429     0      0
-4.6     0      0
-4.58571     0      0
-4.57143     0      0
-4.55714     0      0
-4.54286     0      0
-4.52857     0      0
-4.51429     0      0
-4.5     0      0
-4.48571     0      0
-4.47143     0      0
-4.45714     0      0
-4.44286     0      0
-4.42857     0      0
-4.41429     0      0
-4.4     0      0
-4.38571     0      0
-4.37143     0      0
-4.35714     0      0
-4.34286     0      0
-4.32857     0      0
-4.31429     0      0
-4.3     0      0
-4.28571     0      0
-4.27143     0      0
-4.25714     0      0
-4.24286     0      0
-4.22857     0      0
-4.21429     0      0
-4.2     0      0
-4.18571     0      0
-4.17143     0      0
-4.15714     0      0
-4.14286     0      0
-4.12857     0      0
-4.11429     0      0
-4.1     0      0
-4.08571     0      0
-4.07143     0      0
-4.05714     0      0
-4.04286     0      0
-4.02857     0      0
-4.01429     0      0
-4     0      0
-3.98571     0      0
-3.97143     0      0
-3.95714     0      0
-3.94286     0      0
-3.92857     0      0
-3.91429     0      0
-3.9     0      0
-3.88571     0      0
-3.87143     0      0
-3.85714     0      0
-3.84286     0      0
-3.82857     0      0
-3.81429     0      0
-3.8     0      0
-3.78571     0      0
-3.77143     0      0
-3.75714     0      0
-3.74286     0      0
-3.72857     0      0
-3.71429     0      0
-3.7     0      0
-3.68571     0      0
-3.67143     0      0
-3.65714     0      0
-3.64286     0      0
-3.62857     0      0
-3.61429     0      0
-3.6     0      0
-3.58571     0      0
-3.57143     0      0
-3.55714     0      0
-3.54286     0      0
-3.52857     0      0
-3.51429     0      0
-3.5     0      0
-3.48571     0      0
-3.47143     0      0
-3.45714     0      0
-3.44286     0      0
-3.42857     0      0
-3.41429     0      0
-3.4     0      0
-3.38571     0      0
-3.37143     0      0
-3.35714     0      0
-3.34286     0      0
-3.32857     0      0
-3.31429     0      0
-3.3     0      0
-3.28571     0      0
-3.27143     0      0
-3.25714     0      0
-3.24286     0      0
-3.22857     0      0
-3.21429     0      0
-3.2     0      0
-3.18571     0      0
-3.17143     0      0
-3.15714     0      0
-3.14286     0      0
-3.12857     0      0
-3.11429     0      0
-3.1     0      0
-3.08571     0      0
-3.07143     0      0
-3.05714     0      0
-3.04286     0      0
-3.02857     0      0
-3.01429     0      0
-3     0      0
-2.98571     0      0
-2.97143     0      0
-2.95714     0      0
-2.94286     0      0
-2.92857     0      0
-2.91429     0      0
-2.9     0      0
-2.88571     0      0
-2.87143     0      0
-2.85714     0      0
-2.84286     0      0
-2.82857     0      0
-2.81429     0      0
-2.8     0      0
-2.78571     0      0
-2.77143     0      0
-2.75714     0      0
-2.74286     0      0
-2.72857     0      0
-2.71429     0      0
-2.7     0      0
-2.68571     0      0
-2.67143     0      0
-2.65714     0      0
-2.64286     0      0
-2.62857     0      0
-2.61429     0      0
-2.6     0      0
-2.58571     0      0
-2.57143     0      0
-2.55714     0      0
-2.54286     0      0
-2.52857     0      0
-2.51429     0      0
-2.5     0      0
-2.48571     0      0
-2.47143     0      0
-2.45714     0      0
-2.44286     0      0
-2.42857     0      0
-2.41429     0      0
-2.4     0      0
-2.38571     0      0
-2.37143     0      0
-2.35714     0      0
-2.34286     0      0
-2.32857     0      0
-2.31429     0      0
-2.3     0      0
-2.28571     0      0
-2.27143     0      0
-2.25714     0      0
-2.24286     0      0
-2.22857     0      0
-2.21429     0      0
-2.2     0      0
-2.18571     0      0
-2.17143     0      0
-2.15714     0      0
-2.14286     0      0
-2.12857     0      0
-2.11429     0      0
-2.1     0      0
-2.08571     0      0
-2.07143     0      0
-2.05714     0.0017845      0
-2.04286     0.004682      0
-2.02857     0.004696      0
-2.01429     0.00469      0
-2     0.004744      0
-1.98571     0.00476      0
-1.97143     0.00477      0
-1.95714     0.004798      0
-1.94286     0.00481      0
-1.92857     0.004814      0
-1.91429     0.004838      0
-1.9     0.004894      0
-1.88571     0.004892      0
-1.87143     0.00492      0
-1.85714     0.004946      0
-1.84286     0.004962      0
-1.82857     0.004984      0
-1.81429     0.005004      0
-1.8     0.005016      0
-1.78571     0.00505      0
-1.77143     0.005054      0
-1.75714     0.005114      0
-1.74286     0.005122      0
-1.72857     0.00515      0
-1.71429     0.00518      0
-1.7     0.005216      0
-1.68571     0.005212      0
-1.67143     0.005256      0
-1.65714     0.005256      0
-1.64286     0.005286      0
-1.62857     0.005356      0
-1.61429     0.00539      0
-1.6     0.00535      0
-1.58571     0.00544      0
-1.57143     0.005428      0
-1.55714     0.005508      0
-1.54286     0.00546      0
-1.52857     0.00556      0
-1.51429     0.005576      0
-1.5     0.00557      0
-1.48571     0.005612      0
-1.47143     0.005674      0
-1.45714     0.00573      0
-1.44286     0.005744      0
-1.42857     0.00576      0
-1.41429     0.005776      0
-1.4     0.00584      0
-1.38571     0.005894      0
-1.37143     0.0059      0
-1.35714     0.005932      0
-1.34286     0.006016      0
-1.32857     0.006044      0
-1.31429     0.006064      0
-1.3     0.00612      0
-1.28571     0.006148      0
-1.27143     0.00618      0
-1.25714     0.006264      0
-1.24286     0.006304      0
-1.22857     0.00634      0
-1.21429     0.006396      0
-1.2     0.006432      0
-1.18571     0.00646      0
-1.17143     0.006538      0
-1.15714     0.006596      0
-1.14286     0.006672      0
-1.12857     0.00672      0
-1.11429     0.006736      0
-1.1     0.006838      0
-1.08571     0.006916      0
-1.07143     0.006944      0
-1.05714     0.007004      0
-1.04286     0.007096      0
-1.02857     0.007148      0
-1.01429     0.007246      0
-1     0.007334      0
-0.985714     0.00742      0
-0.971429     0.007444      0
-0.957143     0.007588      0
-0.942857     0.007676      0
-0.928571     0.007728      0
-0.914286     0.007876      0
-0.9     0.007968      0
-0.885714     0.008046      0
-0.871429     0.008176      0
-0.857143     0.00833      0
-0.842857     0.008428      0
-0.828571     0.008556      0
-0.814286     0.00873      0
-0.8     0.008854      0
-0.785714     0.009036      0
-0.771429     0.009158      0
-0.757143     0.009432      0
-0.742857     0.00959      0
-0.728571     0.009802      0
-0.714286     0.010056      0
-0.7     0.010282      0
-0.685714     0.0106      0
-0.671429     0.010876      0
-0.657143     0.011276      0
-0.642857     0.01164      0
-0.628571     0.012094      0
-0.614286     0.01258      0
-0.6     0.01316      0
-0.585714     0.01389      0
-0.571429     0.014648      0
-0.557143     0.015686      0
-0.542857     0.016886      0
-0.528571     0.018496      0
-0.514286     0.020648      0
-0.5     0.023788      0
-0.485714     0.028874      0
-0.471429     0.039278      0
-0.457143     0.092736      0
-0.442857     0.0297115      0
-0.428571     0      0
-0.414286     0      0
-0.4     0      0
-0.385714     0      0
-0.371429     0      0
-0.357143     0      0
-0.342857     0      0
-0.328571     0      0
-0.314286     0      0
-0.3     0      0
-0.285714     0      0
-0.271429     0      0
-0.257143     0      0
-0.242857     0      0
-0.228571     0      0
-0.214286     0      0
-0.2     0      0
-0.185714     0      0
-0.171429     0      0
-0.157143     0      0
-0.142857     0      0
-0.128571     0      0
-0.114286     0      0
-0.1     0      0
-0.0857143     0      0
-0.0714286     0      0
-0.0571429     0      0
-0.0428571     0      0
-0.0285714     0      0
-0.0142857     0      0
0     0      0
0.0142857     0      0
0.0285714     0      0
0.0428571     0      0
0.0571429     0      0
0.0714286     0      0
0.0857143     0      0
0.1     0      0
0.114286     0      0
0.128571     0      0
0.142857     0      0
0.157143     0      0
0.171429     0      0
0.185714     0      0
0.2     0      0
0.214286     0      0
0.228571     0      0
0.242857     0      0
0.257143     0      0
0.271429     0      0
0.285714     0      0
0.3     0      0
0.314286     0      0
0.328571     0      0
0.342857     0      0
0.357143     0      0
0.371429     0      0
0.385714     0      0
0.4     0      0
0.414286     0      0
0.428571     0      0.0297115
0.442857     0      0.092736
0.457143     0      0.039278
0.471429     0      0.028874
0.485714     0      0.023788
0.5     0      0.020648
0.514286     0      0.018496
0.528571     0      0.016886
0.542857     0      0.015686
0.557143     0      0.014648
0.571429     0      0.01389
0.585714     0      0.01316
0.6     0      0.01258
0.614286     0      0.012094
0.628571     0      0.01164
0.642857     0      0.011276
0.657143     0      0.010876
0.671429     0      0.0106
0.685714     0      0.010282
0.7     0      0.010056
0.714286     0      0.009802
0.728571     0      0.00959
0.742857     0      0.009432
0.757143     0      0.009158
0.771429     0      0.009036
0.785714     0      0.008854
0.8     0      0.00873
0.814286     0      0.008556
0.828571     0      0.008428
0.842857     0      0.00833
0.857143     0      0.008176
0.871429     0      0.008046
0.885714     0      0.007968
0.9     0      0.007876
0.914286     0      0.007728
0.928571     0      0.007676
0.942857     0      0.007588
0.957143     0      0.007444
0.971429     0      0.00742
0.985714     0      0.007334
1     0      0.007246
1.01429     0      0.007148
1.02857     0      0.007096
1.04286     0      0.007004
1.05714     0      0.006944
1.07143     0      0.006916
1.08571     0      0.006838
1.1     0      0.006736
1.11429     0      0.00672
1.12857     0      0.006672
1.14286     0      0.006596
1.15714     0      0.006538
1.17143     0      0.00646
1.18571     0      0.006432
1.2     0      0.006396
1.21429     0      0.00634
1.22857     0      0.006304
1.24286     0      0.006264
1.25714     0      0.00618
1.27143     0      0.006148
1.28571     0      0.00612
1.3     0      0.006064
1.31429     0      0.006044
1.32857     0      0.006016
1.34286     0      0.005932
1.35714     0      0.0059
1.37143     0      0.005894
1.38571     0      0.00584
1.4     0      0.005776
1.41429     0      0.00576
1.42857     0      0.005744
1.44286     0      0.00573
1.45714     0      0.005674
1.47143     0      0.005612
1.48571     0      0.00557
1.5     0      0.005576
1.51429     0      0.00556
1.52857     0      0.00546
1.54286     0      0.005508
1.55714     0      0.005428
1.57143     0      0.00544
1.58571     0      0.00535
1.6     0      0.00539
1.61429     0      0.005356
1.62857     0      0.005286
1.64286     0      0.005256
1.65714     0      0.005256
1.67143     0      0.005212
1.68571     0      0.005216
1.7     0      0.00518
1.71429     0      0.00515
1.72857     0      0.005122
1.74286     0      0.005114
1.75714     0      0.005054
1.77143     0      0.00505
1.78571     0      0.005016
1.8     0      0.005004
1.81429     0      0.004984
1.82857     0      0.004962
1.84286     0      0.004946
1.85714     0      0.00492
1.87143     0      0.004892
1.88571     0      0.004894
1.9     0      0.004838
1.91429     0      0.004814
1.92857     0      0.00481
1.94286     0      0.004798
1.95714     0      0.00477
1.97143     0      0.00476
1.98571     0      0.004744
2     0      0.00469
2.01429     0      0.004696
2.02857     0      0.004682
2.04286     0      0.0017845
2.05714     0      0
2.07143     0      0
2.08571     0      0
2.1     0      0
2.11429     0      0
2.12857     0      0
2.14286     0      0
2.15714     0      0
2.17143     0      0
2.18571     0      0
2.2     0      0
2.21429     0      0
2.22857     0      0
2.24286     0      0
2.25714     0      0
2.27143     0      0
2.28571     0      0
2.3     0      0
2.31429     0      0
2.32857     0      0
2.34286     0      0
2.35714     0      0
2.37143     0      0
2.38571     0      0
2.4     0      0
2.41429     0      0
2.42857     0      0
2.44286     0      0
2.45714     0      0
2.47143     0      0
2.48571     0      0
2.5     0      0
2.51429     0      0
2.52857     0      0
2.54286     0      0
2.55714     0      0
2.57143     0      0
2.58571     0      0
2.6     0      0
2.61429     0      0
2.62857     0      0
2.64286     0      0
2.65714     0      0
2.67143     0      0
2.68571     0      0
2.7     0      0
2.71429     0      0
2.72857     0      0
2.74286     0      0
2.75714     0      0
2.77143     0      0
2.78571     0      0
2.8     0      0
2.81429     0      0
2.82857     0      0
2.84286     0      0
2.85714     0      0
2.87143     0      0
2.88571     0      0
2.9     0      0
2.91429     0      0
2.92857     0      0
2.94286     0      0
2.95714     0      0
2.97143     0      0
2.98571     0      0
3     0      0
3.01429     0      0
3.02857     0      0
3.04286     0      0
3.05714     0      0
3.07143     0      0
3.08571     0      0
3.1     0      0
3.11429     0      0
3.12857     0      0
3.14286     0      0
3.15714     0      0
3.17143     0      0
3.18571     0      0
3.2     0      0
3.21429     0      0
3.22857     0      0
3.24286     0      0
3.25714     0      0
3.27143     0      0
3.28571     0      0
3.3     0      0
3.31429     0      0
3.32857     0      0
3.34286     0      0
3.35714     0      0
3.37143     0      0
3.38571     0      0
3.4     0      0
3.41429     0      0
3.42857     0      0
3.44286     0      0
3.45714     0      0
3.47143     0      0
3.48571     0      0
3.5     0      0
3.51429     0      0
3.52857     0      0
3.54286     0      0
3.55714     0      0
3.57143     0      0
3.58571     0      0
3.6     0      0
3.61429     0      0
3.62857     0      0
3.64286     0      0
3.65714     0      0
3.67143     0      0
3.68571     0      0
3.7     0      0
3.71429     0      0
3.72857     0      0
3.74286     0      0
3.75714     0      0
3.77143     0      0
3.78571     0      0
3.8     0      0
3.81429     0      0
3.82857     0      0
3.84286     0      0
3.85714     0      0
3.87143     0      0
3.88571     0      0
3.9     0      0
3.91429     0      0
3.92857     0      0
3.94286     0      0
3.95714     0      0
3.97143     0      0
3.98571     0      0
4     0      0
4.01429     0      0
4.02857     0      0
4.04286     0      0
4.05714     0      0
4.07143     0      0
4.08571     0      0
4.1     0      0
4.11429     0      0
4.12857     0      0
4.14286     0      0
4.15714     0      0
4.17143     0      0
4.18571     0      0
4.2     0      0
4.21429     0      0
4.22857     0      0
4.24286     0      0
4.25714     0      0
4.27143     0      0
4.28571     0      0
4.3     0      0
4.31429     0      0
4.32857     0      0
4.34286     0      0
4.35714     0      0
4.37143     0      0
4.38571     0      0
4.4     0      0
4.41429     0      0
4.42857     0      0
4.44286     0      0
4.45714     0      0
4.47143     0      0
4.48571     0      0
4.5     0      0
4.51429     0      0
4.52857     0      0
4.54286     0      0
4.55714     0      0
4.57143     0      0
4.58571     0      0
4.6     0      0
4.61429     0      0
4.62857     0      0
4.64286     0      0
4.65714     0      0
4.67143     0      0
4.68571     0      0
4.7     0      0
4.71429     0      0
4.72857     0      0
4.74286     0      0
4.75714     0      0
4.77143     0      0
4.78571     0      0
4.8     0      0
4.81429     0      0
4.82857     0      0
4.84286     0      0
4.85714     0      0
4.87143     0      0
4.88571     0      0
4.9     0      0
4.91429     0      0
4.92857     0      0
4.94286     0      0
4.95714     0      0
4.97143     0      0
4.98571     0      0
