# U,mu,nA_up, nA_dn, nB_up, nB_dn, ms, mf, ntotal,mu,cint
#energy    dos_upn   dos_upp   dos_dnn  dos_dnp GRID=1000 bin=700
-5     0      0
-4.98571     0      0
-4.97143     0      0
-4.95714     0      0
-4.94286     0      0
-4.92857     0      0
-4.91429     0      0
-4.9     0      0
-4.88571     0      0
-4.87143     0      0
-4.85714     0      0
-4.84286     0      0
-4.82857     0      0
-4.81429     0      0
-4.8     0      0
-4.78571     0      0
-4.77143     0      0
-4.75714     0      0
-4.74286     0      0
-4.72857     0      0
-4.71429     0      0
-4.7     0      0
-4.68571     0      0
-4.67143     0      0
-4.65714     0      0
-4.64286     0      0
-4.62857     0      0
-4.61429     0      0
-4.6     0      0
-4.58571     0      0
-4.57143     0      0
-4.55714     0      0
-4.54286     0      0
-4.52857     0      0
-4.51429     0      0
-4.5     0      0
-4.48571     0      0
-4.47143     0      0
-4.45714     0      0
-4.44286     0      0
-4.42857     0      0
-4.41429     0      0
-4.4     0      0
-4.38571     0      0
-4.37143     0      0
-4.35714     0      0
-4.34286     0      0
-4.32857     0      0
-4.31429     0      0
-4.3     0      0
-4.28571     0      0
-4.27143     0      0
-4.25714     0      0
-4.24286     0      0
-4.22857     0      0
-4.21429     0      0
-4.2     0      0
-4.18571     0      0
-4.17143     0      0
-4.15714     0      0
-4.14286     0      0
-4.12857     0      0
-4.11429     0      0
-4.1     0      0
-4.08571     0      0
-4.07143     0      0
-4.05714     0      0
-4.04286     0      0
-4.02857     0      0
-4.01429     0      0
-4     0      0
-3.98571     0      0
-3.97143     0      0
-3.95714     0      0
-3.94286     0      0
-3.92857     0      0
-3.91429     0      0
-3.9     0      0
-3.88571     0      0
-3.87143     0      0
-3.85714     0      0
-3.84286     0      0
-3.82857     0      0
-3.81429     0      0
-3.8     0      0
-3.78571     0      0
-3.77143     0      0
-3.75714     0      0
-3.74286     0      0
-3.72857     0      0
-3.71429     0      0
-3.7     0      0
-3.68571     0      0
-3.67143     0      0
-3.65714     0      0
-3.64286     0      0
-3.62857     0      0
-3.61429     0      0
-3.6     0      0
-3.58571     0      0
-3.57143     0      0
-3.55714     0      0
-3.54286     0      0
-3.52857     0      0
-3.51429     0      0
-3.5     0      0
-3.48571     0      0
-3.47143     0      0
-3.45714     0      0
-3.44286     0      0
-3.42857     0      0
-3.41429     0      0
-3.4     0      0
-3.38571     0      0
-3.37143     0      0
-3.35714     0      0
-3.34286     0      0
-3.32857     0      0
-3.31429     0      0
-3.3     0      0
-3.28571     0      0
-3.27143     0      0
-3.25714     0      0
-3.24286     0      0
-3.22857     0      0
-3.21429     0      0
-3.2     0      0
-3.18571     0      0
-3.17143     0      0
-3.15714     0      0
-3.14286     0      0
-3.12857     0      0
-3.11429     0      0
-3.1     0      0
-3.08571     0      0
-3.07143     0      0
-3.05714     0      0
-3.04286     0      0
-3.02857     0      0
-3.01429     0      0
-3     0      0
-2.98571     0      0
-2.97143     0      0
-2.95714     0      0
-2.94286     0      0
-2.92857     0      0
-2.91429     0      0
-2.9     0      0
-2.88571     0      0
-2.87143     0      0
-2.85714     0      0
-2.84286     0      0
-2.82857     0      0
-2.81429     0      0
-2.8     0      0
-2.78571     0      0
-2.77143     0      0
-2.75714     0      0
-2.74286     0      0
-2.72857     0      0
-2.71429     0      0
-2.7     0      0
-2.68571     0      0
-2.67143     0      0
-2.65714     0      0
-2.64286     0      0
-2.62857     0      0
-2.61429     0      0
-2.6     0      0
-2.58571     0      0
-2.57143     0      0
-2.55714     0      0
-2.54286     0      0
-2.52857     0      0
-2.51429     0      0
-2.5     0      0
-2.48571     0      0
-2.47143     0      0
-2.45714     0      0
-2.44286     0      0
-2.42857     0      0
-2.41429     0      0
-2.4     0      0
-2.38571     0      0
-2.37143     0      0
-2.35714     0      0
-2.34286     0      0
-2.32857     0      0
-2.31429     0      0
-2.3     0      0
-2.28571     0      0
-2.27143     0      0
-2.25714     0      0
-2.24286     0      0
-2.22857     0      0
-2.21429     0      0
-2.2     0      0
-2.18571     0      0
-2.17143     0      0
-2.15714     0      0
-2.14286     0      0
-2.12857     0      0
-2.11429     0      0
-2.1     0      0
-2.08571     0      0
-2.07143     0      0
-2.05714     0.0038425      0
-2.04286     0.004688      0
-2.02857     0.004708      0
-2.01429     0.004762      0
-2     0.004728      0
-1.98571     0.004778      0
-1.97143     0.00481      0
-1.95714     0.004816      0
-1.94286     0.004828      0
-1.92857     0.00486      0
-1.91429     0.004894      0
-1.9     0.0049      0
-1.88571     0.0049      0
-1.87143     0.004966      0
-1.85714     0.004976      0
-1.84286     0.004976      0
-1.82857     0.004996      0
-1.81429     0.005036      0
-1.8     0.005046      0
-1.78571     0.005116      0
-1.77143     0.005126      0
-1.75714     0.005114      0
-1.74286     0.00515      0
-1.72857     0.005216      0
-1.71429     0.005176      0
-1.7     0.005244      0
-1.68571     0.005264      0
-1.67143     0.005284      0
-1.65714     0.005336      0
-1.64286     0.005308      0
-1.62857     0.005382      0
-1.61429     0.00541      0
-1.6     0.005436      0
-1.58571     0.005466      0
-1.57143     0.005478      0
-1.55714     0.005526      0
-1.54286     0.005544      0
-1.52857     0.005596      0
-1.51429     0.005644      0
-1.5     0.00563      0
-1.48571     0.005674      0
-1.47143     0.00574      0
-1.45714     0.005762      0
-1.44286     0.005784      0
-1.42857     0.005792      0
-1.41429     0.005856      0
-1.4     0.005918      0
-1.38571     0.005916      0
-1.37143     0.005984      0
-1.35714     0.006022      0
-1.34286     0.006084      0
-1.32857     0.006092      0
-1.31429     0.006164      0
-1.3     0.00618      0
-1.28571     0.006214      0
-1.27143     0.006288      0
-1.25714     0.006348      0
-1.24286     0.00636      0
-1.22857     0.006444      0
-1.21429     0.006476      0
-1.2     0.006536      0
-1.18571     0.006608      0
-1.17143     0.00666      0
-1.15714     0.006692      0
-1.14286     0.006756      0
-1.12857     0.006796      0
-1.11429     0.006912      0
-1.1     0.006968      0
-1.08571     0.007028      0
-1.07143     0.007088      0
-1.05714     0.00718      0
-1.04286     0.007236      0
-1.02857     0.007352      0
-1.01429     0.007396      0
-1     0.007456      0
-0.985714     0.007564      0
-0.971429     0.007718      0
-0.957143     0.007736      0
-0.942857     0.007854      0
-0.928571     0.007998      0
-0.914286     0.008088      0
-0.9     0.008218      0
-0.885714     0.008268      0
-0.871429     0.008502      0
-0.857143     0.00861      0
-0.842857     0.008696      0
-0.828571     0.008922      0
-0.814286     0.009038      0
-0.8     0.009238      0
-0.785714     0.009444      0
-0.771429     0.009674      0
-0.757143     0.009842      0
-0.742857     0.010112      0
-0.728571     0.01034      0
-0.714286     0.010662      0
-0.7     0.010998      0
-0.685714     0.011328      0
-0.671429     0.011718      0
-0.657143     0.012202      0
-0.642857     0.012746      0
-0.628571     0.013286      0
-0.614286     0.013974      0
-0.6     0.014876      0
-0.585714     0.015814      0
-0.571429     0.01709      0
-0.557143     0.018722      0
-0.542857     0.020906      0
-0.528571     0.024068      0
-0.514286     0.029168      0
-0.5     0.039532      0
-0.485714     0.08584      0
-0.471429     0.0414895      0
-0.457143     0      0
-0.442857     0      0
-0.428571     0      0
-0.414286     0      0
-0.4     0      0
-0.385714     0      0
-0.371429     0      0
-0.357143     0      0
-0.342857     0      0
-0.328571     0      0
-0.314286     0      0
-0.3     0      0
-0.285714     0      0
-0.271429     0      0
-0.257143     0      0
-0.242857     0      0
-0.228571     0      0
-0.214286     0      0
-0.2     0      0
-0.185714     0      0
-0.171429     0      0
-0.157143     0      0
-0.142857     0      0
-0.128571     0      0
-0.114286     0      0
-0.1     0      0
-0.0857143     0      0
-0.0714286     0      0
-0.0571429     0      0
-0.0428571     0      0
-0.0285714     0      0
-0.0142857     0      0
0     0      0
0.0142857     0      0
0.0285714     0      0
0.0428571     0      0
0.0571429     0      0
0.0714286     0      0
0.0857143     0      0
0.1     0      0
0.114286     0      0
0.128571     0      0
0.142857     0      0
0.157143     0      0
0.171429     0      0
0.185714     0      0
0.2     0      0
0.214286     0      0
0.228571     0      0
0.242857     0      0
0.257143     0      0
0.271429     0      0
0.285714     0      0
0.3     0      0
0.314286     0      0
0.328571     0      0
0.342857     0      0
0.357143     0      0
0.371429     0      0
0.385714     0      0
0.4     0      0
0.414286     0      0
0.428571     0      0
0.442857     0      0
0.457143     0      0.0414895
0.471429     0      0.08584
0.485714     0      0.039532
0.5     0      0.029168
0.514286     0      0.024068
0.528571     0      0.020906
0.542857     0      0.018722
0.557143     0      0.01709
0.571429     0      0.015814
0.585714     0      0.014876
0.6     0      0.013974
0.614286     0      0.013286
0.628571     0      0.012746
0.642857     0      0.012202
0.657143     0      0.011718
0.671429     0      0.011328
0.685714     0      0.010998
0.7     0      0.010662
0.714286     0      0.01034
0.728571     0      0.010112
0.742857     0      0.009842
0.757143     0      0.009674
0.771429     0      0.009444
0.785714     0      0.009238
0.8     0      0.009038
0.814286     0      0.008922
0.828571     0      0.008696
0.842857     0      0.00861
0.857143     0      0.008502
0.871429     0      0.008268
0.885714     0      0.008218
0.9     0      0.008088
0.914286     0      0.007998
0.928571     0      0.007854
0.942857     0      0.007736
0.957143     0      0.007718
0.971429     0      0.007564
0.985714     0      0.007456
1     0      0.007396
1.01429     0      0.007352
1.02857     0      0.007236
1.04286     0      0.00718
1.05714     0      0.007088
1.07143     0      0.007028
1.08571     0      0.006968
1.1     0      0.006912
1.11429     0      0.006796
1.12857     0      0.006756
1.14286     0      0.006692
1.15714     0      0.00666
1.17143     0      0.006608
1.18571     0      0.006536
1.2     0      0.006476
1.21429     0      0.006444
1.22857     0      0.00636
1.24286     0      0.006348
1.25714     0      0.006288
1.27143     0      0.006214
1.28571     0      0.00618
1.3     0      0.006164
1.31429     0      0.006092
1.32857     0      0.006084
1.34286     0      0.006022
1.35714     0      0.005984
1.37143     0      0.005916
1.38571     0      0.005918
1.4     0      0.005856
1.41429     0      0.005792
1.42857     0      0.005784
1.44286     0      0.005762
1.45714     0      0.00574
1.47143     0      0.005674
1.48571     0      0.00563
1.5     0      0.005644
1.51429     0      0.005596
1.52857     0      0.005544
1.54286     0      0.005526
1.55714     0      0.005478
1.57143     0      0.005466
1.58571     0      0.005436
1.6     0      0.00541
1.61429     0      0.005382
1.62857     0      0.005308
1.64286     0      0.005336
1.65714     0      0.005284
1.67143     0      0.005264
1.68571     0      0.005244
1.7     0      0.005176
1.71429     0      0.005216
1.72857     0      0.00515
1.74286     0      0.005114
1.75714     0      0.005126
1.77143     0      0.005116
1.78571     0      0.005046
1.8     0      0.005036
1.81429     0      0.004996
1.82857     0      0.004976
1.84286     0      0.004976
1.85714     0      0.004966
1.87143     0      0.0049
1.88571     0      0.0049
1.9     0      0.004894
1.91429     0      0.00486
1.92857     0      0.004828
1.94286     0      0.004816
1.95714     0      0.00481
1.97143     0      0.004778
1.98571     0      0.004728
2     0      0.004762
2.01429     0      0.004708
2.02857     0      0.004688
2.04286     0      0.0038425
2.05714     0      0
2.07143     0      0
2.08571     0      0
2.1     0      0
2.11429     0      0
2.12857     0      0
2.14286     0      0
2.15714     0      0
2.17143     0      0
2.18571     0      0
2.2     0      0
2.21429     0      0
2.22857     0      0
2.24286     0      0
2.25714     0      0
2.27143     0      0
2.28571     0      0
2.3     0      0
2.31429     0      0
2.32857     0      0
2.34286     0      0
2.35714     0      0
2.37143     0      0
2.38571     0      0
2.4     0      0
2.41429     0      0
2.42857     0      0
2.44286     0      0
2.45714     0      0
2.47143     0      0
2.48571     0      0
2.5     0      0
2.51429     0      0
2.52857     0      0
2.54286     0      0
2.55714     0      0
2.57143     0      0
2.58571     0      0
2.6     0      0
2.61429     0      0
2.62857     0      0
2.64286     0      0
2.65714     0      0
2.67143     0      0
2.68571     0      0
2.7     0      0
2.71429     0      0
2.72857     0      0
2.74286     0      0
2.75714     0      0
2.77143     0      0
2.78571     0      0
2.8     0      0
2.81429     0      0
2.82857     0      0
2.84286     0      0
2.85714     0      0
2.87143     0      0
2.88571     0      0
2.9     0      0
2.91429     0      0
2.92857     0      0
2.94286     0      0
2.95714     0      0
2.97143     0      0
2.98571     0      0
3     0      0
3.01429     0      0
3.02857     0      0
3.04286     0      0
3.05714     0      0
3.07143     0      0
3.08571     0      0
3.1     0      0
3.11429     0      0
3.12857     0      0
3.14286     0      0
3.15714     0      0
3.17143     0      0
3.18571     0      0
3.2     0      0
3.21429     0      0
3.22857     0      0
3.24286     0      0
3.25714     0      0
3.27143     0      0
3.28571     0      0
3.3     0      0
3.31429     0      0
3.32857     0      0
3.34286     0      0
3.35714     0      0
3.37143     0      0
3.38571     0      0
3.4     0      0
3.41429     0      0
3.42857     0      0
3.44286     0      0
3.45714     0      0
3.47143     0      0
3.48571     0      0
3.5     0      0
3.51429     0      0
3.52857     0      0
3.54286     0      0
3.55714     0      0
3.57143     0      0
3.58571     0      0
3.6     0      0
3.61429     0      0
3.62857     0      0
3.64286     0      0
3.65714     0      0
3.67143     0      0
3.68571     0      0
3.7     0      0
3.71429     0      0
3.72857     0      0
3.74286     0      0
3.75714     0      0
3.77143     0      0
3.78571     0      0
3.8     0      0
3.81429     0      0
3.82857     0      0
3.84286     0      0
3.85714     0      0
3.87143     0      0
3.88571     0      0
3.9     0      0
3.91429     0      0
3.92857     0      0
3.94286     0      0
3.95714     0      0
3.97143     0      0
3.98571     0      0
4     0      0
4.01429     0      0
4.02857     0      0
4.04286     0      0
4.05714     0      0
4.07143     0      0
4.08571     0      0
4.1     0      0
4.11429     0      0
4.12857     0      0
4.14286     0      0
4.15714     0      0
4.17143     0      0
4.18571     0      0
4.2     0      0
4.21429     0      0
4.22857     0      0
4.24286     0      0
4.25714     0      0
4.27143     0      0
4.28571     0      0
4.3     0      0
4.31429     0      0
4.32857     0      0
4.34286     0      0
4.35714     0      0
4.37143     0      0
4.38571     0      0
4.4     0      0
4.41429     0      0
4.42857     0      0
4.44286     0      0
4.45714     0      0
4.47143     0      0
4.48571     0      0
4.5     0      0
4.51429     0      0
4.52857     0      0
4.54286     0      0
4.55714     0      0
4.57143     0      0
4.58571     0      0
4.6     0      0
4.61429     0      0
4.62857     0      0
4.64286     0      0
4.65714     0      0
4.67143     0      0
4.68571     0      0
4.7     0      0
4.71429     0      0
4.72857     0      0
4.74286     0      0
4.75714     0      0
4.77143     0      0
4.78571     0      0
4.8     0      0
4.81429     0      0
4.82857     0      0
4.84286     0      0
4.85714     0      0
4.87143     0      0
4.88571     0      0
4.9     0      0
4.91429     0      0
4.92857     0      0
4.94286     0      0
4.95714     0      0
4.97143     0      0
4.98571     0      0
