# U,mu,nA_up, nA_dn, nB_up, nB_dn, ms, mf, ntotal,mu,cint
#energy    dos_upn   dos_upp   dos_dnn  dos_dnp GRID=1000 bin=700
-5     0      0
-4.98571     0      0
-4.97143     0      0
-4.95714     0      0
-4.94286     0      0
-4.92857     0      0
-4.91429     0      0
-4.9     0      0
-4.88571     0      0
-4.87143     0      0
-4.85714     0      0
-4.84286     0      0
-4.82857     0      0
-4.81429     0      0
-4.8     0      0
-4.78571     0      0
-4.77143     0      0
-4.75714     0      0
-4.74286     0      0
-4.72857     0      0
-4.71429     0      0
-4.7     0      0
-4.68571     0      0
-4.67143     0      0
-4.65714     0      0
-4.64286     0      0
-4.62857     0      0
-4.61429     0      0
-4.6     0      0
-4.58571     0      0
-4.57143     0      0
-4.55714     0      0
-4.54286     0      0
-4.52857     0      0
-4.51429     0      0
-4.5     0      0
-4.48571     0      0
-4.47143     0      0
-4.45714     0      0
-4.44286     0      0
-4.42857     0      0
-4.41429     0      0
-4.4     0      0
-4.38571     0      0
-4.37143     0      0
-4.35714     0      0
-4.34286     0      0
-4.32857     0      0
-4.31429     0      0
-4.3     0      0
-4.28571     0      0
-4.27143     0      0
-4.25714     0      0
-4.24286     0      0
-4.22857     0      0
-4.21429     0      0
-4.2     0      0
-4.18571     0      0
-4.17143     0      0
-4.15714     0      0
-4.14286     0      0
-4.12857     0      0
-4.11429     0      0
-4.1     0      0
-4.08571     0      0
-4.07143     0      0
-4.05714     0      0
-4.04286     0      0
-4.02857     0      0
-4.01429     0      0
-4     0      0
-3.98571     0      0
-3.97143     0      0
-3.95714     0      0
-3.94286     0      0
-3.92857     0      0
-3.91429     0      0
-3.9     0      0
-3.88571     0      0
-3.87143     0      0
-3.85714     0      0
-3.84286     0      0
-3.82857     0      0
-3.81429     0      0
-3.8     0      0
-3.78571     0      0
-3.77143     0      0
-3.75714     0      0
-3.74286     0      0
-3.72857     0      0
-3.71429     0      0
-3.7     0      0
-3.68571     0      0
-3.67143     0      0
-3.65714     0      0
-3.64286     0      0
-3.62857     0      0
-3.61429     0      0
-3.6     0      0
-3.58571     0      0
-3.57143     0      0
-3.55714     0      0
-3.54286     0      0
-3.52857     0      0
-3.51429     0      0
-3.5     0      0
-3.48571     0      0
-3.47143     0      0
-3.45714     0      0
-3.44286     0      0
-3.42857     0      0
-3.41429     0      0
-3.4     0      0
-3.38571     0      0
-3.37143     0      0
-3.35714     0      0
-3.34286     0      0
-3.32857     0      0
-3.31429     0      0
-3.3     0      0
-3.28571     0      0
-3.27143     0      0
-3.25714     0      0
-3.24286     0      0
-3.22857     0      0
-3.21429     0      0
-3.2     0      0
-3.18571     0      0
-3.17143     0      0
-3.15714     0      0
-3.14286     0      0
-3.12857     0      0
-3.11429     0      0
-3.1     0      0
-3.08571     0      0
-3.07143     0      0
-3.05714     0      0
-3.04286     0      0
-3.02857     0      0
-3.01429     0      0
-3     0      0
-2.98571     0      0
-2.97143     0      0
-2.95714     0      0
-2.94286     0      0
-2.92857     0      0
-2.91429     0      0
-2.9     0      0
-2.88571     0      0
-2.87143     0      0
-2.85714     0      0
-2.84286     0      0
-2.82857     0      0
-2.81429     0      0
-2.8     0      0
-2.78571     0      0
-2.77143     0      0
-2.75714     0      0
-2.74286     0      0
-2.72857     0      0
-2.71429     0      0
-2.7     0      0
-2.68571     0      0
-2.67143     0      0
-2.65714     0      0
-2.64286     0      0
-2.62857     0      0
-2.61429     0      0
-2.6     0      0
-2.58571     0      0
-2.57143     0      0
-2.55714     0      0
-2.54286     0      0
-2.52857     0      0
-2.51429     0      0
-2.5     0      0
-2.48571     0      0
-2.47143     0      0
-2.45714     0      0
-2.44286     0      0
-2.42857     0      0
-2.41429     0      0
-2.4     0      0
-2.38571     0      0
-2.37143     0      0
-2.35714     0      0
-2.34286     0      0
-2.32857     0      0
-2.31429     0      0
-2.3     0      0
-2.28571     0      0
-2.27143     0      0
-2.25714     0      0
-2.24286     0      0
-2.22857     0      0
-2.21429     0      0
-2.2     0      0
-2.18571     0      0
-2.17143     0      0
-2.15714     0      0
-2.14286     0      0
-2.12857     0      0
-2.11429     0      0
-2.1     0      0
-2.08571     0      0
-2.07143     0      0
-2.05714     2.59679e-122      0
-2.04286     1.26846e-96      0
-2.02857     3.37602e-64      0
-2.01429     0.0018125      0
-2     0.004576      0
-1.98571     0.004592      0
-1.97143     0.004606      0
-1.95714     0.004632      0
-1.94286     0.004642      0
-1.92857     0.004666      0
-1.91429     0.004664      0
-1.9     0.004696      0
-1.88571     0.004718      0
-1.87143     0.004716      0
-1.85714     0.00477      0
-1.84286     0.004772      0
-1.82857     0.004786      0
-1.81429     0.004806      0
-1.8     0.004812      0
-1.78571     0.004844      0
-1.77143     0.004872      0
-1.75714     0.00488      0
-1.74286     0.00491      0
-1.72857     0.004914      0
-1.71429     0.004954      0
-1.7     0.004964      0
-1.68571     0.004958      0
-1.67143     0.00502      0
-1.65714     0.005024      0
-1.64286     0.005064      0
-1.62857     0.005066      0
-1.61429     0.005074      0
-1.6     0.005108      0
-1.58571     0.005148      0
-1.57143     0.005152      0
-1.55714     0.005184      0
-1.54286     0.005196      0
-1.52857     0.005218      0
-1.51429     0.005286      0
-1.5     0.005282      0
-1.48571     0.0053      0
-1.47143     0.00528      0
-1.45714     0.005358      0
-1.44286     0.005372      0
-1.42857     0.005408      0
-1.41429     0.005404      0
-1.4     0.005474      0
-1.38571     0.005472      0
-1.37143     0.005508      0
-1.35714     0.005536      0
-1.34286     0.00556      0
-1.32857     0.00558      0
-1.31429     0.005606      0
-1.3     0.00566      0
-1.28571     0.005692      0
-1.27143     0.005684      0
-1.25714     0.005714      0
-1.24286     0.005792      0
-1.22857     0.005788      0
-1.21429     0.005822      0
-1.2     0.005874      0
-1.18571     0.005892      0
-1.17143     0.005922      0
-1.15714     0.005948      0
-1.14286     0.00602      0
-1.12857     0.005984      0
-1.11429     0.006104      0
-1.1     0.006096      0
-1.08571     0.006118      0
-1.07143     0.00619      0
-1.05714     0.006158      0
-1.04286     0.006268      0
-1.02857     0.006298      0
-1.01429     0.006318      0
-1     0.00638      0
-0.985714     0.006384      0
-0.971429     0.006472      0
-0.957143     0.006474      0
-0.942857     0.00655      0
-0.928571     0.006596      0
-0.914286     0.0066      0
-0.9     0.006688      0
-0.885714     0.006702      0
-0.871429     0.006738      0
-0.857143     0.006834      0
-0.842857     0.006884      0
-0.828571     0.006906      0
-0.814286     0.006958      0
-0.8     0.007052      0
-0.785714     0.007122      0
-0.771429     0.00712      0
-0.757143     0.007208      0
-0.742857     0.007264      0
-0.728571     0.007322      0
-0.714286     0.00741      0
-0.7     0.007456      0
-0.685714     0.007522      0
-0.671429     0.007604      0
-0.657143     0.007678      0
-0.642857     0.00778      0
-0.628571     0.00783      0
-0.614286     0.007912      0
-0.6     0.007942      0
-0.585714     0.008118      0
-0.571429     0.008174      0
-0.557143     0.008256      0
-0.542857     0.00836      0
-0.528571     0.008478      0
-0.514286     0.008582      0
-0.5     0.008714      0
-0.485714     0.008846      0
-0.471429     0.008952      0
-0.457143     0.00909      0
-0.442857     0.009264      0
-0.428571     0.009422      0
-0.414286     0.009552      0
-0.4     0.00976      0
-0.385714     0.00994      0
-0.371429     0.010192      0
-0.357143     0.010406      0
-0.342857     0.0107      0
-0.328571     0.01091      0
-0.314286     0.011406      0
-0.3     0.011726      0
-0.285714     0.012158      0
-0.271429     0.012758      0
-0.257143     0.013486      0
-0.242857     0.014282      0
-0.228571     0.01547      0
-0.214286     0.017098      0
-0.2     0.019616      0
-0.185714     0.024194      0
-0.171429     0.036966      0
-0.157143     0.0551515      0
-0.142857     0      0
-0.128571     0      0
-0.114286     0      0
-0.1     0      0
-0.0857143     0      0
-0.0714286     0      0
-0.0571429     0      0
-0.0428571     0      0
-0.0285714     0      0
-0.0142857     0      0
0     0      0
0.0142857     0      0
0.0285714     0      0
0.0428571     0      0
0.0571429     0      0
0.0714286     0      0
0.0857143     0      0
0.1     0      0
0.114286     0      0
0.128571     0      0
0.142857     0      0.0551515
0.157143     0      0.036966
0.171429     0      0.024194
0.185714     0      0.019616
0.2     0      0.017098
0.214286     0      0.01547
0.228571     0      0.014282
0.242857     0      0.013486
0.257143     0      0.012758
0.271429     0      0.012158
0.285714     0      0.011726
0.3     0      0.011406
0.314286     0      0.01091
0.328571     0      0.0107
0.342857     0      0.010406
0.357143     0      0.010192
0.371429     0      0.00994
0.385714     0      0.00976
0.4     0      0.009552
0.414286     0      0.009422
0.428571     0      0.009264
0.442857     0      0.00909
0.457143     0      0.008952
0.471429     0      0.008846
0.485714     0      0.008714
0.5     0      0.008582
0.514286     0      0.008478
0.528571     0      0.00836
0.542857     0      0.008256
0.557143     0      0.008174
0.571429     0      0.008118
0.585714     0      0.007942
0.6     0      0.007912
0.614286     0      0.00783
0.628571     0      0.00778
0.642857     0      0.007678
0.657143     0      0.007604
0.671429     0      0.007522
0.685714     0      0.007456
0.7     0      0.00741
0.714286     0      0.007322
0.728571     0      0.007264
0.742857     0      0.007208
0.757143     0      0.00712
0.771429     0      0.007122
0.785714     0      0.007052
0.8     0      0.006958
0.814286     0      0.006906
0.828571     0      0.006884
0.842857     0      0.006834
0.857143     0      0.006738
0.871429     0      0.006702
0.885714     0      0.006688
0.9     0      0.0066
0.914286     0      0.006596
0.928571     0      0.00655
0.942857     0      0.006474
0.957143     0      0.006472
0.971429     0      0.006384
0.985714     0      0.00638
1     0      0.006318
1.01429     0      0.006298
1.02857     0      0.006268
1.04286     0      0.006158
1.05714     0      0.00619
1.07143     0      0.006118
1.08571     0      0.006096
1.1     0      0.006104
1.11429     0      0.005984
1.12857     0      0.00602
1.14286     0      0.005948
1.15714     0      0.005922
1.17143     0      0.005892
1.18571     0      0.005874
1.2     0      0.005822
1.21429     0      0.005788
1.22857     0      0.005792
1.24286     0      0.005714
1.25714     0      0.005684
1.27143     0      0.005692
1.28571     0      0.00566
1.3     0      0.005606
1.31429     0      0.00558
1.32857     0      0.00556
1.34286     0      0.005536
1.35714     0      0.005508
1.37143     0      0.005472
1.38571     0      0.005474
1.4     0      0.005404
1.41429     0      0.005408
1.42857     0      0.005372
1.44286     0      0.005358
1.45714     0      0.00528
1.47143     0      0.0053
1.48571     0      0.005282
1.5     0      0.005286
1.51429     0      0.005218
1.52857     0      0.005196
1.54286     0      0.005184
1.55714     0      0.005152
1.57143     0      0.005148
1.58571     0      0.005108
1.6     0      0.005074
1.61429     0      0.005066
1.62857     0      0.005064
1.64286     0      0.005024
1.65714     0      0.00502
1.67143     0      0.004958
1.68571     0      0.004964
1.7     0      0.004954
1.71429     0      0.004914
1.72857     0      0.00491
1.74286     0      0.00488
1.75714     0      0.004872
1.77143     0      0.004844
1.78571     0      0.004812
1.8     0      0.004806
1.81429     0      0.004786
1.82857     0      0.004772
1.84286     0      0.00477
1.85714     0      0.004716
1.87143     0      0.004718
1.88571     0      0.004696
1.9     0      0.004664
1.91429     0      0.004666
1.92857     0      0.004642
1.94286     0      0.004632
1.95714     0      0.004606
1.97143     0      0.004592
1.98571     0      0.004576
2     0      0.0018125
2.01429     0      3.37602e-64
2.02857     0      1.26846e-96
2.04286     0      2.59679e-122
2.05714     0      0
2.07143     0      0
2.08571     0      0
2.1     0      0
2.11429     0      0
2.12857     0      0
2.14286     0      0
2.15714     0      0
2.17143     0      0
2.18571     0      0
2.2     0      0
2.21429     0      0
2.22857     0      0
2.24286     0      0
2.25714     0      0
2.27143     0      0
2.28571     0      0
2.3     0      0
2.31429     0      0
2.32857     0      0
2.34286     0      0
2.35714     0      0
2.37143     0      0
2.38571     0      0
2.4     0      0
2.41429     0      0
2.42857     0      0
2.44286     0      0
2.45714     0      0
2.47143     0      0
2.48571     0      0
2.5     0      0
2.51429     0      0
2.52857     0      0
2.54286     0      0
2.55714     0      0
2.57143     0      0
2.58571     0      0
2.6     0      0
2.61429     0      0
2.62857     0      0
2.64286     0      0
2.65714     0      0
2.67143     0      0
2.68571     0      0
2.7     0      0
2.71429     0      0
2.72857     0      0
2.74286     0      0
2.75714     0      0
2.77143     0      0
2.78571     0      0
2.8     0      0
2.81429     0      0
2.82857     0      0
2.84286     0      0
2.85714     0      0
2.87143     0      0
2.88571     0      0
2.9     0      0
2.91429     0      0
2.92857     0      0
2.94286     0      0
2.95714     0      0
2.97143     0      0
2.98571     0      0
3     0      0
3.01429     0      0
3.02857     0      0
3.04286     0      0
3.05714     0      0
3.07143     0      0
3.08571     0      0
3.1     0      0
3.11429     0      0
3.12857     0      0
3.14286     0      0
3.15714     0      0
3.17143     0      0
3.18571     0      0
3.2     0      0
3.21429     0      0
3.22857     0      0
3.24286     0      0
3.25714     0      0
3.27143     0      0
3.28571     0      0
3.3     0      0
3.31429     0      0
3.32857     0      0
3.34286     0      0
3.35714     0      0
3.37143     0      0
3.38571     0      0
3.4     0      0
3.41429     0      0
3.42857     0      0
3.44286     0      0
3.45714     0      0
3.47143     0      0
3.48571     0      0
3.5     0      0
3.51429     0      0
3.52857     0      0
3.54286     0      0
3.55714     0      0
3.57143     0      0
3.58571     0      0
3.6     0      0
3.61429     0      0
3.62857     0      0
3.64286     0      0
3.65714     0      0
3.67143     0      0
3.68571     0      0
3.7     0      0
3.71429     0      0
3.72857     0      0
3.74286     0      0
3.75714     0      0
3.77143     0      0
3.78571     0      0
3.8     0      0
3.81429     0      0
3.82857     0      0
3.84286     0      0
3.85714     0      0
3.87143     0      0
3.88571     0      0
3.9     0      0
3.91429     0      0
3.92857     0      0
3.94286     0      0
3.95714     0      0
3.97143     0      0
3.98571     0      0
4     0      0
4.01429     0      0
4.02857     0      0
4.04286     0      0
4.05714     0      0
4.07143     0      0
4.08571     0      0
4.1     0      0
4.11429     0      0
4.12857     0      0
4.14286     0      0
4.15714     0      0
4.17143     0      0
4.18571     0      0
4.2     0      0
4.21429     0      0
4.22857     0      0
4.24286     0      0
4.25714     0      0
4.27143     0      0
4.28571     0      0
4.3     0      0
4.31429     0      0
4.32857     0      0
4.34286     0      0
4.35714     0      0
4.37143     0      0
4.38571     0      0
4.4     0      0
4.41429     0      0
4.42857     0      0
4.44286     0      0
4.45714     0      0
4.47143     0      0
4.48571     0      0
4.5     0      0
4.51429     0      0
4.52857     0      0
4.54286     0      0
4.55714     0      0
4.57143     0      0
4.58571     0      0
4.6     0      0
4.61429     0      0
4.62857     0      0
4.64286     0      0
4.65714     0      0
4.67143     0      0
4.68571     0      0
4.7     0      0
4.71429     0      0
4.72857     0      0
4.74286     0      0
4.75714     0      0
4.77143     0      0
4.78571     0      0
4.8     0      0
4.81429     0      0
4.82857     0      0
4.84286     0      0
4.85714     0      0
4.87143     0      0
4.88571     0      0
4.9     0      0
4.91429     0      0
4.92857     0      0
4.94286     0      0
4.95714     0      0
4.97143     0      0
4.98571     0      0
