# U,mu,nA_up, nA_dn, nB_up, nB_dn, ms, mf, ntotal,mu,cint
#energy    dos_upn   dos_upp   dos_dnn  dos_dnp GRID=1000 bin=700
-5     0      0
-4.98571     0      0
-4.97143     0      0
-4.95714     0      0
-4.94286     0      0
-4.92857     0      0
-4.91429     0      0
-4.9     0      0
-4.88571     0      0
-4.87143     0      0
-4.85714     0      0
-4.84286     0      0
-4.82857     0      0
-4.81429     0      0
-4.8     0      0
-4.78571     0      0
-4.77143     0      0
-4.75714     0      0
-4.74286     0      0
-4.72857     0      0
-4.71429     0      0
-4.7     0      0
-4.68571     0      0
-4.67143     0      0
-4.65714     0      0
-4.64286     0      0
-4.62857     0      0
-4.61429     0      0
-4.6     0      0
-4.58571     0      0
-4.57143     0      0
-4.55714     0      0
-4.54286     0      0
-4.52857     0      0
-4.51429     0      0
-4.5     0      0
-4.48571     0      0
-4.47143     0      0
-4.45714     0      0
-4.44286     0      0
-4.42857     0      0
-4.41429     0      0
-4.4     0      0
-4.38571     0      0
-4.37143     0      0
-4.35714     0      0
-4.34286     0      0
-4.32857     0      0
-4.31429     0      0
-4.3     0      0
-4.28571     0      0
-4.27143     0      0
-4.25714     0      0
-4.24286     0      0
-4.22857     0      0
-4.21429     0      0
-4.2     0      0
-4.18571     0      0
-4.17143     0      0
-4.15714     0      0
-4.14286     0      0
-4.12857     0      0
-4.11429     0      0
-4.1     0      0
-4.08571     0      0
-4.07143     0      0
-4.05714     0      0
-4.04286     0      0
-4.02857     0      0
-4.01429     0      0
-4     0      0
-3.98571     0      0
-3.97143     0      0
-3.95714     0      0
-3.94286     0      0
-3.92857     0      0
-3.91429     0      0
-3.9     0      0
-3.88571     0      0
-3.87143     0      0
-3.85714     0      0
-3.84286     0      0
-3.82857     0      0
-3.81429     0      0
-3.8     0      0
-3.78571     0      0
-3.77143     0      0
-3.75714     0      0
-3.74286     0      0
-3.72857     0      0
-3.71429     0      0
-3.7     0      0
-3.68571     0      0
-3.67143     0      0
-3.65714     0      0
-3.64286     0      0
-3.62857     0      0
-3.61429     0      0
-3.6     0      0
-3.58571     0      0
-3.57143     0      0
-3.55714     0      0
-3.54286     0      0
-3.52857     0      0
-3.51429     0      0
-3.5     0      0
-3.48571     0      0
-3.47143     0      0
-3.45714     0      0
-3.44286     0      0
-3.42857     0      0
-3.41429     0      0
-3.4     0      0
-3.38571     0      0
-3.37143     0      0
-3.35714     0      0
-3.34286     0      0
-3.32857     0      0
-3.31429     0      0
-3.3     0      0
-3.28571     0      0
-3.27143     0      0
-3.25714     0      0
-3.24286     0      0
-3.22857     0      0
-3.21429     0      0
-3.2     0      0
-3.18571     0      0
-3.17143     0      0
-3.15714     0      0
-3.14286     0      0
-3.12857     0      0
-3.11429     0      0
-3.1     0      0
-3.08571     0      0
-3.07143     0      0
-3.05714     0      0
-3.04286     0      0
-3.02857     0      0
-3.01429     0      0
-3     0      0
-2.98571     0      0
-2.97143     0      0
-2.95714     0      0
-2.94286     0      0
-2.92857     0      0
-2.91429     0      0
-2.9     0      0
-2.88571     0      0
-2.87143     0      0
-2.85714     0      0
-2.84286     0      0
-2.82857     0      0
-2.81429     0      0
-2.8     0      0
-2.78571     0      0
-2.77143     0      0
-2.75714     0      0
-2.74286     0      0
-2.72857     0      0
-2.71429     0      0
-2.7     0      0
-2.68571     0      0
-2.67143     0      0
-2.65714     0      0
-2.64286     0      0
-2.62857     0      0
-2.61429     0      0
-2.6     0      0
-2.58571     0      0
-2.57143     0      0
-2.55714     0      0
-2.54286     0      0
-2.52857     0      0
-2.51429     0      0
-2.5     0      0
-2.48571     0      0
-2.47143     0      0
-2.45714     0      0
-2.44286     0      0
-2.42857     0      0
-2.41429     0      0
-2.4     0      0
-2.38571     0      0
-2.37143     0      0
-2.35714     0      0
-2.34286     0      0
-2.32857     0      0
-2.31429     0      0
-2.3     0      0
-2.28571     0      0
-2.27143     0      0
-2.25714     0      0
-2.24286     0      0
-2.22857     0      0
-2.21429     0      0
-2.2     0      0
-2.18571     0      0
-2.17143     0      0
-2.15714     0      0
-2.14286     0      0
-2.12857     0      0
-2.11429     0      0
-2.1     0      0
-2.08571     0      0
-2.07143     0      0
-2.05714     4.35669e-43      0
-2.04286     2.12813e-17      0
-2.02857     0.0028805      0
-2.01429     0.004638      0
-2     0.004634      0
-1.98571     0.00466      0
-1.97143     0.004674      0
-1.95714     0.004702      0
-1.94286     0.004696      0
-1.92857     0.00472      0
-1.91429     0.004758      0
-1.9     0.004748      0
-1.88571     0.004816      0
-1.87143     0.004778      0
-1.85714     0.004848      0
-1.84286     0.004842      0
-1.82857     0.004828      0
-1.81429     0.004926      0
-1.8     0.0049      0
-1.78571     0.00494      0
-1.77143     0.004948      0
-1.75714     0.004946      0
-1.74286     0.00501      0
-1.72857     0.004998      0
-1.71429     0.00504      0
-1.7     0.005052      0
-1.68571     0.00509      0
-1.67143     0.0051      0
-1.65714     0.005128      0
-1.64286     0.00513      0
-1.62857     0.005176      0
-1.61429     0.005206      0
-1.6     0.005232      0
-1.58571     0.005208      0
-1.57143     0.005288      0
-1.55714     0.005302      0
-1.54286     0.005346      0
-1.52857     0.005342      0
-1.51429     0.005344      0
-1.5     0.005398      0
-1.48571     0.005454      0
-1.47143     0.005448      0
-1.45714     0.00548      0
-1.44286     0.005522      0
-1.42857     0.005548      0
-1.41429     0.005572      0
-1.4     0.0056      0
-1.38571     0.00562      0
-1.37143     0.005686      0
-1.35714     0.005692      0
-1.34286     0.005732      0
-1.32857     0.005748      0
-1.31429     0.005796      0
-1.3     0.005818      0
-1.28571     0.005844      0
-1.27143     0.005932      0
-1.25714     0.005924      0
-1.24286     0.005968      0
-1.22857     0.005986      0
-1.21429     0.006034      0
-1.2     0.006112      0
-1.18571     0.006132      0
-1.17143     0.006128      0
-1.15714     0.006202      0
-1.14286     0.006268      0
-1.12857     0.006264      0
-1.11429     0.00632      0
-1.1     0.0064      0
-1.08571     0.006408      0
-1.07143     0.006472      0
-1.05714     0.00648      0
-1.04286     0.006592      0
-1.02857     0.006628      0
-1.01429     0.00666      0
-1     0.006726      0
-0.985714     0.006714      0
-0.971429     0.006892      0
-0.957143     0.006874      0
-0.942857     0.00696      0
-0.928571     0.00702      0
-0.914286     0.007034      0
-0.9     0.00711      0
-0.885714     0.007232      0
-0.871429     0.00727      0
-0.857143     0.007356      0
-0.842857     0.007412      0
-0.828571     0.00747      0
-0.814286     0.00756      0
-0.8     0.007738      0
-0.785714     0.007742      0
-0.771429     0.007796      0
-0.757143     0.00796      0
-0.742857     0.008024      0
-0.728571     0.008176      0
-0.714286     0.008256      0
-0.7     0.008376      0
-0.685714     0.00846      0
-0.671429     0.008666      0
-0.657143     0.00876      0
-0.642857     0.00886      0
-0.628571     0.00913      0
-0.614286     0.009184      0
-0.6     0.009454      0
-0.585714     0.00954      0
-0.571429     0.009898      0
-0.557143     0.010018      0
-0.542857     0.010338      0
-0.528571     0.010608      0
-0.514286     0.010924      0
-0.5     0.011244      0
-0.485714     0.011694      0
-0.471429     0.012118      0
-0.457143     0.01261      0
-0.442857     0.013286      0
-0.428571     0.014026      0
-0.414286     0.014946      0
-0.4     0.016126      0
-0.385714     0.017668      0
-0.371429     0.019844      0
-0.357143     0.02306      0
-0.342857     0.028814      0
-0.328571     0.043144      0
-0.314286     0.0831395      0
-0.3     0      0
-0.285714     0      0
-0.271429     0      0
-0.257143     0      0
-0.242857     0      0
-0.228571     0      0
-0.214286     0      0
-0.2     0      0
-0.185714     0      0
-0.171429     0      0
-0.157143     0      0
-0.142857     0      0
-0.128571     0      0
-0.114286     0      0
-0.1     0      0
-0.0857143     0      0
-0.0714286     0      0
-0.0571429     0      0
-0.0428571     0      0
-0.0285714     0      0
-0.0142857     0      0
0     0      0
0.0142857     0      0
0.0285714     0      0
0.0428571     0      0
0.0571429     0      0
0.0714286     0      0
0.0857143     0      0
0.1     0      0
0.114286     0      0
0.128571     0      0
0.142857     0      0
0.157143     0      0
0.171429     0      0
0.185714     0      0
0.2     0      0
0.214286     0      0
0.228571     0      0
0.242857     0      0
0.257143     0      0
0.271429     0      0
0.285714     0      0
0.3     0      0.0831395
0.314286     0      0.043144
0.328571     0      0.028814
0.342857     0      0.02306
0.357143     0      0.019844
0.371429     0      0.017668
0.385714     0      0.016126
0.4     0      0.014946
0.414286     0      0.014026
0.428571     0      0.013286
0.442857     0      0.01261
0.457143     0      0.012118
0.471429     0      0.011694
0.485714     0      0.011244
0.5     0      0.010924
0.514286     0      0.010608
0.528571     0      0.010338
0.542857     0      0.010018
0.557143     0      0.009898
0.571429     0      0.00954
0.585714     0      0.009454
0.6     0      0.009184
0.614286     0      0.00913
0.628571     0      0.00886
0.642857     0      0.00876
0.657143     0      0.008666
0.671429     0      0.00846
0.685714     0      0.008376
0.7     0      0.008256
0.714286     0      0.008176
0.728571     0      0.008024
0.742857     0      0.00796
0.757143     0      0.007796
0.771429     0      0.007742
0.785714     0      0.007738
0.8     0      0.00756
0.814286     0      0.00747
0.828571     0      0.007412
0.842857     0      0.007356
0.857143     0      0.00727
0.871429     0      0.007232
0.885714     0      0.00711
0.9     0      0.007034
0.914286     0      0.00702
0.928571     0      0.00696
0.942857     0      0.006874
0.957143     0      0.006892
0.971429     0      0.006714
0.985714     0      0.006726
1     0      0.00666
1.01429     0      0.006628
1.02857     0      0.006592
1.04286     0      0.00648
1.05714     0      0.006472
1.07143     0      0.006408
1.08571     0      0.0064
1.1     0      0.00632
1.11429     0      0.006264
1.12857     0      0.006268
1.14286     0      0.006202
1.15714     0      0.006128
1.17143     0      0.006132
1.18571     0      0.006112
1.2     0      0.006034
1.21429     0      0.005986
1.22857     0      0.005968
1.24286     0      0.005924
1.25714     0      0.005932
1.27143     0      0.005844
1.28571     0      0.005818
1.3     0      0.005796
1.31429     0      0.005748
1.32857     0      0.005732
1.34286     0      0.005692
1.35714     0      0.005686
1.37143     0      0.00562
1.38571     0      0.0056
1.4     0      0.005572
1.41429     0      0.005548
1.42857     0      0.005522
1.44286     0      0.00548
1.45714     0      0.005448
1.47143     0      0.005454
1.48571     0      0.005398
1.5     0      0.005344
1.51429     0      0.005342
1.52857     0      0.005346
1.54286     0      0.005302
1.55714     0      0.005288
1.57143     0      0.005208
1.58571     0      0.005232
1.6     0      0.005206
1.61429     0      0.005176
1.62857     0      0.00513
1.64286     0      0.005128
1.65714     0      0.0051
1.67143     0      0.00509
1.68571     0      0.005052
1.7     0      0.00504
1.71429     0      0.004998
1.72857     0      0.00501
1.74286     0      0.004946
1.75714     0      0.004948
1.77143     0      0.00494
1.78571     0      0.0049
1.8     0      0.004926
1.81429     0      0.004828
1.82857     0      0.004842
1.84286     0      0.004848
1.85714     0      0.004778
1.87143     0      0.004816
1.88571     0      0.004748
1.9     0      0.004758
1.91429     0      0.00472
1.92857     0      0.004696
1.94286     0      0.004702
1.95714     0      0.004674
1.97143     0      0.00466
1.98571     0      0.004634
2     0      0.004638
2.01429     0      0.0028805
2.02857     0      2.12813e-17
2.04286     0      4.35669e-43
2.05714     0      0
2.07143     0      0
2.08571     0      0
2.1     0      0
2.11429     0      0
2.12857     0      0
2.14286     0      0
2.15714     0      0
2.17143     0      0
2.18571     0      0
2.2     0      0
2.21429     0      0
2.22857     0      0
2.24286     0      0
2.25714     0      0
2.27143     0      0
2.28571     0      0
2.3     0      0
2.31429     0      0
2.32857     0      0
2.34286     0      0
2.35714     0      0
2.37143     0      0
2.38571     0      0
2.4     0      0
2.41429     0      0
2.42857     0      0
2.44286     0      0
2.45714     0      0
2.47143     0      0
2.48571     0      0
2.5     0      0
2.51429     0      0
2.52857     0      0
2.54286     0      0
2.55714     0      0
2.57143     0      0
2.58571     0      0
2.6     0      0
2.61429     0      0
2.62857     0      0
2.64286     0      0
2.65714     0      0
2.67143     0      0
2.68571     0      0
2.7     0      0
2.71429     0      0
2.72857     0      0
2.74286     0      0
2.75714     0      0
2.77143     0      0
2.78571     0      0
2.8     0      0
2.81429     0      0
2.82857     0      0
2.84286     0      0
2.85714     0      0
2.87143     0      0
2.88571     0      0
2.9     0      0
2.91429     0      0
2.92857     0      0
2.94286     0      0
2.95714     0      0
2.97143     0      0
2.98571     0      0
3     0      0
3.01429     0      0
3.02857     0      0
3.04286     0      0
3.05714     0      0
3.07143     0      0
3.08571     0      0
3.1     0      0
3.11429     0      0
3.12857     0      0
3.14286     0      0
3.15714     0      0
3.17143     0      0
3.18571     0      0
3.2     0      0
3.21429     0      0
3.22857     0      0
3.24286     0      0
3.25714     0      0
3.27143     0      0
3.28571     0      0
3.3     0      0
3.31429     0      0
3.32857     0      0
3.34286     0      0
3.35714     0      0
3.37143     0      0
3.38571     0      0
3.4     0      0
3.41429     0      0
3.42857     0      0
3.44286     0      0
3.45714     0      0
3.47143     0      0
3.48571     0      0
3.5     0      0
3.51429     0      0
3.52857     0      0
3.54286     0      0
3.55714     0      0
3.57143     0      0
3.58571     0      0
3.6     0      0
3.61429     0      0
3.62857     0      0
3.64286     0      0
3.65714     0      0
3.67143     0      0
3.68571     0      0
3.7     0      0
3.71429     0      0
3.72857     0      0
3.74286     0      0
3.75714     0      0
3.77143     0      0
3.78571     0      0
3.8     0      0
3.81429     0      0
3.82857     0      0
3.84286     0      0
3.85714     0      0
3.87143     0      0
3.88571     0      0
3.9     0      0
3.91429     0      0
3.92857     0      0
3.94286     0      0
3.95714     0      0
3.97143     0      0
3.98571     0      0
4     0      0
4.01429     0      0
4.02857     0      0
4.04286     0      0
4.05714     0      0
4.07143     0      0
4.08571     0      0
4.1     0      0
4.11429     0      0
4.12857     0      0
4.14286     0      0
4.15714     0      0
4.17143     0      0
4.18571     0      0
4.2     0      0
4.21429     0      0
4.22857     0      0
4.24286     0      0
4.25714     0      0
4.27143     0      0
4.28571     0      0
4.3     0      0
4.31429     0      0
4.32857     0      0
4.34286     0      0
4.35714     0      0
4.37143     0      0
4.38571     0      0
4.4     0      0
4.41429     0      0
4.42857     0      0
4.44286     0      0
4.45714     0      0
4.47143     0      0
4.48571     0      0
4.5     0      0
4.51429     0      0
4.52857     0      0
4.54286     0      0
4.55714     0      0
4.57143     0      0
4.58571     0      0
4.6     0      0
4.61429     0      0
4.62857     0      0
4.64286     0      0
4.65714     0      0
4.67143     0      0
4.68571     0      0
4.7     0      0
4.71429     0      0
4.72857     0      0
4.74286     0      0
4.75714     0      0
4.77143     0      0
4.78571     0      0
4.8     0      0
4.81429     0      0
4.82857     0      0
4.84286     0      0
4.85714     0      0
4.87143     0      0
4.88571     0      0
4.9     0      0
4.91429     0      0
4.92857     0      0
4.94286     0      0
4.95714     0      0
4.97143     0      0
4.98571     0      0
