# U,mu,nA_up, nA_dn, nB_up, nB_dn, ms, mf, ntotal,mu,cint
#energy    dos_upn   dos_upp   dos_dnn  dos_dnp GRID=1000 bin=700
-5     0      0
-4.98571     0      0
-4.97143     0      0
-4.95714     0      0
-4.94286     0      0
-4.92857     0      0
-4.91429     0      0
-4.9     0      0
-4.88571     0      0
-4.87143     0      0
-4.85714     0      0
-4.84286     0      0
-4.82857     0      0
-4.81429     0      0
-4.8     0      0
-4.78571     0      0
-4.77143     0      0
-4.75714     0      0
-4.74286     0      0
-4.72857     0      0
-4.71429     0      0
-4.7     0      0
-4.68571     0      0
-4.67143     0      0
-4.65714     0      0
-4.64286     0      0
-4.62857     0      0
-4.61429     0      0
-4.6     0      0
-4.58571     0      0
-4.57143     0      0
-4.55714     0      0
-4.54286     0      0
-4.52857     0      0
-4.51429     0      0
-4.5     0      0
-4.48571     0      0
-4.47143     0      0
-4.45714     0      0
-4.44286     0      0
-4.42857     0      0
-4.41429     0      0
-4.4     0      0
-4.38571     0      0
-4.37143     0      0
-4.35714     0      0
-4.34286     0      0
-4.32857     0      0
-4.31429     0      0
-4.3     0      0
-4.28571     0      0
-4.27143     0      0
-4.25714     0      0
-4.24286     0      0
-4.22857     0      0
-4.21429     0      0
-4.2     0      0
-4.18571     0      0
-4.17143     0      0
-4.15714     0      0
-4.14286     0      0
-4.12857     0      0
-4.11429     0      0
-4.1     0      0
-4.08571     0      0
-4.07143     0      0
-4.05714     0      0
-4.04286     0      0
-4.02857     0      0
-4.01429     0      0
-4     0      0
-3.98571     0      0
-3.97143     0      0
-3.95714     0      0
-3.94286     0      0
-3.92857     0      0
-3.91429     0      0
-3.9     0      0
-3.88571     0      0
-3.87143     0      0
-3.85714     0      0
-3.84286     0      0
-3.82857     0      0
-3.81429     0      0
-3.8     0      0
-3.78571     0      0
-3.77143     0      0
-3.75714     0      0
-3.74286     0      0
-3.72857     0      0
-3.71429     0      0
-3.7     0      0
-3.68571     0      0
-3.67143     0      0
-3.65714     0      0
-3.64286     0      0
-3.62857     0      0
-3.61429     0      0
-3.6     0      0
-3.58571     0      0
-3.57143     0      0
-3.55714     0      0
-3.54286     0      0
-3.52857     0      0
-3.51429     0      0
-3.5     0      0
-3.48571     0      0
-3.47143     0      0
-3.45714     0      0
-3.44286     0      0
-3.42857     0      0
-3.41429     0      0
-3.4     0      0
-3.38571     0      0
-3.37143     0      0
-3.35714     0      0
-3.34286     0      0
-3.32857     0      0
-3.31429     0      0
-3.3     0      0
-3.28571     0      0
-3.27143     0      0
-3.25714     0      0
-3.24286     0      0
-3.22857     0      0
-3.21429     0      0
-3.2     0      0
-3.18571     0      0
-3.17143     0      0
-3.15714     0      0
-3.14286     0      0
-3.12857     0      0
-3.11429     0      0
-3.1     0      0
-3.08571     0      0
-3.07143     0      0
-3.05714     0      0
-3.04286     0      0
-3.02857     0      0
-3.01429     0      0
-3     0      0
-2.98571     0      0
-2.97143     0      0
-2.95714     0      0
-2.94286     0      0
-2.92857     0      0
-2.91429     0      0
-2.9     0      0
-2.88571     0      0
-2.87143     0      0
-2.85714     0      0
-2.84286     0      0
-2.82857     0      0
-2.81429     0      0
-2.8     0      0
-2.78571     0      0
-2.77143     0      0
-2.75714     0      0
-2.74286     0      0
-2.72857     0      0
-2.71429     0      0
-2.7     0      0
-2.68571     0      0
-2.67143     0      0
-2.65714     0      0
-2.64286     0      0
-2.62857     0      0
-2.61429     0      0
-2.6     0      0
-2.58571     0      0
-2.57143     0      0
-2.55714     0      0
-2.54286     0      0
-2.52857     0      0
-2.51429     0      0
-2.5     0      0
-2.48571     0      0
-2.47143     0      0
-2.45714     0      0
-2.44286     0      0
-2.42857     0      0
-2.41429     0      0
-2.4     0      0
-2.38571     0      0
-2.37143     0      0
-2.35714     0      0
-2.34286     0      0
-2.32857     0      0
-2.31429     0      0
-2.3     0      0
-2.28571     0      0
-2.27143     0      0
-2.25714     0      0
-2.24286     0      0
-2.22857     0      0
-2.21429     0      0
-2.2     0      0
-2.18571     0      0
-2.17143     0      0
-2.15714     0      0
-2.14286     0      0
-2.12857     0      0
-2.11429     0      0
-2.1     0      0
-2.08571     0      0
-2.07143     0      0
-2.05714     4.46125e-10      0
-2.04286     0.0046325      0
-2.02857     0.00466      0
-2.01429     0.004704      0
-2     0.004708      0
-1.98571     0.00472      0
-1.97143     0.004764      0
-1.95714     0.004766      0
-1.94286     0.00479      0
-1.92857     0.004794      0
-1.91429     0.00483      0
-1.9     0.004836      0
-1.88571     0.004894      0
-1.87143     0.004882      0
-1.85714     0.004916      0
-1.84286     0.00492      0
-1.82857     0.004986      0
-1.81429     0.004968      0
-1.8     0.005      0
-1.78571     0.00501      0
-1.77143     0.005042      0
-1.75714     0.00509      0
-1.74286     0.005082      0
-1.72857     0.00511      0
-1.71429     0.005148      0
-1.7     0.005164      0
-1.68571     0.005188      0
-1.67143     0.005212      0
-1.65714     0.005276      0
-1.64286     0.00522      0
-1.62857     0.005322      0
-1.61429     0.005324      0
-1.6     0.005354      0
-1.58571     0.00537      0
-1.57143     0.005386      0
-1.55714     0.005442      0
-1.54286     0.005428      0
-1.52857     0.00556      0
-1.51429     0.005504      0
-1.5     0.005542      0
-1.48571     0.005598      0
-1.47143     0.005608      0
-1.45714     0.005662      0
-1.44286     0.005668      0
-1.42857     0.005732      0
-1.41429     0.005712      0
-1.4     0.005822      0
-1.38571     0.005788      0
-1.37143     0.005848      0
-1.35714     0.005916      0
-1.34286     0.005964      0
-1.32857     0.005952      0
-1.31429     0.006      0
-1.3     0.006036      0
-1.28571     0.00612      0
-1.27143     0.006116      0
-1.25714     0.00618      0
-1.24286     0.006204      0
-1.22857     0.006244      0
-1.21429     0.006302      0
-1.2     0.006364      0
-1.18571     0.00642      0
-1.17143     0.006424      0
-1.15714     0.006516      0
-1.14286     0.006592      0
-1.12857     0.0066      0
-1.11429     0.006626      0
-1.1     0.006748      0
-1.08571     0.006772      0
-1.07143     0.006806      0
-1.05714     0.006916      0
-1.04286     0.00698      0
-1.02857     0.007014      0
-1.01429     0.007116      0
-1     0.007172      0
-0.985714     0.007248      0
-0.971429     0.007338      0
-0.957143     0.007398      0
-0.942857     0.007504      0
-0.928571     0.00756      0
-0.914286     0.00764      0
-0.9     0.007756      0
-0.885714     0.007868      0
-0.871429     0.00796      0
-0.857143     0.008048      0
-0.842857     0.00819      0
-0.828571     0.008296      0
-0.814286     0.008404      0
-0.8     0.00859      0
-0.785714     0.008692      0
-0.771429     0.00887      0
-0.757143     0.008958      0
-0.742857     0.009234      0
-0.728571     0.009374      0
-0.714286     0.00955      0
-0.7     0.0098      0
-0.685714     0.009998      0
-0.671429     0.010292      0
-0.657143     0.010584      0
-0.642857     0.010844      0
-0.628571     0.011184      0
-0.614286     0.011626      0
-0.6     0.011988      0
-0.585714     0.012586      0
-0.571429     0.01313      0
-0.557143     0.013802      0
-0.542857     0.01459      0
-0.528571     0.015612      0
-0.514286     0.016866      0
-0.5     0.018422      0
-0.485714     0.020742      0
-0.471429     0.02392      0
-0.457143     0.029376      0
-0.442857     0.040842      0
-0.428571     0.112236      0
-0.414286     0      0
-0.4     0      0
-0.385714     0      0
-0.371429     0      0
-0.357143     0      0
-0.342857     0      0
-0.328571     0      0
-0.314286     0      0
-0.3     0      0
-0.285714     0      0
-0.271429     0      0
-0.257143     0      0
-0.242857     0      0
-0.228571     0      0
-0.214286     0      0
-0.2     0      0
-0.185714     0      0
-0.171429     0      0
-0.157143     0      0
-0.142857     0      0
-0.128571     0      0
-0.114286     0      0
-0.1     0      0
-0.0857143     0      0
-0.0714286     0      0
-0.0571429     0      0
-0.0428571     0      0
-0.0285714     0      0
-0.0142857     0      0
0     0      0
0.0142857     0      0
0.0285714     0      0
0.0428571     0      0
0.0571429     0      0
0.0714286     0      0
0.0857143     0      0
0.1     0      0
0.114286     0      0
0.128571     0      0
0.142857     0      0
0.157143     0      0
0.171429     0      0
0.185714     0      0
0.2     0      0
0.214286     0      0
0.228571     0      0
0.242857     0      0
0.257143     0      0
0.271429     0      0
0.285714     0      0
0.3     0      0
0.314286     0      0
0.328571     0      0
0.342857     0      0
0.357143     0      0
0.371429     0      0
0.385714     0      0
0.4     0      0
0.414286     0      0.112236
0.428571     0      0.040842
0.442857     0      0.029376
0.457143     0      0.02392
0.471429     0      0.020742
0.485714     0      0.018422
0.5     0      0.016866
0.514286     0      0.015612
0.528571     0      0.01459
0.542857     0      0.013802
0.557143     0      0.01313
0.571429     0      0.012586
0.585714     0      0.011988
0.6     0      0.011626
0.614286     0      0.011184
0.628571     0      0.010844
0.642857     0      0.010584
0.657143     0      0.010292
0.671429     0      0.009998
0.685714     0      0.0098
0.7     0      0.00955
0.714286     0      0.009374
0.728571     0      0.009234
0.742857     0      0.008958
0.757143     0      0.00887
0.771429     0      0.008692
0.785714     0      0.00859
0.8     0      0.008404
0.814286     0      0.008296
0.828571     0      0.00819
0.842857     0      0.008048
0.857143     0      0.00796
0.871429     0      0.007868
0.885714     0      0.007756
0.9     0      0.00764
0.914286     0      0.00756
0.928571     0      0.007504
0.942857     0      0.007398
0.957143     0      0.007338
0.971429     0      0.007248
0.985714     0      0.007172
1     0      0.007116
1.01429     0      0.007014
1.02857     0      0.00698
1.04286     0      0.006916
1.05714     0      0.006806
1.07143     0      0.006772
1.08571     0      0.006748
1.1     0      0.006626
1.11429     0      0.0066
1.12857     0      0.006592
1.14286     0      0.006516
1.15714     0      0.006424
1.17143     0      0.00642
1.18571     0      0.006364
1.2     0      0.006302
1.21429     0      0.006244
1.22857     0      0.006204
1.24286     0      0.00618
1.25714     0      0.006116
1.27143     0      0.00612
1.28571     0      0.006036
1.3     0      0.006
1.31429     0      0.005952
1.32857     0      0.005964
1.34286     0      0.005916
1.35714     0      0.005848
1.37143     0      0.005788
1.38571     0      0.005822
1.4     0      0.005712
1.41429     0      0.005732
1.42857     0      0.005668
1.44286     0      0.005662
1.45714     0      0.005608
1.47143     0      0.005598
1.48571     0      0.005542
1.5     0      0.005504
1.51429     0      0.00556
1.52857     0      0.005428
1.54286     0      0.005442
1.55714     0      0.005386
1.57143     0      0.00537
1.58571     0      0.005354
1.6     0      0.005324
1.61429     0      0.005322
1.62857     0      0.00522
1.64286     0      0.005276
1.65714     0      0.005212
1.67143     0      0.005188
1.68571     0      0.005164
1.7     0      0.005148
1.71429     0      0.00511
1.72857     0      0.005082
1.74286     0      0.00509
1.75714     0      0.005042
1.77143     0      0.00501
1.78571     0      0.005
1.8     0      0.004968
1.81429     0      0.004986
1.82857     0      0.00492
1.84286     0      0.004916
1.85714     0      0.004882
1.87143     0      0.004894
1.88571     0      0.004836
1.9     0      0.00483
1.91429     0      0.004794
1.92857     0      0.00479
1.94286     0      0.004766
1.95714     0      0.004764
1.97143     0      0.00472
1.98571     0      0.004708
2     0      0.004704
2.01429     0      0.00466
2.02857     0      0.0046325
2.04286     0      4.46125e-10
2.05714     0      0
2.07143     0      0
2.08571     0      0
2.1     0      0
2.11429     0      0
2.12857     0      0
2.14286     0      0
2.15714     0      0
2.17143     0      0
2.18571     0      0
2.2     0      0
2.21429     0      0
2.22857     0      0
2.24286     0      0
2.25714     0      0
2.27143     0      0
2.28571     0      0
2.3     0      0
2.31429     0      0
2.32857     0      0
2.34286     0      0
2.35714     0      0
2.37143     0      0
2.38571     0      0
2.4     0      0
2.41429     0      0
2.42857     0      0
2.44286     0      0
2.45714     0      0
2.47143     0      0
2.48571     0      0
2.5     0      0
2.51429     0      0
2.52857     0      0
2.54286     0      0
2.55714     0      0
2.57143     0      0
2.58571     0      0
2.6     0      0
2.61429     0      0
2.62857     0      0
2.64286     0      0
2.65714     0      0
2.67143     0      0
2.68571     0      0
2.7     0      0
2.71429     0      0
2.72857     0      0
2.74286     0      0
2.75714     0      0
2.77143     0      0
2.78571     0      0
2.8     0      0
2.81429     0      0
2.82857     0      0
2.84286     0      0
2.85714     0      0
2.87143     0      0
2.88571     0      0
2.9     0      0
2.91429     0      0
2.92857     0      0
2.94286     0      0
2.95714     0      0
2.97143     0      0
2.98571     0      0
3     0      0
3.01429     0      0
3.02857     0      0
3.04286     0      0
3.05714     0      0
3.07143     0      0
3.08571     0      0
3.1     0      0
3.11429     0      0
3.12857     0      0
3.14286     0      0
3.15714     0      0
3.17143     0      0
3.18571     0      0
3.2     0      0
3.21429     0      0
3.22857     0      0
3.24286     0      0
3.25714     0      0
3.27143     0      0
3.28571     0      0
3.3     0      0
3.31429     0      0
3.32857     0      0
3.34286     0      0
3.35714     0      0
3.37143     0      0
3.38571     0      0
3.4     0      0
3.41429     0      0
3.42857     0      0
3.44286     0      0
3.45714     0      0
3.47143     0      0
3.48571     0      0
3.5     0      0
3.51429     0      0
3.52857     0      0
3.54286     0      0
3.55714     0      0
3.57143     0      0
3.58571     0      0
3.6     0      0
3.61429     0      0
3.62857     0      0
3.64286     0      0
3.65714     0      0
3.67143     0      0
3.68571     0      0
3.7     0      0
3.71429     0      0
3.72857     0      0
3.74286     0      0
3.75714     0      0
3.77143     0      0
3.78571     0      0
3.8     0      0
3.81429     0      0
3.82857     0      0
3.84286     0      0
3.85714     0      0
3.87143     0      0
3.88571     0      0
3.9     0      0
3.91429     0      0
3.92857     0      0
3.94286     0      0
3.95714     0      0
3.97143     0      0
3.98571     0      0
4     0      0
4.01429     0      0
4.02857     0      0
4.04286     0      0
4.05714     0      0
4.07143     0      0
4.08571     0      0
4.1     0      0
4.11429     0      0
4.12857     0      0
4.14286     0      0
4.15714     0      0
4.17143     0      0
4.18571     0      0
4.2     0      0
4.21429     0      0
4.22857     0      0
4.24286     0      0
4.25714     0      0
4.27143     0      0
4.28571     0      0
4.3     0      0
4.31429     0      0
4.32857     0      0
4.34286     0      0
4.35714     0      0
4.37143     0      0
4.38571     0      0
4.4     0      0
4.41429     0      0
4.42857     0      0
4.44286     0      0
4.45714     0      0
4.47143     0      0
4.48571     0      0
4.5     0      0
4.51429     0      0
4.52857     0      0
4.54286     0      0
4.55714     0      0
4.57143     0      0
4.58571     0      0
4.6     0      0
4.61429     0      0
4.62857     0      0
4.64286     0      0
4.65714     0      0
4.67143     0      0
4.68571     0      0
4.7     0      0
4.71429     0      0
4.72857     0      0
4.74286     0      0
4.75714     0      0
4.77143     0      0
4.78571     0      0
4.8     0      0
4.81429     0      0
4.82857     0      0
4.84286     0      0
4.85714     0      0
4.87143     0      0
4.88571     0      0
4.9     0      0
4.91429     0      0
4.92857     0      0
4.94286     0      0
4.95714     0      0
4.97143     0      0
4.98571     0      0
