# U,mu,nA_up, nA_dn, nB_up, nB_dn, ms, mf, ntotal,mu,cint
#energy    dos_upn   dos_upp   dos_dnn  dos_dnp GRID=1000 bin=700
-5     0      0
-4.98571     0      0
-4.97143     0      0
-4.95714     0      0
-4.94286     0      0
-4.92857     0      0
-4.91429     0      0
-4.9     0      0
-4.88571     0      0
-4.87143     0      0
-4.85714     0      0
-4.84286     0      0
-4.82857     0      0
-4.81429     0      0
-4.8     0      0
-4.78571     0      0
-4.77143     0      0
-4.75714     0      0
-4.74286     0      0
-4.72857     0      0
-4.71429     0      0
-4.7     0      0
-4.68571     0      0
-4.67143     0      0
-4.65714     0      0
-4.64286     0      0
-4.62857     0      0
-4.61429     0      0
-4.6     0      0
-4.58571     0      0
-4.57143     0      0
-4.55714     0      0
-4.54286     0      0
-4.52857     0      0
-4.51429     0      0
-4.5     0      0
-4.48571     0      0
-4.47143     0      0
-4.45714     0      0
-4.44286     0      0
-4.42857     0      0
-4.41429     0      0
-4.4     0      0
-4.38571     0      0
-4.37143     0      0
-4.35714     0      0
-4.34286     0      0
-4.32857     0      0
-4.31429     0      0
-4.3     0      0
-4.28571     0      0
-4.27143     0      0
-4.25714     0      0
-4.24286     0      0
-4.22857     0      0
-4.21429     0      0
-4.2     0      0
-4.18571     0      0
-4.17143     0      0
-4.15714     0      0
-4.14286     0      0
-4.12857     0      0
-4.11429     0      0
-4.1     0      0
-4.08571     0      0
-4.07143     0      0
-4.05714     0      0
-4.04286     0      0
-4.02857     0      0
-4.01429     0      0
-4     0      0
-3.98571     0      0
-3.97143     0      0
-3.95714     0      0
-3.94286     0      0
-3.92857     0      0
-3.91429     0      0
-3.9     0      0
-3.88571     0      0
-3.87143     0      0
-3.85714     0      0
-3.84286     0      0
-3.82857     0      0
-3.81429     0      0
-3.8     0      0
-3.78571     0      0
-3.77143     0      0
-3.75714     0      0
-3.74286     0      0
-3.72857     0      0
-3.71429     0      0
-3.7     0      0
-3.68571     0      0
-3.67143     0      0
-3.65714     0      0
-3.64286     0      0
-3.62857     0      0
-3.61429     0      0
-3.6     0      0
-3.58571     0      0
-3.57143     0      0
-3.55714     0      0
-3.54286     0      0
-3.52857     0      0
-3.51429     0      0
-3.5     0      0
-3.48571     0      0
-3.47143     0      0
-3.45714     0      0
-3.44286     0      0
-3.42857     0      0
-3.41429     0      0
-3.4     0      0
-3.38571     0      0
-3.37143     0      0
-3.35714     0      0
-3.34286     0      0
-3.32857     0      0
-3.31429     0      0
-3.3     0      0
-3.28571     0      0
-3.27143     0      0
-3.25714     0      0
-3.24286     0      0
-3.22857     0      0
-3.21429     0      0
-3.2     0      0
-3.18571     0      0
-3.17143     0      0
-3.15714     0      0
-3.14286     0      0
-3.12857     0      0
-3.11429     0      0
-3.1     0      0
-3.08571     0      0
-3.07143     0      0
-3.05714     0      0
-3.04286     0      0
-3.02857     0      0
-3.01429     0      0
-3     0      0
-2.98571     0      0
-2.97143     0      0
-2.95714     0      0
-2.94286     0      0
-2.92857     0      0
-2.91429     0      0
-2.9     0      0
-2.88571     0      0
-2.87143     0      0
-2.85714     0      0
-2.84286     0      0
-2.82857     0      0
-2.81429     0      0
-2.8     0      0
-2.78571     0      0
-2.77143     0      0
-2.75714     0      0
-2.74286     0      0
-2.72857     0      0
-2.71429     0      0
-2.7     0      0
-2.68571     0      0
-2.67143     0      0
-2.65714     0      0
-2.64286     0      0
-2.62857     0      0
-2.61429     0      0
-2.6     0      0
-2.58571     0      0
-2.57143     0      0
-2.55714     0      0
-2.54286     0      0
-2.52857     0      0
-2.51429     0      0
-2.5     0      0
-2.48571     0      0
-2.47143     0      0
-2.45714     0      0
-2.44286     0      0
-2.42857     0      0
-2.41429     0      0
-2.4     0      0
-2.38571     0      0
-2.37143     0      0
-2.35714     0      0
-2.34286     0      0
-2.32857     0      0
-2.31429     0      0
-2.3     0      0
-2.28571     0      0
-2.27143     0      0
-2.25714     0      0
-2.24286     0      0
-2.22857     0      0
-2.21429     0      0
-2.2     0      0
-2.18571     0      0
-2.17143     0      0
-2.15714     0      0
-2.14286     0      0
-2.12857     0      0
-2.11429     0      0
-2.1     0      0
-2.08571     0      0
-2.07143     0      0
-2.05714     0      0
-2.04286     0      0
-2.02857     0      0
-2.01429     0      0
-2     0      0
-1.98571     0      0
-1.97143     0      0
-1.95714     0      0
-1.94286     0      0
-1.92857     0      0
-1.91429     0      0
-1.9     0      0
-1.88571     0      0
-1.87143     0      0
-1.85714     0      0
-1.84286     0      0
-1.82857     0      0
-1.81429     0      0
-1.8     0      0
-1.78571     0      0
-1.77143     0      0
-1.75714     0      0
-1.74286     0.0013665      0
-1.72857     0.005428      0
-1.71429     0.005466      0
-1.7     0.00548      0
-1.68571     0.005476      0
-1.67143     0.005528      0
-1.65714     0.005544      0
-1.64286     0.005542      0
-1.62857     0.005572      0
-1.61429     0.00562      0
-1.6     0.005572      0
-1.58571     0.00568      0
-1.57143     0.005648      0
-1.55714     0.0057      0
-1.54286     0.005704      0
-1.52857     0.005712      0
-1.51429     0.005738      0
-1.5     0.005802      0
-1.48571     0.005794      0
-1.47143     0.005804      0
-1.45714     0.005836      0
-1.44286     0.005858      0
-1.42857     0.005892      0
-1.41429     0.005934      0
-1.4     0.005944      0
-1.38571     0.005974      0
-1.37143     0.00598      0
-1.35714     0.006022      0
-1.34286     0.006036      0
-1.32857     0.006052      0
-1.31429     0.006114      0
-1.3     0.006148      0
-1.28571     0.006148      0
-1.27143     0.006176      0
-1.25714     0.006244      0
-1.24286     0.00621      0
-1.22857     0.006252      0
-1.21429     0.006294      0
-1.2     0.006318      0
-1.18571     0.006378      0
-1.17143     0.00642      0
-1.15714     0.006446      0
-1.14286     0.006418      0
-1.12857     0.006522      0
-1.11429     0.006518      0
-1.1     0.006566      0
-1.08571     0.00661      0
-1.07143     0.006604      0
-1.05714     0.006678      0
-1.04286     0.0067      0
-1.02857     0.006764      0
-1.01429     0.006748      0
-1     0.006854      0
-0.985714     0.00684      0
-0.971429     0.006894      0
-0.957143     0.006924      0
-0.942857     0.007014      0
-0.928571     0.007012      0
-0.914286     0.00709      0
-0.9     0.007112      0
-0.885714     0.007154      0
-0.871429     0.00721      0
-0.857143     0.00725      0
-0.842857     0.007312      0
-0.828571     0.007304      0
-0.814286     0.00745      0
-0.8     0.007436      0
-0.785714     0.007504      0
-0.771429     0.007582      0
-0.757143     0.007612      0
-0.742857     0.00771      0
-0.728571     0.007686      0
-0.714286     0.00783      0
-0.7     0.007866      0
-0.685714     0.00789      0
-0.671429     0.008046      0
-0.657143     0.008054      0
-0.642857     0.008086      0
-0.628571     0.00823      0
-0.614286     0.008294      0
-0.6     0.00838      0
-0.585714     0.008402      0
-0.571429     0.008518      0
-0.557143     0.008664      0
-0.542857     0.00867      0
-0.528571     0.00881      0
-0.514286     0.008898      0
-0.5     0.008988      0
-0.485714     0.009096      0
-0.471429     0.009196      0
-0.457143     0.009372      0
-0.442857     0.00942      0
-0.428571     0.009644      0
-0.414286     0.00974      0
-0.4     0.009892      0
-0.385714     0.010052      0
-0.371429     0.01023      0
-0.357143     0.010422      0
-0.342857     0.010592      0
-0.328571     0.01083      0
-0.314286     0.011098      0
-0.3     0.011342      0
-0.285714     0.011676      0
-0.271429     0.011966      0
-0.257143     0.012444      0
-0.242857     0.013302      0
-0.228571     0.01369      0
-0.214286     0.014512      0
-0.2     0.01586      0
-0.185714     0.01819      0
-0.171429     0.0344585      0
-0.157143     0.02874      0
-0.142857     0.017416      0
-0.128571     0.013884      0
-0.114286     0.011726      0
-0.1     0.01023      0
-0.0857143     0.009144      0
-0.0714286     0.008232      0
-0.0571429     0.007468      0
-0.0428571     0.006788      0
-0.0285714     0.006176      0
-0.0142857     0.005615      0
0     0      0
0.0142857     0      0
0.0285714     0      0
0.0428571     0      0
0.0571429     0      0.0134205
0.0714286     0      0.01465
0.0857143     0      0.012664
0.1     0      0.011822
0.114286     0      0.01144
0.128571     0      0.011322
0.142857     0      0.011248
0.157143     0      0.011494
0.171429     0      0.011756
0.185714     0      0.012334
0.2     0      0.013484
0.214286     0      0.016263
0.228571     0      0.013452
0.242857     0      0.012212
0.257143     0      0.011468
0.271429     0      0.01091
0.285714     0      0.010538
0.3     0      0.01024
0.314286     0      0.009942
0.328571     0      0.009668
0.342857     0      0.00946
0.357143     0      0.009276
0.371429     0      0.009136
0.385714     0      0.008952
0.4     0      0.00879
0.414286     0      0.008614
0.428571     0      0.008508
0.442857     0      0.00845
0.457143     0      0.008296
0.471429     0      0.008182
0.485714     0      0.008058
0.5     0      0.008002
0.514286     0      0.007854
0.528571     0      0.007818
0.542857     0      0.007714
0.557143     0      0.007598
0.571429     0      0.007548
0.585714     0      0.007472
0.6     0      0.007356
0.614286     0      0.00735
0.628571     0      0.007258
0.642857     0      0.007182
0.657143     0      0.007096
0.671429     0      0.007052
0.685714     0      0.006974
0.7     0      0.006962
0.714286     0      0.006848
0.728571     0      0.00679
0.742857     0      0.006744
0.757143     0      0.00672
0.771429     0      0.006676
0.785714     0      0.006588
0.8     0      0.006504
0.814286     0      0.006514
0.828571     0      0.00642
0.842857     0      0.006388
0.857143     0      0.006378
0.871429     0      0.006288
0.885714     0      0.006264
0.9     0      0.006218
0.914286     0      0.006172
0.928571     0      0.0061
0.942857     0      0.006106
0.957143     0      0.006036
0.971429     0      0.006004
0.985714     0      0.00595
1     0      0.00598
1.01429     0      0.005872
1.02857     0      0.005826
1.04286     0      0.005824
1.05714     0      0.005802
1.07143     0      0.005764
1.08571     0      0.005676
1.1     0      0.005682
1.11429     0      0.005672
1.12857     0      0.005594
1.14286     0      0.005572
1.15714     0      0.005536
1.17143     0      0.005516
1.18571     0      0.005498
1.2     0      0.005432
1.21429     0      0.005414
1.22857     0      0.005372
1.24286     0      0.005382
1.25714     0      0.005304
1.27143     0      0.005306
1.28571     0      0.00526
1.3     0      0.005226
1.31429     0      0.005248
1.32857     0      0.00515
1.34286     0      0.005188
1.35714     0      0.005122
1.37143     0      0.00513
1.38571     0      0.005068
1.4     0      0.00505
1.41429     0      0.005056
1.42857     0      0.005016
1.44286     0      0.004958
1.45714     0      0.004976
1.47143     0      0.00493
1.48571     0      0.004906
1.5     0      0.004878
1.51429     0      0.004878
1.52857     0      0.004846
1.54286     0      0.004822
1.55714     0      0.004766
1.57143     0      0.004758
1.58571     0      0.004768
1.6     0      0.004724
1.61429     0      0.004702
1.62857     0      0.004696
1.64286     0      0.004654
1.65714     0      0.004668
1.67143     0      0.004618
1.68571     0      0.004612
1.7     0      0.004562
1.71429     0      0.004578
1.72857     0      0.004556
1.74286     0      0.004506
1.75714     0      0.004496
1.77143     0      0.004504
1.78571     0      0.00447
1.8     0      0.004464
1.81429     0      0.004422
1.82857     0      0.004424
1.84286     0      0.004396
1.85714     0      0.004354
1.87143     0      0.004356
1.88571     0      0.00435
1.9     0      0.004324
1.91429     0      0.0043
1.92857     0      0.004272
1.94286     0      0.004278
1.95714     0      0.00424
1.97143     0      0.004248
1.98571     0      0.004228
2     0      0.004202
2.01429     0      0.004192
2.02857     0      0.004192
2.04286     0      0.00415
2.05714     0      0.00413
2.07143     0      0.004124
2.08571     0      0.00413
2.1     0      0.004084
2.11429     0      0.004068
2.12857     0      0.004086
2.14286     0      0.004036
2.15714     0      0.004048
2.17143     0      0.004
2.18571     0      0.004006
2.2     0      0.004004
2.21429     0      0.003976
2.22857     0      0.00397
2.24286     0      0.003942
2.25714     0      0.003934
2.27143     0      0.000706501
2.28571     0      1.71953e-23
2.3     0      5.98145e-37
2.31429     0      3.79944e-50
2.32857     0      0
2.34286     0      0
2.35714     0      0
2.37143     0      0
2.38571     0      0
2.4     0      0
2.41429     0      0
2.42857     0      0
2.44286     0      0
2.45714     0      0
2.47143     0      0
2.48571     0      0
2.5     0      0
2.51429     0      0
2.52857     0      0
2.54286     0      0
2.55714     0      0
2.57143     0      0
2.58571     0      0
2.6     0      0
2.61429     0      0
2.62857     0      0
2.64286     0      0
2.65714     0      0
2.67143     0      0
2.68571     0      0
2.7     0      0
2.71429     0      0
2.72857     0      0
2.74286     0      0
2.75714     0      0
2.77143     0      0
2.78571     0      0
2.8     0      0
2.81429     0      0
2.82857     0      0
2.84286     0      0
2.85714     0      0
2.87143     0      0
2.88571     0      0
2.9     0      0
2.91429     0      0
2.92857     0      0
2.94286     0      0
2.95714     0      0
2.97143     0      0
2.98571     0      0
3     0      0
3.01429     0      0
3.02857     0      0
3.04286     0      0
3.05714     0      0
3.07143     0      0
3.08571     0      0
3.1     0      0
3.11429     0      0
3.12857     0      0
3.14286     0      0
3.15714     0      0
3.17143     0      0
3.18571     0      0
3.2     0      0
3.21429     0      0
3.22857     0      0
3.24286     0      0
3.25714     0      0
3.27143     0      0
3.28571     0      0
3.3     0      0
3.31429     0      0
3.32857     0      0
3.34286     0      0
3.35714     0      0
3.37143     0      0
3.38571     0      0
3.4     0      0
3.41429     0      0
3.42857     0      0
3.44286     0      0
3.45714     0      0
3.47143     0      0
3.48571     0      0
3.5     0      0
3.51429     0      0
3.52857     0      0
3.54286     0      0
3.55714     0      0
3.57143     0      0
3.58571     0      0
3.6     0      0
3.61429     0      0
3.62857     0      0
3.64286     0      0
3.65714     0      0
3.67143     0      0
3.68571     0      0
3.7     0      0
3.71429     0      0
3.72857     0      0
3.74286     0      0
3.75714     0      0
3.77143     0      0
3.78571     0      0
3.8     0      0
3.81429     0      0
3.82857     0      0
3.84286     0      0
3.85714     0      0
3.87143     0      0
3.88571     0      0
3.9     0      0
3.91429     0      0
3.92857     0      0
3.94286     0      0
3.95714     0      0
3.97143     0      0
3.98571     0      0
4     0      0
4.01429     0      0
4.02857     0      0
4.04286     0      0
4.05714     0      0
4.07143     0      0
4.08571     0      0
4.1     0      0
4.11429     0      0
4.12857     0      0
4.14286     0      0
4.15714     0      0
4.17143     0      0
4.18571     0      0
4.2     0      0
4.21429     0      0
4.22857     0      0
4.24286     0      0
4.25714     0      0
4.27143     0      0
4.28571     0      0
4.3     0      0
4.31429     0      0
4.32857     0      0
4.34286     0      0
4.35714     0      0
4.37143     0      0
4.38571     0      0
4.4     0      0
4.41429     0      0
4.42857     0      0
4.44286     0      0
4.45714     0      0
4.47143     0      0
4.48571     0      0
4.5     0      0
4.51429     0      0
4.52857     0      0
4.54286     0      0
4.55714     0      0
4.57143     0      0
4.58571     0      0
4.6     0      0
4.61429     0      0
4.62857     0      0
4.64286     0      0
4.65714     0      0
4.67143     0      0
4.68571     0      0
4.7     0      0
4.71429     0      0
4.72857     0      0
4.74286     0      0
4.75714     0      0
4.77143     0      0
4.78571     0      0
4.8     0      0
4.81429     0      0
4.82857     0      0
4.84286     0      0
4.85714     0      0
4.87143     0      0
4.88571     0      0
4.9     0      0
4.91429     0      0
4.92857     0      0
4.94286     0      0
4.95714     0      0
4.97143     0      0
4.98571     0      0
