# U,mu,nA_up, nA_dn, nB_up, nB_dn, ms, mf, ntotal,mu,cint
#energy    dos_upn   dos_upp   dos_dnn  dos_dnp GRID=1000 bin=700
-5     0      0
-4.98571     0      0
-4.97143     0      0
-4.95714     0      0
-4.94286     0      0
-4.92857     0      0
-4.91429     0      0
-4.9     0      0
-4.88571     0      0
-4.87143     0      0
-4.85714     0      0
-4.84286     0      0
-4.82857     0      0
-4.81429     0      0
-4.8     0      0
-4.78571     0      0
-4.77143     0      0
-4.75714     0      0
-4.74286     0      0
-4.72857     0      0
-4.71429     0      0
-4.7     0      0
-4.68571     0      0
-4.67143     0      0
-4.65714     0      0
-4.64286     0      0
-4.62857     0      0
-4.61429     0      0
-4.6     0      0
-4.58571     0      0
-4.57143     0      0
-4.55714     0      0
-4.54286     0      0
-4.52857     0      0
-4.51429     0      0
-4.5     0      0
-4.48571     0      0
-4.47143     0      0
-4.45714     0      0
-4.44286     0      0
-4.42857     0      0
-4.41429     0      0
-4.4     0      0
-4.38571     0      0
-4.37143     0      0
-4.35714     0      0
-4.34286     0      0
-4.32857     0      0
-4.31429     0      0
-4.3     0      0
-4.28571     0      0
-4.27143     0      0
-4.25714     0      0
-4.24286     0      0
-4.22857     0      0
-4.21429     0      0
-4.2     0      0
-4.18571     0      0
-4.17143     0      0
-4.15714     0      0
-4.14286     0      0
-4.12857     0      0
-4.11429     0      0
-4.1     0      0
-4.08571     0      0
-4.07143     0      0
-4.05714     0      0
-4.04286     0      0
-4.02857     0      0
-4.01429     0      0
-4     0      0
-3.98571     0      0
-3.97143     0      0
-3.95714     0      0
-3.94286     0      0
-3.92857     0      0
-3.91429     0      0
-3.9     0      0
-3.88571     0      0
-3.87143     0      0
-3.85714     0      0
-3.84286     0      0
-3.82857     0      0
-3.81429     0      0
-3.8     0      0
-3.78571     0      0
-3.77143     0      0
-3.75714     0      0
-3.74286     0      0
-3.72857     0      0
-3.71429     0      0
-3.7     0      0
-3.68571     0      0
-3.67143     0      0
-3.65714     0      0
-3.64286     0      0
-3.62857     0      0
-3.61429     0      0
-3.6     0      0
-3.58571     0      0
-3.57143     0      0
-3.55714     0      0
-3.54286     0      0
-3.52857     0      0
-3.51429     0      0
-3.5     0      0
-3.48571     0      0
-3.47143     0      0
-3.45714     0      0
-3.44286     0      0
-3.42857     0      0
-3.41429     0      0
-3.4     0      0
-3.38571     0      0
-3.37143     0      0
-3.35714     0      0
-3.34286     0      0
-3.32857     0      0
-3.31429     0      0
-3.3     0      0
-3.28571     0      0
-3.27143     0      0
-3.25714     0      0
-3.24286     0      0
-3.22857     0      0
-3.21429     0      0
-3.2     0      0
-3.18571     0      0
-3.17143     0      0
-3.15714     0      0
-3.14286     0      0
-3.12857     0      0
-3.11429     0      0
-3.1     0      0
-3.08571     0      0
-3.07143     0      0
-3.05714     0      0
-3.04286     0      0
-3.02857     0      0
-3.01429     0      0
-3     0      0
-2.98571     0      0
-2.97143     0      0
-2.95714     0      0
-2.94286     0      0
-2.92857     0      0
-2.91429     0      0
-2.9     0      0
-2.88571     0      0
-2.87143     0      0
-2.85714     0      0
-2.84286     0      0
-2.82857     0      0
-2.81429     0      0
-2.8     0      0
-2.78571     0      0
-2.77143     0      0
-2.75714     0      0
-2.74286     0      0
-2.72857     0      0
-2.71429     0      0
-2.7     0      0
-2.68571     0      0
-2.67143     0      0
-2.65714     0      0
-2.64286     0      0
-2.62857     0      0
-2.61429     0      0
-2.6     0      0
-2.58571     0      0
-2.57143     0      0
-2.55714     0      0
-2.54286     0      0
-2.52857     0      0
-2.51429     0      0
-2.5     0      0
-2.48571     0      0
-2.47143     0      0
-2.45714     0      0
-2.44286     0      0
-2.42857     0      0
-2.41429     0      0
-2.4     0      0
-2.38571     0      0
-2.37143     0      0
-2.35714     0      0
-2.34286     0      0
-2.32857     0      0
-2.31429     0      0
-2.3     0      0
-2.28571     0      0
-2.27143     0      0
-2.25714     0      0
-2.24286     0      0
-2.22857     0      0
-2.21429     0      0
-2.2     0      0
-2.18571     0      0
-2.17143     0      0
-2.15714     0      0
-2.14286     0      0
-2.12857     0      0
-2.11429     0      0
-2.1     0      0
-2.08571     0      0
-2.07143     0      0
-2.05714     0      0
-2.04286     0      0
-2.02857     0      0
-2.01429     0      0
-2     0      0
-1.98571     0      0
-1.97143     0      0
-1.95714     0      0
-1.94286     0      0
-1.92857     0      0
-1.91429     0      0
-1.9     0      0
-1.88571     0      0
-1.87143     0      0
-1.85714     0      0
-1.84286     0      0
-1.82857     0      0
-1.81429     0      0
-1.8     0      0
-1.78571     0      0
-1.77143     0      0
-1.75714     0      0
-1.74286     0.0030285      0
-1.72857     0.005444      0
-1.71429     0.005464      0
-1.7     0.005478      0
-1.68571     0.005522      0
-1.67143     0.005498      0
-1.65714     0.005544      0
-1.64286     0.005576      0
-1.62857     0.005568      0
-1.61429     0.005614      0
-1.6     0.005596      0
-1.58571     0.005676      0
-1.57143     0.005658      0
-1.55714     0.005676      0
-1.54286     0.005726      0
-1.52857     0.005734      0
-1.51429     0.005738      0
-1.5     0.005778      0
-1.48571     0.00583      0
-1.47143     0.005786      0
-1.45714     0.005864      0
-1.44286     0.005856      0
-1.42857     0.00591      0
-1.41429     0.005928      0
-1.4     0.00595      0
-1.38571     0.005966      0
-1.37143     0.006014      0
-1.35714     0.006042      0
-1.34286     0.00604      0
-1.32857     0.00608      0
-1.31429     0.0061      0
-1.3     0.006112      0
-1.28571     0.006168      0
-1.27143     0.006196      0
-1.25714     0.006232      0
-1.24286     0.006246      0
-1.22857     0.006268      0
-1.21429     0.006282      0
-1.2     0.006362      0
-1.18571     0.006372      0
-1.17143     0.006406      0
-1.15714     0.00642      0
-1.14286     0.006492      0
-1.12857     0.006478      0
-1.11429     0.006548      0
-1.1     0.006584      0
-1.08571     0.006556      0
-1.07143     0.006682      0
-1.05714     0.00667      0
-1.04286     0.006708      0
-1.02857     0.006734      0
-1.01429     0.006826      0
-1     0.00681      0
-0.985714     0.006888      0
-0.971429     0.006892      0
-0.957143     0.006962      0
-0.942857     0.00696      0
-0.928571     0.007066      0
-0.914286     0.00706      0
-0.9     0.007126      0
-0.885714     0.007142      0
-0.871429     0.007254      0
-0.857143     0.007276      0
-0.842857     0.007286      0
-0.828571     0.007352      0
-0.814286     0.007426      0
-0.8     0.00747      0
-0.785714     0.007522      0
-0.771429     0.007564      0
-0.757143     0.007674      0
-0.742857     0.007666      0
-0.728571     0.007758      0
-0.714286     0.007764      0
-0.7     0.00789      0
-0.685714     0.007984      0
-0.671429     0.007966      0
-0.657143     0.008096      0
-0.642857     0.008164      0
-0.628571     0.008186      0
-0.614286     0.00828      0
-0.6     0.008402      0
-0.585714     0.00845      0
-0.571429     0.00854      0
-0.557143     0.008622      0
-0.542857     0.008704      0
-0.528571     0.008786      0
-0.514286     0.008878      0
-0.5     0.009074      0
-0.485714     0.009118      0
-0.471429     0.00923      0
-0.457143     0.009354      0
-0.442857     0.009478      0
-0.428571     0.009612      0
-0.414286     0.009742      0
-0.4     0.00992      0
-0.385714     0.010072      0
-0.371429     0.010232      0
-0.357143     0.01042      0
-0.342857     0.01063      0
-0.328571     0.010876      0
-0.314286     0.011058      0
-0.3     0.011406      0
-0.285714     0.011678      0
-0.271429     0.012078      0
-0.257143     0.012532      0
-0.242857     0.01307      0
-0.228571     0.013522      0
-0.214286     0.014514      0
-0.2     0.015866      0
-0.185714     0.018272      0
-0.171429     0.0347565      0
-0.157143     0.027708      0
-0.142857     0.017118      0
-0.128571     0.013594      0
-0.114286     0.011558      0
-0.1     0.010076      0
-0.0857143     0.008994      0
-0.0714286     0.008112      0
-0.0571429     0.0073      0
-0.0428571     0.006672      0
-0.0285714     0.006106      0
-0.0142857     0.005359      0
0     0      0
0.0142857     0      0
0.0285714     0      0
0.0428571     0      0.0067285
0.0571429     0      0.016034
0.0714286     0      0.013048
0.0857143     0      0.011944
0.1     0      0.011454
0.114286     0      0.011208
0.128571     0      0.011184
0.142857     0      0.01124
0.157143     0      0.011562
0.171429     0      0.011978
0.185714     0      0.012824
0.2     0      0.015469
0.214286     0      0.01442
0.228571     0      0.012494
0.242857     0      0.01161
0.257143     0      0.011078
0.271429     0      0.01064
0.285714     0      0.010334
0.3     0      0.009936
0.314286     0      0.009764
0.328571     0      0.009558
0.342857     0      0.009314
0.357143     0      0.009192
0.371429     0      0.008984
0.385714     0      0.00886
0.4     0      0.00869
0.414286     0      0.008586
0.428571     0      0.008432
0.442857     0      0.008314
0.457143     0      0.008248
0.471429     0      0.00813
0.485714     0      0.00801
0.5     0      0.007934
0.514286     0      0.00781
0.528571     0      0.007758
0.542857     0      0.007662
0.557143     0      0.00757
0.571429     0      0.007468
0.585714     0      0.007462
0.6     0      0.007318
0.614286     0      0.007304
0.628571     0      0.007182
0.642857     0      0.007142
0.657143     0      0.007124
0.671429     0      0.00701
0.685714     0      0.006926
0.7     0      0.006884
0.714286     0      0.00688
0.728571     0      0.006816
0.742857     0      0.006672
0.757143     0      0.006672
0.771429     0      0.006632
0.785714     0      0.006538
0.8     0      0.00654
0.814286     0      0.006456
0.828571     0      0.006458
0.842857     0      0.006374
0.857143     0      0.006336
0.871429     0      0.006282
0.885714     0      0.00622
0.9     0      0.006188
0.914286     0      0.006122
0.928571     0      0.00614
0.942857     0      0.006064
0.957143     0      0.006018
0.971429     0      0.006004
0.985714     0      0.00597
1     0      0.005896
1.01429     0      0.005866
1.02857     0      0.005826
1.04286     0      0.0058
1.05714     0      0.005778
1.07143     0      0.005692
1.08571     0      0.005688
1.1     0      0.005674
1.11429     0      0.005624
1.12857     0      0.005626
1.14286     0      0.005568
1.15714     0      0.005518
1.17143     0      0.00548
1.18571     0      0.00546
1.2     0      0.005446
1.21429     0      0.005376
1.22857     0      0.005398
1.24286     0      0.005356
1.25714     0      0.005306
1.27143     0      0.0053
1.28571     0      0.005278
1.3     0      0.005234
1.31429     0      0.00522
1.32857     0      0.00515
1.34286     0      0.00516
1.35714     0      0.005098
1.37143     0      0.005128
1.38571     0      0.005038
1.4     0      0.00505
1.41429     0      0.005024
1.42857     0      0.005002
1.44286     0      0.004958
1.45714     0      0.00496
1.47143     0      0.004918
1.48571     0      0.004922
1.5     0      0.004872
1.51429     0      0.004844
1.52857     0      0.004818
1.54286     0      0.004814
1.55714     0      0.004796
1.57143     0      0.004758
1.58571     0      0.004754
1.6     0      0.004734
1.61429     0      0.004666
1.62857     0      0.00467
1.64286     0      0.004672
1.65714     0      0.004626
1.67143     0      0.004636
1.68571     0      0.004578
1.7     0      0.00461
1.71429     0      0.004556
1.72857     0      0.004498
1.74286     0      0.004548
1.75714     0      0.004504
1.77143     0      0.004474
1.78571     0      0.004446
1.8     0      0.004452
1.81429     0      0.004418
1.82857     0      0.004404
1.84286     0      0.00438
1.85714     0      0.004392
1.87143     0      0.004354
1.88571     0      0.004292
1.9     0      0.004368
1.91429     0      0.004258
1.92857     0      0.004316
1.94286     0      0.004238
1.95714     0      0.004252
1.97143     0      0.004216
1.98571     0      0.004228
2     0      0.004184
2.01429     0      0.004208
2.02857     0      0.004168
2.04286     0      0.00414
2.05714     0      0.004152
2.07143     0      0.004112
2.08571     0      0.0041
2.1     0      0.004082
2.11429     0      0.00408
2.12857     0      0.004076
2.14286     0      0.00403
2.15714     0      0.004038
2.17143     0      0.003998
2.18571     0      0.004012
2.2     0      0.003982
2.21429     0      0.003968
2.22857     0      0.003982
2.24286     0      0.00393
2.25714     0      0.0032945
2.27143     0      1.76625e-10
2.28571     0      4.29883e-30
2.3     0      1.49536e-43
2.31429     0      9.4986e-57
2.32857     0      0
2.34286     0      0
2.35714     0      0
2.37143     0      0
2.38571     0      0
2.4     0      0
2.41429     0      0
2.42857     0      0
2.44286     0      0
2.45714     0      0
2.47143     0      0
2.48571     0      0
2.5     0      0
2.51429     0      0
2.52857     0      0
2.54286     0      0
2.55714     0      0
2.57143     0      0
2.58571     0      0
2.6     0      0
2.61429     0      0
2.62857     0      0
2.64286     0      0
2.65714     0      0
2.67143     0      0
2.68571     0      0
2.7     0      0
2.71429     0      0
2.72857     0      0
2.74286     0      0
2.75714     0      0
2.77143     0      0
2.78571     0      0
2.8     0      0
2.81429     0      0
2.82857     0      0
2.84286     0      0
2.85714     0      0
2.87143     0      0
2.88571     0      0
2.9     0      0
2.91429     0      0
2.92857     0      0
2.94286     0      0
2.95714     0      0
2.97143     0      0
2.98571     0      0
3     0      0
3.01429     0      0
3.02857     0      0
3.04286     0      0
3.05714     0      0
3.07143     0      0
3.08571     0      0
3.1     0      0
3.11429     0      0
3.12857     0      0
3.14286     0      0
3.15714     0      0
3.17143     0      0
3.18571     0      0
3.2     0      0
3.21429     0      0
3.22857     0      0
3.24286     0      0
3.25714     0      0
3.27143     0      0
3.28571     0      0
3.3     0      0
3.31429     0      0
3.32857     0      0
3.34286     0      0
3.35714     0      0
3.37143     0      0
3.38571     0      0
3.4     0      0
3.41429     0      0
3.42857     0      0
3.44286     0      0
3.45714     0      0
3.47143     0      0
3.48571     0      0
3.5     0      0
3.51429     0      0
3.52857     0      0
3.54286     0      0
3.55714     0      0
3.57143     0      0
3.58571     0      0
3.6     0      0
3.61429     0      0
3.62857     0      0
3.64286     0      0
3.65714     0      0
3.67143     0      0
3.68571     0      0
3.7     0      0
3.71429     0      0
3.72857     0      0
3.74286     0      0
3.75714     0      0
3.77143     0      0
3.78571     0      0
3.8     0      0
3.81429     0      0
3.82857     0      0
3.84286     0      0
3.85714     0      0
3.87143     0      0
3.88571     0      0
3.9     0      0
3.91429     0      0
3.92857     0      0
3.94286     0      0
3.95714     0      0
3.97143     0      0
3.98571     0      0
4     0      0
4.01429     0      0
4.02857     0      0
4.04286     0      0
4.05714     0      0
4.07143     0      0
4.08571     0      0
4.1     0      0
4.11429     0      0
4.12857     0      0
4.14286     0      0
4.15714     0      0
4.17143     0      0
4.18571     0      0
4.2     0      0
4.21429     0      0
4.22857     0      0
4.24286     0      0
4.25714     0      0
4.27143     0      0
4.28571     0      0
4.3     0      0
4.31429     0      0
4.32857     0      0
4.34286     0      0
4.35714     0      0
4.37143     0      0
4.38571     0      0
4.4     0      0
4.41429     0      0
4.42857     0      0
4.44286     0      0
4.45714     0      0
4.47143     0      0
4.48571     0      0
4.5     0      0
4.51429     0      0
4.52857     0      0
4.54286     0      0
4.55714     0      0
4.57143     0      0
4.58571     0      0
4.6     0      0
4.61429     0      0
4.62857     0      0
4.64286     0      0
4.65714     0      0
4.67143     0      0
4.68571     0      0
4.7     0      0
4.71429     0      0
4.72857     0      0
4.74286     0      0
4.75714     0      0
4.77143     0      0
4.78571     0      0
4.8     0      0
4.81429     0      0
4.82857     0      0
4.84286     0      0
4.85714     0      0
4.87143     0      0
4.88571     0      0
4.9     0      0
4.91429     0      0
4.92857     0      0
4.94286     0      0
4.95714     0      0
4.97143     0      0
4.98571     0      0
