# U,mu,nA_up, nA_dn, nB_up, nB_dn, ms, mf, ntotal,mu,cint
#energy    dos_upn   dos_upp   dos_dnn  dos_dnp GRID=1000 bin=700
-5     0      0
-4.98571     0      0
-4.97143     0      0
-4.95714     0      0
-4.94286     0      0
-4.92857     0      0
-4.91429     0      0
-4.9     0      0
-4.88571     0      0
-4.87143     0      0
-4.85714     0      0
-4.84286     0      0
-4.82857     0      0
-4.81429     0      0
-4.8     0      0
-4.78571     0      0
-4.77143     0      0
-4.75714     0      0
-4.74286     0      0
-4.72857     0      0
-4.71429     0      0
-4.7     0      0
-4.68571     0      0
-4.67143     0      0
-4.65714     0      0
-4.64286     0      0
-4.62857     0      0
-4.61429     0      0
-4.6     0      0
-4.58571     0      0
-4.57143     0      0
-4.55714     0      0
-4.54286     0      0
-4.52857     0      0
-4.51429     0      0
-4.5     0      0
-4.48571     0      0
-4.47143     0      0
-4.45714     0      0
-4.44286     0      0
-4.42857     0      0
-4.41429     0      0
-4.4     0      0
-4.38571     0      0
-4.37143     0      0
-4.35714     0      0
-4.34286     0      0
-4.32857     0      0
-4.31429     0      0
-4.3     0      0
-4.28571     0      0
-4.27143     0      0
-4.25714     0      0
-4.24286     0      0
-4.22857     0      0
-4.21429     0      0
-4.2     0      0
-4.18571     0      0
-4.17143     0      0
-4.15714     0      0
-4.14286     0      0
-4.12857     0      0
-4.11429     0      0
-4.1     0      0
-4.08571     0      0
-4.07143     0      0
-4.05714     0      0
-4.04286     0      0
-4.02857     0      0
-4.01429     0      0
-4     0      0
-3.98571     0      0
-3.97143     0      0
-3.95714     0      0
-3.94286     0      0
-3.92857     0      0
-3.91429     0      0
-3.9     0      0
-3.88571     0      0
-3.87143     0      0
-3.85714     0      0
-3.84286     0      0
-3.82857     0      0
-3.81429     0      0
-3.8     0      0
-3.78571     0      0
-3.77143     0      0
-3.75714     0      0
-3.74286     0      0
-3.72857     0      0
-3.71429     0      0
-3.7     0      0
-3.68571     0      0
-3.67143     0      0
-3.65714     0      0
-3.64286     0      0
-3.62857     0      0
-3.61429     0      0
-3.6     0      0
-3.58571     0      0
-3.57143     0      0
-3.55714     0      0
-3.54286     0      0
-3.52857     0      0
-3.51429     0      0
-3.5     0      0
-3.48571     0      0
-3.47143     0      0
-3.45714     0      0
-3.44286     0      0
-3.42857     0      0
-3.41429     0      0
-3.4     0      0
-3.38571     0      0
-3.37143     0      0
-3.35714     0      0
-3.34286     0      0
-3.32857     0      0
-3.31429     0      0
-3.3     0      0
-3.28571     0      0
-3.27143     0      0
-3.25714     0      0
-3.24286     0      0
-3.22857     0      0
-3.21429     0      0
-3.2     0      0
-3.18571     0      0
-3.17143     0      0
-3.15714     0      0
-3.14286     0      0
-3.12857     0      0
-3.11429     0      0
-3.1     0      0
-3.08571     0      0
-3.07143     0      0
-3.05714     0      0
-3.04286     0      0
-3.02857     0      0
-3.01429     0      0
-3     0      0
-2.98571     0      0
-2.97143     0      0
-2.95714     0      0
-2.94286     0      0
-2.92857     0      0
-2.91429     0      0
-2.9     0      0
-2.88571     0      0
-2.87143     0      0
-2.85714     0      0
-2.84286     0      0
-2.82857     0      0
-2.81429     0      0
-2.8     0      0
-2.78571     0      0
-2.77143     0      0
-2.75714     0      0
-2.74286     0      0
-2.72857     0      0
-2.71429     0      0
-2.7     0      0
-2.68571     0      0
-2.67143     0      0
-2.65714     0      0
-2.64286     0      0
-2.62857     0      0
-2.61429     0      0
-2.6     0      0
-2.58571     0      0
-2.57143     0      0
-2.55714     0      0
-2.54286     0      0
-2.52857     0      0
-2.51429     0      0
-2.5     0      0
-2.48571     0      0
-2.47143     0      0
-2.45714     0      0
-2.44286     0      0
-2.42857     0      0
-2.41429     0      0
-2.4     0      0
-2.38571     0      0
-2.37143     0      0
-2.35714     0      0
-2.34286     0      0
-2.32857     0      0
-2.31429     0      0
-2.3     0      0
-2.28571     0      0
-2.27143     0      0
-2.25714     0      0
-2.24286     0      0
-2.22857     0      0
-2.21429     0      0
-2.2     0      0
-2.18571     0      0
-2.17143     0      0
-2.15714     0      0
-2.14286     0      0
-2.12857     0      0
-2.11429     0      0
-2.1     0      0
-2.08571     0      0
-2.07143     0      0
-2.05714     0      0
-2.04286     0      0
-2.02857     0      0
-2.01429     0      0
-2     0      0
-1.98571     0      0
-1.97143     0      0
-1.95714     0      0
-1.94286     0      0
-1.92857     0      0
-1.91429     0      0
-1.9     0      0
-1.88571     0      0
-1.87143     0      0
-1.85714     0      0
-1.84286     0      0
-1.82857     0      0
-1.81429     0      0
-1.8     0      0
-1.78571     0      0
-1.77143     0      0
-1.75714     0      0
-1.74286     0      0
-1.72857     0.0033805      0
-1.71429     0.005438      0
-1.7     0.005474      0
-1.68571     0.005486      0
-1.67143     0.005506      0
-1.65714     0.005528      0
-1.64286     0.005542      0
-1.62857     0.00556      0
-1.61429     0.005574      0
-1.6     0.005618      0
-1.58571     0.005628      0
-1.57143     0.00564      0
-1.55714     0.00569      0
-1.54286     0.005706      0
-1.52857     0.005702      0
-1.51429     0.005732      0
-1.5     0.005746      0
-1.48571     0.005798      0
-1.47143     0.005776      0
-1.45714     0.005878      0
-1.44286     0.00584      0
-1.42857     0.005878      0
-1.41429     0.005916      0
-1.4     0.005934      0
-1.38571     0.005914      0
-1.37143     0.006006      0
-1.35714     0.006006      0
-1.34286     0.005988      0
-1.32857     0.00608      0
-1.31429     0.006106      0
-1.3     0.006112      0
-1.28571     0.006152      0
-1.27143     0.006156      0
-1.25714     0.006194      0
-1.24286     0.006212      0
-1.22857     0.00628      0
-1.21429     0.006294      0
-1.2     0.006312      0
-1.18571     0.006362      0
-1.17143     0.006338      0
-1.15714     0.006442      0
-1.14286     0.006448      0
-1.12857     0.006466      0
-1.11429     0.006484      0
-1.1     0.006596      0
-1.08571     0.006532      0
-1.07143     0.006618      0
-1.05714     0.006698      0
-1.04286     0.006682      0
-1.02857     0.006718      0
-1.01429     0.00676      0
-1     0.006778      0
-0.985714     0.006856      0
-0.971429     0.006894      0
-0.957143     0.00694      0
-0.942857     0.006934      0
-0.928571     0.007016      0
-0.914286     0.006996      0
-0.9     0.007146      0
-0.885714     0.007144      0
-0.871429     0.00721      0
-0.857143     0.007212      0
-0.842857     0.007276      0
-0.828571     0.007356      0
-0.814286     0.00739      0
-0.8     0.007388      0
-0.785714     0.007526      0
-0.771429     0.00754      0
-0.757143     0.007608      0
-0.742857     0.007628      0
-0.728571     0.007746      0
-0.714286     0.007766      0
-0.7     0.007858      0
-0.685714     0.007902      0
-0.671429     0.007994      0
-0.657143     0.008026      0
-0.642857     0.008094      0
-0.628571     0.008226      0
-0.614286     0.008252      0
-0.6     0.00831      0
-0.585714     0.008424      0
-0.571429     0.008522      0
-0.557143     0.00861      0
-0.542857     0.008652      0
-0.528571     0.008762      0
-0.514286     0.008852      0
-0.5     0.008996      0
-0.485714     0.00911      0
-0.471429     0.009222      0
-0.457143     0.009286      0
-0.442857     0.009474      0
-0.428571     0.009564      0
-0.414286     0.009746      0
-0.4     0.009848      0
-0.385714     0.010002      0
-0.371429     0.010246      0
-0.357143     0.010388      0
-0.342857     0.010588      0
-0.328571     0.010862      0
-0.314286     0.011054      0
-0.3     0.011374      0
-0.285714     0.011704      0
-0.271429     0.012068      0
-0.257143     0.012474      0
-0.242857     0.01294      0
-0.228571     0.013878      0
-0.214286     0.01464      0
-0.2     0.015972      0
-0.185714     0.018376      0
-0.171429     0.0349985      0
-0.157143     0.029748      0
-0.142857     0.017972      0
-0.128571     0.014252      0
-0.114286     0.01204      0
-0.1     0.010582      0
-0.0857143     0.009424      0
-0.0714286     0.008468      0
-0.0571429     0.007676      0
-0.0428571     0.007034      0
-0.0285714     0.006398      0
-0.0142857     0.005835      0
0     0      0
0.0142857     0      0
0.0285714     0      0
0.0428571     0      0
0.0571429     0      0
0.0714286     0      0.0074645
0.0857143     0      0.01639
0.1     0      0.013448
0.114286     0      0.012346
0.128571     0      0.011798
0.142857     0      0.011544
0.157143     0      0.011496
0.171429     0      0.011568
0.185714     0      0.011858
0.2     0      0.01233
0.214286     0      0.013212
0.228571     0      0.016077
0.242857     0      0.014676
0.257143     0      0.012698
0.271429     0      0.01177
0.285714     0      0.011232
0.3     0      0.010752
0.314286     0      0.010342
0.328571     0      0.010102
0.342857     0      0.009814
0.357143     0      0.009578
0.371429     0      0.009358
0.385714     0      0.009146
0.4     0      0.009054
0.414286     0      0.008862
0.428571     0      0.00868
0.442857     0      0.008622
0.457143     0      0.008414
0.471429     0      0.00832
0.485714     0      0.008206
0.5     0      0.008158
0.514286     0      0.007966
0.528571     0      0.007914
0.542857     0      0.007816
0.557143     0      0.007712
0.571429     0      0.007642
0.585714     0      0.007598
0.6     0      0.007438
0.614286     0      0.007408
0.628571     0      0.007352
0.642857     0      0.007224
0.657143     0      0.007196
0.671429     0      0.00716
0.685714     0      0.006996
0.7     0      0.007032
0.714286     0      0.00696
0.728571     0      0.006828
0.742857     0      0.006848
0.757143     0      0.00674
0.771429     0      0.006694
0.785714     0      0.006686
0.8     0      0.00656
0.814286     0      0.006554
0.828571     0      0.006504
0.842857     0      0.006392
0.857143     0      0.006394
0.871429     0      0.00638
0.885714     0      0.006296
0.9     0      0.006258
0.914286     0      0.00622
0.928571     0      0.006184
0.942857     0      0.006082
0.957143     0      0.006112
0.971429     0      0.006046
0.985714     0      0.005984
1     0      0.005964
1.01429     0      0.005966
1.02857     0      0.005888
1.04286     0      0.00582
1.05714     0      0.005814
1.07143     0      0.005796
1.08571     0      0.005738
1.1     0      0.005716
1.11429     0      0.005688
1.12857     0      0.005626
1.14286     0      0.005604
1.15714     0      0.00557
1.17143     0      0.00554
1.18571     0      0.005488
1.2     0      0.005492
1.21429     0      0.005434
1.22857     0      0.0054
1.24286     0      0.00539
1.25714     0      0.005348
1.27143     0      0.00531
1.28571     0      0.00532
1.3     0      0.005262
1.31429     0      0.005228
1.32857     0      0.005206
1.34286     0      0.005184
1.35714     0      0.005194
1.37143     0      0.005102
1.38571     0      0.005116
1.4     0      0.00509
1.41429     0      0.005074
1.42857     0      0.005014
1.44286     0      0.00501
1.45714     0      0.004994
1.47143     0      0.004912
1.48571     0      0.004926
1.5     0      0.00491
1.51429     0      0.00488
1.52857     0      0.00488
1.54286     0      0.004838
1.55714     0      0.004778
1.57143     0      0.004806
1.58571     0      0.00484
1.6     0      0.00466
1.61429     0      0.004738
1.62857     0      0.00474
1.64286     0      0.004658
1.65714     0      0.004688
1.67143     0      0.004622
1.68571     0      0.004642
1.7     0      0.00456
1.71429     0      0.004596
1.72857     0      0.00455
1.74286     0      0.004546
1.75714     0      0.004536
1.77143     0      0.004494
1.78571     0      0.004496
1.8     0      0.004438
1.81429     0      0.004444
1.82857     0      0.004448
1.84286     0      0.004382
1.85714     0      0.004388
1.87143     0      0.004374
1.88571     0      0.004388
1.9     0      0.004348
1.91429     0      0.004278
1.92857     0      0.004344
1.94286     0      0.004244
1.95714     0      0.004264
1.97143     0      0.004256
1.98571     0      0.004264
2     0      0.004218
2.01429     0      0.00418
2.02857     0      0.004184
2.04286     0      0.004188
2.05714     0      0.004176
2.07143     0      0.004108
2.08571     0      0.00413
2.1     0      0.004098
2.11429     0      0.004098
2.12857     0      0.004092
2.14286     0      0.004038
2.15714     0      0.004048
2.17143     0      0.004026
2.18571     0      0.004022
2.2     0      0.004006
2.21429     0      0.004008
2.22857     0      0.003944
2.24286     0      0.003978
2.25714     0      0.003936
2.27143     0      0.0034885
2.28571     0      2.75125e-10
2.3     0      9.57032e-24
2.31429     0      6.0791e-37
2.32857     0      0
2.34286     0      0
2.35714     0      0
2.37143     0      0
2.38571     0      0
2.4     0      0
2.41429     0      0
2.42857     0      0
2.44286     0      0
2.45714     0      0
2.47143     0      0
2.48571     0      0
2.5     0      0
2.51429     0      0
2.52857     0      0
2.54286     0      0
2.55714     0      0
2.57143     0      0
2.58571     0      0
2.6     0      0
2.61429     0      0
2.62857     0      0
2.64286     0      0
2.65714     0      0
2.67143     0      0
2.68571     0      0
2.7     0      0
2.71429     0      0
2.72857     0      0
2.74286     0      0
2.75714     0      0
2.77143     0      0
2.78571     0      0
2.8     0      0
2.81429     0      0
2.82857     0      0
2.84286     0      0
2.85714     0      0
2.87143     0      0
2.88571     0      0
2.9     0      0
2.91429     0      0
2.92857     0      0
2.94286     0      0
2.95714     0      0
2.97143     0      0
2.98571     0      0
3     0      0
3.01429     0      0
3.02857     0      0
3.04286     0      0
3.05714     0      0
3.07143     0      0
3.08571     0      0
3.1     0      0
3.11429     0      0
3.12857     0      0
3.14286     0      0
3.15714     0      0
3.17143     0      0
3.18571     0      0
3.2     0      0
3.21429     0      0
3.22857     0      0
3.24286     0      0
3.25714     0      0
3.27143     0      0
3.28571     0      0
3.3     0      0
3.31429     0      0
3.32857     0      0
3.34286     0      0
3.35714     0      0
3.37143     0      0
3.38571     0      0
3.4     0      0
3.41429     0      0
3.42857     0      0
3.44286     0      0
3.45714     0      0
3.47143     0      0
3.48571     0      0
3.5     0      0
3.51429     0      0
3.52857     0      0
3.54286     0      0
3.55714     0      0
3.57143     0      0
3.58571     0      0
3.6     0      0
3.61429     0      0
3.62857     0      0
3.64286     0      0
3.65714     0      0
3.67143     0      0
3.68571     0      0
3.7     0      0
3.71429     0      0
3.72857     0      0
3.74286     0      0
3.75714     0      0
3.77143     0      0
3.78571     0      0
3.8     0      0
3.81429     0      0
3.82857     0      0
3.84286     0      0
3.85714     0      0
3.87143     0      0
3.88571     0      0
3.9     0      0
3.91429     0      0
3.92857     0      0
3.94286     0      0
3.95714     0      0
3.97143     0      0
3.98571     0      0
4     0      0
4.01429     0      0
4.02857     0      0
4.04286     0      0
4.05714     0      0
4.07143     0      0
4.08571     0      0
4.1     0      0
4.11429     0      0
4.12857     0      0
4.14286     0      0
4.15714     0      0
4.17143     0      0
4.18571     0      0
4.2     0      0
4.21429     0      0
4.22857     0      0
4.24286     0      0
4.25714     0      0
4.27143     0      0
4.28571     0      0
4.3     0      0
4.31429     0      0
4.32857     0      0
4.34286     0      0
4.35714     0      0
4.37143     0      0
4.38571     0      0
4.4     0      0
4.41429     0      0
4.42857     0      0
4.44286     0      0
4.45714     0      0
4.47143     0      0
4.48571     0      0
4.5     0      0
4.51429     0      0
4.52857     0      0
4.54286     0      0
4.55714     0      0
4.57143     0      0
4.58571     0      0
4.6     0      0
4.61429     0      0
4.62857     0      0
4.64286     0      0
4.65714     0      0
4.67143     0      0
4.68571     0      0
4.7     0      0
4.71429     0      0
4.72857     0      0
4.74286     0      0
4.75714     0      0
4.77143     0      0
4.78571     0      0
4.8     0      0
4.81429     0      0
4.82857     0      0
4.84286     0      0
4.85714     0      0
4.87143     0      0
4.88571     0      0
4.9     0      0
4.91429     0      0
4.92857     0      0
4.94286     0      0
4.95714     0      0
4.97143     0      0
4.98571     0      0
