# U,mu,nA_up, nA_dn, nB_up, nB_dn, ms, mf, ntotal,mu,cint
#energy    dos_upn   dos_upp   dos_dnn  dos_dnp GRID=1000 bin=700
-5     0      0
-4.98571     0      0
-4.97143     0      0
-4.95714     0      0
-4.94286     0      0
-4.92857     0      0
-4.91429     0      0
-4.9     0      0
-4.88571     0      0
-4.87143     0      0
-4.85714     0      0
-4.84286     0      0
-4.82857     0      0
-4.81429     0      0
-4.8     0      0
-4.78571     0      0
-4.77143     0      0
-4.75714     0      0
-4.74286     0      0
-4.72857     0      0
-4.71429     0      0
-4.7     0      0
-4.68571     0      0
-4.67143     0      0
-4.65714     0      0
-4.64286     0      0
-4.62857     0      0
-4.61429     0      0
-4.6     0      0
-4.58571     0      0
-4.57143     0      0
-4.55714     0      0
-4.54286     0      0
-4.52857     0      0
-4.51429     0      0
-4.5     0      0
-4.48571     0      0
-4.47143     0      0
-4.45714     0      0
-4.44286     0      0
-4.42857     0      0
-4.41429     0      0
-4.4     0      0
-4.38571     0      0
-4.37143     0      0
-4.35714     0      0
-4.34286     0      0
-4.32857     0      0
-4.31429     0      0
-4.3     0      0
-4.28571     0      0
-4.27143     0      0
-4.25714     0      0
-4.24286     0      0
-4.22857     0      0
-4.21429     0      0
-4.2     0      0
-4.18571     0      0
-4.17143     0      0
-4.15714     0      0
-4.14286     0      0
-4.12857     0      0
-4.11429     0      0
-4.1     0      0
-4.08571     0      0
-4.07143     0      0
-4.05714     0      0
-4.04286     0      0
-4.02857     0      0
-4.01429     0      0
-4     0      0
-3.98571     0      0
-3.97143     0      0
-3.95714     0      0
-3.94286     0      0
-3.92857     0      0
-3.91429     0      0
-3.9     0      0
-3.88571     0      0
-3.87143     0      0
-3.85714     0      0
-3.84286     0      0
-3.82857     0      0
-3.81429     0      0
-3.8     0      0
-3.78571     0      0
-3.77143     0      0
-3.75714     0      0
-3.74286     0      0
-3.72857     0      0
-3.71429     0      0
-3.7     0      0
-3.68571     0      0
-3.67143     0      0
-3.65714     0      0
-3.64286     0      0
-3.62857     0      0
-3.61429     0      0
-3.6     0      0
-3.58571     0      0
-3.57143     0      0
-3.55714     0      0
-3.54286     0      0
-3.52857     0      0
-3.51429     0      0
-3.5     0      0
-3.48571     0      0
-3.47143     0      0
-3.45714     0      0
-3.44286     0      0
-3.42857     0      0
-3.41429     0      0
-3.4     0      0
-3.38571     0      0
-3.37143     0      0
-3.35714     0      0
-3.34286     0      0
-3.32857     0      0
-3.31429     0      0
-3.3     0      0
-3.28571     0      0
-3.27143     0      0
-3.25714     0      0
-3.24286     0      0
-3.22857     0      0
-3.21429     0      0
-3.2     0      0
-3.18571     0      0
-3.17143     0      0
-3.15714     0      0
-3.14286     0      0
-3.12857     0      0
-3.11429     0      0
-3.1     0      0
-3.08571     0      0
-3.07143     0      0
-3.05714     0      0
-3.04286     0      0
-3.02857     0      0
-3.01429     0      0
-3     0      0
-2.98571     0      0
-2.97143     0      0
-2.95714     0      0
-2.94286     0      0
-2.92857     0      0
-2.91429     0      0
-2.9     0      0
-2.88571     0      0
-2.87143     0      0
-2.85714     0      0
-2.84286     0      0
-2.82857     0      0
-2.81429     0      0
-2.8     0      0
-2.78571     0      0
-2.77143     0      0
-2.75714     0      0
-2.74286     0      0
-2.72857     0      0
-2.71429     0      0
-2.7     0      0
-2.68571     0      0
-2.67143     0      0
-2.65714     0      0
-2.64286     0      0
-2.62857     0      0
-2.61429     0      0
-2.6     0      0
-2.58571     0      0
-2.57143     0      0
-2.55714     0      0
-2.54286     0      0
-2.52857     0      0
-2.51429     0      0
-2.5     0      0
-2.48571     0      0
-2.47143     0      0
-2.45714     0      0
-2.44286     0      0
-2.42857     0      0
-2.41429     0      0
-2.4     0      0
-2.38571     0      0
-2.37143     0      0
-2.35714     0      0
-2.34286     0      0
-2.32857     0      0
-2.31429     0      0
-2.3     0      0
-2.28571     0      0
-2.27143     0      0
-2.25714     0      0
-2.24286     0      0
-2.22857     0      0
-2.21429     0      0
-2.2     0      0
-2.18571     0      0
-2.17143     0      0
-2.15714     0      0
-2.14286     0      0
-2.12857     0      0
-2.11429     0      0
-2.1     0      0
-2.08571     0      0
-2.07143     0      0
-2.05714     0      0
-2.04286     0      0
-2.02857     0      0
-2.01429     0      0
-2     0      0
-1.98571     0      0
-1.97143     0      0
-1.95714     0      0
-1.94286     0      0
-1.92857     0      0
-1.91429     0      0
-1.9     0      0
-1.88571     0      0
-1.87143     0      0
-1.85714     0      0
-1.84286     0      0
-1.82857     0      0
-1.81429     0      0
-1.8     0      0
-1.78571     0      0
-1.77143     0      0
-1.75714     0.0017885      0
-1.74286     0.005428      0
-1.72857     0.005448      0
-1.71429     0.005492      0
-1.7     0.00549      0
-1.68571     0.005526      0
-1.67143     0.00553      0
-1.65714     0.005554      0
-1.64286     0.005578      0
-1.62857     0.005578      0
-1.61429     0.005624      0
-1.6     0.005626      0
-1.58571     0.005674      0
-1.57143     0.00568      0
-1.55714     0.005692      0
-1.54286     0.005732      0
-1.52857     0.005774      0
-1.51429     0.005738      0
-1.5     0.0058      0
-1.48571     0.005804      0
-1.47143     0.00585      0
-1.45714     0.005876      0
-1.44286     0.005886      0
-1.42857     0.005924      0
-1.41429     0.00592      0
-1.4     0.005958      0
-1.38571     0.00598      0
-1.37143     0.006048      0
-1.35714     0.006024      0
-1.34286     0.006086      0
-1.32857     0.0061      0
-1.31429     0.006108      0
-1.3     0.006134      0
-1.28571     0.006204      0
-1.27143     0.006176      0
-1.25714     0.006234      0
-1.24286     0.006292      0
-1.22857     0.0063      0
-1.21429     0.006346      0
-1.2     0.006336      0
-1.18571     0.006396      0
-1.17143     0.006404      0
-1.15714     0.00647      0
-1.14286     0.006468      0
-1.12857     0.006548      0
-1.11429     0.00652      0
-1.1     0.006606      0
-1.08571     0.006646      0
-1.07143     0.00666      0
-1.05714     0.006692      0
-1.04286     0.006724      0
-1.02857     0.006774      0
-1.01429     0.006808      0
-1     0.006834      0
-0.985714     0.006912      0
-0.971429     0.0069      0
-0.957143     0.006998      0
-0.942857     0.007      0
-0.928571     0.00709      0
-0.914286     0.0071      0
-0.9     0.007154      0
-0.885714     0.007144      0
-0.871429     0.00726      0
-0.857143     0.007332      0
-0.842857     0.007282      0
-0.828571     0.007424      0
-0.814286     0.007428      0
-0.8     0.007496      0
-0.785714     0.00755      0
-0.771429     0.007592      0
-0.757143     0.007678      0
-0.742857     0.007678      0
-0.728571     0.00781      0
-0.714286     0.007824      0
-0.7     0.007888      0
-0.685714     0.008026      0
-0.671429     0.008022      0
-0.657143     0.008074      0
-0.642857     0.00819      0
-0.628571     0.008266      0
-0.614286     0.0083      0
-0.6     0.00839      0
-0.585714     0.008476      0
-0.571429     0.008586      0
-0.557143     0.008678      0
-0.542857     0.00874      0
-0.528571     0.008826      0
-0.514286     0.008958      0
-0.5     0.009034      0
-0.485714     0.00914      0
-0.471429     0.009244      0
-0.457143     0.00939      0
-0.442857     0.009496      0
-0.428571     0.00962      0
-0.414286     0.009792      0
-0.4     0.00998      0
-0.385714     0.010064      0
-0.371429     0.010276      0
-0.357143     0.01044      0
-0.342857     0.010668      0
-0.328571     0.010838      0
-0.314286     0.011158      0
-0.3     0.01138      0
-0.285714     0.011678      0
-0.271429     0.012066      0
-0.257143     0.012504      0
-0.242857     0.012984      0
-0.228571     0.013454      0
-0.214286     0.014444      0
-0.2     0.01586      0
-0.185714     0.017978      0
-0.171429     0.0342285      0
-0.157143     0.026328      0
-0.142857     0.01649      0
-0.128571     0.013052      0
-0.114286     0.011096      0
-0.1     0.0097      0
-0.0857143     0.008666      0
-0.0714286     0.0078      0
-0.0571429     0.007      0
-0.0428571     0.006336      0
-0.0285714     0.00578      0
-0.0142857     0.005075      0
0     0      0
0.0142857     0      0
0.0285714     0      0.0168505
0.0428571     0      0.013366
0.0571429     0      0.011894
0.0714286     0      0.011282
0.0857143     0      0.010956
0.1     0      0.010884
0.114286     0      0.01094
0.128571     0      0.01113
0.142857     0      0.01151
0.157143     0      0.012188
0.171429     0      0.01346
0.185714     0      0.015521
0.2     0      0.012726
0.214286     0      0.011754
0.228571     0      0.011108
0.242857     0      0.010682
0.257143     0      0.010366
0.271429     0      0.010042
0.285714     0      0.009784
0.3     0      0.009576
0.314286     0      0.009368
0.328571     0      0.00922
0.342857     0      0.009076
0.357143     0      0.008908
0.371429     0      0.008678
0.385714     0      0.008654
0.4     0      0.008496
0.414286     0      0.008354
0.428571     0      0.00827
0.442857     0      0.008208
0.457143     0      0.008054
0.471429     0      0.007968
0.485714     0      0.007884
0.5     0      0.007766
0.514286     0      0.0077
0.528571     0      0.00766
0.542857     0      0.007548
0.557143     0      0.00745
0.571429     0      0.007408
0.585714     0      0.007312
0.6     0      0.007292
0.614286     0      0.00717
0.628571     0      0.007134
0.642857     0      0.00702
0.657143     0      0.007026
0.671429     0      0.006974
0.685714     0      0.00682
0.7     0      0.006816
0.714286     0      0.0068
0.728571     0      0.006732
0.742857     0      0.006692
0.757143     0      0.006556
0.771429     0      0.006546
0.785714     0      0.006512
0.8     0      0.006452
0.814286     0      0.006454
0.828571     0      0.006324
0.842857     0      0.006328
0.857143     0      0.006266
0.871429     0      0.00622
0.885714     0      0.006192
0.9     0      0.006142
0.914286     0      0.006092
0.928571     0      0.006068
0.942857     0      0.00605
0.957143     0      0.006
0.971429     0      0.005924
0.985714     0      0.00589
1     0      0.005884
1.01429     0      0.005848
1.02857     0      0.005782
1.04286     0      0.005756
1.05714     0      0.00573
1.07143     0      0.005708
1.08571     0      0.005664
1.1     0      0.005614
1.11429     0      0.005596
1.12857     0      0.005542
1.14286     0      0.005526
1.15714     0      0.005494
1.17143     0      0.005468
1.18571     0      0.005422
1.2     0      0.0054
1.21429     0      0.005386
1.22857     0      0.00536
1.24286     0      0.00529
1.25714     0      0.00528
1.27143     0      0.005266
1.28571     0      0.005228
1.3     0      0.005226
1.31429     0      0.005144
1.32857     0      0.005158
1.34286     0      0.005146
1.35714     0      0.005088
1.37143     0      0.005062
1.38571     0      0.005048
1.4     0      0.00503
1.41429     0      0.004978
1.42857     0      0.004998
1.44286     0      0.00497
1.45714     0      0.00491
1.47143     0      0.004914
1.48571     0      0.004836
1.5     0      0.004874
1.51429     0      0.004844
1.52857     0      0.004794
1.54286     0      0.004788
1.55714     0      0.004754
1.57143     0      0.004744
1.58571     0      0.004726
1.6     0      0.004702
1.61429     0      0.004692
1.62857     0      0.004634
1.64286     0      0.00466
1.65714     0      0.004598
1.67143     0      0.004628
1.68571     0      0.004562
1.7     0      0.004548
1.71429     0      0.00454
1.72857     0      0.004512
1.74286     0      0.004492
1.75714     0      0.004512
1.77143     0      0.004436
1.78571     0      0.004446
1.8     0      0.004448
1.81429     0      0.004398
1.82857     0      0.004372
1.84286     0      0.004378
1.85714     0      0.004344
1.87143     0      0.00433
1.88571     0      0.00433
1.9     0      0.004282
1.91429     0      0.004304
1.92857     0      0.004278
1.94286     0      0.004224
1.95714     0      0.004228
1.97143     0      0.0042
1.98571     0      0.00423
2     0      0.004194
2.01429     0      0.004162
2.02857     0      0.004134
2.04286     0      0.004152
2.05714     0      0.004108
2.07143     0      0.004124
2.08571     0      0.004082
2.1     0      0.004076
2.11429     0      0.004048
2.12857     0      0.00407
2.14286     0      0.004016
2.15714     0      0.004022
2.17143     0      0.003988
2.18571     0      0.003994
2.2     0      0.00397
2.21429     0      0.003964
2.22857     0      0.003938
2.24286     0      0.0038805
2.25714     0      2.73125e-10
2.27143     0      2.75977e-30
2.28571     0      6.71692e-50
2.3     0      2.3365e-63
2.31429     0      1.48416e-76
2.32857     0      0
2.34286     0      0
2.35714     0      0
2.37143     0      0
2.38571     0      0
2.4     0      0
2.41429     0      0
2.42857     0      0
2.44286     0      0
2.45714     0      0
2.47143     0      0
2.48571     0      0
2.5     0      0
2.51429     0      0
2.52857     0      0
2.54286     0      0
2.55714     0      0
2.57143     0      0
2.58571     0      0
2.6     0      0
2.61429     0      0
2.62857     0      0
2.64286     0      0
2.65714     0      0
2.67143     0      0
2.68571     0      0
2.7     0      0
2.71429     0      0
2.72857     0      0
2.74286     0      0
2.75714     0      0
2.77143     0      0
2.78571     0      0
2.8     0      0
2.81429     0      0
2.82857     0      0
2.84286     0      0
2.85714     0      0
2.87143     0      0
2.88571     0      0
2.9     0      0
2.91429     0      0
2.92857     0      0
2.94286     0      0
2.95714     0      0
2.97143     0      0
2.98571     0      0
3     0      0
3.01429     0      0
3.02857     0      0
3.04286     0      0
3.05714     0      0
3.07143     0      0
3.08571     0      0
3.1     0      0
3.11429     0      0
3.12857     0      0
3.14286     0      0
3.15714     0      0
3.17143     0      0
3.18571     0      0
3.2     0      0
3.21429     0      0
3.22857     0      0
3.24286     0      0
3.25714     0      0
3.27143     0      0
3.28571     0      0
3.3     0      0
3.31429     0      0
3.32857     0      0
3.34286     0      0
3.35714     0      0
3.37143     0      0
3.38571     0      0
3.4     0      0
3.41429     0      0
3.42857     0      0
3.44286     0      0
3.45714     0      0
3.47143     0      0
3.48571     0      0
3.5     0      0
3.51429     0      0
3.52857     0      0
3.54286     0      0
3.55714     0      0
3.57143     0      0
3.58571     0      0
3.6     0      0
3.61429     0      0
3.62857     0      0
3.64286     0      0
3.65714     0      0
3.67143     0      0
3.68571     0      0
3.7     0      0
3.71429     0      0
3.72857     0      0
3.74286     0      0
3.75714     0      0
3.77143     0      0
3.78571     0      0
3.8     0      0
3.81429     0      0
3.82857     0      0
3.84286     0      0
3.85714     0      0
3.87143     0      0
3.88571     0      0
3.9     0      0
3.91429     0      0
3.92857     0      0
3.94286     0      0
3.95714     0      0
3.97143     0      0
3.98571     0      0
4     0      0
4.01429     0      0
4.02857     0      0
4.04286     0      0
4.05714     0      0
4.07143     0      0
4.08571     0      0
4.1     0      0
4.11429     0      0
4.12857     0      0
4.14286     0      0
4.15714     0      0
4.17143     0      0
4.18571     0      0
4.2     0      0
4.21429     0      0
4.22857     0      0
4.24286     0      0
4.25714     0      0
4.27143     0      0
4.28571     0      0
4.3     0      0
4.31429     0      0
4.32857     0      0
4.34286     0      0
4.35714     0      0
4.37143     0      0
4.38571     0      0
4.4     0      0
4.41429     0      0
4.42857     0      0
4.44286     0      0
4.45714     0      0
4.47143     0      0
4.48571     0      0
4.5     0      0
4.51429     0      0
4.52857     0      0
4.54286     0      0
4.55714     0      0
4.57143     0      0
4.58571     0      0
4.6     0      0
4.61429     0      0
4.62857     0      0
4.64286     0      0
4.65714     0      0
4.67143     0      0
4.68571     0      0
4.7     0      0
4.71429     0      0
4.72857     0      0
4.74286     0      0
4.75714     0      0
4.77143     0      0
4.78571     0      0
4.8     0      0
4.81429     0      0
4.82857     0      0
4.84286     0      0
4.85714     0      0
4.87143     0      0
4.88571     0      0
4.9     0      0
4.91429     0      0
4.92857     0      0
4.94286     0      0
4.95714     0      0
4.97143     0      0
4.98571     0      0
