# U,mu,nA_up, nA_dn, nB_up, nB_dn, ms, mf, ntotal,mu,cint
#energy    dos_upn   dos_upp   dos_dnn  dos_dnp GRID=1000 bin=700
-5     0      0
-4.98571     0      0
-4.97143     0      0
-4.95714     0      0
-4.94286     0      0
-4.92857     0      0
-4.91429     0      0
-4.9     0      0
-4.88571     0      0
-4.87143     0      0
-4.85714     0      0
-4.84286     0      0
-4.82857     0      0
-4.81429     0      0
-4.8     0      0
-4.78571     0      0
-4.77143     0      0
-4.75714     0      0
-4.74286     0      0
-4.72857     0      0
-4.71429     0      0
-4.7     0      0
-4.68571     0      0
-4.67143     0      0
-4.65714     0      0
-4.64286     0      0
-4.62857     0      0
-4.61429     0      0
-4.6     0      0
-4.58571     0      0
-4.57143     0      0
-4.55714     0      0
-4.54286     0      0
-4.52857     0      0
-4.51429     0      0
-4.5     0      0
-4.48571     0      0
-4.47143     0      0
-4.45714     0      0
-4.44286     0      0
-4.42857     0      0
-4.41429     0      0
-4.4     0      0
-4.38571     0      0
-4.37143     0      0
-4.35714     0      0
-4.34286     0      0
-4.32857     0      0
-4.31429     0      0
-4.3     0      0
-4.28571     0      0
-4.27143     0      0
-4.25714     0      0
-4.24286     0      0
-4.22857     0      0
-4.21429     0      0
-4.2     0      0
-4.18571     0      0
-4.17143     0      0
-4.15714     0      0
-4.14286     0      0
-4.12857     0      0
-4.11429     0      0
-4.1     0      0
-4.08571     0      0
-4.07143     0      0
-4.05714     0      0
-4.04286     0      0
-4.02857     0      0
-4.01429     0      0
-4     0      0
-3.98571     0      0
-3.97143     0      0
-3.95714     0      0
-3.94286     0      0
-3.92857     0      0
-3.91429     0      0
-3.9     0      0
-3.88571     0      0
-3.87143     0      0
-3.85714     0      0
-3.84286     0      0
-3.82857     0      0
-3.81429     0      0
-3.8     0      0
-3.78571     0      0
-3.77143     0      0
-3.75714     0      0
-3.74286     0      0
-3.72857     0      0
-3.71429     0      0
-3.7     0      0
-3.68571     0      0
-3.67143     0      0
-3.65714     0      0
-3.64286     0      0
-3.62857     0      0
-3.61429     0      0
-3.6     0      0
-3.58571     0      0
-3.57143     0      0
-3.55714     0      0
-3.54286     0      0
-3.52857     0      0
-3.51429     0      0
-3.5     0      0
-3.48571     0      0
-3.47143     0      0
-3.45714     0      0
-3.44286     0      0
-3.42857     0      0
-3.41429     0      0
-3.4     0      0
-3.38571     0      0
-3.37143     0      0
-3.35714     0      0
-3.34286     0      0
-3.32857     0      0
-3.31429     0      0
-3.3     0      0
-3.28571     0      0
-3.27143     0      0
-3.25714     0      0
-3.24286     0      0
-3.22857     0      0
-3.21429     0      0
-3.2     0      0
-3.18571     0      0
-3.17143     0      0
-3.15714     0      0
-3.14286     0      0
-3.12857     0      0
-3.11429     0      0
-3.1     0      0
-3.08571     0      0
-3.07143     0      0
-3.05714     0      0
-3.04286     0      0
-3.02857     0      0
-3.01429     0      0
-3     0      0
-2.98571     0      0
-2.97143     0      0
-2.95714     0      0
-2.94286     0      0
-2.92857     0      0
-2.91429     0      0
-2.9     0      0
-2.88571     0      0
-2.87143     0      0
-2.85714     0      0
-2.84286     0      0
-2.82857     0      0
-2.81429     0      0
-2.8     0      0
-2.78571     0      0
-2.77143     0      0
-2.75714     0      0
-2.74286     0      0
-2.72857     0      0
-2.71429     0      0
-2.7     0      0
-2.68571     0      0
-2.67143     0      0
-2.65714     0      0
-2.64286     0      0
-2.62857     0      0
-2.61429     0      0
-2.6     0      0
-2.58571     0      0
-2.57143     0      0
-2.55714     0      0
-2.54286     0      0
-2.52857     0      0
-2.51429     0      0
-2.5     0      0
-2.48571     0      0
-2.47143     0      0
-2.45714     0      0
-2.44286     0      0
-2.42857     0      0
-2.41429     0      0
-2.4     0      0
-2.38571     0      0
-2.37143     0      0
-2.35714     0      0
-2.34286     0      0
-2.32857     0      0
-2.31429     0      0
-2.3     0      0
-2.28571     0      0
-2.27143     0      0
-2.25714     0      0
-2.24286     0      0
-2.22857     0      0
-2.21429     0      0
-2.2     0      0
-2.18571     0      0
-2.17143     0      0
-2.15714     0      0
-2.14286     0      0
-2.12857     0      0
-2.11429     0      0
-2.1     0      0
-2.08571     0      0
-2.07143     0      0
-2.05714     0      0
-2.04286     0      0
-2.02857     0      0
-2.01429     0      0
-2     0      0
-1.98571     0      0
-1.97143     0      0
-1.95714     0      0
-1.94286     0      0
-1.92857     0      0
-1.91429     0      0
-1.9     0      0
-1.88571     0      0
-1.87143     0      0
-1.85714     0      0
-1.84286     0      0
-1.82857     0      0
-1.81429     0      0
-1.8     0      0
-1.78571     0      0
-1.77143     6.3625e-11      0
-1.75714     0.0052665      0
-1.74286     0.00545      0
-1.72857     0.005468      0
-1.71429     0.005478      0
-1.7     0.005504      0
-1.68571     0.005536      0
-1.67143     0.005536      0
-1.65714     0.005562      0
-1.64286     0.0056      0
-1.62857     0.005594      0
-1.61429     0.005628      0
-1.6     0.005642      0
-1.58571     0.005682      0
-1.57143     0.005688      0
-1.55714     0.005708      0
-1.54286     0.00575      0
-1.52857     0.005756      0
-1.51429     0.005772      0
-1.5     0.00581      0
-1.48571     0.005822      0
-1.47143     0.005832      0
-1.45714     0.005896      0
-1.44286     0.005894      0
-1.42857     0.00593      0
-1.41429     0.00594      0
-1.4     0.005964      0
-1.38571     0.006026      0
-1.37143     0.006008      0
-1.35714     0.006064      0
-1.34286     0.006082      0
-1.32857     0.006108      0
-1.31429     0.006108      0
-1.3     0.006192      0
-1.28571     0.006178      0
-1.27143     0.006228      0
-1.25714     0.006244      0
-1.24286     0.006262      0
-1.22857     0.0063      0
-1.21429     0.006332      0
-1.2     0.006396      0
-1.18571     0.006422      0
-1.17143     0.006382      0
-1.15714     0.006482      0
-1.14286     0.006502      0
-1.12857     0.006512      0
-1.11429     0.00662      0
-1.1     0.006548      0
-1.08571     0.006658      0
-1.07143     0.006672      0
-1.05714     0.00671      0
-1.04286     0.006738      0
-1.02857     0.006806      0
-1.01429     0.00682      0
-1     0.006886      0
-0.985714     0.006872      0
-0.971429     0.006958      0
-0.957143     0.006992      0
-0.942857     0.007002      0
-0.928571     0.007068      0
-0.914286     0.007094      0
-0.9     0.007206      0
-0.885714     0.007168      0
-0.871429     0.00727      0
-0.857143     0.007312      0
-0.842857     0.007338      0
-0.828571     0.007382      0
-0.814286     0.00747      0
-0.8     0.00748      0
-0.785714     0.00757      0
-0.771429     0.007586      0
-0.757143     0.007742      0
-0.742857     0.00766      0
-0.728571     0.007822      0
-0.714286     0.007826      0
-0.7     0.007906      0
-0.685714     0.007998      0
-0.671429     0.008056      0
-0.657143     0.008084      0
-0.642857     0.008168      0
-0.628571     0.008242      0
-0.614286     0.008354      0
-0.6     0.008408      0
-0.585714     0.00847      0
-0.571429     0.008548      0
-0.557143     0.008634      0
-0.542857     0.00874      0
-0.528571     0.008818      0
-0.514286     0.008908      0
-0.5     0.009032      0
-0.485714     0.00913      0
-0.471429     0.009266      0
-0.457143     0.009314      0
-0.442857     0.009482      0
-0.428571     0.009598      0
-0.414286     0.009748      0
-0.4     0.00989      0
-0.385714     0.010042      0
-0.371429     0.010206      0
-0.357143     0.01037      0
-0.342857     0.01054      0
-0.328571     0.010738      0
-0.314286     0.010984      0
-0.3     0.011136      0
-0.285714     0.011422      0
-0.271429     0.011814      0
-0.257143     0.01217      0
-0.242857     0.012518      0
-0.228571     0.013124      0
-0.214286     0.013594      0
-0.2     0.014658      0
-0.185714     0.015736      0
-0.171429     0.018298      0
-0.157143     0.0348645      0
-0.142857     0.020894      0
-0.128571     0.014418      0
-0.114286     0.011708      0
-0.1     0.010006      0
-0.0857143     0.008762      0
-0.0714286     0.00783      0
-0.0571429     0.006958      0
-0.0428571     0.006268      0
-0.0285714     0.005624      0
-0.0142857     0.005072      0.0036105
0     0.003639      0.015444
0.0142857     0      0.012002
0.0285714     0      0.010972
0.0428571     0      0.01049
0.0571429     0      0.010344
0.0714286     0      0.010332
0.0857143     0      0.010444
0.1     0      0.010694
0.114286     0      0.011076
0.128571     0      0.011768
0.142857     0      0.01347
0.157143     0      0.014101
0.171429     0      0.01205
0.185714     0      0.011272
0.2     0      0.010764
0.214286     0      0.010426
0.228571     0      0.010162
0.242857     0      0.009864
0.257143     0      0.009702
0.271429     0      0.009474
0.285714     0      0.009322
0.3     0      0.009106
0.314286     0      0.009008
0.328571     0      0.008868
0.342857     0      0.008678
0.357143     0      0.00863
0.371429     0      0.008488
0.385714     0      0.008374
0.4     0      0.008286
0.414286     0      0.008164
0.428571     0      0.008058
0.442857     0      0.008006
0.457143     0      0.007896
0.471429     0      0.007768
0.485714     0      0.007738
0.5     0      0.00764
0.514286     0      0.007628
0.528571     0      0.007436
0.542857     0      0.00745
0.557143     0      0.007324
0.571429     0      0.007328
0.585714     0      0.007176
0.6     0      0.00718
0.614286     0      0.007128
0.628571     0      0.00696
0.642857     0      0.007012
0.657143     0      0.00686
0.671429     0      0.006928
0.685714     0      0.006756
0.7     0      0.006768
0.714286     0      0.006678
0.728571     0      0.0066
0.742857     0      0.006624
0.757143     0      0.006532
0.771429     0      0.006516
0.785714     0      0.00648
0.8     0      0.006352
0.814286     0      0.00637
0.828571     0      0.00628
0.842857     0      0.006264
0.857143     0      0.006238
0.871429     0      0.00616
0.885714     0      0.006136
0.9     0      0.006102
0.914286     0      0.00606
0.928571     0      0.005988
0.942857     0      0.005982
0.957143     0      0.005984
0.971429     0      0.005876
0.985714     0      0.005876
1     0      0.005816
1.01429     0      0.00579
1.02857     0      0.005716
1.04286     0      0.00572
1.05714     0      0.005702
1.07143     0      0.00566
1.08571     0      0.005622
1.1     0      0.005592
1.11429     0      0.005554
1.12857     0      0.005516
1.14286     0      0.0055
1.15714     0      0.005466
1.17143     0      0.005428
1.18571     0      0.005422
1.2     0      0.005362
1.21429     0      0.00533
1.22857     0      0.005308
1.24286     0      0.005282
1.25714     0      0.005236
1.27143     0      0.005242
1.28571     0      0.005184
1.3     0      0.005202
1.31429     0      0.005144
1.32857     0      0.005126
1.34286     0      0.005094
1.35714     0      0.005084
1.37143     0      0.005038
1.38571     0      0.005052
1.4     0      0.004984
1.41429     0      0.004946
1.42857     0      0.004954
1.44286     0      0.0049
1.45714     0      0.004926
1.47143     0      0.004882
1.48571     0      0.00489
1.5     0      0.004794
1.51429     0      0.004814
1.52857     0      0.004766
1.54286     0      0.004778
1.55714     0      0.00478
1.57143     0      0.00469
1.58571     0      0.0047
1.6     0      0.004664
1.61429     0      0.00465
1.62857     0      0.004648
1.64286     0      0.004642
1.65714     0      0.004588
1.67143     0      0.004566
1.68571     0      0.004562
1.7     0      0.004564
1.71429     0      0.004494
1.72857     0      0.004492
1.74286     0      0.004508
1.75714     0      0.004466
1.77143     0      0.00446
1.78571     0      0.004398
1.8     0      0.004422
1.81429     0      0.004382
1.82857     0      0.004366
1.84286     0      0.00434
1.85714     0      0.004334
1.87143     0      0.004336
1.88571     0      0.00428
1.9     0      0.004304
1.91429     0      0.004266
1.92857     0      0.004244
1.94286     0      0.004228
1.95714     0      0.004224
1.97143     0      0.004194
1.98571     0      0.0042
2     0      0.00417
2.01429     0      0.004142
2.02857     0      0.00414
2.04286     0      0.004128
2.05714     0      0.004122
2.07143     0      0.00408
2.08571     0      0.004064
2.1     0      0.004084
2.11429     0      0.00403
2.12857     0      0.004038
2.14286     0      0.004014
2.15714     0      0.004012
2.17143     0      0.00398
2.18571     0      0.00399
2.2     0      0.00394
2.21429     0      0.00395
2.22857     0      0.003936
2.24286     0      0.0008425
2.25714     0      1.04189e-69
2.27143     0      1.05277e-89
2.28571     0      2.5623e-109
2.3     0      8.91306e-123
2.31429     0      5.6616e-136
2.32857     0      0
2.34286     0      0
2.35714     0      0
2.37143     0      0
2.38571     0      0
2.4     0      0
2.41429     0      0
2.42857     0      0
2.44286     0      0
2.45714     0      0
2.47143     0      0
2.48571     0      0
2.5     0      0
2.51429     0      0
2.52857     0      0
2.54286     0      0
2.55714     0      0
2.57143     0      0
2.58571     0      0
2.6     0      0
2.61429     0      0
2.62857     0      0
2.64286     0      0
2.65714     0      0
2.67143     0      0
2.68571     0      0
2.7     0      0
2.71429     0      0
2.72857     0      0
2.74286     0      0
2.75714     0      0
2.77143     0      0
2.78571     0      0
2.8     0      0
2.81429     0      0
2.82857     0      0
2.84286     0      0
2.85714     0      0
2.87143     0      0
2.88571     0      0
2.9     0      0
2.91429     0      0
2.92857     0      0
2.94286     0      0
2.95714     0      0
2.97143     0      0
2.98571     0      0
3     0      0
3.01429     0      0
3.02857     0      0
3.04286     0      0
3.05714     0      0
3.07143     0      0
3.08571     0      0
3.1     0      0
3.11429     0      0
3.12857     0      0
3.14286     0      0
3.15714     0      0
3.17143     0      0
3.18571     0      0
3.2     0      0
3.21429     0      0
3.22857     0      0
3.24286     0      0
3.25714     0      0
3.27143     0      0
3.28571     0      0
3.3     0      0
3.31429     0      0
3.32857     0      0
3.34286     0      0
3.35714     0      0
3.37143     0      0
3.38571     0      0
3.4     0      0
3.41429     0      0
3.42857     0      0
3.44286     0      0
3.45714     0      0
3.47143     0      0
3.48571     0      0
3.5     0      0
3.51429     0      0
3.52857     0      0
3.54286     0      0
3.55714     0      0
3.57143     0      0
3.58571     0      0
3.6     0      0
3.61429     0      0
3.62857     0      0
3.64286     0      0
3.65714     0      0
3.67143     0      0
3.68571     0      0
3.7     0      0
3.71429     0      0
3.72857     0      0
3.74286     0      0
3.75714     0      0
3.77143     0      0
3.78571     0      0
3.8     0      0
3.81429     0      0
3.82857     0      0
3.84286     0      0
3.85714     0      0
3.87143     0      0
3.88571     0      0
3.9     0      0
3.91429     0      0
3.92857     0      0
3.94286     0      0
3.95714     0      0
3.97143     0      0
3.98571     0      0
4     0      0
4.01429     0      0
4.02857     0      0
4.04286     0      0
4.05714     0      0
4.07143     0      0
4.08571     0      0
4.1     0      0
4.11429     0      0
4.12857     0      0
4.14286     0      0
4.15714     0      0
4.17143     0      0
4.18571     0      0
4.2     0      0
4.21429     0      0
4.22857     0      0
4.24286     0      0
4.25714     0      0
4.27143     0      0
4.28571     0      0
4.3     0      0
4.31429     0      0
4.32857     0      0
4.34286     0      0
4.35714     0      0
4.37143     0      0
4.38571     0      0
4.4     0      0
4.41429     0      0
4.42857     0      0
4.44286     0      0
4.45714     0      0
4.47143     0      0
4.48571     0      0
4.5     0      0
4.51429     0      0
4.52857     0      0
4.54286     0      0
4.55714     0      0
4.57143     0      0
4.58571     0      0
4.6     0      0
4.61429     0      0
4.62857     0      0
4.64286     0      0
4.65714     0      0
4.67143     0      0
4.68571     0      0
4.7     0      0
4.71429     0      0
4.72857     0      0
4.74286     0      0
4.75714     0      0
4.77143     0      0
4.78571     0      0
4.8     0      0
4.81429     0      0
4.82857     0      0
4.84286     0      0
4.85714     0      0
4.87143     0      0
4.88571     0      0
4.9     0      0
4.91429     0      0
4.92857     0      0
4.94286     0      0
4.95714     0      0
4.97143     0      0
4.98571     0      0
