# U,mu,nA_up, nA_dn, nB_up, nB_dn, ms, mf, ntotal,mu,cint
#energy    dos_upn   dos_upp   dos_dnn  dos_dnp GRID=1000 bin=700
-5     0      0
-4.98571     0      0
-4.97143     0      0
-4.95714     0      0
-4.94286     0      0
-4.92857     0      0
-4.91429     0      0
-4.9     0      0
-4.88571     0      0
-4.87143     0      0
-4.85714     0      0
-4.84286     0      0
-4.82857     0      0
-4.81429     0      0
-4.8     0      0
-4.78571     0      0
-4.77143     0      0
-4.75714     0      0
-4.74286     0      0
-4.72857     0      0
-4.71429     0      0
-4.7     0      0
-4.68571     0      0
-4.67143     0      0
-4.65714     0      0
-4.64286     0      0
-4.62857     0      0
-4.61429     0      0
-4.6     0      0
-4.58571     0      0
-4.57143     0      0
-4.55714     0      0
-4.54286     0      0
-4.52857     0      0
-4.51429     0      0
-4.5     0      0
-4.48571     0      0
-4.47143     0      0
-4.45714     0      0
-4.44286     0      0
-4.42857     0      0
-4.41429     0      0
-4.4     0      0
-4.38571     0      0
-4.37143     0      0
-4.35714     0      0
-4.34286     0      0
-4.32857     0      0
-4.31429     0      0
-4.3     0      0
-4.28571     0      0
-4.27143     0      0
-4.25714     0      0
-4.24286     0      0
-4.22857     0      0
-4.21429     0      0
-4.2     0      0
-4.18571     0      0
-4.17143     0      0
-4.15714     0      0
-4.14286     0      0
-4.12857     0      0
-4.11429     0      0
-4.1     0      0
-4.08571     0      0
-4.07143     0      0
-4.05714     0      0
-4.04286     0      0
-4.02857     0      0
-4.01429     0      0
-4     0      0
-3.98571     0      0
-3.97143     0      0
-3.95714     0      0
-3.94286     0      0
-3.92857     0      0
-3.91429     0      0
-3.9     0      0
-3.88571     0      0
-3.87143     0      0
-3.85714     0      0
-3.84286     0      0
-3.82857     0      0
-3.81429     0      0
-3.8     0      0
-3.78571     0      0
-3.77143     0      0
-3.75714     0      0
-3.74286     0      0
-3.72857     0      0
-3.71429     0      0
-3.7     0      0
-3.68571     0      0
-3.67143     0      0
-3.65714     0      0
-3.64286     0      0
-3.62857     0      0
-3.61429     0      0
-3.6     0      0
-3.58571     0      0
-3.57143     0      0
-3.55714     0      0
-3.54286     0      0
-3.52857     0      0
-3.51429     0      0
-3.5     0      0
-3.48571     0      0
-3.47143     0      0
-3.45714     0      0
-3.44286     0      0
-3.42857     0      0
-3.41429     0      0
-3.4     0      0
-3.38571     0      0
-3.37143     0      0
-3.35714     0      0
-3.34286     0      0
-3.32857     0      0
-3.31429     0      0
-3.3     0      0
-3.28571     0      0
-3.27143     0      0
-3.25714     0      0
-3.24286     0      0
-3.22857     0      0
-3.21429     0      0
-3.2     0      0
-3.18571     0      0
-3.17143     0      0
-3.15714     0      0
-3.14286     0      0
-3.12857     0      0
-3.11429     0      0
-3.1     0      0
-3.08571     0      0
-3.07143     0      0
-3.05714     0      0
-3.04286     0      0
-3.02857     0      0
-3.01429     0      0
-3     0      0
-2.98571     0      0
-2.97143     0      0
-2.95714     0      0
-2.94286     0      0
-2.92857     0      0
-2.91429     0      0
-2.9     0      0
-2.88571     0      0
-2.87143     0      0
-2.85714     0      0
-2.84286     0      0
-2.82857     0      0
-2.81429     0      0
-2.8     0      0
-2.78571     0      0
-2.77143     0      0
-2.75714     0      0
-2.74286     0      0
-2.72857     0      0
-2.71429     0      0
-2.7     0      0
-2.68571     0      0
-2.67143     0      0
-2.65714     0      0
-2.64286     0      0
-2.62857     0      0
-2.61429     0      0
-2.6     0      0
-2.58571     0      0
-2.57143     0      0
-2.55714     0      0
-2.54286     0      0
-2.52857     0      0
-2.51429     0      0
-2.5     0      0
-2.48571     0      0
-2.47143     0      0
-2.45714     0      0
-2.44286     0      0
-2.42857     0      0
-2.41429     0      0
-2.4     0      0
-2.38571     0      0
-2.37143     0      0
-2.35714     0      0
-2.34286     0      0
-2.32857     0      0
-2.31429     0      0
-2.3     0      0
-2.28571     0      0
-2.27143     0      0
-2.25714     0      0
-2.24286     0      0
-2.22857     0      0
-2.21429     0      0
-2.2     0      0
-2.18571     0      0
-2.17143     0      0
-2.15714     0      0
-2.14286     0      0
-2.12857     0      0
-2.11429     0      0
-2.1     0      0
-2.08571     0      0
-2.07143     0      0
-2.05714     0      0
-2.04286     0      0
-2.02857     0      0
-2.01429     0      0
-2     0      0
-1.98571     0      0
-1.97143     0      0
-1.95714     0      0
-1.94286     0      0
-1.92857     0      0
-1.91429     0      0
-1.9     0      0
-1.88571     0      0
-1.87143     0      0
-1.85714     0      0
-1.84286     0      0
-1.82857     0      0
-1.81429     0      0
-1.8     0      0
-1.78571     0      0
-1.77143     0.0008205      0
-1.75714     0.005434      0
-1.74286     0.005438      0
-1.72857     0.005478      0
-1.71429     0.005502      0
-1.7     0.005492      0
-1.68571     0.005518      0
-1.67143     0.005568      0
-1.65714     0.00556      0
-1.64286     0.005582      0
-1.62857     0.00561      0
-1.61429     0.005662      0
-1.6     0.00563      0
-1.58571     0.00569      0
-1.57143     0.00569      0
-1.55714     0.005708      0
-1.54286     0.005738      0
-1.52857     0.005762      0
-1.51429     0.005786      0
-1.5     0.005816      0
-1.48571     0.00582      0
-1.47143     0.005848      0
-1.45714     0.005894      0
-1.44286     0.005896      0
-1.42857     0.005966      0
-1.41429     0.00596      0
-1.4     0.00596      0
-1.38571     0.005998      0
-1.37143     0.006028      0
-1.35714     0.006038      0
-1.34286     0.006116      0
-1.32857     0.006132      0
-1.31429     0.006156      0
-1.3     0.006134      0
-1.28571     0.006216      0
-1.27143     0.006216      0
-1.25714     0.00627      0
-1.24286     0.006276      0
-1.22857     0.006314      0
-1.21429     0.00633      0
-1.2     0.00639      0
-1.18571     0.006436      0
-1.17143     0.006424      0
-1.15714     0.00648      0
-1.14286     0.006522      0
-1.12857     0.006536      0
-1.11429     0.006578      0
-1.1     0.006586      0
-1.08571     0.006674      0
-1.07143     0.006656      0
-1.05714     0.006758      0
-1.04286     0.006732      0
-1.02857     0.006814      0
-1.01429     0.006828      0
-1     0.006874      0
-0.985714     0.006888      0
-0.971429     0.006986      0
-0.957143     0.006992      0
-0.942857     0.007058      0
-0.928571     0.007076      0
-0.914286     0.007072      0
-0.9     0.007218      0
-0.885714     0.007232      0
-0.871429     0.007278      0
-0.857143     0.007298      0
-0.842857     0.00737      0
-0.828571     0.007388      0
-0.814286     0.007518      0
-0.8     0.007512      0
-0.785714     0.007568      0
-0.771429     0.007624      0
-0.757143     0.007718      0
-0.742857     0.007702      0
-0.728571     0.00783      0
-0.714286     0.007874      0
-0.7     0.007898      0
-0.685714     0.008042      0
-0.671429     0.008066      0
-0.657143     0.008112      0
-0.642857     0.00818      0
-0.628571     0.008318      0
-0.614286     0.008368      0
-0.6     0.008442      0
-0.585714     0.008516      0
-0.571429     0.008578      0
-0.557143     0.008684      0
-0.542857     0.008804      0
-0.528571     0.008902      0
-0.514286     0.00896      0
-0.5     0.009076      0
-0.485714     0.009212      0
-0.471429     0.00928      0
-0.457143     0.009416      0
-0.442857     0.00956      0
-0.428571     0.009662      0
-0.414286     0.009792      0
-0.4     0.009946      0
-0.385714     0.010072      0
-0.371429     0.010304      0
-0.357143     0.0105      0
-0.342857     0.010686      0
-0.328571     0.010896      0
-0.314286     0.011176      0
-0.3     0.011406      0
-0.285714     0.011724      0
-0.271429     0.012068      0
-0.257143     0.012522      0
-0.242857     0.012912      0
-0.228571     0.013456      0
-0.214286     0.014382      0
-0.2     0.015582      0
-0.185714     0.017788      0
-0.171429     0.0327885      0
-0.157143     0.025384      0
-0.142857     0.015772      0
-0.128571     0.012552      0
-0.114286     0.01067      0
-0.1     0.009354      0
-0.0857143     0.008236      0
-0.0714286     0.007418      0
-0.0571429     0.006668      0
-0.0428571     0.006044      0
-0.0285714     0.005422      0
-0.0142857     0.004861      0
0     0      0.0125025
0.0142857     0      0.013538
0.0285714     0      0.011722
0.0428571     0      0.010992
0.0571429     0      0.01068
0.0714286     0      0.010532
0.0857143     0      0.010616
0.1     0      0.01076
0.114286     0      0.01114
0.128571     0      0.01161
0.142857     0      0.01267
0.157143     0      0.015085
0.171429     0      0.012874
0.185714     0      0.011704
0.2     0      0.011124
0.214286     0      0.010694
0.228571     0      0.010316
0.242857     0      0.01005
0.257143     0      0.009856
0.271429     0      0.00956
0.285714     0      0.0094
0.3     0      0.009216
0.314286     0      0.009092
0.328571     0      0.008948
0.342857     0      0.008734
0.357143     0      0.008666
0.371429     0      0.008564
0.385714     0      0.008406
0.4     0      0.008318
0.414286     0      0.0082
0.428571     0      0.008082
0.442857     0      0.008034
0.457143     0      0.007958
0.471429     0      0.007806
0.485714     0      0.007786
0.5     0      0.007588
0.514286     0      0.007608
0.528571     0      0.007554
0.542857     0      0.007392
0.557143     0      0.007404
0.571429     0      0.00726
0.585714     0      0.007276
0.6     0      0.007146
0.614286     0      0.007094
0.628571     0      0.006988
0.642857     0      0.007036
0.657143     0      0.006944
0.671429     0      0.00684
0.685714     0      0.006788
0.7     0      0.006728
0.714286     0      0.006734
0.728571     0      0.00667
0.742857     0      0.006596
0.757143     0      0.006538
0.771429     0      0.006472
0.785714     0      0.006432
0.8     0      0.00643
0.814286     0      0.006336
0.828571     0      0.006324
0.842857     0      0.00626
0.857143     0      0.006218
0.871429     0      0.006164
0.885714     0      0.006172
0.9     0      0.006054
0.914286     0      0.006076
0.928571     0      0.006034
0.942857     0      0.005948
0.957143     0      0.005952
0.971429     0      0.00589
0.985714     0      0.005884
1     0      0.005816
1.01429     0      0.005822
1.02857     0      0.005776
1.04286     0      0.005706
1.05714     0      0.00568
1.07143     0      0.005634
1.08571     0      0.005614
1.1     0      0.005584
1.11429     0      0.005582
1.12857     0      0.005524
1.14286     0      0.005486
1.15714     0      0.00546
1.17143     0      0.005412
1.18571     0      0.005406
1.2     0      0.005376
1.21429     0      0.005334
1.22857     0      0.005312
1.24286     0      0.00529
1.25714     0      0.005282
1.27143     0      0.005252
1.28571     0      0.005178
1.3     0      0.005168
1.31429     0      0.005126
1.32857     0      0.00512
1.34286     0      0.005106
1.35714     0      0.00509
1.37143     0      0.005028
1.38571     0      0.004998
1.4     0      0.005034
1.41429     0      0.00494
1.42857     0      0.004942
1.44286     0      0.004958
1.45714     0      0.004894
1.47143     0      0.004866
1.48571     0      0.004838
1.5     0      0.004846
1.51429     0      0.004804
1.52857     0      0.004804
1.54286     0      0.004746
1.55714     0      0.004738
1.57143     0      0.004736
1.58571     0      0.004678
1.6     0      0.004698
1.61429     0      0.004664
1.62857     0      0.00461
1.64286     0      0.004632
1.65714     0      0.004594
1.67143     0      0.004584
1.68571     0      0.004578
1.7     0      0.004508
1.71429     0      0.00452
1.72857     0      0.004512
1.74286     0      0.004464
1.75714     0      0.00446
1.77143     0      0.004432
1.78571     0      0.004422
1.8     0      0.004424
1.81429     0      0.004382
1.82857     0      0.004376
1.84286     0      0.00436
1.85714     0      0.004344
1.87143     0      0.004302
1.88571     0      0.004304
1.9     0      0.004278
1.91429     0      0.004272
1.92857     0      0.004248
1.94286     0      0.00424
1.95714     0      0.004204
1.97143     0      0.004208
1.98571     0      0.00419
2     0      0.004186
2.01429     0      0.004122
2.02857     0      0.004134
2.04286     0      0.004132
2.05714     0      0.004132
2.07143     0      0.004052
2.08571     0      0.004094
2.1     0      0.004048
2.11429     0      0.004054
2.12857     0      0.00402
2.14286     0      0.004014
2.15714     0      0.00401
2.17143     0      0.003976
2.18571     0      0.003984
2.2     0      0.003958
2.21429     0      0.003954
2.22857     0      0.003932
2.24286     0      0.0003365
2.25714     0      1.0669e-36
2.27143     0      1.07803e-56
2.28571     0      2.6238e-76
2.3     0      9.12697e-90
2.31429     0      5.79748e-103
2.32857     0      0
2.34286     0      0
2.35714     0      0
2.37143     0      0
2.38571     0      0
2.4     0      0
2.41429     0      0
2.42857     0      0
2.44286     0      0
2.45714     0      0
2.47143     0      0
2.48571     0      0
2.5     0      0
2.51429     0      0
2.52857     0      0
2.54286     0      0
2.55714     0      0
2.57143     0      0
2.58571     0      0
2.6     0      0
2.61429     0      0
2.62857     0      0
2.64286     0      0
2.65714     0      0
2.67143     0      0
2.68571     0      0
2.7     0      0
2.71429     0      0
2.72857     0      0
2.74286     0      0
2.75714     0      0
2.77143     0      0
2.78571     0      0
2.8     0      0
2.81429     0      0
2.82857     0      0
2.84286     0      0
2.85714     0      0
2.87143     0      0
2.88571     0      0
2.9     0      0
2.91429     0      0
2.92857     0      0
2.94286     0      0
2.95714     0      0
2.97143     0      0
2.98571     0      0
3     0      0
3.01429     0      0
3.02857     0      0
3.04286     0      0
3.05714     0      0
3.07143     0      0
3.08571     0      0
3.1     0      0
3.11429     0      0
3.12857     0      0
3.14286     0      0
3.15714     0      0
3.17143     0      0
3.18571     0      0
3.2     0      0
3.21429     0      0
3.22857     0      0
3.24286     0      0
3.25714     0      0
3.27143     0      0
3.28571     0      0
3.3     0      0
3.31429     0      0
3.32857     0      0
3.34286     0      0
3.35714     0      0
3.37143     0      0
3.38571     0      0
3.4     0      0
3.41429     0      0
3.42857     0      0
3.44286     0      0
3.45714     0      0
3.47143     0      0
3.48571     0      0
3.5     0      0
3.51429     0      0
3.52857     0      0
3.54286     0      0
3.55714     0      0
3.57143     0      0
3.58571     0      0
3.6     0      0
3.61429     0      0
3.62857     0      0
3.64286     0      0
3.65714     0      0
3.67143     0      0
3.68571     0      0
3.7     0      0
3.71429     0      0
3.72857     0      0
3.74286     0      0
3.75714     0      0
3.77143     0      0
3.78571     0      0
3.8     0      0
3.81429     0      0
3.82857     0      0
3.84286     0      0
3.85714     0      0
3.87143     0      0
3.88571     0      0
3.9     0      0
3.91429     0      0
3.92857     0      0
3.94286     0      0
3.95714     0      0
3.97143     0      0
3.98571     0      0
4     0      0
4.01429     0      0
4.02857     0      0
4.04286     0      0
4.05714     0      0
4.07143     0      0
4.08571     0      0
4.1     0      0
4.11429     0      0
4.12857     0      0
4.14286     0      0
4.15714     0      0
4.17143     0      0
4.18571     0      0
4.2     0      0
4.21429     0      0
4.22857     0      0
4.24286     0      0
4.25714     0      0
4.27143     0      0
4.28571     0      0
4.3     0      0
4.31429     0      0
4.32857     0      0
4.34286     0      0
4.35714     0      0
4.37143     0      0
4.38571     0      0
4.4     0      0
4.41429     0      0
4.42857     0      0
4.44286     0      0
4.45714     0      0
4.47143     0      0
4.48571     0      0
4.5     0      0
4.51429     0      0
4.52857     0      0
4.54286     0      0
4.55714     0      0
4.57143     0      0
4.58571     0      0
4.6     0      0
4.61429     0      0
4.62857     0      0
4.64286     0      0
4.65714     0      0
4.67143     0      0
4.68571     0      0
4.7     0      0
4.71429     0      0
4.72857     0      0
4.74286     0      0
4.75714     0      0
4.77143     0      0
4.78571     0      0
4.8     0      0
4.81429     0      0
4.82857     0      0
4.84286     0      0
4.85714     0      0
4.87143     0      0
4.88571     0      0
4.9     0      0
4.91429     0      0
4.92857     0      0
4.94286     0      0
4.95714     0      0
4.97143     0      0
4.98571     0      0
