# U,mu,nA_up, nA_dn, nB_up, nB_dn, ms, mf, ntotal,mu,cint
#energy    dos_upn   dos_upp   dos_dnn  dos_dnp GRID=1000 bin=700
-5     0      0
-4.98571     0      0
-4.97143     0      0
-4.95714     0      0
-4.94286     0      0
-4.92857     0      0
-4.91429     0      0
-4.9     0      0
-4.88571     0      0
-4.87143     0      0
-4.85714     0      0
-4.84286     0      0
-4.82857     0      0
-4.81429     0      0
-4.8     0      0
-4.78571     0      0
-4.77143     0      0
-4.75714     0      0
-4.74286     0      0
-4.72857     0      0
-4.71429     0      0
-4.7     0      0
-4.68571     0      0
-4.67143     0      0
-4.65714     0      0
-4.64286     0      0
-4.62857     0      0
-4.61429     0      0
-4.6     0      0
-4.58571     0      0
-4.57143     0      0
-4.55714     0      0
-4.54286     0      0
-4.52857     0      0
-4.51429     0      0
-4.5     0      0
-4.48571     0      0
-4.47143     0      0
-4.45714     0      0
-4.44286     0      0
-4.42857     0      0
-4.41429     0      0
-4.4     0      0
-4.38571     0      0
-4.37143     0      0
-4.35714     0      0
-4.34286     0      0
-4.32857     0      0
-4.31429     0      0
-4.3     0      0
-4.28571     0      0
-4.27143     0      0
-4.25714     0      0
-4.24286     0      0
-4.22857     0      0
-4.21429     0      0
-4.2     0      0
-4.18571     0      0
-4.17143     0      0
-4.15714     0      0
-4.14286     0      0
-4.12857     0      0
-4.11429     0      0
-4.1     0      0
-4.08571     0      0
-4.07143     0      0
-4.05714     0      0
-4.04286     0      0
-4.02857     0      0
-4.01429     0      0
-4     0      0
-3.98571     0      0
-3.97143     0      0
-3.95714     0      0
-3.94286     0      0
-3.92857     0      0
-3.91429     0      0
-3.9     0      0
-3.88571     0      0
-3.87143     0      0
-3.85714     0      0
-3.84286     0      0
-3.82857     0      0
-3.81429     0      0
-3.8     0      0
-3.78571     0      0
-3.77143     0      0
-3.75714     0      0
-3.74286     0      0
-3.72857     0      0
-3.71429     0      0
-3.7     0      0
-3.68571     0      0
-3.67143     0      0
-3.65714     0      0
-3.64286     0      0
-3.62857     0      0
-3.61429     0      0
-3.6     0      0
-3.58571     0      0
-3.57143     0      0
-3.55714     0      0
-3.54286     0      0
-3.52857     0      0
-3.51429     0      0
-3.5     0      0
-3.48571     0      0
-3.47143     0      0
-3.45714     0      0
-3.44286     0      0
-3.42857     0      0
-3.41429     0      0
-3.4     0      0
-3.38571     0      0
-3.37143     0      0
-3.35714     0      0
-3.34286     0      0
-3.32857     0      0
-3.31429     0      0
-3.3     0      0
-3.28571     0      0
-3.27143     0      0
-3.25714     0      0
-3.24286     0      0
-3.22857     0      0
-3.21429     0      0
-3.2     0      0
-3.18571     0      0
-3.17143     0      0
-3.15714     0      0
-3.14286     0      0
-3.12857     0      0
-3.11429     0      0
-3.1     0      0
-3.08571     0      0
-3.07143     0      0
-3.05714     0      0
-3.04286     0      0
-3.02857     0      0
-3.01429     0      0
-3     0      0
-2.98571     0      0
-2.97143     0      0
-2.95714     0      0
-2.94286     0      0
-2.92857     0      0
-2.91429     0      0
-2.9     0      0
-2.88571     0      0
-2.87143     0      0
-2.85714     0      0
-2.84286     0      0
-2.82857     0      0
-2.81429     0      0
-2.8     0      0
-2.78571     0      0
-2.77143     0      0
-2.75714     0      0
-2.74286     0      0
-2.72857     0      0
-2.71429     0      0
-2.7     0      0
-2.68571     0      0
-2.67143     0      0
-2.65714     0      0
-2.64286     0      0
-2.62857     0      0
-2.61429     0      0
-2.6     0      0
-2.58571     0      0
-2.57143     0      0
-2.55714     0      0
-2.54286     0      0
-2.52857     0      0
-2.51429     0      0
-2.5     0      0
-2.48571     0      0
-2.47143     0      0
-2.45714     0      0
-2.44286     0      0
-2.42857     0      0
-2.41429     0      0
-2.4     0      0
-2.38571     0      0
-2.37143     0      0
-2.35714     0      0
-2.34286     0      0
-2.32857     0      0
-2.31429     0      0
-2.3     0      0
-2.28571     0      0
-2.27143     0      0
-2.25714     0      0
-2.24286     0      0
-2.22857     0      0
-2.21429     0      0
-2.2     0      0
-2.18571     0      0
-2.17143     0      0
-2.15714     0      0
-2.14286     0      0
-2.12857     0      0
-2.11429     0      0
-2.1     0      0
-2.08571     0      0
-2.07143     0      0
-2.05714     0      0
-2.04286     0      0
-2.02857     0      0
-2.01429     0      0
-2     0      0
-1.98571     0      0
-1.97143     0      0
-1.95714     0      0
-1.94286     0      0
-1.92857     0      0
-1.91429     0      0
-1.9     0      0
-1.88571     0      0
-1.87143     0      0
-1.85714     0      0
-1.84286     0      0
-1.82857     0      0
-1.81429     0      0
-1.8     0      0
-1.78571     0      0
-1.77143     0      0
-1.75714     0      0
-1.74286     0      0
-1.72857     0      0
-1.71429     0.0004865      0
-1.7     0.005442      0
-1.68571     0.00547      0
-1.67143     0.005466      0
-1.65714     0.005506      0
-1.64286     0.00551      0
-1.62857     0.005544      0
-1.61429     0.005548      0
-1.6     0.005606      0
-1.58571     0.00559      0
-1.57143     0.005614      0
-1.55714     0.005652      0
-1.54286     0.00568      0
-1.52857     0.005672      0
-1.51429     0.0057      0
-1.5     0.00574      0
-1.48571     0.00577      0
-1.47143     0.00577      0
-1.45714     0.005798      0
-1.44286     0.005836      0
-1.42857     0.00584      0
-1.41429     0.005868      0
-1.4     0.005894      0
-1.38571     0.00592      0
-1.37143     0.005982      0
-1.35714     0.005972      0
-1.34286     0.005992      0
-1.32857     0.006022      0
-1.31429     0.006048      0
-1.3     0.00609      0
-1.28571     0.006092      0
-1.27143     0.006156      0
-1.25714     0.006164      0
-1.24286     0.006174      0
-1.22857     0.00622      0
-1.21429     0.006264      0
-1.2     0.0063      0
-1.18571     0.006306      0
-1.17143     0.006352      0
-1.15714     0.006402      0
-1.14286     0.006378      0
-1.12857     0.006462      0
-1.11429     0.006446      0
-1.1     0.00654      0
-1.08571     0.006516      0
-1.07143     0.006602      0
-1.05714     0.006578      0
-1.04286     0.00667      0
-1.02857     0.006726      0
-1.01429     0.006704      0
-1     0.00675      0
-0.985714     0.006788      0
-0.971429     0.006864      0
-0.957143     0.006896      0
-0.942857     0.006922      0
-0.928571     0.006968      0
-0.914286     0.007014      0
-0.9     0.007048      0
-0.885714     0.007106      0
-0.871429     0.007116      0
-0.857143     0.007172      0
-0.842857     0.00728      0
-0.828571     0.007286      0
-0.814286     0.007356      0
-0.8     0.007354      0
-0.785714     0.007484      0
-0.771429     0.00751      0
-0.757143     0.007538      0
-0.742857     0.007626      0
-0.728571     0.007616      0
-0.714286     0.007782      0
-0.7     0.00776      0
-0.685714     0.00788      0
-0.671429     0.007934      0
-0.657143     0.00801      0
-0.642857     0.00805      0
-0.628571     0.008102      0
-0.614286     0.00825      0
-0.6     0.008296      0
-0.585714     0.00837      0
-0.571429     0.008458      0
-0.557143     0.00856      0
-0.542857     0.00861      0
-0.528571     0.0087      0
-0.514286     0.00886      0
-0.5     0.008966      0
-0.485714     0.009024      0
-0.471429     0.009172      0
-0.457143     0.009216      0
-0.442857     0.009428      0
-0.428571     0.009528      0
-0.414286     0.009714      0
-0.4     0.009852      0
-0.385714     0.010006      0
-0.371429     0.01021      0
-0.357143     0.01035      0
-0.342857     0.010566      0
-0.328571     0.010824      0
-0.314286     0.011096      0
-0.3     0.01137      0
-0.285714     0.011736      0
-0.271429     0.012138      0
-0.257143     0.012616      0
-0.242857     0.013132      0
-0.228571     0.013714      0
-0.214286     0.014838      0
-0.2     0.016298      0
-0.185714     0.018626      0
-0.171429     0.0357665      0
-0.157143     0.032542      0
-0.142857     0.019226      0
-0.128571     0.015208      0
-0.114286     0.012838      0
-0.1     0.011276      0
-0.0857143     0.010048      0
-0.0714286     0.009112      0
-0.0571429     0.008264      0
-0.0428571     0.007564      0
-0.0285714     0.007002      0
-0.0142857     0.006337      0
0     0      0
0.0142857     0      0
0.0285714     0      0
0.0428571     0      0
0.0571429     0      0
0.0714286     0      0
0.0857143     0      0
0.1     0      0
0.114286     0      0.0013005
0.128571     0      0.019182
0.142857     0      0.014662
0.157143     0      0.013166
0.171429     0      0.012486
0.185714     0      0.012146
0.2     0      0.011976
0.214286     0      0.012094
0.228571     0      0.012224
0.242857     0      0.012704
0.257143     0      0.013426
0.271429     0      0.015384
0.285714     0      0.016871
0.3     0      0.013466
0.314286     0      0.012342
0.328571     0      0.011622
0.342857     0      0.011092
0.357143     0      0.010646
0.371429     0      0.010264
0.385714     0      0.010002
0.4     0      0.009762
0.414286     0      0.009442
0.428571     0      0.009338
0.442857     0      0.009082
0.457143     0      0.008936
0.471429     0      0.00879
0.485714     0      0.008616
0.5     0      0.008506
0.514286     0      0.00836
0.528571     0      0.00827
0.542857     0      0.008172
0.557143     0      0.008006
0.571429     0      0.007888
0.585714     0      0.007848
0.6     0      0.007762
0.614286     0      0.007608
0.628571     0      0.007588
0.642857     0      0.007504
0.657143     0      0.007386
0.671429     0      0.007306
0.685714     0      0.007268
0.7     0      0.00719
0.714286     0      0.007066
0.728571     0      0.007084
0.742857     0      0.00698
0.757143     0      0.0069
0.771429     0      0.006876
0.785714     0      0.00679
0.8     0      0.006738
0.814286     0      0.006708
0.828571     0      0.00661
0.842857     0      0.006556
0.857143     0      0.006536
0.871429     0      0.006522
0.885714     0      0.006356
0.9     0      0.006392
0.914286     0      0.006358
0.928571     0      0.00629
0.942857     0      0.006232
0.957143     0      0.006202
0.971429     0      0.006144
0.985714     0      0.00608
1     0      0.006058
1.01429     0      0.006024
1.02857     0      0.006006
1.04286     0      0.005932
1.05714     0      0.0059
1.07143     0      0.005874
1.08571     0      0.005806
1.1     0      0.005782
1.11429     0      0.005748
1.12857     0      0.005712
1.14286     0      0.005698
1.15714     0      0.005648
1.17143     0      0.005594
1.18571     0      0.005576
1.2     0      0.005562
1.21429     0      0.005536
1.22857     0      0.005478
1.24286     0      0.00546
1.25714     0      0.00543
1.27143     0      0.005376
1.28571     0      0.00535
1.3     0      0.005356
1.31429     0      0.005298
1.32857     0      0.005264
1.34286     0      0.005242
1.35714     0      0.005188
1.37143     0      0.00523
1.38571     0      0.00514
1.4     0      0.00515
1.41429     0      0.00511
1.42857     0      0.00506
1.44286     0      0.005094
1.45714     0      0.005034
1.47143     0      0.00496
1.48571     0      0.005048
1.5     0      0.004938
1.51429     0      0.004924
1.52857     0      0.00491
1.54286     0      0.004886
1.55714     0      0.00487
1.57143     0      0.004856
1.58571     0      0.004776
1.6     0      0.00479
1.61429     0      0.004818
1.62857     0      0.004712
1.64286     0      0.00471
1.65714     0      0.004744
1.67143     0      0.004666
1.68571     0      0.004666
1.7     0      0.004644
1.71429     0      0.004638
1.72857     0      0.004564
1.74286     0      0.004604
1.75714     0      0.00457
1.77143     0      0.004516
1.78571     0      0.004548
1.8     0      0.0045
1.81429     0      0.004476
1.82857     0      0.004468
1.84286     0      0.004438
1.85714     0      0.004412
1.87143     0      0.004434
1.88571     0      0.004404
1.9     0      0.004342
1.91429     0      0.004394
1.92857     0      0.00429
1.94286     0      0.004334
1.95714     0      0.00431
1.97143     0      0.004292
1.98571     0      0.00423
2     0      0.004264
2.01429     0      0.00424
2.02857     0      0.004218
2.04286     0      0.004232
2.05714     0      0.004166
2.07143     0      0.004178
2.08571     0      0.004128
2.1     0      0.004168
2.11429     0      0.004108
2.12857     0      0.004098
2.14286     0      0.004126
2.15714     0      0.004056
2.17143     0      0.004052
2.18571     0      0.004042
2.2     0      0.00405
2.21429     0      0.003998
2.22857     0      0.004014
2.24286     0      0.003984
2.25714     0      0.003968
2.27143     0      0.003958
2.28571     0      0.003952
2.3     0      0.0024985
2.31429     0      1.55625e-10
2.32857     0      0
2.34286     0      0
2.35714     0      0
2.37143     0      0
2.38571     0      0
2.4     0      0
2.41429     0      0
2.42857     0      0
2.44286     0      0
2.45714     0      0
2.47143     0      0
2.48571     0      0
2.5     0      0
2.51429     0      0
2.52857     0      0
2.54286     0      0
2.55714     0      0
2.57143     0      0
2.58571     0      0
2.6     0      0
2.61429     0      0
2.62857     0      0
2.64286     0      0
2.65714     0      0
2.67143     0      0
2.68571     0      0
2.7     0      0
2.71429     0      0
2.72857     0      0
2.74286     0      0
2.75714     0      0
2.77143     0      0
2.78571     0      0
2.8     0      0
2.81429     0      0
2.82857     0      0
2.84286     0      0
2.85714     0      0
2.87143     0      0
2.88571     0      0
2.9     0      0
2.91429     0      0
2.92857     0      0
2.94286     0      0
2.95714     0      0
2.97143     0      0
2.98571     0      0
3     0      0
3.01429     0      0
3.02857     0      0
3.04286     0      0
3.05714     0      0
3.07143     0      0
3.08571     0      0
3.1     0      0
3.11429     0      0
3.12857     0      0
3.14286     0      0
3.15714     0      0
3.17143     0      0
3.18571     0      0
3.2     0      0
3.21429     0      0
3.22857     0      0
3.24286     0      0
3.25714     0      0
3.27143     0      0
3.28571     0      0
3.3     0      0
3.31429     0      0
3.32857     0      0
3.34286     0      0
3.35714     0      0
3.37143     0      0
3.38571     0      0
3.4     0      0
3.41429     0      0
3.42857     0      0
3.44286     0      0
3.45714     0      0
3.47143     0      0
3.48571     0      0
3.5     0      0
3.51429     0      0
3.52857     0      0
3.54286     0      0
3.55714     0      0
3.57143     0      0
3.58571     0      0
3.6     0      0
3.61429     0      0
3.62857     0      0
3.64286     0      0
3.65714     0      0
3.67143     0      0
3.68571     0      0
3.7     0      0
3.71429     0      0
3.72857     0      0
3.74286     0      0
3.75714     0      0
3.77143     0      0
3.78571     0      0
3.8     0      0
3.81429     0      0
3.82857     0      0
3.84286     0      0
3.85714     0      0
3.87143     0      0
3.88571     0      0
3.9     0      0
3.91429     0      0
3.92857     0      0
3.94286     0      0
3.95714     0      0
3.97143     0      0
3.98571     0      0
4     0      0
4.01429     0      0
4.02857     0      0
4.04286     0      0
4.05714     0      0
4.07143     0      0
4.08571     0      0
4.1     0      0
4.11429     0      0
4.12857     0      0
4.14286     0      0
4.15714     0      0
4.17143     0      0
4.18571     0      0
4.2     0      0
4.21429     0      0
4.22857     0      0
4.24286     0      0
4.25714     0      0
4.27143     0      0
4.28571     0      0
4.3     0      0
4.31429     0      0
4.32857     0      0
4.34286     0      0
4.35714     0      0
4.37143     0      0
4.38571     0      0
4.4     0      0
4.41429     0      0
4.42857     0      0
4.44286     0      0
4.45714     0      0
4.47143     0      0
4.48571     0      0
4.5     0      0
4.51429     0      0
4.52857     0      0
4.54286     0      0
4.55714     0      0
4.57143     0      0
4.58571     0      0
4.6     0      0
4.61429     0      0
4.62857     0      0
4.64286     0      0
4.65714     0      0
4.67143     0      0
4.68571     0      0
4.7     0      0
4.71429     0      0
4.72857     0      0
4.74286     0      0
4.75714     0      0
4.77143     0      0
4.78571     0      0
4.8     0      0
4.81429     0      0
4.82857     0      0
4.84286     0      0
4.85714     0      0
4.87143     0      0
4.88571     0      0
4.9     0      0
4.91429     0      0
4.92857     0      0
4.94286     0      0
4.95714     0      0
4.97143     0      0
4.98571     0      0
