# U,mu,nA_up, nA_dn, nB_up, nB_dn, ms, mf, ntotal,mu,cint
#energy    dos_upn   dos_upp   dos_dnn  dos_dnp GRID=1000 bin=700
-5     0      0
-4.98571     0      0
-4.97143     0      0
-4.95714     0      0
-4.94286     0      0
-4.92857     0      0
-4.91429     0      0
-4.9     0      0
-4.88571     0      0
-4.87143     0      0
-4.85714     0      0
-4.84286     0      0
-4.82857     0      0
-4.81429     0      0
-4.8     0      0
-4.78571     0      0
-4.77143     0      0
-4.75714     0      0
-4.74286     0      0
-4.72857     0      0
-4.71429     0      0
-4.7     0      0
-4.68571     0      0
-4.67143     0      0
-4.65714     0      0
-4.64286     0      0
-4.62857     0      0
-4.61429     0      0
-4.6     0      0
-4.58571     0      0
-4.57143     0      0
-4.55714     0      0
-4.54286     0      0
-4.52857     0      0
-4.51429     0      0
-4.5     0      0
-4.48571     0      0
-4.47143     0      0
-4.45714     0      0
-4.44286     0      0
-4.42857     0      0
-4.41429     0      0
-4.4     0      0
-4.38571     0      0
-4.37143     0      0
-4.35714     0      0
-4.34286     0      0
-4.32857     0      0
-4.31429     0      0
-4.3     0      0
-4.28571     0      0
-4.27143     0      0
-4.25714     0      0
-4.24286     0      0
-4.22857     0      0
-4.21429     0      0
-4.2     0      0
-4.18571     0      0
-4.17143     0      0
-4.15714     0      0
-4.14286     0      0
-4.12857     0      0
-4.11429     0      0
-4.1     0      0
-4.08571     0      0
-4.07143     0      0
-4.05714     0      0
-4.04286     0      0
-4.02857     0      0
-4.01429     0      0
-4     0      0
-3.98571     0      0
-3.97143     0      0
-3.95714     0      0
-3.94286     0      0
-3.92857     0      0
-3.91429     0      0
-3.9     0      0
-3.88571     0      0
-3.87143     0      0
-3.85714     0      0
-3.84286     0      0
-3.82857     0      0
-3.81429     0      0
-3.8     0      0
-3.78571     0      0
-3.77143     0      0
-3.75714     0      0
-3.74286     0      0
-3.72857     0      0
-3.71429     0      0
-3.7     0      0
-3.68571     0      0
-3.67143     0      0
-3.65714     0      0
-3.64286     0      0
-3.62857     0      0
-3.61429     0      0
-3.6     0      0
-3.58571     0      0
-3.57143     0      0
-3.55714     0      0
-3.54286     0      0
-3.52857     0      0
-3.51429     0      0
-3.5     0      0
-3.48571     0      0
-3.47143     0      0
-3.45714     0      0
-3.44286     0      0
-3.42857     0      0
-3.41429     0      0
-3.4     0      0
-3.38571     0      0
-3.37143     0      0
-3.35714     0      0
-3.34286     0      0
-3.32857     0      0
-3.31429     0      0
-3.3     0      0
-3.28571     0      0
-3.27143     0      0
-3.25714     0      0
-3.24286     0      0
-3.22857     0      0
-3.21429     0      0
-3.2     0      0
-3.18571     0      0
-3.17143     0      0
-3.15714     0      0
-3.14286     0      0
-3.12857     0      0
-3.11429     0      0
-3.1     0      0
-3.08571     0      0
-3.07143     0      0
-3.05714     0      0
-3.04286     0      0
-3.02857     0      0
-3.01429     0      0
-3     0      0
-2.98571     0      0
-2.97143     0      0
-2.95714     0      0
-2.94286     0      0
-2.92857     0      0
-2.91429     0      0
-2.9     0      0
-2.88571     0      0
-2.87143     0      0
-2.85714     0      0
-2.84286     0      0
-2.82857     0      0
-2.81429     0      0
-2.8     0      0
-2.78571     0      0
-2.77143     0      0
-2.75714     0      0
-2.74286     0      0
-2.72857     0      0
-2.71429     0      0
-2.7     0      0
-2.68571     0      0
-2.67143     0      0
-2.65714     0      0
-2.64286     0      0
-2.62857     0      0
-2.61429     0      0
-2.6     0      0
-2.58571     0      0
-2.57143     0      0
-2.55714     0      0
-2.54286     0      0
-2.52857     0      0
-2.51429     0      0
-2.5     0      0
-2.48571     0      0
-2.47143     0      0
-2.45714     0      0
-2.44286     0      0
-2.42857     0      0
-2.41429     0      0
-2.4     0      0
-2.38571     0      0
-2.37143     0      0
-2.35714     0      0
-2.34286     0      0
-2.32857     0      0
-2.31429     0      0
-2.3     0      0
-2.28571     0      0
-2.27143     0      0
-2.25714     0      0
-2.24286     0      0
-2.22857     0      0
-2.21429     0      0
-2.2     0      0
-2.18571     0      0
-2.17143     0      0
-2.15714     0      0
-2.14286     0      0
-2.12857     0      0
-2.11429     0      0
-2.1     0      0
-2.08571     0      0
-2.07143     0      0
-2.05714     0      0
-2.04286     0      0
-2.02857     0      0
-2.01429     0      0
-2     0      0
-1.98571     0      0
-1.97143     0      0
-1.95714     0      0
-1.94286     0      0
-1.92857     0      0
-1.91429     0      0
-1.9     0      0
-1.88571     0      0
-1.87143     0      0
-1.85714     0      0
-1.84286     0      0
-1.82857     0      0
-1.81429     0      0
-1.8     0      0
-1.78571     0      0
-1.77143     0      0
-1.75714     0.0003365      0
-1.74286     0.005432      0
-1.72857     0.005458      0
-1.71429     0.005472      0
-1.7     0.005474      0
-1.68571     0.005528      0
-1.67143     0.005498      0
-1.65714     0.005568      0
-1.64286     0.005578      0
-1.62857     0.005596      0
-1.61429     0.005594      0
-1.6     0.005646      0
-1.58571     0.005646      0
-1.57143     0.005686      0
-1.55714     0.00566      0
-1.54286     0.005754      0
-1.52857     0.00573      0
-1.51429     0.005752      0
-1.5     0.005818      0
-1.48571     0.005806      0
-1.47143     0.005832      0
-1.45714     0.005846      0
-1.44286     0.005904      0
-1.42857     0.005908      0
-1.41429     0.005922      0
-1.4     0.00596      0
-1.38571     0.005978      0
-1.37143     0.006002      0
-1.35714     0.006074      0
-1.34286     0.006036      0
-1.32857     0.006068      0
-1.31429     0.006102      0
-1.3     0.006206      0
-1.28571     0.006164      0
-1.27143     0.006188      0
-1.25714     0.006204      0
-1.24286     0.006278      0
-1.22857     0.006282      0
-1.21429     0.006338      0
-1.2     0.006352      0
-1.18571     0.006394      0
-1.17143     0.006382      0
-1.15714     0.00645      0
-1.14286     0.00649      0
-1.12857     0.006514      0
-1.11429     0.006518      0
-1.1     0.00663      0
-1.08571     0.006592      0
-1.07143     0.006684      0
-1.05714     0.006656      0
-1.04286     0.00673      0
-1.02857     0.006744      0
-1.01429     0.00685      0
-1     0.00684      0
-0.985714     0.006882      0
-0.971429     0.006924      0
-0.957143     0.006942      0
-0.942857     0.007036      0
-0.928571     0.007004      0
-0.914286     0.00711      0
-0.9     0.00714      0
-0.885714     0.007198      0
-0.871429     0.00722      0
-0.857143     0.007276      0
-0.842857     0.007356      0
-0.828571     0.007366      0
-0.814286     0.007416      0
-0.8     0.007514      0
-0.785714     0.007482      0
-0.771429     0.007622      0
-0.757143     0.007632      0
-0.742857     0.007742      0
-0.728571     0.007754      0
-0.714286     0.007822      0
-0.7     0.007902      0
-0.685714     0.007914      0
-0.671429     0.008074      0
-0.657143     0.008074      0
-0.642857     0.008156      0
-0.628571     0.008182      0
-0.614286     0.008368      0
-0.6     0.008408      0
-0.585714     0.008454      0
-0.571429     0.008536      0
-0.557143     0.008622      0
-0.542857     0.008764      0
-0.528571     0.00886      0
-0.514286     0.008926      0
-0.5     0.009018      0
-0.485714     0.009154      0
-0.471429     0.009258      0
-0.457143     0.009354      0
-0.442857     0.00949      0
-0.428571     0.00964      0
-0.414286     0.009762      0
-0.4     0.0099      0
-0.385714     0.010046      0
-0.371429     0.010298      0
-0.357143     0.010432      0
-0.342857     0.010646      0
-0.328571     0.01084      0
-0.314286     0.01111      0
-0.3     0.011374      0
-0.285714     0.011668      0
-0.271429     0.011996      0
-0.257143     0.01229      0
-0.242857     0.01324      0
-0.228571     0.013524      0
-0.214286     0.014434      0
-0.2     0.01575      0
-0.185714     0.018072      0
-0.171429     0.0336765      0
-0.157143     0.027518      0
-0.142857     0.016774      0
-0.128571     0.01329      0
-0.114286     0.011246      0
-0.1     0.009934      0
-0.0857143     0.008732      0
-0.0714286     0.007896      0
-0.0571429     0.007134      0
-0.0428571     0.006482      0
-0.0285714     0.005876      0
-0.0142857     0.005317      0
0     0      0
0.0142857     0      0
0.0285714     0      0.0083065
0.0428571     0      0.015246
0.0571429     0      0.012632
0.0714286     0      0.011684
0.0857143     0      0.01118
0.1     0      0.010998
0.114286     0      0.010994
0.128571     0      0.011126
0.142857     0      0.011376
0.157143     0      0.01184
0.171429     0      0.012706
0.185714     0      0.015491
0.2     0      0.013834
0.214286     0      0.012226
0.228571     0      0.01152
0.242857     0      0.010938
0.257143     0      0.010518
0.271429     0      0.010238
0.285714     0      0.009948
0.3     0      0.00968
0.314286     0      0.009484
0.328571     0      0.009324
0.342857     0      0.00914
0.357143     0      0.008976
0.371429     0      0.008834
0.385714     0      0.008646
0.4     0      0.008594
0.414286     0      0.008442
0.428571     0      0.008342
0.442857     0      0.008174
0.457143     0      0.008146
0.471429     0      0.00806
0.485714     0      0.007886
0.5     0      0.007812
0.514286     0      0.007734
0.528571     0      0.00769
0.542857     0      0.007578
0.557143     0      0.007502
0.571429     0      0.007422
0.585714     0      0.007368
0.6     0      0.00727
0.614286     0      0.007226
0.628571     0      0.007162
0.642857     0      0.007056
0.657143     0      0.007068
0.671429     0      0.006918
0.685714     0      0.006966
0.7     0      0.00682
0.714286     0      0.006774
0.728571     0      0.006724
0.742857     0      0.0067
0.757143     0      0.006644
0.771429     0      0.006576
0.785714     0      0.006524
0.8     0      0.006494
0.814286     0      0.006388
0.828571     0      0.006372
0.842857     0      0.006378
0.857143     0      0.006268
0.871429     0      0.006268
0.885714     0      0.006222
0.9     0      0.006132
0.914286     0      0.006124
0.928571     0      0.006078
0.942857     0      0.00604
0.957143     0      0.005972
0.971429     0      0.005986
0.985714     0      0.005908
1     0      0.005872
1.01429     0      0.005838
1.02857     0      0.005844
1.04286     0      0.005794
1.05714     0      0.005716
1.07143     0      0.005696
1.08571     0      0.005678
1.1     0      0.005618
1.11429     0      0.005606
1.12857     0      0.00558
1.14286     0      0.00554
1.15714     0      0.005498
1.17143     0      0.005448
1.18571     0      0.00545
1.2     0      0.00544
1.21429     0      0.005378
1.22857     0      0.005348
1.24286     0      0.005318
1.25714     0      0.005316
1.27143     0      0.005266
1.28571     0      0.005244
1.3     0      0.005214
1.31429     0      0.005182
1.32857     0      0.005168
1.34286     0      0.00511
1.35714     0      0.005096
1.37143     0      0.005122
1.38571     0      0.005014
1.4     0      0.005028
1.41429     0      0.005022
1.42857     0      0.004966
1.44286     0      0.004972
1.45714     0      0.004968
1.47143     0      0.004886
1.48571     0      0.00488
1.5     0      0.004846
1.51429     0      0.004854
1.52857     0      0.004828
1.54286     0      0.004782
1.55714     0      0.004764
1.57143     0      0.00475
1.58571     0      0.00474
1.6     0      0.004698
1.61429     0      0.004698
1.62857     0      0.004656
1.64286     0      0.004662
1.65714     0      0.00462
1.67143     0      0.004598
1.68571     0      0.004584
1.7     0      0.004568
1.71429     0      0.004534
1.72857     0      0.00451
1.74286     0      0.004516
1.75714     0      0.004498
1.77143     0      0.004432
1.78571     0      0.004462
1.8     0      0.00446
1.81429     0      0.00438
1.82857     0      0.00439
1.84286     0      0.004384
1.85714     0      0.004406
1.87143     0      0.004292
1.88571     0      0.004316
1.9     0      0.004344
1.91429     0      0.004254
1.92857     0      0.004296
1.94286     0      0.00424
1.95714     0      0.004234
1.97143     0      0.004236
1.98571     0      0.004202
2     0      0.00419
2.01429     0      0.004152
2.02857     0      0.00418
2.04286     0      0.004148
2.05714     0      0.004122
2.07143     0      0.00411
2.08571     0      0.004102
2.1     0      0.004066
2.11429     0      0.004076
2.12857     0      0.004036
2.14286     0      0.004054
2.15714     0      0.004004
2.17143     0      0.004012
2.18571     0      0.003992
2.2     0      0.003976
2.21429     0      0.003964
2.22857     0      0.003948
2.24286     0      0.003932
2.25714     0      0.0010925
2.27143     0      1.10391e-23
2.28571     0      2.68677e-43
2.3     0      9.34602e-57
2.31429     0      5.93662e-70
2.32857     0      0
2.34286     0      0
2.35714     0      0
2.37143     0      0
2.38571     0      0
2.4     0      0
2.41429     0      0
2.42857     0      0
2.44286     0      0
2.45714     0      0
2.47143     0      0
2.48571     0      0
2.5     0      0
2.51429     0      0
2.52857     0      0
2.54286     0      0
2.55714     0      0
2.57143     0      0
2.58571     0      0
2.6     0      0
2.61429     0      0
2.62857     0      0
2.64286     0      0
2.65714     0      0
2.67143     0      0
2.68571     0      0
2.7     0      0
2.71429     0      0
2.72857     0      0
2.74286     0      0
2.75714     0      0
2.77143     0      0
2.78571     0      0
2.8     0      0
2.81429     0      0
2.82857     0      0
2.84286     0      0
2.85714     0      0
2.87143     0      0
2.88571     0      0
2.9     0      0
2.91429     0      0
2.92857     0      0
2.94286     0      0
2.95714     0      0
2.97143     0      0
2.98571     0      0
3     0      0
3.01429     0      0
3.02857     0      0
3.04286     0      0
3.05714     0      0
3.07143     0      0
3.08571     0      0
3.1     0      0
3.11429     0      0
3.12857     0      0
3.14286     0      0
3.15714     0      0
3.17143     0      0
3.18571     0      0
3.2     0      0
3.21429     0      0
3.22857     0      0
3.24286     0      0
3.25714     0      0
3.27143     0      0
3.28571     0      0
3.3     0      0
3.31429     0      0
3.32857     0      0
3.34286     0      0
3.35714     0      0
3.37143     0      0
3.38571     0      0
3.4     0      0
3.41429     0      0
3.42857     0      0
3.44286     0      0
3.45714     0      0
3.47143     0      0
3.48571     0      0
3.5     0      0
3.51429     0      0
3.52857     0      0
3.54286     0      0
3.55714     0      0
3.57143     0      0
3.58571     0      0
3.6     0      0
3.61429     0      0
3.62857     0      0
3.64286     0      0
3.65714     0      0
3.67143     0      0
3.68571     0      0
3.7     0      0
3.71429     0      0
3.72857     0      0
3.74286     0      0
3.75714     0      0
3.77143     0      0
3.78571     0      0
3.8     0      0
3.81429     0      0
3.82857     0      0
3.84286     0      0
3.85714     0      0
3.87143     0      0
3.88571     0      0
3.9     0      0
3.91429     0      0
3.92857     0      0
3.94286     0      0
3.95714     0      0
3.97143     0      0
3.98571     0      0
4     0      0
4.01429     0      0
4.02857     0      0
4.04286     0      0
4.05714     0      0
4.07143     0      0
4.08571     0      0
4.1     0      0
4.11429     0      0
4.12857     0      0
4.14286     0      0
4.15714     0      0
4.17143     0      0
4.18571     0      0
4.2     0      0
4.21429     0      0
4.22857     0      0
4.24286     0      0
4.25714     0      0
4.27143     0      0
4.28571     0      0
4.3     0      0
4.31429     0      0
4.32857     0      0
4.34286     0      0
4.35714     0      0
4.37143     0      0
4.38571     0      0
4.4     0      0
4.41429     0      0
4.42857     0      0
4.44286     0      0
4.45714     0      0
4.47143     0      0
4.48571     0      0
4.5     0      0
4.51429     0      0
4.52857     0      0
4.54286     0      0
4.55714     0      0
4.57143     0      0
4.58571     0      0
4.6     0      0
4.61429     0      0
4.62857     0      0
4.64286     0      0
4.65714     0      0
4.67143     0      0
4.68571     0      0
4.7     0      0
4.71429     0      0
4.72857     0      0
4.74286     0      0
4.75714     0      0
4.77143     0      0
4.78571     0      0
4.8     0      0
4.81429     0      0
4.82857     0      0
4.84286     0      0
4.85714     0      0
4.87143     0      0
4.88571     0      0
4.9     0      0
4.91429     0      0
4.92857     0      0
4.94286     0      0
4.95714     0      0
4.97143     0      0
4.98571     0      0
