# U,mu,nA_up, nA_dn, nB_up, nB_dn, ms, mf, ntotal,mu,cint
#energy    dos_upn   dos_upp   dos_dnn  dos_dnp GRID=1000 bin=700
-5     0      0
-4.98571     0      0
-4.97143     0      0
-4.95714     0      0
-4.94286     0      0
-4.92857     0      0
-4.91429     0      0
-4.9     0      0
-4.88571     0      0
-4.87143     0      0
-4.85714     0      0
-4.84286     0      0
-4.82857     0      0
-4.81429     0      0
-4.8     0      0
-4.78571     0      0
-4.77143     0      0
-4.75714     0      0
-4.74286     0      0
-4.72857     0      0
-4.71429     0      0
-4.7     0      0
-4.68571     0      0
-4.67143     0      0
-4.65714     0      0
-4.64286     0      0
-4.62857     0      0
-4.61429     0      0
-4.6     0      0
-4.58571     0      0
-4.57143     0      0
-4.55714     0      0
-4.54286     0      0
-4.52857     0      0
-4.51429     0      0
-4.5     0      0
-4.48571     0      0
-4.47143     0      0
-4.45714     0      0
-4.44286     0      0
-4.42857     0      0
-4.41429     0      0
-4.4     0      0
-4.38571     0      0
-4.37143     0      0
-4.35714     0      0
-4.34286     0      0
-4.32857     0      0
-4.31429     0      0
-4.3     0      0
-4.28571     0      0
-4.27143     0      0
-4.25714     0      0
-4.24286     0      0
-4.22857     0      0
-4.21429     0      0
-4.2     0      0
-4.18571     0      0
-4.17143     0      0
-4.15714     0      0
-4.14286     0      0
-4.12857     0      0
-4.11429     0      0
-4.1     0      0
-4.08571     0      0
-4.07143     0      0
-4.05714     0      0
-4.04286     0      0
-4.02857     0      0
-4.01429     0      0
-4     0      0
-3.98571     0      0
-3.97143     0      0
-3.95714     0      0
-3.94286     0      0
-3.92857     0      0
-3.91429     0      0
-3.9     0      0
-3.88571     0      0
-3.87143     0      0
-3.85714     0      0
-3.84286     0      0
-3.82857     0      0
-3.81429     0      0
-3.8     0      0
-3.78571     0      0
-3.77143     0      0
-3.75714     0      0
-3.74286     0      0
-3.72857     0      0
-3.71429     0      0
-3.7     0      0
-3.68571     0      0
-3.67143     0      0
-3.65714     0      0
-3.64286     0      0
-3.62857     0      0
-3.61429     0      0
-3.6     0      0
-3.58571     0      0
-3.57143     0      0
-3.55714     0      0
-3.54286     0      0
-3.52857     0      0
-3.51429     0      0
-3.5     0      0
-3.48571     0      0
-3.47143     0      0
-3.45714     0      0
-3.44286     0      0
-3.42857     0      0
-3.41429     0      0
-3.4     0      0
-3.38571     0      0
-3.37143     0      0
-3.35714     0      0
-3.34286     0      0
-3.32857     0      0
-3.31429     0      0
-3.3     0      0
-3.28571     0      0
-3.27143     0      0
-3.25714     0      0
-3.24286     0      0
-3.22857     0      0
-3.21429     0      0
-3.2     0      0
-3.18571     0      0
-3.17143     0      0
-3.15714     0      0
-3.14286     0      0
-3.12857     0      0
-3.11429     0      0
-3.1     0      0
-3.08571     0      0
-3.07143     0      0
-3.05714     0      0
-3.04286     0      0
-3.02857     0      0
-3.01429     0      0
-3     0      0
-2.98571     0      0
-2.97143     0      0
-2.95714     0      0
-2.94286     0      0
-2.92857     0      0
-2.91429     0      0
-2.9     0      0
-2.88571     0      0
-2.87143     0      0
-2.85714     0      0
-2.84286     0      0
-2.82857     0      0
-2.81429     0      0
-2.8     0      0
-2.78571     0      0
-2.77143     0      0
-2.75714     0      0
-2.74286     0      0
-2.72857     0      0
-2.71429     0      0
-2.7     0      0
-2.68571     0      0
-2.67143     0      0
-2.65714     0      0
-2.64286     0      0
-2.62857     0      0
-2.61429     0      0
-2.6     0      0
-2.58571     0      0
-2.57143     0      0
-2.55714     0      0
-2.54286     0      0
-2.52857     0      0
-2.51429     0      0
-2.5     0      0
-2.48571     0      0
-2.47143     0      0
-2.45714     0      0
-2.44286     0      0
-2.42857     0      0
-2.41429     0      0
-2.4     0      0
-2.38571     0      0
-2.37143     0      0
-2.35714     0      0
-2.34286     0      0
-2.32857     0      0
-2.31429     0      0
-2.3     0      0
-2.28571     0      0
-2.27143     0      0
-2.25714     0      0
-2.24286     0      0
-2.22857     0      0
-2.21429     0      0
-2.2     0      0
-2.18571     0      0
-2.17143     0      0
-2.15714     0      0
-2.14286     0      0
-2.12857     0      0
-2.11429     0      0
-2.1     0      0
-2.08571     0      0
-2.07143     0      0
-2.05714     0      0
-2.04286     0      0
-2.02857     0      0
-2.01429     0      0
-2     0      0
-1.98571     0      0
-1.97143     0      0
-1.95714     0      0
-1.94286     0      0
-1.92857     0      0
-1.91429     0      0
-1.9     0      0
-1.88571     0      0
-1.87143     0      0
-1.85714     0      0
-1.84286     0      0
-1.82857     0      0
-1.81429     0      0
-1.8     0      0
-1.78571     0      0
-1.77143     0      0
-1.75714     0      0
-1.74286     0.0045625      0
-1.72857     0.00544      0
-1.71429     0.005472      0
-1.7     0.005482      0
-1.68571     0.00551      0
-1.67143     0.005532      0
-1.65714     0.005544      0
-1.64286     0.00557      0
-1.62857     0.005566      0
-1.61429     0.005602      0
-1.6     0.005662      0
-1.58571     0.005622      0
-1.57143     0.005666      0
-1.55714     0.005706      0
-1.54286     0.005734      0
-1.52857     0.005732      0
-1.51429     0.005758      0
-1.5     0.005756      0
-1.48571     0.005826      0
-1.47143     0.005832      0
-1.45714     0.005834      0
-1.44286     0.005892      0
-1.42857     0.005904      0
-1.41429     0.005914      0
-1.4     0.005986      0
-1.38571     0.005962      0
-1.37143     0.006022      0
-1.35714     0.006012      0
-1.34286     0.006062      0
-1.32857     0.006096      0
-1.31429     0.006104      0
-1.3     0.00612      0
-1.28571     0.006174      0
-1.27143     0.0062      0
-1.25714     0.006244      0
-1.24286     0.006238      0
-1.22857     0.006272      0
-1.21429     0.006326      0
-1.2     0.006344      0
-1.18571     0.006378      0
-1.17143     0.00643      0
-1.15714     0.006442      0
-1.14286     0.006484      0
-1.12857     0.00646      0
-1.11429     0.006598      0
-1.1     0.006528      0
-1.08571     0.006616      0
-1.07143     0.006658      0
-1.05714     0.006728      0
-1.04286     0.006698      0
-1.02857     0.006744      0
-1.01429     0.006806      0
-1     0.006824      0
-0.985714     0.006858      0
-0.971429     0.00695      0
-0.957143     0.006916      0
-0.942857     0.007016      0
-0.928571     0.007044      0
-0.914286     0.007098      0
-0.9     0.007148      0
-0.885714     0.007178      0
-0.871429     0.00724      0
-0.857143     0.007246      0
-0.842857     0.007316      0
-0.828571     0.007372      0
-0.814286     0.007444      0
-0.8     0.007452      0
-0.785714     0.007526      0
-0.771429     0.00763      0
-0.757143     0.007606      0
-0.742857     0.007746      0
-0.728571     0.0077      0
-0.714286     0.00785      0
-0.7     0.007904      0
-0.685714     0.007908      0
-0.671429     0.008034      0
-0.657143     0.008096      0
-0.642857     0.008158      0
-0.628571     0.008166      0
-0.614286     0.008346      0
-0.6     0.008378      0
-0.585714     0.00848      0
-0.571429     0.00853      0
-0.557143     0.008616      0
-0.542857     0.00871      0
-0.528571     0.008884      0
-0.514286     0.008936      0
-0.5     0.008998      0
-0.485714     0.00915      0
-0.471429     0.009218      0
-0.457143     0.009386      0
-0.442857     0.009468      0
-0.428571     0.009618      0
-0.414286     0.009776      0
-0.4     0.009922      0
-0.385714     0.010052      0
-0.371429     0.010268      0
-0.357143     0.010396      0
-0.342857     0.010668      0
-0.328571     0.010872      0
-0.314286     0.011104      0
-0.3     0.011384      0
-0.285714     0.011722      0
-0.271429     0.012046      0
-0.257143     0.012532      0
-0.242857     0.013066      0
-0.228571     0.01346      0
-0.214286     0.01457      0
-0.2     0.015846      0
-0.185714     0.018154      0
-0.171429     0.0348565      0
-0.157143     0.026964      0
-0.142857     0.016808      0
-0.128571     0.0134      0
-0.114286     0.011442      0
-0.1     0.009898      0
-0.0857143     0.008892      0
-0.0714286     0.007968      0
-0.0571429     0.00723      0
-0.0428571     0.00655      0
-0.0285714     0.005918      0
-0.0142857     0.005241      0
0     0      0
0.0142857     0      0
0.0285714     0      0
0.0428571     0      0.0165465
0.0571429     0      0.01373
0.0714286     0      0.0122
0.0857143     0      0.011456
0.1     0      0.011184
0.114286     0      0.01109
0.128571     0      0.01108
0.142857     0      0.01133
0.157143     0      0.01169
0.171429     0      0.012322
0.185714     0      0.013616
0.2     0      0.015817
0.214286     0      0.012946
0.228571     0      0.011872
0.242857     0      0.011216
0.257143     0      0.010778
0.271429     0      0.010422
0.285714     0      0.010088
0.3     0      0.00987
0.314286     0      0.009562
0.328571     0      0.009438
0.342857     0      0.009186
0.357143     0      0.009084
0.371429     0      0.008896
0.385714     0      0.008784
0.4     0      0.008638
0.414286     0      0.008474
0.428571     0      0.008384
0.442857     0      0.008266
0.457143     0      0.008186
0.471429     0      0.008052
0.485714     0      0.00796
0.5     0      0.007862
0.514286     0      0.007836
0.528571     0      0.007664
0.542857     0      0.00761
0.557143     0      0.007538
0.571429     0      0.007482
0.585714     0      0.007348
0.6     0      0.007356
0.614286     0      0.007204
0.628571     0      0.00718
0.642857     0      0.007164
0.657143     0      0.00698
0.671429     0      0.007032
0.685714     0      0.006912
0.7     0      0.006892
0.714286     0      0.006812
0.728571     0      0.00672
0.742857     0      0.006706
0.757143     0      0.006668
0.771429     0      0.006594
0.785714     0      0.006578
0.8     0      0.006468
0.814286     0      0.006456
0.828571     0      0.006414
0.842857     0      0.006304
0.857143     0      0.006312
0.871429     0      0.006282
0.885714     0      0.006204
0.9     0      0.006188
0.914286     0      0.006138
0.928571     0      0.00608
0.942857     0      0.00604
0.957143     0      0.006026
0.971429     0      0.005964
0.985714     0      0.005932
1     0      0.00589
1.01429     0      0.005884
1.02857     0      0.005834
1.04286     0      0.005772
1.05714     0      0.005772
1.07143     0      0.005706
1.08571     0      0.00567
1.1     0      0.005642
1.11429     0      0.0056
1.12857     0      0.00558
1.14286     0      0.005558
1.15714     0      0.005508
1.17143     0      0.005498
1.18571     0      0.005436
1.2     0      0.005422
1.21429     0      0.005408
1.22857     0      0.00535
1.24286     0      0.005356
1.25714     0      0.005314
1.27143     0      0.00526
1.28571     0      0.005246
1.3     0      0.005228
1.31429     0      0.005182
1.32857     0      0.005184
1.34286     0      0.005142
1.35714     0      0.005094
1.37143     0      0.005088
1.38571     0      0.005062
1.4     0      0.005062
1.41429     0      0.004984
1.42857     0      0.00499
1.44286     0      0.004974
1.45714     0      0.004964
1.47143     0      0.00492
1.48571     0      0.004866
1.5     0      0.004886
1.51429     0      0.004824
1.52857     0      0.004834
1.54286     0      0.004808
1.55714     0      0.004754
1.57143     0      0.004758
1.58571     0      0.004768
1.6     0      0.00468
1.61429     0      0.004698
1.62857     0      0.004668
1.64286     0      0.004654
1.65714     0      0.004624
1.67143     0      0.00461
1.68571     0      0.004596
1.7     0      0.004584
1.71429     0      0.004536
1.72857     0      0.004528
1.74286     0      0.004522
1.75714     0      0.00446
1.77143     0      0.00451
1.78571     0      0.004428
1.8     0      0.00444
1.81429     0      0.00443
1.82857     0      0.004388
1.84286     0      0.004382
1.85714     0      0.00438
1.87143     0      0.004326
1.88571     0      0.004338
1.9     0      0.004298
1.91429     0      0.00432
1.92857     0      0.004254
1.94286     0      0.004244
1.95714     0      0.004244
1.97143     0      0.004252
1.98571     0      0.004196
2     0      0.004194
2.01429     0      0.004218
2.02857     0      0.004122
2.04286     0      0.00415
2.05714     0      0.00414
2.07143     0      0.004096
2.08571     0      0.00411
2.1     0      0.004116
2.11429     0      0.004048
2.12857     0      0.004044
2.14286     0      0.004034
2.15714     0      0.00403
2.17143     0      0.00401
2.18571     0      0.004012
2.2     0      0.003958
2.21429     0      0.003978
2.22857     0      0.003946
2.24286     0      0.003942
2.25714     0      0.0020745
2.27143     0      4.41563e-17
2.28571     0      1.07471e-36
2.3     0      3.73841e-50
2.31429     0      2.37465e-63
2.32857     0      0
2.34286     0      0
2.35714     0      0
2.37143     0      0
2.38571     0      0
2.4     0      0
2.41429     0      0
2.42857     0      0
2.44286     0      0
2.45714     0      0
2.47143     0      0
2.48571     0      0
2.5     0      0
2.51429     0      0
2.52857     0      0
2.54286     0      0
2.55714     0      0
2.57143     0      0
2.58571     0      0
2.6     0      0
2.61429     0      0
2.62857     0      0
2.64286     0      0
2.65714     0      0
2.67143     0      0
2.68571     0      0
2.7     0      0
2.71429     0      0
2.72857     0      0
2.74286     0      0
2.75714     0      0
2.77143     0      0
2.78571     0      0
2.8     0      0
2.81429     0      0
2.82857     0      0
2.84286     0      0
2.85714     0      0
2.87143     0      0
2.88571     0      0
2.9     0      0
2.91429     0      0
2.92857     0      0
2.94286     0      0
2.95714     0      0
2.97143     0      0
2.98571     0      0
3     0      0
3.01429     0      0
3.02857     0      0
3.04286     0      0
3.05714     0      0
3.07143     0      0
3.08571     0      0
3.1     0      0
3.11429     0      0
3.12857     0      0
3.14286     0      0
3.15714     0      0
3.17143     0      0
3.18571     0      0
3.2     0      0
3.21429     0      0
3.22857     0      0
3.24286     0      0
3.25714     0      0
3.27143     0      0
3.28571     0      0
3.3     0      0
3.31429     0      0
3.32857     0      0
3.34286     0      0
3.35714     0      0
3.37143     0      0
3.38571     0      0
3.4     0      0
3.41429     0      0
3.42857     0      0
3.44286     0      0
3.45714     0      0
3.47143     0      0
3.48571     0      0
3.5     0      0
3.51429     0      0
3.52857     0      0
3.54286     0      0
3.55714     0      0
3.57143     0      0
3.58571     0      0
3.6     0      0
3.61429     0      0
3.62857     0      0
3.64286     0      0
3.65714     0      0
3.67143     0      0
3.68571     0      0
3.7     0      0
3.71429     0      0
3.72857     0      0
3.74286     0      0
3.75714     0      0
3.77143     0      0
3.78571     0      0
3.8     0      0
3.81429     0      0
3.82857     0      0
3.84286     0      0
3.85714     0      0
3.87143     0      0
3.88571     0      0
3.9     0      0
3.91429     0      0
3.92857     0      0
3.94286     0      0
3.95714     0      0
3.97143     0      0
3.98571     0      0
4     0      0
4.01429     0      0
4.02857     0      0
4.04286     0      0
4.05714     0      0
4.07143     0      0
4.08571     0      0
4.1     0      0
4.11429     0      0
4.12857     0      0
4.14286     0      0
4.15714     0      0
4.17143     0      0
4.18571     0      0
4.2     0      0
4.21429     0      0
4.22857     0      0
4.24286     0      0
4.25714     0      0
4.27143     0      0
4.28571     0      0
4.3     0      0
4.31429     0      0
4.32857     0      0
4.34286     0      0
4.35714     0      0
4.37143     0      0
4.38571     0      0
4.4     0      0
4.41429     0      0
4.42857     0      0
4.44286     0      0
4.45714     0      0
4.47143     0      0
4.48571     0      0
4.5     0      0
4.51429     0      0
4.52857     0      0
4.54286     0      0
4.55714     0      0
4.57143     0      0
4.58571     0      0
4.6     0      0
4.61429     0      0
4.62857     0      0
4.64286     0      0
4.65714     0      0
4.67143     0      0
4.68571     0      0
4.7     0      0
4.71429     0      0
4.72857     0      0
4.74286     0      0
4.75714     0      0
4.77143     0      0
4.78571     0      0
4.8     0      0
4.81429     0      0
4.82857     0      0
4.84286     0      0
4.85714     0      0
4.87143     0      0
4.88571     0      0
4.9     0      0
4.91429     0      0
4.92857     0      0
4.94286     0      0
4.95714     0      0
4.97143     0      0
4.98571     0      0
