# U,mu,nA_up, nA_dn, nB_up, nB_dn, ms, mf, ntotal,mu,cint
#energy    dos_upn   dos_upp   dos_dnn  dos_dnp GRID=1000 bin=700
-5     0      0
-4.98571     0      0
-4.97143     0      0
-4.95714     0      0
-4.94286     0      0
-4.92857     0      0
-4.91429     0      0
-4.9     0      0
-4.88571     0      0
-4.87143     0      0
-4.85714     0      0
-4.84286     0      0
-4.82857     0      0
-4.81429     0      0
-4.8     0      0
-4.78571     0      0
-4.77143     0      0
-4.75714     0      0
-4.74286     0      0
-4.72857     0      0
-4.71429     0      0
-4.7     0      0
-4.68571     0      0
-4.67143     0      0
-4.65714     0      0
-4.64286     0      0
-4.62857     0      0
-4.61429     0      0
-4.6     0      0
-4.58571     0      0
-4.57143     0      0
-4.55714     0      0
-4.54286     0      0
-4.52857     0      0
-4.51429     0      0
-4.5     0      0
-4.48571     0      0
-4.47143     0      0
-4.45714     0      0
-4.44286     0      0
-4.42857     0      0
-4.41429     0      0
-4.4     0      0
-4.38571     0      0
-4.37143     0      0
-4.35714     0      0
-4.34286     0      0
-4.32857     0      0
-4.31429     0      0
-4.3     0      0
-4.28571     0      0
-4.27143     0      0
-4.25714     0      0
-4.24286     0      0
-4.22857     0      0
-4.21429     0      0
-4.2     0      0
-4.18571     0      0
-4.17143     0      0
-4.15714     0      0
-4.14286     0      0
-4.12857     0      0
-4.11429     0      0
-4.1     0      0
-4.08571     0      0
-4.07143     0      0
-4.05714     0      0
-4.04286     0      0
-4.02857     0      0
-4.01429     0      0
-4     0      0
-3.98571     0      0
-3.97143     0      0
-3.95714     0      0
-3.94286     0      0
-3.92857     0      0
-3.91429     0      0
-3.9     0      0
-3.88571     0      0
-3.87143     0      0
-3.85714     0      0
-3.84286     0      0
-3.82857     0      0
-3.81429     0      0
-3.8     0      0
-3.78571     0      0
-3.77143     0      0
-3.75714     0      0
-3.74286     0      0
-3.72857     0      0
-3.71429     0      0
-3.7     0      0
-3.68571     0      0
-3.67143     0      0
-3.65714     0      0
-3.64286     0      0
-3.62857     0      0
-3.61429     0      0
-3.6     0      0
-3.58571     0      0
-3.57143     0      0
-3.55714     0      0
-3.54286     0      0
-3.52857     0      0
-3.51429     0      0
-3.5     0      0
-3.48571     0      0
-3.47143     0      0
-3.45714     0      0
-3.44286     0      0
-3.42857     0      0
-3.41429     0      0
-3.4     0      0
-3.38571     0      0
-3.37143     0      0
-3.35714     0      0
-3.34286     0      0
-3.32857     0      0
-3.31429     0      0
-3.3     0      0
-3.28571     0      0
-3.27143     0      0
-3.25714     0      0
-3.24286     0      0
-3.22857     0      0
-3.21429     0      0
-3.2     0      0
-3.18571     0      0
-3.17143     0      0
-3.15714     0      0
-3.14286     0      0
-3.12857     0      0
-3.11429     0      0
-3.1     0      0
-3.08571     0      0
-3.07143     0      0
-3.05714     0      0
-3.04286     0      0
-3.02857     0      0
-3.01429     0      0
-3     0      0
-2.98571     0      0
-2.97143     0      0
-2.95714     0      0
-2.94286     0      0
-2.92857     0      0
-2.91429     0      0
-2.9     0      0
-2.88571     0      0
-2.87143     0      0
-2.85714     0      0
-2.84286     0      0
-2.82857     0      0
-2.81429     0      0
-2.8     0      0
-2.78571     0      0
-2.77143     0      0
-2.75714     0      0
-2.74286     0      0
-2.72857     0      0
-2.71429     0      0
-2.7     0      0
-2.68571     0      0
-2.67143     0      0
-2.65714     0      0
-2.64286     0      0
-2.62857     0      0
-2.61429     0      0
-2.6     0      0
-2.58571     0      0
-2.57143     0      0
-2.55714     0      0
-2.54286     0      0
-2.52857     0      0
-2.51429     0      0
-2.5     0      0
-2.48571     0      0
-2.47143     0      0
-2.45714     0      0
-2.44286     0      0
-2.42857     0      0
-2.41429     0      0
-2.4     0      0
-2.38571     0      0
-2.37143     0      0
-2.35714     0      0
-2.34286     0      0
-2.32857     0      0
-2.31429     0      0
-2.3     0      0
-2.28571     0      0
-2.27143     0      0
-2.25714     0      0
-2.24286     0      0
-2.22857     0      0
-2.21429     0      0
-2.2     0      0
-2.18571     0      0
-2.17143     0      0
-2.15714     0      0
-2.14286     0      0
-2.12857     0      0
-2.11429     0      0
-2.1     0      0
-2.08571     0      0
-2.07143     0      0
-2.05714     0      0
-2.04286     0      0
-2.02857     0      0
-2.01429     0      0
-2     0      0
-1.98571     0      0
-1.97143     0      0
-1.95714     0      0
-1.94286     0      0
-1.92857     0      0
-1.91429     0      0
-1.9     0      0
-1.88571     0      0
-1.87143     0      0
-1.85714     0      0
-1.84286     0      0
-1.82857     0      0
-1.81429     0      0
-1.8     0      0
-1.78571     0      0
-1.77143     0      0
-1.75714     0      0
-1.74286     0      0
-1.72857     0      0
-1.71429     0      0
-1.7     0.0034545      0
-1.68571     0.005466      0
-1.67143     0.005452      0
-1.65714     0.005498      0
-1.64286     0.00553      0
-1.62857     0.00552      0
-1.61429     0.005542      0
-1.6     0.005604      0
-1.58571     0.005568      0
-1.57143     0.00563      0
-1.55714     0.005644      0
-1.54286     0.005652      0
-1.52857     0.005654      0
-1.51429     0.00572      0
-1.5     0.005698      0
-1.48571     0.005786      0
-1.47143     0.005744      0
-1.45714     0.005798      0
-1.44286     0.005846      0
-1.42857     0.005804      0
-1.41429     0.005884      0
-1.4     0.00589      0
-1.38571     0.005932      0
-1.37143     0.005934      0
-1.35714     0.00598      0
-1.34286     0.005952      0
-1.32857     0.006046      0
-1.31429     0.006024      0
-1.3     0.00609      0
-1.28571     0.006104      0
-1.27143     0.00612      0
-1.25714     0.006158      0
-1.24286     0.006188      0
-1.22857     0.006212      0
-1.21429     0.006242      0
-1.2     0.006272      0
-1.18571     0.006312      0
-1.17143     0.006316      0
-1.15714     0.006396      0
-1.14286     0.00641      0
-1.12857     0.006428      0
-1.11429     0.006404      0
-1.1     0.006538      0
-1.08571     0.00656      0
-1.07143     0.006508      0
-1.05714     0.00663      0
-1.04286     0.006642      0
-1.02857     0.006702      0
-1.01429     0.006694      0
-1     0.006748      0
-0.985714     0.00681      0
-0.971429     0.006808      0
-0.957143     0.006886      0
-0.942857     0.006884      0
-0.928571     0.00697      0
-0.914286     0.006984      0
-0.9     0.007074      0
-0.885714     0.00706      0
-0.871429     0.007158      0
-0.857143     0.007208      0
-0.842857     0.007234      0
-0.828571     0.007244      0
-0.814286     0.007334      0
-0.8     0.007392      0
-0.785714     0.007454      0
-0.771429     0.007434      0
-0.757143     0.007578      0
-0.742857     0.007584      0
-0.728571     0.007666      0
-0.714286     0.00775      0
-0.7     0.007758      0
-0.685714     0.007866      0
-0.671429     0.007906      0
-0.657143     0.007944      0
-0.642857     0.00808      0
-0.628571     0.00813      0
-0.614286     0.008206      0
-0.6     0.008296      0
-0.585714     0.008326      0
-0.571429     0.008462      0
-0.557143     0.008532      0
-0.542857     0.008622      0
-0.528571     0.00868      0
-0.514286     0.008842      0
-0.5     0.008952      0
-0.485714     0.009024      0
-0.471429     0.0091      0
-0.457143     0.009292      0
-0.442857     0.009372      0
-0.428571     0.009564      0
-0.414286     0.009714      0
-0.4     0.009816      0
-0.385714     0.00999      0
-0.371429     0.010156      0
-0.357143     0.010376      0
-0.342857     0.010582      0
-0.328571     0.010814      0
-0.314286     0.011124      0
-0.3     0.011428      0
-0.285714     0.011734      0
-0.271429     0.012106      0
-0.257143     0.01257      0
-0.242857     0.013056      0
-0.228571     0.01415      0
-0.214286     0.014562      0
-0.2     0.016356      0
-0.185714     0.01867      0
-0.171429     0.0359785      0
-0.157143     0.03341      0
-0.142857     0.019698      0
-0.128571     0.015394      0
-0.114286     0.01311      0
-0.1     0.011492      0
-0.0857143     0.010232      0
-0.0714286     0.009292      0
-0.0571429     0.008444      0
-0.0428571     0.007702      0
-0.0285714     0.007114      0
-0.0142857     0.006537      0
0     0      0
0.0142857     0      0
0.0285714     0      0
0.0428571     0      0
0.0571429     0      0
0.0714286     0      0
0.0857143     0      0
0.1     0      0
0.114286     0      0
0.128571     0      0.0020045
0.142857     0      0.019086
0.157143     0      0.014828
0.171429     0      0.013334
0.185714     0      0.012622
0.2     0      0.012236
0.214286     0      0.012158
0.228571     0      0.012176
0.242857     0      0.01245
0.257143     0      0.012848
0.271429     0      0.013638
0.285714     0      0.01564
0.3     0      0.016967
0.314286     0      0.013584
0.328571     0      0.012418
0.342857     0      0.011688
0.357143     0      0.011114
0.371429     0      0.010674
0.385714     0      0.010306
0.4     0      0.01009
0.414286     0      0.00973
0.428571     0      0.00953
0.442857     0      0.009308
0.457143     0      0.009156
0.471429     0      0.008896
0.485714     0      0.008794
0.5     0      0.008644
0.514286     0      0.008486
0.528571     0      0.008412
0.542857     0      0.008238
0.557143     0      0.008122
0.571429     0      0.008006
0.585714     0      0.007922
0.6     0      0.007856
0.614286     0      0.007728
0.628571     0      0.007606
0.642857     0      0.007574
0.657143     0      0.007494
0.671429     0      0.007368
0.685714     0      0.007336
0.7     0      0.007228
0.714286     0      0.00717
0.728571     0      0.007138
0.742857     0      0.006996
0.757143     0      0.006976
0.771429     0      0.00692
0.785714     0      0.006848
0.8     0      0.006792
0.814286     0      0.006706
0.828571     0      0.0067
0.842857     0      0.006614
0.857143     0      0.006586
0.871429     0      0.006488
0.885714     0      0.006478
0.9     0      0.006388
0.914286     0      0.006364
0.928571     0      0.006342
0.942857     0      0.006252
0.957143     0      0.00622
0.971429     0      0.006182
0.985714     0      0.006148
1     0      0.006084
1.01429     0      0.006058
1.02857     0      0.006012
1.04286     0      0.005978
1.05714     0      0.005924
1.07143     0      0.005868
1.08571     0      0.005866
1.1     0      0.005848
1.11429     0      0.005778
1.12857     0      0.005752
1.14286     0      0.005676
1.15714     0      0.005682
1.17143     0      0.005628
1.18571     0      0.005614
1.2     0      0.005572
1.21429     0      0.005522
1.22857     0      0.005532
1.24286     0      0.005482
1.25714     0      0.005436
1.27143     0      0.005402
1.28571     0      0.005404
1.3     0      0.005366
1.31429     0      0.0053
1.32857     0      0.005294
1.34286     0      0.00526
1.35714     0      0.005246
1.37143     0      0.005196
1.38571     0      0.005198
1.4     0      0.005138
1.41429     0      0.005132
1.42857     0      0.005082
1.44286     0      0.00509
1.45714     0      0.005044
1.47143     0      0.005018
1.48571     0      0.005002
1.5     0      0.004972
1.51429     0      0.004984
1.52857     0      0.004898
1.54286     0      0.0049
1.55714     0      0.004866
1.57143     0      0.004878
1.58571     0      0.00482
1.6     0      0.004794
1.61429     0      0.00481
1.62857     0      0.004752
1.64286     0      0.00472
1.65714     0      0.004734
1.67143     0      0.00472
1.68571     0      0.004642
1.7     0      0.004692
1.71429     0      0.00461
1.72857     0      0.00462
1.74286     0      0.004562
1.75714     0      0.0046
1.77143     0      0.004564
1.78571     0      0.004524
1.8     0      0.004528
1.81429     0      0.00448
1.82857     0      0.004506
1.84286     0      0.004422
1.85714     0      0.004448
1.87143     0      0.004418
1.88571     0      0.00442
1.9     0      0.004368
1.91429     0      0.004364
1.92857     0      0.004346
1.94286     0      0.004348
1.95714     0      0.004292
1.97143     0      0.004304
1.98571     0      0.004278
2     0      0.004252
2.01429     0      0.004248
2.02857     0      0.004228
2.04286     0      0.004218
2.05714     0      0.004188
2.07143     0      0.004196
2.08571     0      0.004158
2.1     0      0.004138
2.11429     0      0.004152
2.12857     0      0.004114
2.14286     0      0.004088
2.15714     0      0.004076
2.17143     0      0.004082
2.18571     0      0.004048
2.2     0      0.004048
2.21429     0      0.004034
2.22857     0      0.00398
2.24286     0      0.004012
2.25714     0      0.00398
2.27143     0      0.00397
2.28571     0      0.003952
2.3     0      0.003944
2.31429     0      0.0006225
2.32857     0      0
2.34286     0      0
2.35714     0      0
2.37143     0      0
2.38571     0      0
2.4     0      0
2.41429     0      0
2.42857     0      0
2.44286     0      0
2.45714     0      0
2.47143     0      0
2.48571     0      0
2.5     0      0
2.51429     0      0
2.52857     0      0
2.54286     0      0
2.55714     0      0
2.57143     0      0
2.58571     0      0
2.6     0      0
2.61429     0      0
2.62857     0      0
2.64286     0      0
2.65714     0      0
2.67143     0      0
2.68571     0      0
2.7     0      0
2.71429     0      0
2.72857     0      0
2.74286     0      0
2.75714     0      0
2.77143     0      0
2.78571     0      0
2.8     0      0
2.81429     0      0
2.82857     0      0
2.84286     0      0
2.85714     0      0
2.87143     0      0
2.88571     0      0
2.9     0      0
2.91429     0      0
2.92857     0      0
2.94286     0      0
2.95714     0      0
2.97143     0      0
2.98571     0      0
3     0      0
3.01429     0      0
3.02857     0      0
3.04286     0      0
3.05714     0      0
3.07143     0      0
3.08571     0      0
3.1     0      0
3.11429     0      0
3.12857     0      0
3.14286     0      0
3.15714     0      0
3.17143     0      0
3.18571     0      0
3.2     0      0
3.21429     0      0
3.22857     0      0
3.24286     0      0
3.25714     0      0
3.27143     0      0
3.28571     0      0
3.3     0      0
3.31429     0      0
3.32857     0      0
3.34286     0      0
3.35714     0      0
3.37143     0      0
3.38571     0      0
3.4     0      0
3.41429     0      0
3.42857     0      0
3.44286     0      0
3.45714     0      0
3.47143     0      0
3.48571     0      0
3.5     0      0
3.51429     0      0
3.52857     0      0
3.54286     0      0
3.55714     0      0
3.57143     0      0
3.58571     0      0
3.6     0      0
3.61429     0      0
3.62857     0      0
3.64286     0      0
3.65714     0      0
3.67143     0      0
3.68571     0      0
3.7     0      0
3.71429     0      0
3.72857     0      0
3.74286     0      0
3.75714     0      0
3.77143     0      0
3.78571     0      0
3.8     0      0
3.81429     0      0
3.82857     0      0
3.84286     0      0
3.85714     0      0
3.87143     0      0
3.88571     0      0
3.9     0      0
3.91429     0      0
3.92857     0      0
3.94286     0      0
3.95714     0      0
3.97143     0      0
3.98571     0      0
4     0      0
4.01429     0      0
4.02857     0      0
4.04286     0      0
4.05714     0      0
4.07143     0      0
4.08571     0      0
4.1     0      0
4.11429     0      0
4.12857     0      0
4.14286     0      0
4.15714     0      0
4.17143     0      0
4.18571     0      0
4.2     0      0
4.21429     0      0
4.22857     0      0
4.24286     0      0
4.25714     0      0
4.27143     0      0
4.28571     0      0
4.3     0      0
4.31429     0      0
4.32857     0      0
4.34286     0      0
4.35714     0      0
4.37143     0      0
4.38571     0      0
4.4     0      0
4.41429     0      0
4.42857     0      0
4.44286     0      0
4.45714     0      0
4.47143     0      0
4.48571     0      0
4.5     0      0
4.51429     0      0
4.52857     0      0
4.54286     0      0
4.55714     0      0
4.57143     0      0
4.58571     0      0
4.6     0      0
4.61429     0      0
4.62857     0      0
4.64286     0      0
4.65714     0      0
4.67143     0      0
4.68571     0      0
4.7     0      0
4.71429     0      0
4.72857     0      0
4.74286     0      0
4.75714     0      0
4.77143     0      0
4.78571     0      0
4.8     0      0
4.81429     0      0
4.82857     0      0
4.84286     0      0
4.85714     0      0
4.87143     0      0
4.88571     0      0
4.9     0      0
4.91429     0      0
4.92857     0      0
4.94286     0      0
4.95714     0      0
4.97143     0      0
4.98571     0      0
