# U,mu,nA_up, nA_dn, nB_up, nB_dn, ms, mf, ntotal,mu,cint
#energy    dos_upn   dos_upp   dos_dnn  dos_dnp GRID=1000 bin=700
-5     0      0
-4.98571     0      0
-4.97143     0      0
-4.95714     0      0
-4.94286     0      0
-4.92857     0      0
-4.91429     0      0
-4.9     0      0
-4.88571     0      0
-4.87143     0      0
-4.85714     0      0
-4.84286     0      0
-4.82857     0      0
-4.81429     0      0
-4.8     0      0
-4.78571     0      0
-4.77143     0      0
-4.75714     0      0
-4.74286     0      0
-4.72857     0      0
-4.71429     0      0
-4.7     0      0
-4.68571     0      0
-4.67143     0      0
-4.65714     0      0
-4.64286     0      0
-4.62857     0      0
-4.61429     0      0
-4.6     0      0
-4.58571     0      0
-4.57143     0      0
-4.55714     0      0
-4.54286     0      0
-4.52857     0      0
-4.51429     0      0
-4.5     0      0
-4.48571     0      0
-4.47143     0      0
-4.45714     0      0
-4.44286     0      0
-4.42857     0      0
-4.41429     0      0
-4.4     0      0
-4.38571     0      0
-4.37143     0      0
-4.35714     0      0
-4.34286     0      0
-4.32857     0      0
-4.31429     0      0
-4.3     0      0
-4.28571     0      0
-4.27143     0      0
-4.25714     0      0
-4.24286     0      0
-4.22857     0      0
-4.21429     0      0
-4.2     0      0
-4.18571     0      0
-4.17143     0      0
-4.15714     0      0
-4.14286     0      0
-4.12857     0      0
-4.11429     0      0
-4.1     0      0
-4.08571     0      0
-4.07143     0      0
-4.05714     0      0
-4.04286     0      0
-4.02857     0      0
-4.01429     0      0
-4     0      0
-3.98571     0      0
-3.97143     0      0
-3.95714     0      0
-3.94286     0      0
-3.92857     0      0
-3.91429     0      0
-3.9     0      0
-3.88571     0      0
-3.87143     0      0
-3.85714     0      0
-3.84286     0      0
-3.82857     0      0
-3.81429     0      0
-3.8     0      0
-3.78571     0      0
-3.77143     0      0
-3.75714     0      0
-3.74286     0      0
-3.72857     0      0
-3.71429     0      0
-3.7     0      0
-3.68571     0      0
-3.67143     0      0
-3.65714     0      0
-3.64286     0      0
-3.62857     0      0
-3.61429     0      0
-3.6     0      0
-3.58571     0      0
-3.57143     0      0
-3.55714     0      0
-3.54286     0      0
-3.52857     0      0
-3.51429     0      0
-3.5     0      0
-3.48571     0      0
-3.47143     0      0
-3.45714     0      0
-3.44286     0      0
-3.42857     0      0
-3.41429     0      0
-3.4     0      0
-3.38571     0      0
-3.37143     0      0
-3.35714     0      0
-3.34286     0      0
-3.32857     0      0
-3.31429     0      0
-3.3     0      0
-3.28571     0      0
-3.27143     0      0
-3.25714     0      0
-3.24286     0      0
-3.22857     0      0
-3.21429     0      0
-3.2     0      0
-3.18571     0      0
-3.17143     0      0
-3.15714     0      0
-3.14286     0      0
-3.12857     0      0
-3.11429     0      0
-3.1     0      0
-3.08571     0      0
-3.07143     0      0
-3.05714     0      0
-3.04286     0      0
-3.02857     0      0
-3.01429     0      0
-3     0      0
-2.98571     0      0
-2.97143     0      0
-2.95714     0      0
-2.94286     0      0
-2.92857     0      0
-2.91429     0      0
-2.9     0      0
-2.88571     0      0
-2.87143     0      0
-2.85714     0      0
-2.84286     0      0
-2.82857     0      0
-2.81429     0      0
-2.8     0      0
-2.78571     0      0
-2.77143     0      0
-2.75714     0      0
-2.74286     0      0
-2.72857     0      0
-2.71429     0      0
-2.7     0      0
-2.68571     0      0
-2.67143     0      0
-2.65714     0      0
-2.64286     0      0
-2.62857     0      0
-2.61429     0      0
-2.6     0      0
-2.58571     0      0
-2.57143     0      0
-2.55714     0      0
-2.54286     0      0
-2.52857     0      0
-2.51429     0      0
-2.5     0      0
-2.48571     0      0
-2.47143     0      0
-2.45714     0      0
-2.44286     0      0
-2.42857     0      0
-2.41429     0      0
-2.4     0      0
-2.38571     0      0
-2.37143     0      0
-2.35714     0      0
-2.34286     0      0
-2.32857     0      0
-2.31429     0      0
-2.3     0      0
-2.28571     0      0
-2.27143     0      0
-2.25714     0      0
-2.24286     0      0
-2.22857     0      0
-2.21429     0      0
-2.2     0      0
-2.18571     0      0
-2.17143     0      0
-2.15714     0      0
-2.14286     0      0
-2.12857     0      0
-2.11429     0      0
-2.1     0      0
-2.08571     0      0
-2.07143     0      0
-2.05714     0      0
-2.04286     0      0
-2.02857     0      0
-2.01429     0      0
-2     0      0
-1.98571     0      0
-1.97143     0      0
-1.95714     0      0
-1.94286     0      0
-1.92857     0      0
-1.91429     0      0
-1.9     0      0
-1.88571     0      0
-1.87143     0      0
-1.85714     0      0
-1.84286     0      0
-1.82857     0      0
-1.81429     0      0
-1.8     0      0
-1.78571     0      0
-1.77143     1.59063e-17      0
-1.75714     0.0049585      0
-1.74286     0.00543      0
-1.72857     0.005464      0
-1.71429     0.005488      0
-1.7     0.005498      0
-1.68571     0.00552      0
-1.67143     0.005514      0
-1.65714     0.005592      0
-1.64286     0.005582      0
-1.62857     0.00561      0
-1.61429     0.00564      0
-1.6     0.005642      0
-1.58571     0.005654      0
-1.57143     0.005688      0
-1.55714     0.005684      0
-1.54286     0.00575      0
-1.52857     0.00577      0
-1.51429     0.005794      0
-1.5     0.005776      0
-1.48571     0.005838      0
-1.47143     0.005852      0
-1.45714     0.00587      0
-1.44286     0.005892      0
-1.42857     0.005916      0
-1.41429     0.005926      0
-1.4     0.006008      0
-1.38571     0.005988      0
-1.37143     0.00601      0
-1.35714     0.006072      0
-1.34286     0.006068      0
-1.32857     0.006104      0
-1.31429     0.006134      0
-1.3     0.006142      0
-1.28571     0.006224      0
-1.27143     0.006184      0
-1.25714     0.006228      0
-1.24286     0.006316      0
-1.22857     0.006296      0
-1.21429     0.006342      0
-1.2     0.00638      0
-1.18571     0.006364      0
-1.17143     0.006458      0
-1.15714     0.006472      0
-1.14286     0.006476      0
-1.12857     0.006546      0
-1.11429     0.006522      0
-1.1     0.00665      0
-1.08571     0.006614      0
-1.07143     0.0067      0
-1.05714     0.00669      0
-1.04286     0.006728      0
-1.02857     0.006774      0
-1.01429     0.006816      0
-1     0.006858      0
-0.985714     0.006922      0
-0.971429     0.006908      0
-0.957143     0.006992      0
-0.942857     0.007016      0
-0.928571     0.007082      0
-0.914286     0.007116      0
-0.9     0.00714      0
-0.885714     0.007182      0
-0.871429     0.00726      0
-0.857143     0.007326      0
-0.842857     0.007298      0
-0.828571     0.007434      0
-0.814286     0.007436      0
-0.8     0.00753      0
-0.785714     0.007516      0
-0.771429     0.007632      0
-0.757143     0.007632      0
-0.742857     0.007758      0
-0.728571     0.007706      0
-0.714286     0.007898      0
-0.7     0.00791      0
-0.685714     0.007942      0
-0.671429     0.00803      0
-0.657143     0.00813      0
-0.642857     0.008168      0
-0.628571     0.008194      0
-0.614286     0.008322      0
-0.6     0.00841      0
-0.585714     0.008498      0
-0.571429     0.008556      0
-0.557143     0.008638      0
-0.542857     0.008734      0
-0.528571     0.008842      0
-0.514286     0.008892      0
-0.5     0.008998      0
-0.485714     0.00913      0
-0.471429     0.00923      0
-0.457143     0.009338      0
-0.442857     0.00948      0
-0.428571     0.009578      0
-0.414286     0.009708      0
-0.4     0.009886      0
-0.385714     0.01      0
-0.371429     0.010146      0
-0.357143     0.01035      0
-0.342857     0.010468      0
-0.328571     0.010684      0
-0.314286     0.010978      0
-0.3     0.011182      0
-0.285714     0.011488      0
-0.271429     0.01175      0
-0.257143     0.012146      0
-0.242857     0.012554      0
-0.228571     0.012758      0
-0.214286     0.013534      0
-0.2     0.014282      0
-0.185714     0.01567      0
-0.171429     0.01776      0
-0.157143     0.0327825      0
-0.142857     0.023198      0
-0.128571     0.014936      0
-0.114286     0.011964      0
-0.1     0.010174      0
-0.0857143     0.008872      0
-0.0714286     0.007852      0
-0.0571429     0.007098      0
-0.0428571     0.0063      0
-0.0285714     0.005694      0
-0.0142857     0.00513      0.0044605
0     0.004339      0.015046
0.0142857     0      0.011868
0.0285714     0      0.010882
0.0428571     0      0.01048
0.0571429     0      0.010284
0.0714286     0      0.01028
0.0857143     0      0.01042
0.1     0      0.01065
0.114286     0      0.011072
0.128571     0      0.011762
0.142857     0      0.013668
0.157143     0      0.013891
0.171429     0      0.011926
0.185714     0      0.011178
0.2     0      0.010814
0.214286     0      0.010398
0.228571     0      0.010118
0.242857     0      0.009864
0.257143     0      0.009702
0.271429     0      0.00943
0.285714     0      0.009268
0.3     0      0.009132
0.314286     0      0.009044
0.328571     0      0.008844
0.342857     0      0.008666
0.357143     0      0.008594
0.371429     0      0.008544
0.385714     0      0.008322
0.4     0      0.008278
0.414286     0      0.008182
0.428571     0      0.008084
0.442857     0      0.007992
0.457143     0      0.007834
0.471429     0      0.00786
0.485714     0      0.007708
0.5     0      0.007642
0.514286     0      0.00759
0.528571     0      0.007486
0.542857     0      0.007446
0.557143     0      0.007316
0.571429     0      0.00729
0.585714     0      0.007214
0.6     0      0.007156
0.614286     0      0.007104
0.628571     0      0.007052
0.642857     0      0.006924
0.657143     0      0.006916
0.671429     0      0.006882
0.685714     0      0.00681
0.7     0      0.006728
0.714286     0      0.006672
0.728571     0      0.006666
0.742857     0      0.006608
0.757143     0      0.006516
0.771429     0      0.006486
0.785714     0      0.006436
0.8     0      0.006424
0.814286     0      0.006378
0.828571     0      0.006274
0.842857     0      0.0063
0.857143     0      0.006236
0.871429     0      0.00615
0.885714     0      0.006164
0.9     0      0.006084
0.914286     0      0.006054
0.928571     0      0.005986
0.942857     0      0.005998
0.957143     0      0.005912
0.971429     0      0.005896
0.985714     0      0.005842
1     0      0.00586
1.01429     0      0.005756
1.02857     0      0.005758
1.04286     0      0.005736
1.05714     0      0.00571
1.07143     0      0.005652
1.08571     0      0.005596
1.1     0      0.005598
1.11429     0      0.005568
1.12857     0      0.005526
1.14286     0      0.005516
1.15714     0      0.00544
1.17143     0      0.005436
1.18571     0      0.00539
1.2     0      0.00538
1.21429     0      0.005342
1.22857     0      0.005304
1.24286     0      0.00527
1.25714     0      0.00528
1.27143     0      0.005222
1.28571     0      0.00522
1.3     0      0.005146
1.31429     0      0.005144
1.32857     0      0.005138
1.34286     0      0.005118
1.35714     0      0.005068
1.37143     0      0.005026
1.38571     0      0.005024
1.4     0      0.005014
1.41429     0      0.005
1.42857     0      0.00494
1.44286     0      0.00491
1.45714     0      0.004894
1.47143     0      0.004882
1.48571     0      0.00482
1.5     0      0.00487
1.51429     0      0.004816
1.52857     0      0.00477
1.54286     0      0.004782
1.55714     0      0.00477
1.57143     0      0.004682
1.58571     0      0.004698
1.6     0      0.004708
1.61429     0      0.004626
1.62857     0      0.00468
1.64286     0      0.00459
1.65714     0      0.004608
1.67143     0      0.004558
1.68571     0      0.00458
1.7     0      0.004524
1.71429     0      0.004524
1.72857     0      0.004508
1.74286     0      0.004496
1.75714     0      0.004454
1.77143     0      0.004434
1.78571     0      0.00442
1.8     0      0.004414
1.81429     0      0.004396
1.82857     0      0.004378
1.84286     0      0.00437
1.85714     0      0.00431
1.87143     0      0.004312
1.88571     0      0.004304
1.9     0      0.00429
1.91429     0      0.004268
1.92857     0      0.004272
1.94286     0      0.004248
1.95714     0      0.004204
1.97143     0      0.004192
1.98571     0      0.004166
2     0      0.004192
2.01429     0      0.004136
2.02857     0      0.004156
2.04286     0      0.004136
2.05714     0      0.004088
2.07143     0      0.004102
2.08571     0      0.004078
2.1     0      0.004068
2.11429     0      0.00405
2.12857     0      0.00402
2.14286     0      0.004034
2.15714     0      0.003986
2.17143     0      0.003996
2.18571     0      0.003972
2.2     0      0.003956
2.21429     0      0.00395
2.22857     0      0.003944
2.24286     0      0.0010465
2.25714     0      2.60472e-76
2.27143     0      2.63192e-96
2.28571     0      6.40576e-116
2.3     0      2.22826e-129
2.31429     0      1.4154e-142
2.32857     0      0
2.34286     0      0
2.35714     0      0
2.37143     0      0
2.38571     0      0
2.4     0      0
2.41429     0      0
2.42857     0      0
2.44286     0      0
2.45714     0      0
2.47143     0      0
2.48571     0      0
2.5     0      0
2.51429     0      0
2.52857     0      0
2.54286     0      0
2.55714     0      0
2.57143     0      0
2.58571     0      0
2.6     0      0
2.61429     0      0
2.62857     0      0
2.64286     0      0
2.65714     0      0
2.67143     0      0
2.68571     0      0
2.7     0      0
2.71429     0      0
2.72857     0      0
2.74286     0      0
2.75714     0      0
2.77143     0      0
2.78571     0      0
2.8     0      0
2.81429     0      0
2.82857     0      0
2.84286     0      0
2.85714     0      0
2.87143     0      0
2.88571     0      0
2.9     0      0
2.91429     0      0
2.92857     0      0
2.94286     0      0
2.95714     0      0
2.97143     0      0
2.98571     0      0
3     0      0
3.01429     0      0
3.02857     0      0
3.04286     0      0
3.05714     0      0
3.07143     0      0
3.08571     0      0
3.1     0      0
3.11429     0      0
3.12857     0      0
3.14286     0      0
3.15714     0      0
3.17143     0      0
3.18571     0      0
3.2     0      0
3.21429     0      0
3.22857     0      0
3.24286     0      0
3.25714     0      0
3.27143     0      0
3.28571     0      0
3.3     0      0
3.31429     0      0
3.32857     0      0
3.34286     0      0
3.35714     0      0
3.37143     0      0
3.38571     0      0
3.4     0      0
3.41429     0      0
3.42857     0      0
3.44286     0      0
3.45714     0      0
3.47143     0      0
3.48571     0      0
3.5     0      0
3.51429     0      0
3.52857     0      0
3.54286     0      0
3.55714     0      0
3.57143     0      0
3.58571     0      0
3.6     0      0
3.61429     0      0
3.62857     0      0
3.64286     0      0
3.65714     0      0
3.67143     0      0
3.68571     0      0
3.7     0      0
3.71429     0      0
3.72857     0      0
3.74286     0      0
3.75714     0      0
3.77143     0      0
3.78571     0      0
3.8     0      0
3.81429     0      0
3.82857     0      0
3.84286     0      0
3.85714     0      0
3.87143     0      0
3.88571     0      0
3.9     0      0
3.91429     0      0
3.92857     0      0
3.94286     0      0
3.95714     0      0
3.97143     0      0
3.98571     0      0
4     0      0
4.01429     0      0
4.02857     0      0
4.04286     0      0
4.05714     0      0
4.07143     0      0
4.08571     0      0
4.1     0      0
4.11429     0      0
4.12857     0      0
4.14286     0      0
4.15714     0      0
4.17143     0      0
4.18571     0      0
4.2     0      0
4.21429     0      0
4.22857     0      0
4.24286     0      0
4.25714     0      0
4.27143     0      0
4.28571     0      0
4.3     0      0
4.31429     0      0
4.32857     0      0
4.34286     0      0
4.35714     0      0
4.37143     0      0
4.38571     0      0
4.4     0      0
4.41429     0      0
4.42857     0      0
4.44286     0      0
4.45714     0      0
4.47143     0      0
4.48571     0      0
4.5     0      0
4.51429     0      0
4.52857     0      0
4.54286     0      0
4.55714     0      0
4.57143     0      0
4.58571     0      0
4.6     0      0
4.61429     0      0
4.62857     0      0
4.64286     0      0
4.65714     0      0
4.67143     0      0
4.68571     0      0
4.7     0      0
4.71429     0      0
4.72857     0      0
4.74286     0      0
4.75714     0      0
4.77143     0      0
4.78571     0      0
4.8     0      0
4.81429     0      0
4.82857     0      0
4.84286     0      0
4.85714     0      0
4.87143     0      0
4.88571     0      0
4.9     0      0
4.91429     0      0
4.92857     0      0
4.94286     0      0
4.95714     0      0
4.97143     0      0
4.98571     0      0
