# U,mu,nA_up, nA_dn, nB_up, nB_dn, ms, mf, ntotal,mu,cint
#energy    dos_upn   dos_upp   dos_dnn  dos_dnp GRID=1000 bin=700
-5     0      0
-4.98571     0      0
-4.97143     0      0
-4.95714     0      0
-4.94286     0      0
-4.92857     0      0
-4.91429     0      0
-4.9     0      0
-4.88571     0      0
-4.87143     0      0
-4.85714     0      0
-4.84286     0      0
-4.82857     0      0
-4.81429     0      0
-4.8     0      0
-4.78571     0      0
-4.77143     0      0
-4.75714     0      0
-4.74286     0      0
-4.72857     0      0
-4.71429     0      0
-4.7     0      0
-4.68571     0      0
-4.67143     0      0
-4.65714     0      0
-4.64286     0      0
-4.62857     0      0
-4.61429     0      0
-4.6     0      0
-4.58571     0      0
-4.57143     0      0
-4.55714     0      0
-4.54286     0      0
-4.52857     0      0
-4.51429     0      0
-4.5     0      0
-4.48571     0      0
-4.47143     0      0
-4.45714     0      0
-4.44286     0      0
-4.42857     0      0
-4.41429     0      0
-4.4     0      0
-4.38571     0      0
-4.37143     0      0
-4.35714     0      0
-4.34286     0      0
-4.32857     0      0
-4.31429     0      0
-4.3     0      0
-4.28571     0      0
-4.27143     0      0
-4.25714     0      0
-4.24286     0      0
-4.22857     0      0
-4.21429     0      0
-4.2     0      0
-4.18571     0      0
-4.17143     0      0
-4.15714     0      0
-4.14286     0      0
-4.12857     0      0
-4.11429     0      0
-4.1     0      0
-4.08571     0      0
-4.07143     0      0
-4.05714     0      0
-4.04286     0      0
-4.02857     0      0
-4.01429     0      0
-4     0      0
-3.98571     0      0
-3.97143     0      0
-3.95714     0      0
-3.94286     0      0
-3.92857     0      0
-3.91429     0      0
-3.9     0      0
-3.88571     0      0
-3.87143     0      0
-3.85714     0      0
-3.84286     0      0
-3.82857     0      0
-3.81429     0      0
-3.8     0      0
-3.78571     0      0
-3.77143     0      0
-3.75714     0      0
-3.74286     0      0
-3.72857     0      0
-3.71429     0      0
-3.7     0      0
-3.68571     0      0
-3.67143     0      0
-3.65714     0      0
-3.64286     0      0
-3.62857     0      0
-3.61429     0      0
-3.6     0      0
-3.58571     0      0
-3.57143     0      0
-3.55714     0      0
-3.54286     0      0
-3.52857     0      0
-3.51429     0      0
-3.5     0      0
-3.48571     0      0
-3.47143     0      0
-3.45714     0      0
-3.44286     0      0
-3.42857     0      0
-3.41429     0      0
-3.4     0      0
-3.38571     0      0
-3.37143     0      0
-3.35714     0      0
-3.34286     0      0
-3.32857     0      0
-3.31429     0      0
-3.3     0      0
-3.28571     0      0
-3.27143     0      0
-3.25714     0      0
-3.24286     0      0
-3.22857     0      0
-3.21429     0      0
-3.2     0      0
-3.18571     0      0
-3.17143     0      0
-3.15714     0      0
-3.14286     0      0
-3.12857     0      0
-3.11429     0      0
-3.1     0      0
-3.08571     0      0
-3.07143     0      0
-3.05714     0      0
-3.04286     0      0
-3.02857     0      0
-3.01429     0      0
-3     0      0
-2.98571     0      0
-2.97143     0      0
-2.95714     0      0
-2.94286     0      0
-2.92857     0      0
-2.91429     0      0
-2.9     0      0
-2.88571     0      0
-2.87143     0      0
-2.85714     0      0
-2.84286     0      0
-2.82857     0      0
-2.81429     0      0
-2.8     0      0
-2.78571     0      0
-2.77143     0      0
-2.75714     0      0
-2.74286     0      0
-2.72857     0      0
-2.71429     0      0
-2.7     0      0
-2.68571     0      0
-2.67143     0      0
-2.65714     0      0
-2.64286     0      0
-2.62857     0      0
-2.61429     0      0
-2.6     0      0
-2.58571     0      0
-2.57143     0      0
-2.55714     0      0
-2.54286     0      0
-2.52857     0      0
-2.51429     0      0
-2.5     0      0
-2.48571     0      0
-2.47143     0      0
-2.45714     0      0
-2.44286     0      0
-2.42857     0      0
-2.41429     0      0
-2.4     0      0
-2.38571     0      0
-2.37143     0      0
-2.35714     0      0
-2.34286     0      0
-2.32857     0      0
-2.31429     0      0
-2.3     0      0
-2.28571     0      0
-2.27143     0      0
-2.25714     0      0
-2.24286     0      0
-2.22857     0      0
-2.21429     0      0
-2.2     0      0
-2.18571     0      0
-2.17143     0      0
-2.15714     0      0
-2.14286     0      0
-2.12857     0      0
-2.11429     0      0
-2.1     0      0
-2.08571     0      0
-2.07143     0      0
-2.05714     0      0
-2.04286     0      0
-2.02857     0      0
-2.01429     0      0
-2     0      0
-1.98571     0      0
-1.97143     0      0
-1.95714     0      0
-1.94286     0      0
-1.92857     0      0
-1.91429     0      0
-1.9     0      0
-1.88571     0      0
-1.87143     0      0
-1.85714     0      0
-1.84286     0      0
-1.82857     0      0
-1.81429     0      0
-1.8     0      0
-1.78571     0      0
-1.77143     0      0
-1.75714     0      0
-1.74286     0      0
-1.72857     0      0
-1.71429     0.0048965      0
-1.7     0.005472      0
-1.68571     0.005468      0
-1.67143     0.005496      0
-1.65714     0.005514      0
-1.64286     0.005532      0
-1.62857     0.00554      0
-1.61429     0.005586      0
-1.6     0.005578      0
-1.58571     0.005638      0
-1.57143     0.00564      0
-1.55714     0.005642      0
-1.54286     0.005682      0
-1.52857     0.005708      0
-1.51429     0.005734      0
-1.5     0.00575      0
-1.48571     0.005748      0
-1.47143     0.005806      0
-1.45714     0.005818      0
-1.44286     0.005844      0
-1.42857     0.005868      0
-1.41429     0.00587      0
-1.4     0.005904      0
-1.38571     0.005974      0
-1.37143     0.005942      0
-1.35714     0.00601      0
-1.34286     0.006002      0
-1.32857     0.006056      0
-1.31429     0.006064      0
-1.3     0.006102      0
-1.28571     0.006136      0
-1.27143     0.006136      0
-1.25714     0.006184      0
-1.24286     0.006222      0
-1.22857     0.00624      0
-1.21429     0.006256      0
-1.2     0.006314      0
-1.18571     0.006336      0
-1.17143     0.00634      0
-1.15714     0.006392      0
-1.14286     0.006458      0
-1.12857     0.00648      0
-1.11429     0.006456      0
-1.1     0.006542      0
-1.08571     0.00656      0
-1.07143     0.006596      0
-1.05714     0.006662      0
-1.04286     0.006624      0
-1.02857     0.00672      0
-1.01429     0.00674      0
-1     0.006798      0
-0.985714     0.006804      0
-0.971429     0.00687      0
-0.957143     0.006872      0
-0.942857     0.006978      0
-0.928571     0.006972      0
-0.914286     0.007038      0
-0.9     0.007068      0
-0.885714     0.00715      0
-0.871429     0.00716      0
-0.857143     0.007222      0
-0.842857     0.007276      0
-0.828571     0.007284      0
-0.814286     0.007412      0
-0.8     0.007398      0
-0.785714     0.007436      0
-0.771429     0.00755      0
-0.757143     0.00755      0
-0.742857     0.007682      0
-0.728571     0.007616      0
-0.714286     0.007806      0
-0.7     0.007816      0
-0.685714     0.007892      0
-0.671429     0.007966      0
-0.657143     0.008026      0
-0.642857     0.008084      0
-0.628571     0.008116      0
-0.614286     0.008246      0
-0.6     0.008332      0
-0.585714     0.00839      0
-0.571429     0.008468      0
-0.557143     0.008594      0
-0.542857     0.008638      0
-0.528571     0.008772      0
-0.514286     0.008852      0
-0.5     0.008924      0
-0.485714     0.009036      0
-0.471429     0.009234      0
-0.457143     0.009298      0
-0.442857     0.009422      0
-0.428571     0.009562      0
-0.414286     0.009696      0
-0.4     0.009862      0
-0.385714     0.010002      0
-0.371429     0.010218      0
-0.357143     0.010374      0
-0.342857     0.010564      0
-0.328571     0.010834      0
-0.314286     0.011072      0
-0.3     0.011376      0
-0.285714     0.011658      0
-0.271429     0.012174      0
-0.257143     0.012558      0
-0.242857     0.013184      0
-0.228571     0.013674      0
-0.214286     0.01468      0
-0.2     0.01606      0
-0.185714     0.01846      0
-0.171429     0.0355025      0
-0.157143     0.031036      0
-0.142857     0.018556      0
-0.128571     0.014744      0
-0.114286     0.012394      0
-0.1     0.010912      0
-0.0857143     0.009724      0
-0.0714286     0.00876      0
-0.0571429     0.007996      0
-0.0428571     0.007272      0
-0.0285714     0.006684      0
-0.0142857     0.006085      0
0     0      0
0.0142857     0      0
0.0285714     0      0
0.0428571     0      0
0.0571429     0      0
0.0714286     0      0
0.0857143     0      0
0.1     0      0.0160525
0.114286     0      0.01492
0.128571     0      0.013134
0.142857     0      0.01231
0.157143     0      0.011876
0.171429     0      0.011782
0.185714     0      0.011736
0.2     0      0.011926
0.214286     0      0.01233
0.228571     0      0.012918
0.242857     0      0.01427
0.257143     0      0.016981
0.271429     0      0.013632
0.285714     0      0.012408
0.3     0      0.011666
0.314286     0      0.011046
0.328571     0      0.010658
0.342857     0      0.010276
0.357143     0      0.010034
0.371429     0      0.009696
0.385714     0      0.009544
0.4     0      0.009332
0.414286     0      0.009142
0.428571     0      0.008942
0.442857     0      0.00875
0.457143     0      0.008644
0.471429     0      0.008518
0.485714     0      0.008412
0.5     0      0.008286
0.514286     0      0.008216
0.528571     0      0.007988
0.542857     0      0.007946
0.557143     0      0.007892
0.571429     0      0.007752
0.585714     0      0.007646
0.6     0      0.007624
0.614286     0      0.007532
0.628571     0      0.007414
0.642857     0      0.007338
0.657143     0      0.007308
0.671429     0      0.007202
0.685714     0      0.007122
0.7     0      0.007104
0.714286     0      0.007006
0.728571     0      0.00695
0.742857     0      0.006888
0.757143     0      0.0068
0.771429     0      0.006808
0.785714     0      0.00672
0.8     0      0.006616
0.814286     0      0.006626
0.828571     0      0.006568
0.842857     0      0.006484
0.857143     0      0.006442
0.871429     0      0.00644
0.885714     0      0.006354
0.9     0      0.006318
0.914286     0      0.006292
0.928571     0      0.006188
0.942857     0      0.006146
0.957143     0      0.006152
0.971429     0      0.006072
0.985714     0      0.006054
1     0      0.006008
1.01429     0      0.006022
1.02857     0      0.00592
1.04286     0      0.005868
1.05714     0      0.005862
1.07143     0      0.005802
1.08571     0      0.00577
1.1     0      0.005748
1.11429     0      0.0057
1.12857     0      0.005682
1.14286     0      0.005628
1.15714     0      0.005606
1.17143     0      0.005584
1.18571     0      0.005538
1.2     0      0.005532
1.21429     0      0.005474
1.22857     0      0.005436
1.24286     0      0.005434
1.25714     0      0.005384
1.27143     0      0.005342
1.28571     0      0.005332
1.3     0      0.005294
1.31429     0      0.005264
1.32857     0      0.005254
1.34286     0      0.005184
1.35714     0      0.005198
1.37143     0      0.005156
1.38571     0      0.00515
1.4     0      0.005082
1.41429     0      0.005076
1.42857     0      0.005062
1.44286     0      0.00501
1.45714     0      0.005024
1.47143     0      0.004966
1.48571     0      0.004996
1.5     0      0.0049
1.51429     0      0.004898
1.52857     0      0.00487
1.54286     0      0.004878
1.55714     0      0.004836
1.57143     0      0.00482
1.58571     0      0.004786
1.6     0      0.00475
1.61429     0      0.004764
1.62857     0      0.004702
1.64286     0      0.004706
1.65714     0      0.004696
1.67143     0      0.004662
1.68571     0      0.00464
1.7     0      0.004614
1.71429     0      0.0046
1.72857     0      0.004574
1.74286     0      0.00456
1.75714     0      0.004572
1.77143     0      0.004494
1.78571     0      0.004502
1.8     0      0.004484
1.81429     0      0.004464
1.82857     0      0.00447
1.84286     0      0.004396
1.85714     0      0.004408
1.87143     0      0.004378
1.88571     0      0.004372
1.9     0      0.004374
1.91429     0      0.004336
1.92857     0      0.004312
1.94286     0      0.004316
1.95714     0      0.004266
1.97143     0      0.004284
1.98571     0      0.004256
2     0      0.004236
2.01429     0      0.004184
2.02857     0      0.004198
2.04286     0      0.004204
2.05714     0      0.004156
2.07143     0      0.004154
2.08571     0      0.004152
2.1     0      0.004116
2.11429     0      0.004104
2.12857     0      0.00408
2.14286     0      0.00408
2.15714     0      0.004074
2.17143     0      0.004042
2.18571     0      0.004024
2.2     0      0.004006
2.21429     0      0.004016
2.22857     0      0.00398
2.24286     0      0.003964
2.25714     0      0.003958
2.27143     0      0.003958
2.28571     0      0.0027565
2.3     0      1.53125e-10
2.31429     0      9.72656e-24
2.32857     0      0
2.34286     0      0
2.35714     0      0
2.37143     0      0
2.38571     0      0
2.4     0      0
2.41429     0      0
2.42857     0      0
2.44286     0      0
2.45714     0      0
2.47143     0      0
2.48571     0      0
2.5     0      0
2.51429     0      0
2.52857     0      0
2.54286     0      0
2.55714     0      0
2.57143     0      0
2.58571     0      0
2.6     0      0
2.61429     0      0
2.62857     0      0
2.64286     0      0
2.65714     0      0
2.67143     0      0
2.68571     0      0
2.7     0      0
2.71429     0      0
2.72857     0      0
2.74286     0      0
2.75714     0      0
2.77143     0      0
2.78571     0      0
2.8     0      0
2.81429     0      0
2.82857     0      0
2.84286     0      0
2.85714     0      0
2.87143     0      0
2.88571     0      0
2.9     0      0
2.91429     0      0
2.92857     0      0
2.94286     0      0
2.95714     0      0
2.97143     0      0
2.98571     0      0
3     0      0
3.01429     0      0
3.02857     0      0
3.04286     0      0
3.05714     0      0
3.07143     0      0
3.08571     0      0
3.1     0      0
3.11429     0      0
3.12857     0      0
3.14286     0      0
3.15714     0      0
3.17143     0      0
3.18571     0      0
3.2     0      0
3.21429     0      0
3.22857     0      0
3.24286     0      0
3.25714     0      0
3.27143     0      0
3.28571     0      0
3.3     0      0
3.31429     0      0
3.32857     0      0
3.34286     0      0
3.35714     0      0
3.37143     0      0
3.38571     0      0
3.4     0      0
3.41429     0      0
3.42857     0      0
3.44286     0      0
3.45714     0      0
3.47143     0      0
3.48571     0      0
3.5     0      0
3.51429     0      0
3.52857     0      0
3.54286     0      0
3.55714     0      0
3.57143     0      0
3.58571     0      0
3.6     0      0
3.61429     0      0
3.62857     0      0
3.64286     0      0
3.65714     0      0
3.67143     0      0
3.68571     0      0
3.7     0      0
3.71429     0      0
3.72857     0      0
3.74286     0      0
3.75714     0      0
3.77143     0      0
3.78571     0      0
3.8     0      0
3.81429     0      0
3.82857     0      0
3.84286     0      0
3.85714     0      0
3.87143     0      0
3.88571     0      0
3.9     0      0
3.91429     0      0
3.92857     0      0
3.94286     0      0
3.95714     0      0
3.97143     0      0
3.98571     0      0
4     0      0
4.01429     0      0
4.02857     0      0
4.04286     0      0
4.05714     0      0
4.07143     0      0
4.08571     0      0
4.1     0      0
4.11429     0      0
4.12857     0      0
4.14286     0      0
4.15714     0      0
4.17143     0      0
4.18571     0      0
4.2     0      0
4.21429     0      0
4.22857     0      0
4.24286     0      0
4.25714     0      0
4.27143     0      0
4.28571     0      0
4.3     0      0
4.31429     0      0
4.32857     0      0
4.34286     0      0
4.35714     0      0
4.37143     0      0
4.38571     0      0
4.4     0      0
4.41429     0      0
4.42857     0      0
4.44286     0      0
4.45714     0      0
4.47143     0      0
4.48571     0      0
4.5     0      0
4.51429     0      0
4.52857     0      0
4.54286     0      0
4.55714     0      0
4.57143     0      0
4.58571     0      0
4.6     0      0
4.61429     0      0
4.62857     0      0
4.64286     0      0
4.65714     0      0
4.67143     0      0
4.68571     0      0
4.7     0      0
4.71429     0      0
4.72857     0      0
4.74286     0      0
4.75714     0      0
4.77143     0      0
4.78571     0      0
4.8     0      0
4.81429     0      0
4.82857     0      0
4.84286     0      0
4.85714     0      0
4.87143     0      0
4.88571     0      0
4.9     0      0
4.91429     0      0
4.92857     0      0
4.94286     0      0
4.95714     0      0
4.97143     0      0
4.98571     0      0
