# U,mu,nA_up, nA_dn, nB_up, nB_dn, ms, mf, ntotal,mu,cint
#energy    dos_upn   dos_upp   dos_dnn  dos_dnp GRID=1000 bin=700
-5     0      0
-4.98571     0      0
-4.97143     0      0
-4.95714     0      0
-4.94286     0      0
-4.92857     0      0
-4.91429     0      0
-4.9     0      0
-4.88571     0      0
-4.87143     0      0
-4.85714     0      0
-4.84286     0      0
-4.82857     0      0
-4.81429     0      0
-4.8     0      0
-4.78571     0      0
-4.77143     0      0
-4.75714     0      0
-4.74286     0      0
-4.72857     0      0
-4.71429     0      0
-4.7     0      0
-4.68571     0      0
-4.67143     0      0
-4.65714     0      0
-4.64286     0      0
-4.62857     0      0
-4.61429     0      0
-4.6     0      0
-4.58571     0      0
-4.57143     0      0
-4.55714     0      0
-4.54286     0      0
-4.52857     0      0
-4.51429     0      0
-4.5     0      0
-4.48571     0      0
-4.47143     0      0
-4.45714     0      0
-4.44286     0      0
-4.42857     0      0
-4.41429     0      0
-4.4     0      0
-4.38571     0      0
-4.37143     0      0
-4.35714     0      0
-4.34286     0      0
-4.32857     0      0
-4.31429     0      0
-4.3     0      0
-4.28571     0      0
-4.27143     0      0
-4.25714     0      0
-4.24286     0      0
-4.22857     0      0
-4.21429     0      0
-4.2     0      0
-4.18571     0      0
-4.17143     0      0
-4.15714     0      0
-4.14286     0      0
-4.12857     0      0
-4.11429     0      0
-4.1     0      0
-4.08571     0      0
-4.07143     0      0
-4.05714     0      0
-4.04286     0      0
-4.02857     0      0
-4.01429     0      0
-4     0      0
-3.98571     0      0
-3.97143     0      0
-3.95714     0      0
-3.94286     0      0
-3.92857     0      0
-3.91429     0      0
-3.9     0      0
-3.88571     0      0
-3.87143     0      0
-3.85714     0      0
-3.84286     0      0
-3.82857     0      0
-3.81429     0      0
-3.8     0      0
-3.78571     0      0
-3.77143     0      0
-3.75714     0      0
-3.74286     0      0
-3.72857     0      0
-3.71429     0      0
-3.7     0      0
-3.68571     0      0
-3.67143     0      0
-3.65714     0      0
-3.64286     0      0
-3.62857     0      0
-3.61429     0      0
-3.6     0      0
-3.58571     0      0
-3.57143     0      0
-3.55714     0      0
-3.54286     0      0
-3.52857     0      0
-3.51429     0      0
-3.5     0      0
-3.48571     0      0
-3.47143     0      0
-3.45714     0      0
-3.44286     0      0
-3.42857     0      0
-3.41429     0      0
-3.4     0      0
-3.38571     0      0
-3.37143     0      0
-3.35714     0      0
-3.34286     0      0
-3.32857     0      0
-3.31429     0      0
-3.3     0      0
-3.28571     0      0
-3.27143     0      0
-3.25714     0      0
-3.24286     0      0
-3.22857     0      0
-3.21429     0      0
-3.2     0      0
-3.18571     0      0
-3.17143     0      0
-3.15714     0      0
-3.14286     0      0
-3.12857     0      0
-3.11429     0      0
-3.1     0      0
-3.08571     0      0
-3.07143     0      0
-3.05714     0      0
-3.04286     0      0
-3.02857     0      0
-3.01429     0      0
-3     0      0
-2.98571     0      0
-2.97143     0      0
-2.95714     0      0
-2.94286     0      0
-2.92857     0      0
-2.91429     0      0
-2.9     0      0
-2.88571     0      0
-2.87143     0      0
-2.85714     0      0
-2.84286     0      0
-2.82857     0      0
-2.81429     0      0
-2.8     0      0
-2.78571     0      0
-2.77143     0      0
-2.75714     0      0
-2.74286     0      0
-2.72857     0      0
-2.71429     0      0
-2.7     0      0
-2.68571     0      0
-2.67143     0      0
-2.65714     0      0
-2.64286     0      0
-2.62857     0      0
-2.61429     0      0
-2.6     0      0
-2.58571     0      0
-2.57143     0      0
-2.55714     0      0
-2.54286     0      0
-2.52857     0      0
-2.51429     0      0
-2.5     0      0
-2.48571     0      0
-2.47143     0      0
-2.45714     0      0
-2.44286     0      0
-2.42857     0      0
-2.41429     0      0
-2.4     0      0
-2.38571     0      0
-2.37143     0      0
-2.35714     0      0
-2.34286     0      0
-2.32857     0      0
-2.31429     0      0
-2.3     0      0
-2.28571     0      0
-2.27143     0      0
-2.25714     0      0
-2.24286     0      0
-2.22857     0      0
-2.21429     0      0
-2.2     0      0
-2.18571     0      0
-2.17143     0      0
-2.15714     0      0
-2.14286     0      0
-2.12857     0      0
-2.11429     0      0
-2.1     0      0
-2.08571     0      0
-2.07143     0      0
-2.05714     0      0
-2.04286     0      0
-2.02857     0      0
-2.01429     0      0
-2     0      0
-1.98571     0      0
-1.97143     0      0
-1.95714     0      0
-1.94286     0      0
-1.92857     0      0
-1.91429     0      0
-1.9     0      0
-1.88571     0      0
-1.87143     0      0
-1.85714     0      0
-1.84286     0      0
-1.82857     0      0
-1.81429     0      0
-1.8     0      0
-1.78571     0      0
-1.77143     0.0006605      0
-1.75714     0.005444      0
-1.74286     0.005434      0
-1.72857     0.00548      0
-1.71429     0.005468      0
-1.7     0.005524      0
-1.68571     0.005526      0
-1.67143     0.005558      0
-1.65714     0.005552      0
-1.64286     0.005602      0
-1.62857     0.00559      0
-1.61429     0.005624      0
-1.6     0.00568      0
-1.58571     0.005652      0
-1.57143     0.005692      0
-1.55714     0.00572      0
-1.54286     0.005742      0
-1.52857     0.005762      0
-1.51429     0.00576      0
-1.5     0.00583      0
-1.48571     0.00584      0
-1.47143     0.005844      0
-1.45714     0.005866      0
-1.44286     0.005912      0
-1.42857     0.005934      0
-1.41429     0.005954      0
-1.4     0.005982      0
-1.38571     0.006018      0
-1.37143     0.006012      0
-1.35714     0.006068      0
-1.34286     0.006086      0
-1.32857     0.006132      0
-1.31429     0.006094      0
-1.3     0.006192      0
-1.28571     0.006188      0
-1.27143     0.006248      0
-1.25714     0.006246      0
-1.24286     0.006272      0
-1.22857     0.00628      0
-1.21429     0.00638      0
-1.2     0.006382      0
-1.18571     0.006412      0
-1.17143     0.00642      0
-1.15714     0.006482      0
-1.14286     0.006496      0
-1.12857     0.00654      0
-1.11429     0.006582      0
-1.1     0.00656      0
-1.08571     0.00672      0
-1.07143     0.006624      0
-1.05714     0.006734      0
-1.04286     0.006732      0
-1.02857     0.006826      0
-1.01429     0.00682      0
-1     0.006882      0
-0.985714     0.006916      0
-0.971429     0.006922      0
-0.957143     0.007024      0
-0.942857     0.007004      0
-0.928571     0.00709      0
-0.914286     0.007108      0
-0.9     0.007182      0
-0.885714     0.007228      0
-0.871429     0.007232      0
-0.857143     0.007328      0
-0.842857     0.007348      0
-0.828571     0.007418      0
-0.814286     0.007464      0
-0.8     0.007512      0
-0.785714     0.007576      0
-0.771429     0.007626      0
-0.757143     0.007658      0
-0.742857     0.00775      0
-0.728571     0.007786      0
-0.714286     0.007892      0
-0.7     0.00792      0
-0.685714     0.007938      0
-0.671429     0.008052      0
-0.657143     0.008148      0
-0.642857     0.008206      0
-0.628571     0.008252      0
-0.614286     0.008378      0
-0.6     0.008414      0
-0.585714     0.0085      0
-0.571429     0.008582      0
-0.557143     0.008644      0
-0.542857     0.008766      0
-0.528571     0.008856      0
-0.514286     0.00896      0
-0.5     0.00904      0
-0.485714     0.00915      0
-0.471429     0.009278      0
-0.457143     0.009364      0
-0.442857     0.009514      0
-0.428571     0.00963      0
-0.414286     0.009782      0
-0.4     0.009918      0
-0.385714     0.010106      0
-0.371429     0.010216      0
-0.357143     0.010432      0
-0.342857     0.010618      0
-0.328571     0.010788      0
-0.314286     0.011032      0
-0.3     0.011206      0
-0.285714     0.01161      0
-0.271429     0.011892      0
-0.257143     0.012332      0
-0.242857     0.01266      0
-0.228571     0.013372      0
-0.214286     0.013984      0
-0.2     0.014968      0
-0.185714     0.016458      0
-0.171429     0.020224      0
-0.157143     0.0361865      0
-0.142857     0.0178      0
-0.128571     0.013428      0
-0.114286     0.011148      0
-0.1     0.009664      0
-0.0857143     0.008522      0
-0.0714286     0.007532      0
-0.0571429     0.006834      0
-0.0428571     0.006146      0
-0.0285714     0.005502      0
-0.0142857     0.004946      0.0019385
0     0.001977      0.016282
0.0142857     0      0.01229
0.0285714     0      0.01113
0.0428571     0      0.010634
0.0571429     0      0.010408
0.0714286     0      0.010432
0.0857143     0      0.010472
0.1     0      0.010734
0.114286     0      0.011148
0.128571     0      0.011776
0.142857     0      0.01335
0.157143     0      0.014451
0.171429     0      0.012182
0.185714     0      0.011306
0.2     0      0.010914
0.214286     0      0.01047
0.228571     0      0.010174
0.242857     0      0.009886
0.257143     0      0.009694
0.271429     0      0.009512
0.285714     0      0.00932
0.3     0      0.009168
0.314286     0      0.008998
0.328571     0      0.008908
0.342857     0      0.008688
0.357143     0      0.008606
0.371429     0      0.00848
0.385714     0      0.008386
0.4     0      0.008262
0.414286     0      0.008224
0.428571     0      0.00808
0.442857     0      0.007958
0.457143     0      0.0079
0.471429     0      0.007794
0.485714     0      0.0077
0.5     0      0.007682
0.514286     0      0.00755
0.528571     0      0.007506
0.542857     0      0.007416
0.557143     0      0.007364
0.571429     0      0.00728
0.585714     0      0.007188
0.6     0      0.007182
0.614286     0      0.00705
0.628571     0      0.00706
0.642857     0      0.006974
0.657143     0      0.006922
0.671429     0      0.006804
0.685714     0      0.006804
0.7     0      0.006776
0.714286     0      0.006692
0.728571     0      0.006636
0.742857     0      0.006548
0.757143     0      0.006534
0.771429     0      0.0065
0.785714     0      0.00644
0.8     0      0.006418
0.814286     0      0.006328
0.828571     0      0.006308
0.842857     0      0.006258
0.857143     0      0.006204
0.871429     0      0.006176
0.885714     0      0.006138
0.9     0      0.006084
0.914286     0      0.006044
0.928571     0      0.00601
0.942857     0      0.005996
0.957143     0      0.005916
0.971429     0      0.005934
0.985714     0      0.00588
1     0      0.005788
1.01429     0      0.005782
1.02857     0      0.005748
1.04286     0      0.00573
1.05714     0      0.005704
1.07143     0      0.005632
1.08571     0      0.005596
1.1     0      0.005572
1.11429     0      0.005582
1.12857     0      0.005528
1.14286     0      0.005474
1.15714     0      0.005452
1.17143     0      0.00545
1.18571     0      0.005404
1.2     0      0.005356
1.21429     0      0.005322
1.22857     0      0.005332
1.24286     0      0.00529
1.25714     0      0.005246
1.27143     0      0.005244
1.28571     0      0.005174
1.3     0      0.005172
1.31429     0      0.00515
1.32857     0      0.005128
1.34286     0      0.005074
1.35714     0      0.005082
1.37143     0      0.005032
1.38571     0      0.005014
1.4     0      0.00501
1.41429     0      0.004948
1.42857     0      0.00495
1.44286     0      0.004952
1.45714     0      0.004872
1.47143     0      0.00489
1.48571     0      0.004842
1.5     0      0.004822
1.51429     0      0.004836
1.52857     0      0.004768
1.54286     0      0.004758
1.55714     0      0.004758
1.57143     0      0.0047
1.58571     0      0.004702
1.6     0      0.004678
1.61429     0      0.004672
1.62857     0      0.004626
1.64286     0      0.00462
1.65714     0      0.00459
1.67143     0      0.004564
1.68571     0      0.004576
1.7     0      0.004522
1.71429     0      0.004504
1.72857     0      0.004546
1.74286     0      0.00443
1.75714     0      0.004488
1.77143     0      0.0044
1.78571     0      0.00443
1.8     0      0.004424
1.81429     0      0.004394
1.82857     0      0.004372
1.84286     0      0.004344
1.85714     0      0.00434
1.87143     0      0.004318
1.88571     0      0.004304
1.9     0      0.004266
1.91429     0      0.004252
1.92857     0      0.004268
1.94286     0      0.004244
1.95714     0      0.004208
1.97143     0      0.004192
1.98571     0      0.004198
2     0      0.004174
2.01429     0      0.00413
2.02857     0      0.004148
2.04286     0      0.004118
2.05714     0      0.004116
2.07143     0      0.004072
2.08571     0      0.004078
2.1     0      0.00406
2.11429     0      0.004042
2.12857     0      0.004054
2.14286     0      0.00402
2.15714     0      0.00399
2.17143     0      0.003968
2.18571     0      0.00399
2.2     0      0.003944
2.21429     0      0.00395
2.22857     0      0.003932
2.24286     0      0.0003205
2.25714     0      1.66702e-56
2.27143     0      1.68443e-76
2.28571     0      4.09968e-96
2.3     0      1.42609e-109
2.31429     0      9.05857e-123
2.32857     0      0
2.34286     0      0
2.35714     0      0
2.37143     0      0
2.38571     0      0
2.4     0      0
2.41429     0      0
2.42857     0      0
2.44286     0      0
2.45714     0      0
2.47143     0      0
2.48571     0      0
2.5     0      0
2.51429     0      0
2.52857     0      0
2.54286     0      0
2.55714     0      0
2.57143     0      0
2.58571     0      0
2.6     0      0
2.61429     0      0
2.62857     0      0
2.64286     0      0
2.65714     0      0
2.67143     0      0
2.68571     0      0
2.7     0      0
2.71429     0      0
2.72857     0      0
2.74286     0      0
2.75714     0      0
2.77143     0      0
2.78571     0      0
2.8     0      0
2.81429     0      0
2.82857     0      0
2.84286     0      0
2.85714     0      0
2.87143     0      0
2.88571     0      0
2.9     0      0
2.91429     0      0
2.92857     0      0
2.94286     0      0
2.95714     0      0
2.97143     0      0
2.98571     0      0
3     0      0
3.01429     0      0
3.02857     0      0
3.04286     0      0
3.05714     0      0
3.07143     0      0
3.08571     0      0
3.1     0      0
3.11429     0      0
3.12857     0      0
3.14286     0      0
3.15714     0      0
3.17143     0      0
3.18571     0      0
3.2     0      0
3.21429     0      0
3.22857     0      0
3.24286     0      0
3.25714     0      0
3.27143     0      0
3.28571     0      0
3.3     0      0
3.31429     0      0
3.32857     0      0
3.34286     0      0
3.35714     0      0
3.37143     0      0
3.38571     0      0
3.4     0      0
3.41429     0      0
3.42857     0      0
3.44286     0      0
3.45714     0      0
3.47143     0      0
3.48571     0      0
3.5     0      0
3.51429     0      0
3.52857     0      0
3.54286     0      0
3.55714     0      0
3.57143     0      0
3.58571     0      0
3.6     0      0
3.61429     0      0
3.62857     0      0
3.64286     0      0
3.65714     0      0
3.67143     0      0
3.68571     0      0
3.7     0      0
3.71429     0      0
3.72857     0      0
3.74286     0      0
3.75714     0      0
3.77143     0      0
3.78571     0      0
3.8     0      0
3.81429     0      0
3.82857     0      0
3.84286     0      0
3.85714     0      0
3.87143     0      0
3.88571     0      0
3.9     0      0
3.91429     0      0
3.92857     0      0
3.94286     0      0
3.95714     0      0
3.97143     0      0
3.98571     0      0
4     0      0
4.01429     0      0
4.02857     0      0
4.04286     0      0
4.05714     0      0
4.07143     0      0
4.08571     0      0
4.1     0      0
4.11429     0      0
4.12857     0      0
4.14286     0      0
4.15714     0      0
4.17143     0      0
4.18571     0      0
4.2     0      0
4.21429     0      0
4.22857     0      0
4.24286     0      0
4.25714     0      0
4.27143     0      0
4.28571     0      0
4.3     0      0
4.31429     0      0
4.32857     0      0
4.34286     0      0
4.35714     0      0
4.37143     0      0
4.38571     0      0
4.4     0      0
4.41429     0      0
4.42857     0      0
4.44286     0      0
4.45714     0      0
4.47143     0      0
4.48571     0      0
4.5     0      0
4.51429     0      0
4.52857     0      0
4.54286     0      0
4.55714     0      0
4.57143     0      0
4.58571     0      0
4.6     0      0
4.61429     0      0
4.62857     0      0
4.64286     0      0
4.65714     0      0
4.67143     0      0
4.68571     0      0
4.7     0      0
4.71429     0      0
4.72857     0      0
4.74286     0      0
4.75714     0      0
4.77143     0      0
4.78571     0      0
4.8     0      0
4.81429     0      0
4.82857     0      0
4.84286     0      0
4.85714     0      0
4.87143     0      0
4.88571     0      0
4.9     0      0
4.91429     0      0
4.92857     0      0
4.94286     0      0
4.95714     0      0
4.97143     0      0
4.98571     0      0
