# U,mu,nA_up, nA_dn, nB_up, nB_dn, ms, mf, ntotal,mu,cint
#energy    dos_upn   dos_upp   dos_dnn  dos_dnp GRID=1000 bin=700
-5     0      0
-4.98571     0      0
-4.97143     0      0
-4.95714     0      0
-4.94286     0      0
-4.92857     0      0
-4.91429     0      0
-4.9     0      0
-4.88571     0      0
-4.87143     0      0
-4.85714     0      0
-4.84286     0      0
-4.82857     0      0
-4.81429     0      0
-4.8     0      0
-4.78571     0      0
-4.77143     0      0
-4.75714     0      0
-4.74286     0      0
-4.72857     0      0
-4.71429     0      0
-4.7     0      0
-4.68571     0      0
-4.67143     0      0
-4.65714     0      0
-4.64286     0      0
-4.62857     0      0
-4.61429     0      0
-4.6     0      0
-4.58571     0      0
-4.57143     0      0
-4.55714     0      0
-4.54286     0      0
-4.52857     0      0
-4.51429     0      0
-4.5     0      0
-4.48571     0      0
-4.47143     0      0
-4.45714     0      0
-4.44286     0      0
-4.42857     0      0
-4.41429     0      0
-4.4     0      0
-4.38571     0      0
-4.37143     0      0
-4.35714     0      0
-4.34286     0      0
-4.32857     0      0
-4.31429     0      0
-4.3     0      0
-4.28571     0      0
-4.27143     0      0
-4.25714     0      0
-4.24286     0      0
-4.22857     0      0
-4.21429     0      0
-4.2     0      0
-4.18571     0      0
-4.17143     0      0
-4.15714     0      0
-4.14286     0      0
-4.12857     0      0
-4.11429     0      0
-4.1     0      0
-4.08571     0      0
-4.07143     0      0
-4.05714     0      0
-4.04286     0      0
-4.02857     0      0
-4.01429     0      0
-4     0      0
-3.98571     0      0
-3.97143     0      0
-3.95714     0      0
-3.94286     0      0
-3.92857     0      0
-3.91429     0      0
-3.9     0      0
-3.88571     0      0
-3.87143     0      0
-3.85714     0      0
-3.84286     0      0
-3.82857     0      0
-3.81429     0      0
-3.8     0      0
-3.78571     0      0
-3.77143     0      0
-3.75714     0      0
-3.74286     0      0
-3.72857     0      0
-3.71429     0      0
-3.7     0      0
-3.68571     0      0
-3.67143     0      0
-3.65714     0      0
-3.64286     0      0
-3.62857     0      0
-3.61429     0      0
-3.6     0      0
-3.58571     0      0
-3.57143     0      0
-3.55714     0      0
-3.54286     0      0
-3.52857     0      0
-3.51429     0      0
-3.5     0      0
-3.48571     0      0
-3.47143     0      0
-3.45714     0      0
-3.44286     0      0
-3.42857     0      0
-3.41429     0      0
-3.4     0      0
-3.38571     0      0
-3.37143     0      0
-3.35714     0      0
-3.34286     0      0
-3.32857     0      0
-3.31429     0      0
-3.3     0      0
-3.28571     0      0
-3.27143     0      0
-3.25714     0      0
-3.24286     0      0
-3.22857     0      0
-3.21429     0      0
-3.2     0      0
-3.18571     0      0
-3.17143     0      0
-3.15714     0      0
-3.14286     0      0
-3.12857     0      0
-3.11429     0      0
-3.1     0      0
-3.08571     0      0
-3.07143     0      0
-3.05714     0      0
-3.04286     0      0
-3.02857     0      0
-3.01429     0      0
-3     0      0
-2.98571     0      0
-2.97143     0      0
-2.95714     0      0
-2.94286     0      0
-2.92857     0      0
-2.91429     0      0
-2.9     0      0
-2.88571     0      0
-2.87143     0      0
-2.85714     0      0
-2.84286     0      0
-2.82857     0      0
-2.81429     0      0
-2.8     0      0
-2.78571     0      0
-2.77143     0      0
-2.75714     0      0
-2.74286     0      0
-2.72857     0      0
-2.71429     0      0
-2.7     0      0
-2.68571     0      0
-2.67143     0      0
-2.65714     0      0
-2.64286     0      0
-2.62857     0      0
-2.61429     0      0
-2.6     0      0
-2.58571     0      0
-2.57143     0      0
-2.55714     0      0
-2.54286     0      0
-2.52857     0      0
-2.51429     0      0
-2.5     0      0
-2.48571     0      0
-2.47143     0      0
-2.45714     0      0
-2.44286     0      0
-2.42857     0      0
-2.41429     0      0
-2.4     0      0
-2.38571     0      0
-2.37143     0      0
-2.35714     0      0
-2.34286     0      0
-2.32857     0      0
-2.31429     0      0
-2.3     0      0
-2.28571     0      0
-2.27143     0      0
-2.25714     0      0
-2.24286     0      0
-2.22857     0      0
-2.21429     0      0
-2.2     0      0
-2.18571     0      0
-2.17143     0      0
-2.15714     0      0
-2.14286     0      0
-2.12857     0      0
-2.11429     0      0
-2.1     0      0
-2.08571     0      0
-2.07143     0      0
-2.05714     0      0
-2.04286     0      0
-2.02857     0      0
-2.01429     0      0
-2     0      0
-1.98571     0      0
-1.97143     0      0
-1.95714     0      0
-1.94286     0      0
-1.92857     0      0
-1.91429     0      0
-1.9     0      0
-1.88571     0      0
-1.87143     0      0
-1.85714     0      0
-1.84286     0      0
-1.82857     0      0
-1.81429     0      0
-1.8     0      0
-1.78571     0      0
-1.77143     3.97657e-24      0
-1.75714     0.0045205      0
-1.74286     0.005438      0
-1.72857     0.005466      0
-1.71429     0.005484      0
-1.7     0.005494      0
-1.68571     0.005512      0
-1.67143     0.005548      0
-1.65714     0.005578      0
-1.64286     0.00557      0
-1.62857     0.005602      0
-1.61429     0.005638      0
-1.6     0.005638      0
-1.58571     0.005666      0
-1.57143     0.005684      0
-1.55714     0.00572      0
-1.54286     0.005712      0
-1.52857     0.005758      0
-1.51429     0.005764      0
-1.5     0.005822      0
-1.48571     0.005816      0
-1.47143     0.00585      0
-1.45714     0.005856      0
-1.44286     0.00591      0
-1.42857     0.005928      0
-1.41429     0.005946      0
-1.4     0.005956      0
-1.38571     0.006016      0
-1.37143     0.006      0
-1.35714     0.006056      0
-1.34286     0.00609      0
-1.32857     0.006088      0
-1.31429     0.00613      0
-1.3     0.006136      0
-1.28571     0.006212      0
-1.27143     0.006208      0
-1.25714     0.006246      0
-1.24286     0.006284      0
-1.22857     0.006298      0
-1.21429     0.006298      0
-1.2     0.006382      0
-1.18571     0.006416      0
-1.17143     0.00643      0
-1.15714     0.006424      0
-1.14286     0.006536      0
-1.12857     0.006484      0
-1.11429     0.00657      0
-1.1     0.006592      0
-1.08571     0.006656      0
-1.07143     0.006646      0
-1.05714     0.006708      0
-1.04286     0.006754      0
-1.02857     0.00678      0
-1.01429     0.00681      0
-1     0.006864      0
-0.985714     0.006888      0
-0.971429     0.006938      0
-0.957143     0.006952      0
-0.942857     0.007058      0
-0.928571     0.00706      0
-0.914286     0.007054      0
-0.9     0.00718      0
-0.885714     0.0072      0
-0.871429     0.00725      0
-0.857143     0.00725      0
-0.842857     0.007394      0
-0.828571     0.007356      0
-0.814286     0.007446      0
-0.8     0.007496      0
-0.785714     0.00756      0
-0.771429     0.007592      0
-0.757143     0.007666      0
-0.742857     0.007674      0
-0.728571     0.007822      0
-0.714286     0.00781      0
-0.7     0.007858      0
-0.685714     0.008014      0
-0.671429     0.008038      0
-0.657143     0.008058      0
-0.642857     0.00817      0
-0.628571     0.008262      0
-0.614286     0.008292      0
-0.6     0.008366      0
-0.585714     0.008472      0
-0.571429     0.00855      0
-0.557143     0.0086      0
-0.542857     0.008742      0
-0.528571     0.008822      0
-0.514286     0.008896      0
-0.5     0.009016      0
-0.485714     0.0091      0
-0.471429     0.009232      0
-0.457143     0.009304      0
-0.442857     0.009452      0
-0.428571     0.009546      0
-0.414286     0.009688      0
-0.4     0.009818      0
-0.385714     0.009994      0
-0.371429     0.010166      0
-0.357143     0.010298      0
-0.342857     0.010522      0
-0.328571     0.010704      0
-0.314286     0.010898      0
-0.3     0.01113      0
-0.285714     0.011352      0
-0.271429     0.01157      0
-0.257143     0.012064      0
-0.242857     0.012366      0
-0.228571     0.012948      0
-0.214286     0.013426      0
-0.2     0.01432      0
-0.185714     0.015288      0
-0.171429     0.017084      0
-0.157143     0.0268885      0
-0.142857     0.029012      0
-0.128571     0.015632      0
-0.114286     0.012318      0
-0.1     0.010376      0
-0.0857143     0.009052      0
-0.0714286     0.007994      0
-0.0571429     0.007168      0
-0.0428571     0.00639      0
-0.0285714     0.005758      0
-0.0142857     0.005176      0.0050805
0     0.0046      0.014732
0.0142857     0.000573      0.011758
0.0285714     0      0.01083
0.0428571     0      0.010418
0.0571429     0      0.0102
0.0714286     0      0.010292
0.0857143     0      0.01038
0.1     0      0.010598
0.114286     0      0.011046
0.128571     0      0.011804
0.142857     0      0.013799
0.157143     0      0.013574
0.171429     0      0.011878
0.185714     0      0.011186
0.2     0      0.010712
0.214286     0      0.01044
0.228571     0      0.010114
0.242857     0      0.009878
0.257143     0      0.009598
0.271429     0      0.009472
0.285714     0      0.009258
0.3     0      0.009138
0.314286     0      0.009006
0.328571     0      0.008852
0.342857     0      0.0087
0.357143     0      0.008618
0.371429     0      0.008446
0.385714     0      0.0084
0.4     0      0.008298
0.414286     0      0.008134
0.428571     0      0.00807
0.442857     0      0.007946
0.457143     0      0.007926
0.471429     0      0.007814
0.485714     0      0.007694
0.5     0      0.007698
0.514286     0      0.007524
0.528571     0      0.007528
0.542857     0      0.00742
0.557143     0      0.007354
0.571429     0      0.007256
0.585714     0      0.007222
0.6     0      0.007186
0.614286     0      0.007056
0.628571     0      0.007062
0.642857     0      0.006974
0.657143     0      0.006896
0.671429     0      0.006844
0.685714     0      0.006834
0.7     0      0.00676
0.714286     0      0.006698
0.728571     0      0.00663
0.742857     0      0.006556
0.757143     0      0.00656
0.771429     0      0.006508
0.785714     0      0.006434
0.8     0      0.006428
0.814286     0      0.006328
0.828571     0      0.006302
0.842857     0      0.006272
0.857143     0      0.006204
0.871429     0      0.006194
0.885714     0      0.006148
0.9     0      0.00608
0.914286     0      0.006058
0.928571     0      0.006044
0.942857     0      0.005952
0.957143     0      0.005938
0.971429     0      0.005954
0.985714     0      0.00585
1     0      0.005818
1.01429     0      0.005784
1.02857     0      0.005758
1.04286     0      0.005728
1.05714     0      0.005692
1.07143     0      0.00565
1.08571     0      0.005624
1.1     0      0.005604
1.11429     0      0.005548
1.12857     0      0.005526
1.14286     0      0.00548
1.15714     0      0.005468
1.17143     0      0.005422
1.18571     0      0.005408
1.2     0      0.005366
1.21429     0      0.005356
1.22857     0      0.005322
1.24286     0      0.005296
1.25714     0      0.005254
1.27143     0      0.00524
1.28571     0      0.005206
1.3     0      0.005166
1.31429     0      0.00516
1.32857     0      0.005134
1.34286     0      0.005072
1.35714     0      0.005106
1.37143     0      0.005022
1.38571     0      0.00502
1.4     0      0.005006
1.41429     0      0.004986
1.42857     0      0.004948
1.44286     0      0.004946
1.45714     0      0.004896
1.47143     0      0.004856
1.48571     0      0.004858
1.5     0      0.004842
1.51429     0      0.004798
1.52857     0      0.004824
1.54286     0      0.004728
1.55714     0      0.004754
1.57143     0      0.004752
1.58571     0      0.00469
1.6     0      0.004702
1.61429     0      0.004632
1.62857     0      0.004626
1.64286     0      0.004656
1.65714     0      0.004578
1.67143     0      0.00458
1.68571     0      0.00455
1.7     0      0.004528
1.71429     0      0.004578
1.72857     0      0.004462
1.74286     0      0.00448
1.75714     0      0.004468
1.77143     0      0.004478
1.78571     0      0.004384
1.8     0      0.004396
1.81429     0      0.00441
1.82857     0      0.004376
1.84286     0      0.004354
1.85714     0      0.00438
1.87143     0      0.004284
1.88571     0      0.00429
1.9     0      0.004308
1.91429     0      0.004284
1.92857     0      0.00423
1.94286     0      0.004236
1.95714     0      0.00422
1.97143     0      0.004208
1.98571     0      0.004206
2     0      0.004142
2.01429     0      0.004184
2.02857     0      0.004116
2.04286     0      0.004136
2.05714     0      0.004102
2.07143     0      0.004102
2.08571     0      0.004074
2.1     0      0.004048
2.11429     0      0.004066
2.12857     0      0.004026
2.14286     0      0.004022
2.15714     0      0.004012
2.17143     0      0.00398
2.18571     0      0.003976
2.2     0      0.003954
2.21429     0      0.003962
2.22857     0      0.003928
2.24286     0      0.0013305
2.25714     0      6.51181e-83
2.27143     0      6.5798e-103
2.28571     0      1.60144e-122
2.3     0      5.57066e-136
2.31429     0      3.5385e-149
2.32857     0      0
2.34286     0      0
2.35714     0      0
2.37143     0      0
2.38571     0      0
2.4     0      0
2.41429     0      0
2.42857     0      0
2.44286     0      0
2.45714     0      0
2.47143     0      0
2.48571     0      0
2.5     0      0
2.51429     0      0
2.52857     0      0
2.54286     0      0
2.55714     0      0
2.57143     0      0
2.58571     0      0
2.6     0      0
2.61429     0      0
2.62857     0      0
2.64286     0      0
2.65714     0      0
2.67143     0      0
2.68571     0      0
2.7     0      0
2.71429     0      0
2.72857     0      0
2.74286     0      0
2.75714     0      0
2.77143     0      0
2.78571     0      0
2.8     0      0
2.81429     0      0
2.82857     0      0
2.84286     0      0
2.85714     0      0
2.87143     0      0
2.88571     0      0
2.9     0      0
2.91429     0      0
2.92857     0      0
2.94286     0      0
2.95714     0      0
2.97143     0      0
2.98571     0      0
3     0      0
3.01429     0      0
3.02857     0      0
3.04286     0      0
3.05714     0      0
3.07143     0      0
3.08571     0      0
3.1     0      0
3.11429     0      0
3.12857     0      0
3.14286     0      0
3.15714     0      0
3.17143     0      0
3.18571     0      0
3.2     0      0
3.21429     0      0
3.22857     0      0
3.24286     0      0
3.25714     0      0
3.27143     0      0
3.28571     0      0
3.3     0      0
3.31429     0      0
3.32857     0      0
3.34286     0      0
3.35714     0      0
3.37143     0      0
3.38571     0      0
3.4     0      0
3.41429     0      0
3.42857     0      0
3.44286     0      0
3.45714     0      0
3.47143     0      0
3.48571     0      0
3.5     0      0
3.51429     0      0
3.52857     0      0
3.54286     0      0
3.55714     0      0
3.57143     0      0
3.58571     0      0
3.6     0      0
3.61429     0      0
3.62857     0      0
3.64286     0      0
3.65714     0      0
3.67143     0      0
3.68571     0      0
3.7     0      0
3.71429     0      0
3.72857     0      0
3.74286     0      0
3.75714     0      0
3.77143     0      0
3.78571     0      0
3.8     0      0
3.81429     0      0
3.82857     0      0
3.84286     0      0
3.85714     0      0
3.87143     0      0
3.88571     0      0
3.9     0      0
3.91429     0      0
3.92857     0      0
3.94286     0      0
3.95714     0      0
3.97143     0      0
3.98571     0      0
4     0      0
4.01429     0      0
4.02857     0      0
4.04286     0      0
4.05714     0      0
4.07143     0      0
4.08571     0      0
4.1     0      0
4.11429     0      0
4.12857     0      0
4.14286     0      0
4.15714     0      0
4.17143     0      0
4.18571     0      0
4.2     0      0
4.21429     0      0
4.22857     0      0
4.24286     0      0
4.25714     0      0
4.27143     0      0
4.28571     0      0
4.3     0      0
4.31429     0      0
4.32857     0      0
4.34286     0      0
4.35714     0      0
4.37143     0      0
4.38571     0      0
4.4     0      0
4.41429     0      0
4.42857     0      0
4.44286     0      0
4.45714     0      0
4.47143     0      0
4.48571     0      0
4.5     0      0
4.51429     0      0
4.52857     0      0
4.54286     0      0
4.55714     0      0
4.57143     0      0
4.58571     0      0
4.6     0      0
4.61429     0      0
4.62857     0      0
4.64286     0      0
4.65714     0      0
4.67143     0      0
4.68571     0      0
4.7     0      0
4.71429     0      0
4.72857     0      0
4.74286     0      0
4.75714     0      0
4.77143     0      0
4.78571     0      0
4.8     0      0
4.81429     0      0
4.82857     0      0
4.84286     0      0
4.85714     0      0
4.87143     0      0
4.88571     0      0
4.9     0      0
4.91429     0      0
4.92857     0      0
4.94286     0      0
4.95714     0      0
4.97143     0      0
4.98571     0      0
