# U,mu,nA_up, nA_dn, nB_up, nB_dn, ms, mf, ntotal,mu,cint
#energy    dos_upn   dos_upp   dos_dnn  dos_dnp GRID=1000 bin=700
-5     0      0
-4.98571     0      0
-4.97143     0      0
-4.95714     0      0
-4.94286     0      0
-4.92857     0      0
-4.91429     0      0
-4.9     0      0
-4.88571     0      0
-4.87143     0      0
-4.85714     0      0
-4.84286     0      0
-4.82857     0      0
-4.81429     0      0
-4.8     0      0
-4.78571     0      0
-4.77143     0      0
-4.75714     0      0
-4.74286     0      0
-4.72857     0      0
-4.71429     0      0
-4.7     0      0
-4.68571     0      0
-4.67143     0      0
-4.65714     0      0
-4.64286     0      0
-4.62857     0      0
-4.61429     0      0
-4.6     0      0
-4.58571     0      0
-4.57143     0      0
-4.55714     0      0
-4.54286     0      0
-4.52857     0      0
-4.51429     0      0
-4.5     0      0
-4.48571     0      0
-4.47143     0      0
-4.45714     0      0
-4.44286     0      0
-4.42857     0      0
-4.41429     0      0
-4.4     0      0
-4.38571     0      0
-4.37143     0      0
-4.35714     0      0
-4.34286     0      0
-4.32857     0      0
-4.31429     0      0
-4.3     0      0
-4.28571     0      0
-4.27143     0      0
-4.25714     0      0
-4.24286     0      0
-4.22857     0      0
-4.21429     0      0
-4.2     0      0
-4.18571     0      0
-4.17143     0      0
-4.15714     0      0
-4.14286     0      0
-4.12857     0      0
-4.11429     0      0
-4.1     0      0
-4.08571     0      0
-4.07143     0      0
-4.05714     0      0
-4.04286     0      0
-4.02857     0      0
-4.01429     0      0
-4     0      0
-3.98571     0      0
-3.97143     0      0
-3.95714     0      0
-3.94286     0      0
-3.92857     0      0
-3.91429     0      0
-3.9     0      0
-3.88571     0      0
-3.87143     0      0
-3.85714     0      0
-3.84286     0      0
-3.82857     0      0
-3.81429     0      0
-3.8     0      0
-3.78571     0      0
-3.77143     0      0
-3.75714     0      0
-3.74286     0      0
-3.72857     0      0
-3.71429     0      0
-3.7     0      0
-3.68571     0      0
-3.67143     0      0
-3.65714     0      0
-3.64286     0      0
-3.62857     0      0
-3.61429     0      0
-3.6     0      0
-3.58571     0      0
-3.57143     0      0
-3.55714     0      0
-3.54286     0      0
-3.52857     0      0
-3.51429     0      0
-3.5     0      0
-3.48571     0      0
-3.47143     0      0
-3.45714     0      0
-3.44286     0      0
-3.42857     0      0
-3.41429     0      0
-3.4     0      0
-3.38571     0      0
-3.37143     0      0
-3.35714     0      0
-3.34286     0      0
-3.32857     0      0
-3.31429     0      0
-3.3     0      0
-3.28571     0      0
-3.27143     0      0
-3.25714     0      0
-3.24286     0      0
-3.22857     0      0
-3.21429     0      0
-3.2     0      0
-3.18571     0      0
-3.17143     0      0
-3.15714     0      0
-3.14286     0      0
-3.12857     0      0
-3.11429     0      0
-3.1     0      0
-3.08571     0      0
-3.07143     0      0
-3.05714     0      0
-3.04286     0      0
-3.02857     0      0
-3.01429     0      0
-3     0      0
-2.98571     0      0
-2.97143     0      0
-2.95714     0      0
-2.94286     0      0
-2.92857     0      0
-2.91429     0      0
-2.9     0      0
-2.88571     0      0
-2.87143     0      0
-2.85714     0      0
-2.84286     0      0
-2.82857     0      0
-2.81429     0      0
-2.8     0      0
-2.78571     0      0
-2.77143     0      0
-2.75714     0      0
-2.74286     0      0
-2.72857     0      0
-2.71429     0      0
-2.7     0      0
-2.68571     0      0
-2.67143     0      0
-2.65714     0      0
-2.64286     0      0
-2.62857     0      0
-2.61429     0      0
-2.6     0      0
-2.58571     0      0
-2.57143     0      0
-2.55714     0      0
-2.54286     0      0
-2.52857     0      0
-2.51429     0      0
-2.5     0      0
-2.48571     0      0
-2.47143     0      0
-2.45714     0      0
-2.44286     0      0
-2.42857     0      0
-2.41429     0      0
-2.4     0      0
-2.38571     0      0
-2.37143     0      0
-2.35714     0      0
-2.34286     0      0
-2.32857     0      0
-2.31429     0      0
-2.3     0      0
-2.28571     0      0
-2.27143     0      0
-2.25714     0      0
-2.24286     0      0
-2.22857     0      0
-2.21429     0      0
-2.2     0      0
-2.18571     0      0
-2.17143     0      0
-2.15714     0      0
-2.14286     0      0
-2.12857     0      0
-2.11429     0      0
-2.1     0      0
-2.08571     0      0
-2.07143     0      0
-2.05714     0      0
-2.04286     0      0
-2.02857     0      0
-2.01429     0      0
-2     0      0
-1.98571     0      0
-1.97143     0      0
-1.95714     0      0
-1.94286     0      0
-1.92857     0      0
-1.91429     0      0
-1.9     0      0
-1.88571     0      0
-1.87143     0      0
-1.85714     0      0
-1.84286     0      0
-1.82857     0      0
-1.81429     0      0
-1.8     0      0
-1.78571     0      0
-1.77143     0.0016485      0
-1.75714     0.005436      0
-1.74286     0.005456      0
-1.72857     0.005476      0
-1.71429     0.005492      0
-1.7     0.005506      0
-1.68571     0.005522      0
-1.67143     0.00554      0
-1.65714     0.005572      0
-1.64286     0.00562      0
-1.62857     0.005604      0
-1.61429     0.005624      0
-1.6     0.005654      0
-1.58571     0.005686      0
-1.57143     0.005694      0
-1.55714     0.005714      0
-1.54286     0.005766      0
-1.52857     0.005752      0
-1.51429     0.005794      0
-1.5     0.005796      0
-1.48571     0.005832      0
-1.47143     0.00589      0
-1.45714     0.005878      0
-1.44286     0.005882      0
-1.42857     0.005962      0
-1.41429     0.005954      0
-1.4     0.005984      0
-1.38571     0.006      0
-1.37143     0.006056      0
-1.35714     0.006044      0
-1.34286     0.0061      0
-1.32857     0.006124      0
-1.31429     0.00616      0
-1.3     0.006152      0
-1.28571     0.006208      0
-1.27143     0.006246      0
-1.25714     0.006228      0
-1.24286     0.00627      0
-1.22857     0.006302      0
-1.21429     0.00637      0
-1.2     0.006408      0
-1.18571     0.006438      0
-1.17143     0.006414      0
-1.15714     0.006518      0
-1.14286     0.006482      0
-1.12857     0.006566      0
-1.11429     0.00657      0
-1.1     0.006612      0
-1.08571     0.00667      0
-1.07143     0.006648      0
-1.05714     0.006732      0
-1.04286     0.006764      0
-1.02857     0.006826      0
-1.01429     0.006812      0
-1     0.00691      0
-0.985714     0.006912      0
-0.971429     0.006954      0
-0.957143     0.007036      0
-0.942857     0.006992      0
-0.928571     0.007114      0
-0.914286     0.007122      0
-0.9     0.007186      0
-0.885714     0.00722      0
-0.871429     0.00727      0
-0.857143     0.007336      0
-0.842857     0.007378      0
-0.828571     0.007406      0
-0.814286     0.00747      0
-0.8     0.007524      0
-0.785714     0.007606      0
-0.771429     0.007634      0
-0.757143     0.007702      0
-0.742857     0.007724      0
-0.728571     0.007826      0
-0.714286     0.007896      0
-0.7     0.007936      0
-0.685714     0.00796      0
-0.671429     0.00811      0
-0.657143     0.008128      0
-0.642857     0.008224      0
-0.628571     0.008266      0
-0.614286     0.008386      0
-0.6     0.008456      0
-0.585714     0.00853      0
-0.571429     0.008588      0
-0.557143     0.008706      0
-0.542857     0.008736      0
-0.528571     0.008912      0
-0.514286     0.008968      0
-0.5     0.009066      0
-0.485714     0.009194      0
-0.471429     0.009302      0
-0.457143     0.00941      0
-0.442857     0.00958      0
-0.428571     0.009678      0
-0.414286     0.00984      0
-0.4     0.009946      0
-0.385714     0.01015      0
-0.371429     0.010302      0
-0.357143     0.010482      0
-0.342857     0.0107      0
-0.328571     0.010898      0
-0.314286     0.01113      0
-0.3     0.0113      0
-0.285714     0.011666      0
-0.271429     0.012064      0
-0.257143     0.012422      0
-0.242857     0.012896      0
-0.228571     0.013638      0
-0.214286     0.01434      0
-0.2     0.015596      0
-0.185714     0.017664      0
-0.171429     0.0319845      0
-0.157143     0.025726      0
-0.142857     0.015714      0
-0.128571     0.012498      0
-0.114286     0.010572      0
-0.1     0.009238      0
-0.0857143     0.00817      0
-0.0714286     0.007388      0
-0.0571429     0.006632      0
-0.0428571     0.005946      0
-0.0285714     0.005366      0
-0.0142857     0.00484      7.65e-05
0     8.3e-05      0.01733
0.0142857     0      0.01258
0.0285714     0      0.011306
0.0428571     0      0.010786
0.0571429     0      0.010536
0.0714286     0      0.010486
0.0857143     0      0.0106
0.1     0      0.010768
0.114286     0      0.011182
0.128571     0      0.011844
0.142857     0      0.013218
0.157143     0      0.014765
0.171429     0      0.012272
0.185714     0      0.01147
0.2     0      0.010962
0.214286     0      0.010504
0.228571     0      0.010218
0.242857     0      0.009968
0.257143     0      0.009738
0.271429     0      0.009516
0.285714     0      0.0093
0.3     0      0.009174
0.314286     0      0.00901
0.328571     0      0.008926
0.342857     0      0.008682
0.357143     0      0.008632
0.371429     0      0.008522
0.385714     0      0.00837
0.4     0      0.008276
0.414286     0      0.008198
0.428571     0      0.008026
0.442857     0      0.008024
0.457143     0      0.007884
0.471429     0      0.007778
0.485714     0      0.007754
0.5     0      0.007618
0.514286     0      0.007618
0.528571     0      0.007412
0.542857     0      0.007472
0.557143     0      0.007312
0.571429     0      0.00731
0.585714     0      0.007204
0.6     0      0.007154
0.614286     0      0.007114
0.628571     0      0.006976
0.642857     0      0.006982
0.657143     0      0.006896
0.671429     0      0.006866
0.685714     0      0.006822
0.7     0      0.006716
0.714286     0      0.006684
0.728571     0      0.006616
0.742857     0      0.006598
0.757143     0      0.006582
0.771429     0      0.006464
0.785714     0      0.006422
0.8     0      0.006388
0.814286     0      0.006344
0.828571     0      0.006314
0.842857     0      0.006228
0.857143     0      0.006212
0.871429     0      0.006178
0.885714     0      0.006124
0.9     0      0.006092
0.914286     0      0.006074
0.928571     0      0.00598
0.942857     0      0.006
0.957143     0      0.005902
0.971429     0      0.005932
0.985714     0      0.005812
1     0      0.005836
1.01429     0      0.005764
1.02857     0      0.005762
1.04286     0      0.005676
1.05714     0      0.005676
1.07143     0      0.00567
1.08571     0      0.00562
1.1     0      0.005594
1.11429     0      0.005556
1.12857     0      0.005506
1.14286     0      0.00548
1.15714     0      0.005452
1.17143     0      0.005442
1.18571     0      0.005384
1.2     0      0.005354
1.21429     0      0.005352
1.22857     0      0.005298
1.24286     0      0.00528
1.25714     0      0.00528
1.27143     0      0.0052
1.28571     0      0.00519
1.3     0      0.005174
1.31429     0      0.005152
1.32857     0      0.005114
1.34286     0      0.005094
1.35714     0      0.005082
1.37143     0      0.005026
1.38571     0      0.005
1.4     0      0.00499
1.41429     0      0.004962
1.42857     0      0.004932
1.44286     0      0.00495
1.45714     0      0.004866
1.47143     0      0.004908
1.48571     0      0.00482
1.5     0      0.004814
1.51429     0      0.00481
1.52857     0      0.004802
1.54286     0      0.004756
1.55714     0      0.004724
1.57143     0      0.00473
1.58571     0      0.00468
1.6     0      0.00469
1.61429     0      0.004656
1.62857     0      0.00463
1.64286     0      0.004636
1.65714     0      0.004558
1.67143     0      0.004572
1.68571     0      0.004566
1.7     0      0.004542
1.71429     0      0.004504
1.72857     0      0.004502
1.74286     0      0.00448
1.75714     0      0.004446
1.77143     0      0.004424
1.78571     0      0.00444
1.8     0      0.004382
1.81429     0      0.004384
1.82857     0      0.004374
1.84286     0      0.004368
1.85714     0      0.004344
1.87143     0      0.004286
1.88571     0      0.00432
1.9     0      0.004252
1.91429     0      0.004256
1.92857     0      0.004276
1.94286     0      0.00422
1.95714     0      0.00423
1.97143     0      0.004176
1.98571     0      0.004168
2     0      0.004188
2.01429     0      0.004148
2.02857     0      0.00412
2.04286     0      0.004124
2.05714     0      0.004118
2.07143     0      0.004078
2.08571     0      0.004082
2.1     0      0.004054
2.11429     0      0.004042
2.12857     0      0.004024
2.14286     0      0.00401
2.15714     0      0.003998
2.17143     0      0.003992
2.18571     0      0.003976
2.2     0      0.003954
2.21429     0      0.003948
2.22857     0      0.0036045
2.24286     0      8.41251e-11
2.25714     0      2.66724e-43
2.27143     0      2.69509e-63
2.28571     0      6.5595e-83
2.3     0      2.28174e-96
2.31429     0      1.44937e-109
2.32857     0      0
2.34286     0      0
2.35714     0      0
2.37143     0      0
2.38571     0      0
2.4     0      0
2.41429     0      0
2.42857     0      0
2.44286     0      0
2.45714     0      0
2.47143     0      0
2.48571     0      0
2.5     0      0
2.51429     0      0
2.52857     0      0
2.54286     0      0
2.55714     0      0
2.57143     0      0
2.58571     0      0
2.6     0      0
2.61429     0      0
2.62857     0      0
2.64286     0      0
2.65714     0      0
2.67143     0      0
2.68571     0      0
2.7     0      0
2.71429     0      0
2.72857     0      0
2.74286     0      0
2.75714     0      0
2.77143     0      0
2.78571     0      0
2.8     0      0
2.81429     0      0
2.82857     0      0
2.84286     0      0
2.85714     0      0
2.87143     0      0
2.88571     0      0
2.9     0      0
2.91429     0      0
2.92857     0      0
2.94286     0      0
2.95714     0      0
2.97143     0      0
2.98571     0      0
3     0      0
3.01429     0      0
3.02857     0      0
3.04286     0      0
3.05714     0      0
3.07143     0      0
3.08571     0      0
3.1     0      0
3.11429     0      0
3.12857     0      0
3.14286     0      0
3.15714     0      0
3.17143     0      0
3.18571     0      0
3.2     0      0
3.21429     0      0
3.22857     0      0
3.24286     0      0
3.25714     0      0
3.27143     0      0
3.28571     0      0
3.3     0      0
3.31429     0      0
3.32857     0      0
3.34286     0      0
3.35714     0      0
3.37143     0      0
3.38571     0      0
3.4     0      0
3.41429     0      0
3.42857     0      0
3.44286     0      0
3.45714     0      0
3.47143     0      0
3.48571     0      0
3.5     0      0
3.51429     0      0
3.52857     0      0
3.54286     0      0
3.55714     0      0
3.57143     0      0
3.58571     0      0
3.6     0      0
3.61429     0      0
3.62857     0      0
3.64286     0      0
3.65714     0      0
3.67143     0      0
3.68571     0      0
3.7     0      0
3.71429     0      0
3.72857     0      0
3.74286     0      0
3.75714     0      0
3.77143     0      0
3.78571     0      0
3.8     0      0
3.81429     0      0
3.82857     0      0
3.84286     0      0
3.85714     0      0
3.87143     0      0
3.88571     0      0
3.9     0      0
3.91429     0      0
3.92857     0      0
3.94286     0      0
3.95714     0      0
3.97143     0      0
3.98571     0      0
4     0      0
4.01429     0      0
4.02857     0      0
4.04286     0      0
4.05714     0      0
4.07143     0      0
4.08571     0      0
4.1     0      0
4.11429     0      0
4.12857     0      0
4.14286     0      0
4.15714     0      0
4.17143     0      0
4.18571     0      0
4.2     0      0
4.21429     0      0
4.22857     0      0
4.24286     0      0
4.25714     0      0
4.27143     0      0
4.28571     0      0
4.3     0      0
4.31429     0      0
4.32857     0      0
4.34286     0      0
4.35714     0      0
4.37143     0      0
4.38571     0      0
4.4     0      0
4.41429     0      0
4.42857     0      0
4.44286     0      0
4.45714     0      0
4.47143     0      0
4.48571     0      0
4.5     0      0
4.51429     0      0
4.52857     0      0
4.54286     0      0
4.55714     0      0
4.57143     0      0
4.58571     0      0
4.6     0      0
4.61429     0      0
4.62857     0      0
4.64286     0      0
4.65714     0      0
4.67143     0      0
4.68571     0      0
4.7     0      0
4.71429     0      0
4.72857     0      0
4.74286     0      0
4.75714     0      0
4.77143     0      0
4.78571     0      0
4.8     0      0
4.81429     0      0
4.82857     0      0
4.84286     0      0
4.85714     0      0
4.87143     0      0
4.88571     0      0
4.9     0      0
4.91429     0      0
4.92857     0      0
4.94286     0      0
4.95714     0      0
4.97143     0      0
4.98571     0      0
