# U,mu,nA_up, nA_dn, nB_up, nB_dn, ms, mf, ntotal,mu,cint
#energy    dos_upn   dos_upp   dos_dnn  dos_dnp GRID=1000 bin=700
-5     0      0
-4.98571     0      0
-4.97143     0      0
-4.95714     0      0
-4.94286     0      0
-4.92857     0      0
-4.91429     0      0
-4.9     0      0
-4.88571     0      0
-4.87143     0      0
-4.85714     0      0
-4.84286     0      0
-4.82857     0      0
-4.81429     0      0
-4.8     0      0
-4.78571     0      0
-4.77143     0      0
-4.75714     0      0
-4.74286     0      0
-4.72857     0      0
-4.71429     0      0
-4.7     0      0
-4.68571     0      0
-4.67143     0      0
-4.65714     0      0
-4.64286     0      0
-4.62857     0      0
-4.61429     0      0
-4.6     0      0
-4.58571     0      0
-4.57143     0      0
-4.55714     0      0
-4.54286     0      0
-4.52857     0      0
-4.51429     0      0
-4.5     0      0
-4.48571     0      0
-4.47143     0      0
-4.45714     0      0
-4.44286     0      0
-4.42857     0      0
-4.41429     0      0
-4.4     0      0
-4.38571     0      0
-4.37143     0      0
-4.35714     0      0
-4.34286     0      0
-4.32857     0      0
-4.31429     0      0
-4.3     0      0
-4.28571     0      0
-4.27143     0      0
-4.25714     0      0
-4.24286     0      0
-4.22857     0      0
-4.21429     0      0
-4.2     0      0
-4.18571     0      0
-4.17143     0      0
-4.15714     0      0
-4.14286     0      0
-4.12857     0      0
-4.11429     0      0
-4.1     0      0
-4.08571     0      0
-4.07143     0      0
-4.05714     0      0
-4.04286     0      0
-4.02857     0      0
-4.01429     0      0
-4     0      0
-3.98571     0      0
-3.97143     0      0
-3.95714     0      0
-3.94286     0      0
-3.92857     0      0
-3.91429     0      0
-3.9     0      0
-3.88571     0      0
-3.87143     0      0
-3.85714     0      0
-3.84286     0      0
-3.82857     0      0
-3.81429     0      0
-3.8     0      0
-3.78571     0      0
-3.77143     0      0
-3.75714     0      0
-3.74286     0      0
-3.72857     0      0
-3.71429     0      0
-3.7     0      0
-3.68571     0      0
-3.67143     0      0
-3.65714     0      0
-3.64286     0      0
-3.62857     0      0
-3.61429     0      0
-3.6     0      0
-3.58571     0      0
-3.57143     0      0
-3.55714     0      0
-3.54286     0      0
-3.52857     0      0
-3.51429     0      0
-3.5     0      0
-3.48571     0      0
-3.47143     0      0
-3.45714     0      0
-3.44286     0      0
-3.42857     0      0
-3.41429     0      0
-3.4     0      0
-3.38571     0      0
-3.37143     0      0
-3.35714     0      0
-3.34286     0      0
-3.32857     0      0
-3.31429     0      0
-3.3     0      0
-3.28571     0      0
-3.27143     0      0
-3.25714     0      0
-3.24286     0      0
-3.22857     0      0
-3.21429     0      0
-3.2     0      0
-3.18571     0      0
-3.17143     0      0
-3.15714     0      0
-3.14286     0      0
-3.12857     0      0
-3.11429     0      0
-3.1     0      0
-3.08571     0      0
-3.07143     0      0
-3.05714     0      0
-3.04286     0      0
-3.02857     0      0
-3.01429     0      0
-3     0      0
-2.98571     0      0
-2.97143     0      0
-2.95714     0      0
-2.94286     0      0
-2.92857     0      0
-2.91429     0      0
-2.9     0      0
-2.88571     0      0
-2.87143     0      0
-2.85714     0      0
-2.84286     0      0
-2.82857     0      0
-2.81429     0      0
-2.8     0      0
-2.78571     0      0
-2.77143     0      0
-2.75714     0      0
-2.74286     0      0
-2.72857     0      0
-2.71429     0      0
-2.7     0      0
-2.68571     0      0
-2.67143     0      0
-2.65714     0      0
-2.64286     0      0
-2.62857     0      0
-2.61429     0      0
-2.6     0      0
-2.58571     0      0
-2.57143     0      0
-2.55714     0      0
-2.54286     0      0
-2.52857     0      0
-2.51429     0      0
-2.5     0      0
-2.48571     0      0
-2.47143     0      0
-2.45714     0      0
-2.44286     0      0
-2.42857     0      0
-2.41429     0      0
-2.4     0      0
-2.38571     0      0
-2.37143     0      0
-2.35714     0      0
-2.34286     0      0
-2.32857     0      0
-2.31429     0      0
-2.3     0      0
-2.28571     0      0
-2.27143     0      0
-2.25714     0      0
-2.24286     0      0
-2.22857     0      0
-2.21429     0      0
-2.2     0      0
-2.18571     0      0
-2.17143     0      0
-2.15714     0      0
-2.14286     0      0
-2.12857     0      0
-2.11429     0      0
-2.1     0      0
-2.08571     0      0
-2.07143     0      0
-2.05714     0      0
-2.04286     0      0
-2.02857     0      0
-2.01429     0      0
-2     0      0
-1.98571     0      0
-1.97143     0      0
-1.95714     0      0
-1.94286     0      0
-1.92857     0      0
-1.91429     0      0
-1.9     0      0
-1.88571     0      0
-1.87143     0      0
-1.85714     0      0
-1.84286     0      0
-1.82857     0      0
-1.81429     0      0
-1.8     0      0
-1.78571     0      0
-1.77143     0      0
-1.75714     0      0
-1.74286     0      0
-1.72857     0.0014905      0
-1.71429     0.005446      0
-1.7     0.005444      0
-1.68571     0.005498      0
-1.67143     0.005506      0
-1.65714     0.005502      0
-1.64286     0.005542      0
-1.62857     0.005572      0
-1.61429     0.005584      0
-1.6     0.005594      0
-1.58571     0.005626      0
-1.57143     0.00564      0
-1.55714     0.00565      0
-1.54286     0.00571      0
-1.52857     0.005694      0
-1.51429     0.005726      0
-1.5     0.005738      0
-1.48571     0.0058      0
-1.47143     0.00581      0
-1.45714     0.005788      0
-1.44286     0.005858      0
-1.42857     0.0059      0
-1.41429     0.005882      0
-1.4     0.00591      0
-1.38571     0.005946      0
-1.37143     0.00601      0
-1.35714     0.005956      0
-1.34286     0.006072      0
-1.32857     0.006016      0
-1.31429     0.006086      0
-1.3     0.006124      0
-1.28571     0.006102      0
-1.27143     0.006176      0
-1.25714     0.0062      0
-1.24286     0.006196      0
-1.22857     0.00625      0
-1.21429     0.0063      0
-1.2     0.006312      0
-1.18571     0.006354      0
-1.17143     0.00636      0
-1.15714     0.006396      0
-1.14286     0.006428      0
-1.12857     0.006478      0
-1.11429     0.006492      0
-1.1     0.00656      0
-1.08571     0.006538      0
-1.07143     0.006644      0
-1.05714     0.006634      0
-1.04286     0.006644      0
-1.02857     0.00676      0
-1.01429     0.006732      0
-1     0.006794      0
-0.985714     0.00678      0
-0.971429     0.006934      0
-0.957143     0.006896      0
-0.942857     0.00697      0
-0.928571     0.006988      0
-0.914286     0.00707      0
-0.9     0.007064      0
-0.885714     0.007134      0
-0.871429     0.007172      0
-0.857143     0.007226      0
-0.842857     0.007296      0
-0.828571     0.007288      0
-0.814286     0.007396      0
-0.8     0.007418      0
-0.785714     0.007484      0
-0.771429     0.007538      0
-0.757143     0.00757      0
-0.742857     0.007694      0
-0.728571     0.007672      0
-0.714286     0.007814      0
-0.7     0.007796      0
-0.685714     0.007908      0
-0.671429     0.007974      0
-0.657143     0.008004      0
-0.642857     0.008092      0
-0.628571     0.008194      0
-0.614286     0.00824      0
-0.6     0.008342      0
-0.585714     0.008386      0
-0.571429     0.008512      0
-0.557143     0.008554      0
-0.542857     0.008672      0
-0.528571     0.008762      0
-0.514286     0.008864      0
-0.5     0.009      0
-0.485714     0.00903      0
-0.471429     0.009194      0
-0.457143     0.009344      0
-0.442857     0.009356      0
-0.428571     0.009576      0
-0.414286     0.009736      0
-0.4     0.009858      0
-0.385714     0.010066      0
-0.371429     0.010218      0
-0.357143     0.01041      0
-0.342857     0.01058      0
-0.328571     0.010846      0
-0.314286     0.011084      0
-0.3     0.011404      0
-0.285714     0.011678      0
-0.271429     0.012066      0
-0.257143     0.012504      0
-0.242857     0.013058      0
-0.228571     0.013532      0
-0.214286     0.014734      0
-0.2     0.016122      0
-0.185714     0.018546      0
-0.171429     0.0352145      0
-0.157143     0.03033      0
-0.142857     0.018262      0
-0.128571     0.014464      0
-0.114286     0.01221      0
-0.1     0.010762      0
-0.0857143     0.009544      0
-0.0714286     0.008624      0
-0.0571429     0.007882      0
-0.0428571     0.007098      0
-0.0285714     0.006554      0
-0.0142857     0.005939      0
0     0      0
0.0142857     0      0
0.0285714     0      0
0.0428571     0      0
0.0571429     0      0
0.0714286     0      0
0.0857143     0      0.0124105
0.1     0      0.015402
0.114286     0      0.01324
0.128571     0      0.012264
0.142857     0      0.011818
0.157143     0      0.011656
0.171429     0      0.011606
0.185714     0      0.011752
0.2     0      0.01211
0.214286     0      0.012616
0.228571     0      0.013736
0.242857     0      0.016771
0.257143     0      0.014006
0.271429     0      0.012514
0.285714     0      0.011668
0.3     0      0.011122
0.314286     0      0.010682
0.328571     0      0.010328
0.342857     0      0.010018
0.357143     0      0.009798
0.371429     0      0.009498
0.385714     0      0.009374
0.4     0      0.009118
0.414286     0      0.008956
0.428571     0      0.008842
0.442857     0      0.008678
0.457143     0      0.00857
0.471429     0      0.008424
0.485714     0      0.008276
0.5     0      0.008142
0.514286     0      0.008092
0.528571     0      0.00801
0.542857     0      0.00789
0.557143     0      0.007758
0.571429     0      0.007722
0.585714     0      0.007626
0.6     0      0.007518
0.614286     0      0.007432
0.628571     0      0.00742
0.642857     0      0.007244
0.657143     0      0.007272
0.671429     0      0.007176
0.685714     0      0.00708
0.7     0      0.007032
0.714286     0      0.006982
0.728571     0      0.00691
0.742857     0      0.006832
0.757143     0      0.006768
0.771429     0      0.00678
0.785714     0      0.006692
0.8     0      0.006584
0.814286     0      0.006562
0.828571     0      0.006536
0.842857     0      0.006468
0.857143     0      0.00643
0.871429     0      0.006376
0.885714     0      0.006312
0.9     0      0.006282
0.914286     0      0.006268
0.928571     0      0.006204
0.942857     0      0.006158
0.957143     0      0.006108
0.971429     0      0.006082
0.985714     0      0.00598
1     0      0.005996
1.01429     0      0.005934
1.02857     0      0.005928
1.04286     0      0.005848
1.05714     0      0.005834
1.07143     0      0.005796
1.08571     0      0.005782
1.1     0      0.005716
1.11429     0      0.005672
1.12857     0      0.005658
1.14286     0      0.005616
1.15714     0      0.005602
1.17143     0      0.00556
1.18571     0      0.005514
1.2     0      0.005508
1.21429     0      0.005482
1.22857     0      0.005408
1.24286     0      0.005394
1.25714     0      0.005368
1.27143     0      0.005342
1.28571     0      0.005308
1.3     0      0.005298
1.31429     0      0.005244
1.32857     0      0.005234
1.34286     0      0.00518
1.35714     0      0.005162
1.37143     0      0.005174
1.38571     0      0.005104
1.4     0      0.005058
1.41429     0      0.005104
1.42857     0      0.00501
1.44286     0      0.004998
1.45714     0      0.005
1.47143     0      0.004986
1.48571     0      0.004934
1.5     0      0.004926
1.51429     0      0.00489
1.52857     0      0.004886
1.54286     0      0.004818
1.55714     0      0.004846
1.57143     0      0.004824
1.58571     0      0.00474
1.6     0      0.00475
1.61429     0      0.004776
1.62857     0      0.004702
1.64286     0      0.004678
1.65714     0      0.004668
1.67143     0      0.004638
1.68571     0      0.00466
1.7     0      0.004602
1.71429     0      0.004584
1.72857     0      0.004562
1.74286     0      0.00454
1.75714     0      0.004586
1.77143     0      0.00447
1.78571     0      0.00448
1.8     0      0.004492
1.81429     0      0.004454
1.82857     0      0.004428
1.84286     0      0.004416
1.85714     0      0.004414
1.87143     0      0.004364
1.88571     0      0.004362
1.9     0      0.004372
1.91429     0      0.0043
1.92857     0      0.004346
1.94286     0      0.004252
1.95714     0      0.00428
1.97143     0      0.004266
1.98571     0      0.004228
2     0      0.004248
2.01429     0      0.004216
2.02857     0      0.004188
2.04286     0      0.004172
2.05714     0      0.004156
2.07143     0      0.004158
2.08571     0      0.004116
2.1     0      0.004112
2.11429     0      0.004108
2.12857     0      0.004072
2.14286     0      0.004082
2.15714     0      0.004052
2.17143     0      0.004042
2.18571     0      0.004018
2.2     0      0.003998
2.21429     0      0.003996
2.22857     0      0.003988
2.24286     0      0.003964
2.25714     0      0.003952
2.27143     0      0.003928
2.28571     0      0.0011005
2.3     0      3.82813e-17
2.31429     0      2.43164e-30
2.32857     0      0
2.34286     0      0
2.35714     0      0
2.37143     0      0
2.38571     0      0
2.4     0      0
2.41429     0      0
2.42857     0      0
2.44286     0      0
2.45714     0      0
2.47143     0      0
2.48571     0      0
2.5     0      0
2.51429     0      0
2.52857     0      0
2.54286     0      0
2.55714     0      0
2.57143     0      0
2.58571     0      0
2.6     0      0
2.61429     0      0
2.62857     0      0
2.64286     0      0
2.65714     0      0
2.67143     0      0
2.68571     0      0
2.7     0      0
2.71429     0      0
2.72857     0      0
2.74286     0      0
2.75714     0      0
2.77143     0      0
2.78571     0      0
2.8     0      0
2.81429     0      0
2.82857     0      0
2.84286     0      0
2.85714     0      0
2.87143     0      0
2.88571     0      0
2.9     0      0
2.91429     0      0
2.92857     0      0
2.94286     0      0
2.95714     0      0
2.97143     0      0
2.98571     0      0
3     0      0
3.01429     0      0
3.02857     0      0
3.04286     0      0
3.05714     0      0
3.07143     0      0
3.08571     0      0
3.1     0      0
3.11429     0      0
3.12857     0      0
3.14286     0      0
3.15714     0      0
3.17143     0      0
3.18571     0      0
3.2     0      0
3.21429     0      0
3.22857     0      0
3.24286     0      0
3.25714     0      0
3.27143     0      0
3.28571     0      0
3.3     0      0
3.31429     0      0
3.32857     0      0
3.34286     0      0
3.35714     0      0
3.37143     0      0
3.38571     0      0
3.4     0      0
3.41429     0      0
3.42857     0      0
3.44286     0      0
3.45714     0      0
3.47143     0      0
3.48571     0      0
3.5     0      0
3.51429     0      0
3.52857     0      0
3.54286     0      0
3.55714     0      0
3.57143     0      0
3.58571     0      0
3.6     0      0
3.61429     0      0
3.62857     0      0
3.64286     0      0
3.65714     0      0
3.67143     0      0
3.68571     0      0
3.7     0      0
3.71429     0      0
3.72857     0      0
3.74286     0      0
3.75714     0      0
3.77143     0      0
3.78571     0      0
3.8     0      0
3.81429     0      0
3.82857     0      0
3.84286     0      0
3.85714     0      0
3.87143     0      0
3.88571     0      0
3.9     0      0
3.91429     0      0
3.92857     0      0
3.94286     0      0
3.95714     0      0
3.97143     0      0
3.98571     0      0
4     0      0
4.01429     0      0
4.02857     0      0
4.04286     0      0
4.05714     0      0
4.07143     0      0
4.08571     0      0
4.1     0      0
4.11429     0      0
4.12857     0      0
4.14286     0      0
4.15714     0      0
4.17143     0      0
4.18571     0      0
4.2     0      0
4.21429     0      0
4.22857     0      0
4.24286     0      0
4.25714     0      0
4.27143     0      0
4.28571     0      0
4.3     0      0
4.31429     0      0
4.32857     0      0
4.34286     0      0
4.35714     0      0
4.37143     0      0
4.38571     0      0
4.4     0      0
4.41429     0      0
4.42857     0      0
4.44286     0      0
4.45714     0      0
4.47143     0      0
4.48571     0      0
4.5     0      0
4.51429     0      0
4.52857     0      0
4.54286     0      0
4.55714     0      0
4.57143     0      0
4.58571     0      0
4.6     0      0
4.61429     0      0
4.62857     0      0
4.64286     0      0
4.65714     0      0
4.67143     0      0
4.68571     0      0
4.7     0      0
4.71429     0      0
4.72857     0      0
4.74286     0      0
4.75714     0      0
4.77143     0      0
4.78571     0      0
4.8     0      0
4.81429     0      0
4.82857     0      0
4.84286     0      0
4.85714     0      0
4.87143     0      0
4.88571     0      0
4.9     0      0
4.91429     0      0
4.92857     0      0
4.94286     0      0
4.95714     0      0
4.97143     0      0
4.98571     0      0
