# U,mu,nA_up, nA_dn, nB_up, nB_dn, ms, mf, ntotal,mu,cint
#energy    dos_upn   dos_upp   dos_dnn  dos_dnp GRID=1000 bin=700
-5     0      0
-4.98571     0      0
-4.97143     0      0
-4.95714     0      0
-4.94286     0      0
-4.92857     0      0
-4.91429     0      0
-4.9     0      0
-4.88571     0      0
-4.87143     0      0
-4.85714     0      0
-4.84286     0      0
-4.82857     0      0
-4.81429     0      0
-4.8     0      0
-4.78571     0      0
-4.77143     0      0
-4.75714     0      0
-4.74286     0      0
-4.72857     0      0
-4.71429     0      0
-4.7     0      0
-4.68571     0      0
-4.67143     0      0
-4.65714     0      0
-4.64286     0      0
-4.62857     0      0
-4.61429     0      0
-4.6     0      0
-4.58571     0      0
-4.57143     0      0
-4.55714     0      0
-4.54286     0      0
-4.52857     0      0
-4.51429     0      0
-4.5     0      0
-4.48571     0      0
-4.47143     0      0
-4.45714     0      0
-4.44286     0      0
-4.42857     0      0
-4.41429     0      0
-4.4     0      0
-4.38571     0      0
-4.37143     0      0
-4.35714     0      0
-4.34286     0      0
-4.32857     0      0
-4.31429     0      0
-4.3     0      0
-4.28571     0      0
-4.27143     0      0
-4.25714     0      0
-4.24286     0      0
-4.22857     0      0
-4.21429     0      0
-4.2     0      0
-4.18571     0      0
-4.17143     0      0
-4.15714     0      0
-4.14286     0      0
-4.12857     0      0
-4.11429     0      0
-4.1     0      0
-4.08571     0      0
-4.07143     0      0
-4.05714     0      0
-4.04286     0      0
-4.02857     0      0
-4.01429     0      0
-4     0      0
-3.98571     0      0
-3.97143     0      0
-3.95714     0      0
-3.94286     0      0
-3.92857     0      0
-3.91429     0      0
-3.9     0      0
-3.88571     0      0
-3.87143     0      0
-3.85714     0      0
-3.84286     0      0
-3.82857     0      0
-3.81429     0      0
-3.8     0      0
-3.78571     0      0
-3.77143     0      0
-3.75714     0      0
-3.74286     0      0
-3.72857     0      0
-3.71429     0      0
-3.7     0      0
-3.68571     0      0
-3.67143     0      0
-3.65714     0      0
-3.64286     0      0
-3.62857     0      0
-3.61429     0      0
-3.6     0      0
-3.58571     0      0
-3.57143     0      0
-3.55714     0      0
-3.54286     0      0
-3.52857     0      0
-3.51429     0      0
-3.5     0      0
-3.48571     0      0
-3.47143     0      0
-3.45714     0      0
-3.44286     0      0
-3.42857     0      0
-3.41429     0      0
-3.4     0      0
-3.38571     0      0
-3.37143     0      0
-3.35714     0      0
-3.34286     0      0
-3.32857     0      0
-3.31429     0      0
-3.3     0      0
-3.28571     0      0
-3.27143     0      0
-3.25714     0      0
-3.24286     0      0
-3.22857     0      0
-3.21429     0      0
-3.2     0      0
-3.18571     0      0
-3.17143     0      0
-3.15714     0      0
-3.14286     0      0
-3.12857     0      0
-3.11429     0      0
-3.1     0      0
-3.08571     0      0
-3.07143     0      0
-3.05714     0      0
-3.04286     0      0
-3.02857     0      0
-3.01429     0      0
-3     0      0
-2.98571     0      0
-2.97143     0      0
-2.95714     0      0
-2.94286     0      0
-2.92857     0      0
-2.91429     0      0
-2.9     0      0
-2.88571     0      0
-2.87143     0      0
-2.85714     0      0
-2.84286     0      0
-2.82857     0      0
-2.81429     0      0
-2.8     0      0
-2.78571     0      0
-2.77143     0      0
-2.75714     0      0
-2.74286     0      0
-2.72857     0      0
-2.71429     0      0
-2.7     0      0
-2.68571     0      0
-2.67143     0      0
-2.65714     0      0
-2.64286     0      0
-2.62857     0      0
-2.61429     0      0
-2.6     0      0
-2.58571     0      0
-2.57143     0      0
-2.55714     0      0
-2.54286     0      0
-2.52857     0      0
-2.51429     0      0
-2.5     0      0
-2.48571     0      0
-2.47143     0      0
-2.45714     0      0
-2.44286     0      0
-2.42857     0      0
-2.41429     0      0
-2.4     0      0
-2.38571     0      0
-2.37143     0      0
-2.35714     0      0
-2.34286     0      0
-2.32857     0      0
-2.31429     0      0
-2.3     0      0
-2.28571     0      0
-2.27143     0      0
-2.25714     0      0
-2.24286     0      0
-2.22857     0      0
-2.21429     0      0
-2.2     0      0
-2.18571     0      0
-2.17143     0      0
-2.15714     0      0
-2.14286     0      0
-2.12857     0      0
-2.11429     0      0
-2.1     0      0
-2.08571     0      0
-2.07143     0      0
-2.05714     0      0
-2.04286     0      0
-2.02857     0      0
-2.01429     0      0
-2     0      0
-1.98571     0      0
-1.97143     0      0
-1.95714     0      0
-1.94286     0      0
-1.92857     0      0
-1.91429     0      0
-1.9     0      0
-1.88571     0      0
-1.87143     0      0
-1.85714     0      0
-1.84286     0      0
-1.82857     0      0
-1.81429     0      0
-1.8     0      0
-1.78571     0      0
-1.77143     0      0
-1.75714     0.0040545      0
-1.74286     0.005436      0
-1.72857     0.005476      0
-1.71429     0.005494      0
-1.7     0.005488      0
-1.68571     0.005526      0
-1.67143     0.005534      0
-1.65714     0.005576      0
-1.64286     0.005572      0
-1.62857     0.005612      0
-1.61429     0.00563      0
-1.6     0.005626      0
-1.58571     0.005674      0
-1.57143     0.00571      0
-1.55714     0.005712      0
-1.54286     0.005714      0
-1.52857     0.005762      0
-1.51429     0.005784      0
-1.5     0.005794      0
-1.48571     0.00579      0
-1.47143     0.005884      0
-1.45714     0.005888      0
-1.44286     0.005894      0
-1.42857     0.00591      0
-1.41429     0.005926      0
-1.4     0.005994      0
-1.38571     0.005992      0
-1.37143     0.006014      0
-1.35714     0.006076      0
-1.34286     0.006056      0
-1.32857     0.006106      0
-1.31429     0.006164      0
-1.3     0.00614      0
-1.28571     0.006212      0
-1.27143     0.006186      0
-1.25714     0.006256      0
-1.24286     0.00626      0
-1.22857     0.006324      0
-1.21429     0.006344      0
-1.2     0.00637      0
-1.18571     0.006358      0
-1.17143     0.006454      0
-1.15714     0.006502      0
-1.14286     0.006472      0
-1.12857     0.006528      0
-1.11429     0.006578      0
-1.1     0.00658      0
-1.08571     0.006648      0
-1.07143     0.00666      0
-1.05714     0.006706      0
-1.04286     0.006732      0
-1.02857     0.006818      0
-1.01429     0.006796      0
-1     0.006886      0
-0.985714     0.006896      0
-0.971429     0.006962      0
-0.957143     0.006988      0
-0.942857     0.00701      0
-0.928571     0.007044      0
-0.914286     0.007112      0
-0.9     0.00721      0
-0.885714     0.007192      0
-0.871429     0.007246      0
-0.857143     0.007294      0
-0.842857     0.00737      0
-0.828571     0.007372      0
-0.814286     0.007514      0
-0.8     0.007472      0
-0.785714     0.007556      0
-0.771429     0.007584      0
-0.757143     0.007734      0
-0.742857     0.007714      0
-0.728571     0.007798      0
-0.714286     0.00785      0
-0.7     0.007878      0
-0.685714     0.008014      0
-0.671429     0.008086      0
-0.657143     0.008066      0
-0.642857     0.008198      0
-0.628571     0.008262      0
-0.614286     0.008356      0
-0.6     0.00843      0
-0.585714     0.008484      0
-0.571429     0.00855      0
-0.557143     0.008714      0
-0.542857     0.008776      0
-0.528571     0.008852      0
-0.514286     0.008972      0
-0.5     0.00905      0
-0.485714     0.009174      0
-0.471429     0.009258      0
-0.457143     0.009402      0
-0.442857     0.00954      0
-0.428571     0.009658      0
-0.414286     0.009796      0
-0.4     0.00995      0
-0.385714     0.010088      0
-0.371429     0.010288      0
-0.357143     0.01045      0
-0.342857     0.010652      0
-0.328571     0.010826      0
-0.314286     0.011072      0
-0.3     0.011422      0
-0.285714     0.011706      0
-0.271429     0.01205      0
-0.257143     0.012468      0
-0.242857     0.012846      0
-0.228571     0.013724      0
-0.214286     0.014364      0
-0.2     0.015646      0
-0.185714     0.017898      0
-0.171429     0.0331085      0
-0.157143     0.02619      0
-0.142857     0.016146      0
-0.128571     0.012834      0
-0.114286     0.010882      0
-0.1     0.00953      0
-0.0857143     0.008484      0
-0.0714286     0.007592      0
-0.0571429     0.006838      0
-0.0428571     0.006176      0
-0.0285714     0.005624      0
-0.0142857     0.005033      0
0     0      0
0.0142857     0      0.0152245
0.0285714     0      0.013328
0.0428571     0      0.01177
0.0571429     0      0.011094
0.0714286     0      0.010804
0.0857143     0      0.010706
0.1     0      0.010774
0.114286     0      0.010942
0.128571     0      0.011354
0.142857     0      0.011872
0.157143     0      0.013128
0.171429     0      0.015311
0.185714     0      0.012732
0.2     0      0.011674
0.214286     0      0.01113
0.228571     0      0.010708
0.242857     0      0.010292
0.257143     0      0.01007
0.271429     0      0.009754
0.285714     0      0.009582
0.3     0      0.009432
0.314286     0      0.009148
0.328571     0      0.00907
0.342857     0      0.008926
0.357143     0      0.008726
0.371429     0      0.008606
0.385714     0      0.00856
0.4     0      0.00837
0.414286     0      0.008278
0.428571     0      0.008224
0.442857     0      0.008082
0.457143     0      0.00794
0.471429     0      0.007916
0.485714     0      0.007794
0.5     0      0.007724
0.514286     0      0.007678
0.528571     0      0.007522
0.542857     0      0.00751
0.557143     0      0.00742
0.571429     0      0.007376
0.585714     0      0.007236
0.6     0      0.007208
0.614286     0      0.007156
0.628571     0      0.00704
0.642857     0      0.007052
0.657143     0      0.00695
0.671429     0      0.00691
0.685714     0      0.006836
0.7     0      0.00676
0.714286     0      0.006782
0.728571     0      0.006654
0.742857     0      0.006628
0.757143     0      0.006582
0.771429     0      0.0065
0.785714     0      0.006484
0.8     0      0.006416
0.814286     0      0.006398
0.828571     0      0.006344
0.842857     0      0.00628
0.857143     0      0.006234
0.871429     0      0.006212
0.885714     0      0.006148
0.9     0      0.006102
0.914286     0      0.006112
0.928571     0      0.006008
0.942857     0      0.006014
0.957143     0      0.005952
0.971429     0      0.005974
0.985714     0      0.005856
1     0      0.005852
1.01429     0      0.005814
1.02857     0      0.00578
1.04286     0      0.005712
1.05714     0      0.005714
1.07143     0      0.005684
1.08571     0      0.005634
1.1     0      0.00564
1.11429     0      0.005568
1.12857     0      0.005512
1.14286     0      0.005484
1.15714     0      0.00547
1.17143     0      0.00546
1.18571     0      0.005414
1.2     0      0.005384
1.21429     0      0.005358
1.22857     0      0.005348
1.24286     0      0.005278
1.25714     0      0.00528
1.27143     0      0.005254
1.28571     0      0.005208
1.3     0      0.005238
1.31429     0      0.005122
1.32857     0      0.005136
1.34286     0      0.005102
1.35714     0      0.005076
1.37143     0      0.005082
1.38571     0      0.005006
1.4     0      0.005028
1.41429     0      0.004974
1.42857     0      0.004986
1.44286     0      0.004934
1.45714     0      0.004918
1.47143     0      0.004854
1.48571     0      0.00487
1.5     0      0.004828
1.51429     0      0.004872
1.52857     0      0.004766
1.54286     0      0.004754
1.55714     0      0.004774
1.57143     0      0.004752
1.58571     0      0.004664
1.6     0      0.004722
1.61429     0      0.004644
1.62857     0      0.004634
1.64286     0      0.004668
1.65714     0      0.004554
1.67143     0      0.004604
1.68571     0      0.004596
1.7     0      0.00452
1.71429     0      0.004556
1.72857     0      0.004518
1.74286     0      0.004436
1.75714     0      0.004494
1.77143     0      0.004448
1.78571     0      0.004416
1.8     0      0.004442
1.81429     0      0.004392
1.82857     0      0.004382
1.84286     0      0.004352
1.85714     0      0.004352
1.87143     0      0.004332
1.88571     0      0.004282
1.9     0      0.004308
1.91429     0      0.00429
1.92857     0      0.004228
1.94286     0      0.004244
1.95714     0      0.004244
1.97143     0      0.0042
1.98571     0      0.004218
2     0      0.004166
2.01429     0      0.00415
2.02857     0      0.004134
2.04286     0      0.004144
2.05714     0      0.004108
2.07143     0      0.0041
2.08571     0      0.00409
2.1     0      0.00406
2.11429     0      0.004044
2.12857     0      0.004034
2.14286     0      0.004026
2.15714     0      0.004022
2.17143     0      0.003996
2.18571     0      0.00397
2.2     0      0.003974
2.21429     0      0.003946
2.22857     0      0.003938
2.24286     0      0.0020585
2.25714     0      1.70703e-23
2.27143     0      1.72485e-43
2.28571     0      4.19808e-63
2.3     0      1.46032e-76
2.31429     0      9.27597e-90
2.32857     0      0
2.34286     0      0
2.35714     0      0
2.37143     0      0
2.38571     0      0
2.4     0      0
2.41429     0      0
2.42857     0      0
2.44286     0      0
2.45714     0      0
2.47143     0      0
2.48571     0      0
2.5     0      0
2.51429     0      0
2.52857     0      0
2.54286     0      0
2.55714     0      0
2.57143     0      0
2.58571     0      0
2.6     0      0
2.61429     0      0
2.62857     0      0
2.64286     0      0
2.65714     0      0
2.67143     0      0
2.68571     0      0
2.7     0      0
2.71429     0      0
2.72857     0      0
2.74286     0      0
2.75714     0      0
2.77143     0      0
2.78571     0      0
2.8     0      0
2.81429     0      0
2.82857     0      0
2.84286     0      0
2.85714     0      0
2.87143     0      0
2.88571     0      0
2.9     0      0
2.91429     0      0
2.92857     0      0
2.94286     0      0
2.95714     0      0
2.97143     0      0
2.98571     0      0
3     0      0
3.01429     0      0
3.02857     0      0
3.04286     0      0
3.05714     0      0
3.07143     0      0
3.08571     0      0
3.1     0      0
3.11429     0      0
3.12857     0      0
3.14286     0      0
3.15714     0      0
3.17143     0      0
3.18571     0      0
3.2     0      0
3.21429     0      0
3.22857     0      0
3.24286     0      0
3.25714     0      0
3.27143     0      0
3.28571     0      0
3.3     0      0
3.31429     0      0
3.32857     0      0
3.34286     0      0
3.35714     0      0
3.37143     0      0
3.38571     0      0
3.4     0      0
3.41429     0      0
3.42857     0      0
3.44286     0      0
3.45714     0      0
3.47143     0      0
3.48571     0      0
3.5     0      0
3.51429     0      0
3.52857     0      0
3.54286     0      0
3.55714     0      0
3.57143     0      0
3.58571     0      0
3.6     0      0
3.61429     0      0
3.62857     0      0
3.64286     0      0
3.65714     0      0
3.67143     0      0
3.68571     0      0
3.7     0      0
3.71429     0      0
3.72857     0      0
3.74286     0      0
3.75714     0      0
3.77143     0      0
3.78571     0      0
3.8     0      0
3.81429     0      0
3.82857     0      0
3.84286     0      0
3.85714     0      0
3.87143     0      0
3.88571     0      0
3.9     0      0
3.91429     0      0
3.92857     0      0
3.94286     0      0
3.95714     0      0
3.97143     0      0
3.98571     0      0
4     0      0
4.01429     0      0
4.02857     0      0
4.04286     0      0
4.05714     0      0
4.07143     0      0
4.08571     0      0
4.1     0      0
4.11429     0      0
4.12857     0      0
4.14286     0      0
4.15714     0      0
4.17143     0      0
4.18571     0      0
4.2     0      0
4.21429     0      0
4.22857     0      0
4.24286     0      0
4.25714     0      0
4.27143     0      0
4.28571     0      0
4.3     0      0
4.31429     0      0
4.32857     0      0
4.34286     0      0
4.35714     0      0
4.37143     0      0
4.38571     0      0
4.4     0      0
4.41429     0      0
4.42857     0      0
4.44286     0      0
4.45714     0      0
4.47143     0      0
4.48571     0      0
4.5     0      0
4.51429     0      0
4.52857     0      0
4.54286     0      0
4.55714     0      0
4.57143     0      0
4.58571     0      0
4.6     0      0
4.61429     0      0
4.62857     0      0
4.64286     0      0
4.65714     0      0
4.67143     0      0
4.68571     0      0
4.7     0      0
4.71429     0      0
4.72857     0      0
4.74286     0      0
4.75714     0      0
4.77143     0      0
4.78571     0      0
4.8     0      0
4.81429     0      0
4.82857     0      0
4.84286     0      0
4.85714     0      0
4.87143     0      0
4.88571     0      0
4.9     0      0
4.91429     0      0
4.92857     0      0
4.94286     0      0
4.95714     0      0
4.97143     0      0
4.98571     0      0
