# U,mu,nA_up, nA_dn, nB_up, nB_dn, ms, mf, ntotal,mu,cint
#energy    dos_upn   dos_upp   dos_dnn  dos_dnp GRID=1000 bin=700
-5     0      0
-4.98571     0      0
-4.97143     0      0
-4.95714     0      0
-4.94286     0      0
-4.92857     0      0
-4.91429     0      0
-4.9     0      0
-4.88571     0      0
-4.87143     0      0
-4.85714     0      0
-4.84286     0      0
-4.82857     0      0
-4.81429     0      0
-4.8     0      0
-4.78571     0      0
-4.77143     0      0
-4.75714     0      0
-4.74286     0      0
-4.72857     0      0
-4.71429     0      0
-4.7     0      0
-4.68571     0      0
-4.67143     0      0
-4.65714     0      0
-4.64286     0      0
-4.62857     0      0
-4.61429     0      0
-4.6     0      0
-4.58571     0      0
-4.57143     0      0
-4.55714     0      0
-4.54286     0      0
-4.52857     0      0
-4.51429     0      0
-4.5     0      0
-4.48571     0      0
-4.47143     0      0
-4.45714     0      0
-4.44286     0      0
-4.42857     0      0
-4.41429     0      0
-4.4     0      0
-4.38571     0      0
-4.37143     0      0
-4.35714     0      0
-4.34286     0      0
-4.32857     0      0
-4.31429     0      0
-4.3     0      0
-4.28571     0      0
-4.27143     0      0
-4.25714     0      0
-4.24286     0      0
-4.22857     0      0
-4.21429     0      0
-4.2     0      0
-4.18571     0      0
-4.17143     0      0
-4.15714     0      0
-4.14286     0      0
-4.12857     0      0
-4.11429     0      0
-4.1     0      0
-4.08571     0      0
-4.07143     0      0
-4.05714     0      0
-4.04286     0      0
-4.02857     0      0
-4.01429     0      0
-4     0      0
-3.98571     0      0
-3.97143     0      0
-3.95714     0      0
-3.94286     0      0
-3.92857     0      0
-3.91429     0      0
-3.9     0      0
-3.88571     0      0
-3.87143     0      0
-3.85714     0      0
-3.84286     0      0
-3.82857     0      0
-3.81429     0      0
-3.8     0      0
-3.78571     0      0
-3.77143     0      0
-3.75714     0      0
-3.74286     0      0
-3.72857     0      0
-3.71429     0      0
-3.7     0      0
-3.68571     0      0
-3.67143     0      0
-3.65714     0      0
-3.64286     0      0
-3.62857     0      0
-3.61429     0      0
-3.6     0      0
-3.58571     0      0
-3.57143     0      0
-3.55714     0      0
-3.54286     0      0
-3.52857     0      0
-3.51429     0      0
-3.5     0      0
-3.48571     0      0
-3.47143     0      0
-3.45714     0      0
-3.44286     0      0
-3.42857     0      0
-3.41429     0      0
-3.4     0      0
-3.38571     0      0
-3.37143     0      0
-3.35714     0      0
-3.34286     0      0
-3.32857     0      0
-3.31429     0      0
-3.3     0      0
-3.28571     0      0
-3.27143     0      0
-3.25714     0      0
-3.24286     0      0
-3.22857     0      0
-3.21429     0      0
-3.2     0      0
-3.18571     0      0
-3.17143     0      0
-3.15714     0      0
-3.14286     0      0
-3.12857     0      0
-3.11429     0      0
-3.1     0      0
-3.08571     0      0
-3.07143     0      0
-3.05714     0      0
-3.04286     0      0
-3.02857     0      0
-3.01429     0      0
-3     0      0
-2.98571     0      0
-2.97143     0      0
-2.95714     0      0
-2.94286     0      0
-2.92857     0      0
-2.91429     0      0
-2.9     0      0
-2.88571     0      0
-2.87143     0      0
-2.85714     0      0
-2.84286     0      0
-2.82857     0      0
-2.81429     0      0
-2.8     0      0
-2.78571     0      0
-2.77143     0      0
-2.75714     0      0
-2.74286     0      0
-2.72857     0      0
-2.71429     0      0
-2.7     0      0
-2.68571     0      0
-2.67143     0      0
-2.65714     0      0
-2.64286     0      0
-2.62857     0      0
-2.61429     0      0
-2.6     0      0
-2.58571     0      0
-2.57143     0      0
-2.55714     0      0
-2.54286     0      0
-2.52857     0      0
-2.51429     0      0
-2.5     0      0
-2.48571     0      0
-2.47143     0      0
-2.45714     0      0
-2.44286     0      0
-2.42857     0      0
-2.41429     0      0
-2.4     0      0
-2.38571     0      0
-2.37143     0      0
-2.35714     0      0
-2.34286     0      0
-2.32857     0      0
-2.31429     0      0
-2.3     0      0
-2.28571     0      0
-2.27143     0      0
-2.25714     0      0
-2.24286     0      0
-2.22857     0      0
-2.21429     0      0
-2.2     0      0
-2.18571     0      0
-2.17143     0      0
-2.15714     0      0
-2.14286     0      0
-2.12857     0      0
-2.11429     0      0
-2.1     0      0
-2.08571     0      0
-2.07143     0      0
-2.05714     0      0
-2.04286     0      0
-2.02857     0      0
-2.01429     0      0
-2     0      0
-1.98571     0      0
-1.97143     0      0
-1.95714     0      0
-1.94286     0      0
-1.92857     0      0
-1.91429     0      0
-1.9     0      0
-1.88571     0      0
-1.87143     0      0
-1.85714     0      0
-1.84286     0      0
-1.82857     0      0
-1.81429     0      0
-1.8     0      0
-1.78571     0      0
-1.77143     0      0
-1.75714     0.0052625      0
-1.74286     0.005454      0
-1.72857     0.005468      0
-1.71429     0.005482      0
-1.7     0.005504      0
-1.68571     0.00554      0
-1.67143     0.005536      0
-1.65714     0.005562      0
-1.64286     0.005608      0
-1.62857     0.005598      0
-1.61429     0.005628      0
-1.6     0.005646      0
-1.58571     0.005674      0
-1.57143     0.005696      0
-1.55714     0.005708      0
-1.54286     0.00575      0
-1.52857     0.00576      0
-1.51429     0.005768      0
-1.5     0.005818      0
-1.48571     0.005826      0
-1.47143     0.005852      0
-1.45714     0.005868      0
-1.44286     0.00591      0
-1.42857     0.005922      0
-1.41429     0.00596      0
-1.4     0.005972      0
-1.38571     0.006026      0
-1.37143     0.006012      0
-1.35714     0.006044      0
-1.34286     0.006106      0
-1.32857     0.00612      0
-1.31429     0.00612      0
-1.3     0.00616      0
-1.28571     0.006198      0
-1.27143     0.00622      0
-1.25714     0.006252      0
-1.24286     0.00629      0
-1.22857     0.0063      0
-1.21429     0.006316      0
-1.2     0.006396      0
-1.18571     0.006414      0
-1.17143     0.006432      0
-1.15714     0.006456      0
-1.14286     0.006542      0
-1.12857     0.00651      0
-1.11429     0.00659      0
-1.1     0.006564      0
-1.08571     0.006694      0
-1.07143     0.006666      0
-1.05714     0.006702      0
-1.04286     0.006782      0
-1.02857     0.006784      0
-1.01429     0.006796      0
-1     0.006906      0
-0.985714     0.006888      0
-0.971429     0.006958      0
-0.957143     0.006992      0
-0.942857     0.007042      0
-0.928571     0.00708      0
-0.914286     0.007094      0
-0.9     0.007186      0
-0.885714     0.007212      0
-0.871429     0.007278      0
-0.857143     0.007272      0
-0.842857     0.00741      0
-0.828571     0.007384      0
-0.814286     0.007452      0
-0.8     0.007528      0
-0.785714     0.00759      0
-0.771429     0.007584      0
-0.757143     0.007728      0
-0.742857     0.007702      0
-0.728571     0.007844      0
-0.714286     0.007848      0
-0.7     0.007888      0
-0.685714     0.008038      0
-0.671429     0.008044      0
-0.657143     0.00809      0
-0.642857     0.008228      0
-0.628571     0.008288      0
-0.614286     0.008366      0
-0.6     0.008412      0
-0.585714     0.008486      0
-0.571429     0.008618      0
-0.557143     0.008668      0
-0.542857     0.008816      0
-0.528571     0.008852      0
-0.514286     0.008986      0
-0.5     0.009058      0
-0.485714     0.009166      0
-0.471429     0.009294      0
-0.457143     0.00941      0
-0.442857     0.009542      0
-0.428571     0.009664      0
-0.414286     0.009806      0
-0.4     0.009944      0
-0.385714     0.010128      0
-0.371429     0.010284      0
-0.357143     0.010476      0
-0.342857     0.010618      0
-0.328571     0.010852      0
-0.314286     0.011158      0
-0.3     0.011404      0
-0.285714     0.011726      0
-0.271429     0.012074      0
-0.257143     0.012472      0
-0.242857     0.012922      0
-0.228571     0.013672      0
-0.214286     0.014366      0
-0.2     0.015638      0
-0.185714     0.017908      0
-0.171429     0.0333045      0
-0.157143     0.02537      0
-0.142857     0.015908      0
-0.128571     0.012638      0
-0.114286     0.010732      0
-0.1     0.009388      0
-0.0857143     0.008368      0
-0.0714286     0.007456      0
-0.0571429     0.006744      0
-0.0428571     0.00614      0
-0.0285714     0.005476      0
-0.0142857     0.004871      0
0     0      0.0059485
0.0142857     0      0.01532
0.0285714     0      0.01235
0.0428571     0      0.011308
0.0571429     0      0.010848
0.0714286     0      0.010644
0.0857143     0      0.010656
0.1     0      0.01075
0.114286     0      0.011
0.128571     0      0.011478
0.142857     0      0.01227
0.157143     0      0.014545
0.171429     0      0.013878
0.185714     0      0.012112
0.2     0      0.01136
0.214286     0      0.010874
0.228571     0      0.010508
0.242857     0      0.010154
0.257143     0      0.009898
0.271429     0      0.009688
0.285714     0      0.009554
0.3     0      0.00927
0.314286     0      0.009162
0.328571     0      0.00891
0.342857     0      0.008846
0.357143     0      0.00874
0.371429     0      0.008546
0.385714     0      0.00847
0.4     0      0.008344
0.414286     0      0.008246
0.428571     0      0.008138
0.442857     0      0.008076
0.457143     0      0.00793
0.471429     0      0.007852
0.485714     0      0.007832
0.5     0      0.007612
0.514286     0      0.007626
0.528571     0      0.007554
0.542857     0      0.007458
0.557143     0      0.007392
0.571429     0      0.007294
0.585714     0      0.007278
0.6     0      0.007162
0.614286     0      0.007148
0.628571     0      0.007024
0.642857     0      0.00704
0.657143     0      0.006944
0.671429     0      0.006824
0.685714     0      0.006822
0.7     0      0.006788
0.714286     0      0.006742
0.728571     0      0.006676
0.742857     0      0.006558
0.757143     0      0.00656
0.771429     0      0.006496
0.785714     0      0.006478
0.8     0      0.006452
0.814286     0      0.006332
0.828571     0      0.006318
0.842857     0      0.006292
0.857143     0      0.006196
0.871429     0      0.006214
0.885714     0      0.006144
0.9     0      0.0061
0.914286     0      0.00607
0.928571     0      0.006056
0.942857     0      0.005948
0.957143     0      0.005966
0.971429     0      0.005924
0.985714     0      0.005876
1     0      0.005806
1.01429     0      0.005816
1.02857     0      0.005778
1.04286     0      0.005732
1.05714     0      0.005676
1.07143     0      0.00565
1.08571     0      0.005652
1.1     0      0.005614
1.11429     0      0.00555
1.12857     0      0.00553
1.14286     0      0.005484
1.15714     0      0.005468
1.17143     0      0.005438
1.18571     0      0.005396
1.2     0      0.005366
1.21429     0      0.00536
1.22857     0      0.005338
1.24286     0      0.005276
1.25714     0      0.005282
1.27143     0      0.00523
1.28571     0      0.005232
1.3     0      0.005178
1.31429     0      0.00512
1.32857     0      0.005138
1.34286     0      0.005096
1.35714     0      0.005086
1.37143     0      0.00505
1.38571     0      0.005008
1.4     0      0.005022
1.41429     0      0.004998
1.42857     0      0.00494
1.44286     0      0.00494
1.45714     0      0.00489
1.47143     0      0.004882
1.48571     0      0.004848
1.5     0      0.004854
1.51429     0      0.004808
1.52857     0      0.004766
1.54286     0      0.004802
1.55714     0      0.004732
1.57143     0      0.004724
1.58571     0      0.004702
1.6     0      0.004708
1.61429     0      0.004666
1.62857     0      0.004622
1.64286     0      0.00462
1.65714     0      0.004606
1.67143     0      0.004564
1.68571     0      0.00458
1.7     0      0.004522
1.71429     0      0.004526
1.72857     0      0.004516
1.74286     0      0.004478
1.75714     0      0.00444
1.77143     0      0.004458
1.78571     0      0.004444
1.8     0      0.00441
1.81429     0      0.004372
1.82857     0      0.004384
1.84286     0      0.0044
1.85714     0      0.004302
1.87143     0      0.0043
1.88571     0      0.00434
1.9     0      0.004278
1.91429     0      0.004272
1.92857     0      0.00424
1.94286     0      0.004242
1.95714     0      0.004236
1.97143     0      0.004194
1.98571     0      0.004186
2     0      0.004152
2.01429     0      0.00418
2.02857     0      0.004148
2.04286     0      0.004122
2.05714     0      0.00411
2.07143     0      0.004094
2.08571     0      0.004068
2.1     0      0.004078
2.11429     0      0.00404
2.12857     0      0.004038
2.14286     0      0.004016
2.15714     0      0.004004
2.17143     0      0.003984
2.18571     0      0.00398
2.2     0      0.003964
2.21429     0      0.00394
2.22857     0      0.003936
2.24286     0      0.0011125
2.25714     0      4.26758e-30
2.27143     0      4.31214e-50
2.28571     0      1.04952e-69
2.3     0      3.65079e-83
2.31429     0      2.31899e-96
2.32857     0      0
2.34286     0      0
2.35714     0      0
2.37143     0      0
2.38571     0      0
2.4     0      0
2.41429     0      0
2.42857     0      0
2.44286     0      0
2.45714     0      0
2.47143     0      0
2.48571     0      0
2.5     0      0
2.51429     0      0
2.52857     0      0
2.54286     0      0
2.55714     0      0
2.57143     0      0
2.58571     0      0
2.6     0      0
2.61429     0      0
2.62857     0      0
2.64286     0      0
2.65714     0      0
2.67143     0      0
2.68571     0      0
2.7     0      0
2.71429     0      0
2.72857     0      0
2.74286     0      0
2.75714     0      0
2.77143     0      0
2.78571     0      0
2.8     0      0
2.81429     0      0
2.82857     0      0
2.84286     0      0
2.85714     0      0
2.87143     0      0
2.88571     0      0
2.9     0      0
2.91429     0      0
2.92857     0      0
2.94286     0      0
2.95714     0      0
2.97143     0      0
2.98571     0      0
3     0      0
3.01429     0      0
3.02857     0      0
3.04286     0      0
3.05714     0      0
3.07143     0      0
3.08571     0      0
3.1     0      0
3.11429     0      0
3.12857     0      0
3.14286     0      0
3.15714     0      0
3.17143     0      0
3.18571     0      0
3.2     0      0
3.21429     0      0
3.22857     0      0
3.24286     0      0
3.25714     0      0
3.27143     0      0
3.28571     0      0
3.3     0      0
3.31429     0      0
3.32857     0      0
3.34286     0      0
3.35714     0      0
3.37143     0      0
3.38571     0      0
3.4     0      0
3.41429     0      0
3.42857     0      0
3.44286     0      0
3.45714     0      0
3.47143     0      0
3.48571     0      0
3.5     0      0
3.51429     0      0
3.52857     0      0
3.54286     0      0
3.55714     0      0
3.57143     0      0
3.58571     0      0
3.6     0      0
3.61429     0      0
3.62857     0      0
3.64286     0      0
3.65714     0      0
3.67143     0      0
3.68571     0      0
3.7     0      0
3.71429     0      0
3.72857     0      0
3.74286     0      0
3.75714     0      0
3.77143     0      0
3.78571     0      0
3.8     0      0
3.81429     0      0
3.82857     0      0
3.84286     0      0
3.85714     0      0
3.87143     0      0
3.88571     0      0
3.9     0      0
3.91429     0      0
3.92857     0      0
3.94286     0      0
3.95714     0      0
3.97143     0      0
3.98571     0      0
4     0      0
4.01429     0      0
4.02857     0      0
4.04286     0      0
4.05714     0      0
4.07143     0      0
4.08571     0      0
4.1     0      0
4.11429     0      0
4.12857     0      0
4.14286     0      0
4.15714     0      0
4.17143     0      0
4.18571     0      0
4.2     0      0
4.21429     0      0
4.22857     0      0
4.24286     0      0
4.25714     0      0
4.27143     0      0
4.28571     0      0
4.3     0      0
4.31429     0      0
4.32857     0      0
4.34286     0      0
4.35714     0      0
4.37143     0      0
4.38571     0      0
4.4     0      0
4.41429     0      0
4.42857     0      0
4.44286     0      0
4.45714     0      0
4.47143     0      0
4.48571     0      0
4.5     0      0
4.51429     0      0
4.52857     0      0
4.54286     0      0
4.55714     0      0
4.57143     0      0
4.58571     0      0
4.6     0      0
4.61429     0      0
4.62857     0      0
4.64286     0      0
4.65714     0      0
4.67143     0      0
4.68571     0      0
4.7     0      0
4.71429     0      0
4.72857     0      0
4.74286     0      0
4.75714     0      0
4.77143     0      0
4.78571     0      0
4.8     0      0
4.81429     0      0
4.82857     0      0
4.84286     0      0
4.85714     0      0
4.87143     0      0
4.88571     0      0
4.9     0      0
4.91429     0      0
4.92857     0      0
4.94286     0      0
4.95714     0      0
4.97143     0      0
4.98571     0      0
