# U,mu,nA_up, nA_dn, nB_up, nB_dn, ms, mf, ntotal,mu,cint
#energy    dos_upn   dos_upp   dos_dnn  dos_dnp GRID=1000 bin=700
-5     0      0
-4.98571     0      0
-4.97143     0      0
-4.95714     0      0
-4.94286     0      0
-4.92857     0      0
-4.91429     0      0
-4.9     0      0
-4.88571     0      0
-4.87143     0      0
-4.85714     0      0
-4.84286     0      0
-4.82857     0      0
-4.81429     0      0
-4.8     0      0
-4.78571     0      0
-4.77143     0      0
-4.75714     0      0
-4.74286     0      0
-4.72857     0      0
-4.71429     0      0
-4.7     0      0
-4.68571     0      0
-4.67143     0      0
-4.65714     0      0
-4.64286     0      0
-4.62857     0      0
-4.61429     0      0
-4.6     0      0
-4.58571     0      0
-4.57143     0      0
-4.55714     0      0
-4.54286     0      0
-4.52857     0      0
-4.51429     0      0
-4.5     0      0
-4.48571     0      0
-4.47143     0      0
-4.45714     0      0
-4.44286     0      0
-4.42857     0      0
-4.41429     0      0
-4.4     0      0
-4.38571     0      0
-4.37143     0      0
-4.35714     0      0
-4.34286     0      0
-4.32857     0      0
-4.31429     0      0
-4.3     0      0
-4.28571     0      0
-4.27143     0      0
-4.25714     0      0
-4.24286     0      0
-4.22857     0      0
-4.21429     0      0
-4.2     0      0
-4.18571     0      0
-4.17143     0      0
-4.15714     0      0
-4.14286     0      0
-4.12857     0      0
-4.11429     0      0
-4.1     0      0
-4.08571     0      0
-4.07143     0      0
-4.05714     0      0
-4.04286     0      0
-4.02857     0      0
-4.01429     0      0
-4     0      0
-3.98571     0      0
-3.97143     0      0
-3.95714     0      0
-3.94286     0      0
-3.92857     0      0
-3.91429     0      0
-3.9     0      0
-3.88571     0      0
-3.87143     0      0
-3.85714     0      0
-3.84286     0      0
-3.82857     0      0
-3.81429     0      0
-3.8     0      0
-3.78571     0      0
-3.77143     0      0
-3.75714     0      0
-3.74286     0      0
-3.72857     0      0
-3.71429     0      0
-3.7     0      0
-3.68571     0      0
-3.67143     0      0
-3.65714     0      0
-3.64286     0      0
-3.62857     0      0
-3.61429     0      0
-3.6     0      0
-3.58571     0      0
-3.57143     0      0
-3.55714     0      0
-3.54286     0      0
-3.52857     0      0
-3.51429     0      0
-3.5     0      0
-3.48571     0      0
-3.47143     0      0
-3.45714     0      0
-3.44286     0      0
-3.42857     0      0
-3.41429     0      0
-3.4     0      0
-3.38571     0      0
-3.37143     0      0
-3.35714     0      0
-3.34286     0      0
-3.32857     0      0
-3.31429     0      0
-3.3     0      0
-3.28571     0      0
-3.27143     0      0
-3.25714     0      0
-3.24286     0      0
-3.22857     0      0
-3.21429     0      0
-3.2     0      0
-3.18571     0      0
-3.17143     0      0
-3.15714     0      0
-3.14286     0      0
-3.12857     0      0
-3.11429     0      0
-3.1     0      0
-3.08571     0      0
-3.07143     0      0
-3.05714     0      0
-3.04286     0      0
-3.02857     0      0
-3.01429     0      0
-3     0      0
-2.98571     0      0
-2.97143     0      0
-2.95714     0      0
-2.94286     0      0
-2.92857     0      0
-2.91429     0      0
-2.9     0      0
-2.88571     0      0
-2.87143     0      0
-2.85714     0      0
-2.84286     0      0
-2.82857     0      0
-2.81429     0      0
-2.8     0      0
-2.78571     0      0
-2.77143     0      0
-2.75714     0      0
-2.74286     0      0
-2.72857     0      0
-2.71429     0      0
-2.7     0      0
-2.68571     0      0
-2.67143     0      0
-2.65714     0      0
-2.64286     0      0
-2.62857     0      0
-2.61429     0      0
-2.6     0      0
-2.58571     0      0
-2.57143     0      0
-2.55714     0      0
-2.54286     0      0
-2.52857     0      0
-2.51429     0      0
-2.5     0      0
-2.48571     0      0
-2.47143     0      0
-2.45714     0      0
-2.44286     0      0
-2.42857     0      0
-2.41429     0      0
-2.4     0      0
-2.38571     0      0
-2.37143     0      0
-2.35714     0      0
-2.34286     0      0
-2.32857     0      0
-2.31429     0      0
-2.3     0      0
-2.28571     0      0
-2.27143     0      0
-2.25714     0      0
-2.24286     0      0
-2.22857     0      0
-2.21429     0      0
-2.2     0      0
-2.18571     0      0
-2.17143     0      0
-2.15714     0      0
-2.14286     0      0
-2.12857     0      0
-2.11429     0      0
-2.1     0      0
-2.08571     0      0
-2.07143     0      0
-2.05714     0      0
-2.04286     0      0
-2.02857     0      0
-2.01429     0      0
-2     0      0
-1.98571     0      0
-1.97143     0      0
-1.95714     0      0
-1.94286     0      0
-1.92857     0      0
-1.91429     0      0
-1.9     0      0
-1.88571     0      0
-1.87143     0      0
-1.85714     0      0
-1.84286     0      0
-1.82857     0      0
-1.81429     0      0
-1.8     0      0
-1.78571     0      0
-1.77143     0      0
-1.75714     0.0029905      0
-1.74286     0.005438      0
-1.72857     0.00546      0
-1.71429     0.005486      0
-1.7     0.005494      0
-1.68571     0.005518      0
-1.67143     0.00552      0
-1.65714     0.005576      0
-1.64286     0.005562      0
-1.62857     0.005616      0
-1.61429     0.005612      0
-1.6     0.005652      0
-1.58571     0.00565      0
-1.57143     0.005692      0
-1.55714     0.00569      0
-1.54286     0.00575      0
-1.52857     0.005742      0
-1.51429     0.005774      0
-1.5     0.005804      0
-1.48571     0.00582      0
-1.47143     0.005844      0
-1.45714     0.00588      0
-1.44286     0.00589      0
-1.42857     0.005924      0
-1.41429     0.005926      0
-1.4     0.005956      0
-1.38571     0.00601      0
-1.37143     0.00601      0
-1.35714     0.00607      0
-1.34286     0.006068      0
-1.32857     0.006068      0
-1.31429     0.006114      0
-1.3     0.006198      0
-1.28571     0.00618      0
-1.27143     0.006212      0
-1.25714     0.006212      0
-1.24286     0.006284      0
-1.22857     0.006322      0
-1.21429     0.006336      0
-1.2     0.006346      0
-1.18571     0.006378      0
-1.17143     0.006478      0
-1.15714     0.006448      0
-1.14286     0.006464      0
-1.12857     0.006546      0
-1.11429     0.006562      0
-1.1     0.006594      0
-1.08571     0.006642      0
-1.07143     0.00664      0
-1.05714     0.00671      0
-1.04286     0.006728      0
-1.02857     0.006798      0
-1.01429     0.006778      0
-1     0.00691      0
-0.985714     0.006904      0
-0.971429     0.006938      0
-0.957143     0.006988      0
-0.942857     0.006962      0
-0.928571     0.007082      0
-0.914286     0.007116      0
-0.9     0.00719      0
-0.885714     0.007188      0
-0.871429     0.007218      0
-0.857143     0.00732      0
-0.842857     0.007346      0
-0.828571     0.007374      0
-0.814286     0.007502      0
-0.8     0.007452      0
-0.785714     0.007558      0
-0.771429     0.007602      0
-0.757143     0.007706      0
-0.742857     0.007684      0
-0.728571     0.00783      0
-0.714286     0.007824      0
-0.7     0.007872      0
-0.685714     0.008014      0
-0.671429     0.00804      0
-0.657143     0.008084      0
-0.642857     0.00821      0
-0.628571     0.008268      0
-0.614286     0.00833      0
-0.6     0.008412      0
-0.585714     0.00847      0
-0.571429     0.00859      0
-0.557143     0.008688      0
-0.542857     0.00875      0
-0.528571     0.008792      0
-0.514286     0.009012      0
-0.5     0.009036      0
-0.485714     0.009156      0
-0.471429     0.009252      0
-0.457143     0.00942      0
-0.442857     0.00951      0
-0.428571     0.009652      0
-0.414286     0.009786      0
-0.4     0.00994      0
-0.385714     0.010098      0
-0.371429     0.01027      0
-0.357143     0.010472      0
-0.342857     0.01065      0
-0.328571     0.010872      0
-0.314286     0.011098      0
-0.3     0.011382      0
-0.285714     0.011572      0
-0.271429     0.012024      0
-0.257143     0.012446      0
-0.242857     0.01306      0
-0.228571     0.013604      0
-0.214286     0.014398      0
-0.2     0.015698      0
-0.185714     0.01802      0
-0.171429     0.0337905      0
-0.157143     0.026124      0
-0.142857     0.016274      0
-0.128571     0.012946      0
-0.114286     0.011054      0
-0.1     0.009578      0
-0.0857143     0.008542      0
-0.0714286     0.007672      0
-0.0571429     0.006912      0
-0.0428571     0.006298      0
-0.0285714     0.005686      0
-0.0142857     0.005019      0
0     0      0
0.0142857     0      0.0082985
0.0285714     0      0.014928
0.0428571     0      0.012386
0.0571429     0      0.011448
0.0714286     0      0.010956
0.0857143     0      0.01087
0.1     0      0.010814
0.114286     0      0.010944
0.128571     0      0.011194
0.142857     0      0.011664
0.157143     0      0.012548
0.171429     0      0.015197
0.185714     0      0.013614
0.2     0      0.012136
0.214286     0      0.011422
0.228571     0      0.010878
0.242857     0      0.010444
0.257143     0      0.01023
0.271429     0      0.009886
0.285714     0      0.009694
0.3     0      0.009458
0.314286     0      0.009324
0.328571     0      0.009082
0.342857     0      0.008924
0.357143     0      0.008842
0.371429     0      0.008714
0.385714     0      0.008578
0.4     0      0.00845
0.414286     0      0.00832
0.428571     0      0.008204
0.442857     0      0.00809
0.457143     0      0.008044
0.471429     0      0.00793
0.485714     0      0.00786
0.5     0      0.007756
0.514286     0      0.007658
0.528571     0      0.007576
0.542857     0      0.007538
0.557143     0      0.007406
0.571429     0      0.007422
0.585714     0      0.007244
0.6     0      0.007262
0.614286     0      0.007162
0.628571     0      0.007084
0.642857     0      0.007078
0.657143     0      0.00695
0.671429     0      0.006956
0.685714     0      0.006812
0.7     0      0.006794
0.714286     0      0.0068
0.728571     0      0.006674
0.742857     0      0.006646
0.757143     0      0.00656
0.771429     0      0.006556
0.785714     0      0.006498
0.8     0      0.006436
0.814286     0      0.006404
0.828571     0      0.006346
0.842857     0      0.006288
0.857143     0      0.00626
0.871429     0      0.006246
0.885714     0      0.006128
0.9     0      0.006136
0.914286     0      0.006118
0.928571     0      0.006032
0.942857     0      0.006036
0.957143     0      0.005978
0.971429     0      0.005912
0.985714     0      0.005888
1     0      0.005858
1.01429     0      0.00584
1.02857     0      0.005776
1.04286     0      0.005734
1.05714     0      0.005728
1.07143     0      0.00569
1.08571     0      0.005676
1.1     0      0.005614
1.11429     0      0.005572
1.12857     0      0.005532
1.14286     0      0.005504
1.15714     0      0.005484
1.17143     0      0.00547
1.18571     0      0.005404
1.2     0      0.005386
1.21429     0      0.005372
1.22857     0      0.005354
1.24286     0      0.00528
1.25714     0      0.00529
1.27143     0      0.00524
1.28571     0      0.005246
1.3     0      0.005188
1.31429     0      0.00517
1.32857     0      0.005166
1.34286     0      0.005092
1.35714     0      0.005082
1.37143     0      0.005064
1.38571     0      0.00505
1.4     0      0.005022
1.41429     0      0.004992
1.42857     0      0.004972
1.44286     0      0.00493
1.45714     0      0.004928
1.47143     0      0.004882
1.48571     0      0.004878
1.5     0      0.004842
1.51429     0      0.004856
1.52857     0      0.004756
1.54286     0      0.004786
1.55714     0      0.004762
1.57143     0      0.004752
1.58571     0      0.00469
1.6     0      0.004714
1.61429     0      0.00466
1.62857     0      0.004662
1.64286     0      0.004624
1.65714     0      0.004594
1.67143     0      0.004592
1.68571     0      0.004594
1.7     0      0.004548
1.71429     0      0.004544
1.72857     0      0.004494
1.74286     0      0.004506
1.75714     0      0.004472
1.77143     0      0.004452
1.78571     0      0.00447
1.8     0      0.004396
1.81429     0      0.004404
1.82857     0      0.00437
1.84286     0      0.004352
1.85714     0      0.00437
1.87143     0      0.004328
1.88571     0      0.004288
1.9     0      0.004352
1.91429     0      0.004246
1.92857     0      0.004256
1.94286     0      0.00426
1.95714     0      0.004228
1.97143     0      0.004204
1.98571     0      0.00419
2     0      0.004188
2.01429     0      0.004156
2.02857     0      0.004162
2.04286     0      0.00413
2.05714     0      0.004122
2.07143     0      0.004076
2.08571     0      0.0041
2.1     0      0.004074
2.11429     0      0.004052
2.12857     0      0.004048
2.14286     0      0.004028
2.15714     0      0.004006
2.17143     0      0.00399
2.18571     0      0.003998
2.2     0      0.003964
2.21429     0      0.003958
2.22857     0      0.003934
2.24286     0      0.0029225
2.25714     0      6.82813e-17
2.27143     0      6.89942e-37
2.28571     0      1.67923e-56
2.3     0      5.84126e-70
2.31429     0      3.71039e-83
2.32857     0      0
2.34286     0      0
2.35714     0      0
2.37143     0      0
2.38571     0      0
2.4     0      0
2.41429     0      0
2.42857     0      0
2.44286     0      0
2.45714     0      0
2.47143     0      0
2.48571     0      0
2.5     0      0
2.51429     0      0
2.52857     0      0
2.54286     0      0
2.55714     0      0
2.57143     0      0
2.58571     0      0
2.6     0      0
2.61429     0      0
2.62857     0      0
2.64286     0      0
2.65714     0      0
2.67143     0      0
2.68571     0      0
2.7     0      0
2.71429     0      0
2.72857     0      0
2.74286     0      0
2.75714     0      0
2.77143     0      0
2.78571     0      0
2.8     0      0
2.81429     0      0
2.82857     0      0
2.84286     0      0
2.85714     0      0
2.87143     0      0
2.88571     0      0
2.9     0      0
2.91429     0      0
2.92857     0      0
2.94286     0      0
2.95714     0      0
2.97143     0      0
2.98571     0      0
3     0      0
3.01429     0      0
3.02857     0      0
3.04286     0      0
3.05714     0      0
3.07143     0      0
3.08571     0      0
3.1     0      0
3.11429     0      0
3.12857     0      0
3.14286     0      0
3.15714     0      0
3.17143     0      0
3.18571     0      0
3.2     0      0
3.21429     0      0
3.22857     0      0
3.24286     0      0
3.25714     0      0
3.27143     0      0
3.28571     0      0
3.3     0      0
3.31429     0      0
3.32857     0      0
3.34286     0      0
3.35714     0      0
3.37143     0      0
3.38571     0      0
3.4     0      0
3.41429     0      0
3.42857     0      0
3.44286     0      0
3.45714     0      0
3.47143     0      0
3.48571     0      0
3.5     0      0
3.51429     0      0
3.52857     0      0
3.54286     0      0
3.55714     0      0
3.57143     0      0
3.58571     0      0
3.6     0      0
3.61429     0      0
3.62857     0      0
3.64286     0      0
3.65714     0      0
3.67143     0      0
3.68571     0      0
3.7     0      0
3.71429     0      0
3.72857     0      0
3.74286     0      0
3.75714     0      0
3.77143     0      0
3.78571     0      0
3.8     0      0
3.81429     0      0
3.82857     0      0
3.84286     0      0
3.85714     0      0
3.87143     0      0
3.88571     0      0
3.9     0      0
3.91429     0      0
3.92857     0      0
3.94286     0      0
3.95714     0      0
3.97143     0      0
3.98571     0      0
4     0      0
4.01429     0      0
4.02857     0      0
4.04286     0      0
4.05714     0      0
4.07143     0      0
4.08571     0      0
4.1     0      0
4.11429     0      0
4.12857     0      0
4.14286     0      0
4.15714     0      0
4.17143     0      0
4.18571     0      0
4.2     0      0
4.21429     0      0
4.22857     0      0
4.24286     0      0
4.25714     0      0
4.27143     0      0
4.28571     0      0
4.3     0      0
4.31429     0      0
4.32857     0      0
4.34286     0      0
4.35714     0      0
4.37143     0      0
4.38571     0      0
4.4     0      0
4.41429     0      0
4.42857     0      0
4.44286     0      0
4.45714     0      0
4.47143     0      0
4.48571     0      0
4.5     0      0
4.51429     0      0
4.52857     0      0
4.54286     0      0
4.55714     0      0
4.57143     0      0
4.58571     0      0
4.6     0      0
4.61429     0      0
4.62857     0      0
4.64286     0      0
4.65714     0      0
4.67143     0      0
4.68571     0      0
4.7     0      0
4.71429     0      0
4.72857     0      0
4.74286     0      0
4.75714     0      0
4.77143     0      0
4.78571     0      0
4.8     0      0
4.81429     0      0
4.82857     0      0
4.84286     0      0
4.85714     0      0
4.87143     0      0
4.88571     0      0
4.9     0      0
4.91429     0      0
4.92857     0      0
4.94286     0      0
4.95714     0      0
4.97143     0      0
4.98571     0      0
