# U,mu,nA_up, nA_dn, nB_up, nB_dn, ms, mf, ntotal,mu,cint
#energy    dos_upn   dos_upp   dos_dnn  dos_dnp GRID=1000 bin=700
-5     0      0
-4.98571     0      0
-4.97143     0      0
-4.95714     0      0
-4.94286     0      0
-4.92857     0      0
-4.91429     0      0
-4.9     0      0
-4.88571     0      0
-4.87143     0      0
-4.85714     0      0
-4.84286     0      0
-4.82857     0      0
-4.81429     0      0
-4.8     0      0
-4.78571     0      0
-4.77143     0      0
-4.75714     0      0
-4.74286     0      0
-4.72857     0      0
-4.71429     0      0
-4.7     0      0
-4.68571     0      0
-4.67143     0      0
-4.65714     0      0
-4.64286     0      0
-4.62857     0      0
-4.61429     0      0
-4.6     0      0
-4.58571     0      0
-4.57143     0      0
-4.55714     0      0
-4.54286     0      0
-4.52857     0      0
-4.51429     0      0
-4.5     0      0
-4.48571     0      0
-4.47143     0      0
-4.45714     0      0
-4.44286     0      0
-4.42857     0      0
-4.41429     0      0
-4.4     0      0
-4.38571     0      0
-4.37143     0      0
-4.35714     0      0
-4.34286     0      0
-4.32857     0      0
-4.31429     0      0
-4.3     0      0
-4.28571     0      0
-4.27143     0      0
-4.25714     0      0
-4.24286     0      0
-4.22857     0      0
-4.21429     0      0
-4.2     0      0
-4.18571     0      0
-4.17143     0      0
-4.15714     0      0
-4.14286     0      0
-4.12857     0      0
-4.11429     0      0
-4.1     0      0
-4.08571     0      0
-4.07143     0      0
-4.05714     0      0
-4.04286     0      0
-4.02857     0      0
-4.01429     0      0
-4     0      0
-3.98571     0      0
-3.97143     0      0
-3.95714     0      0
-3.94286     0      0
-3.92857     0      0
-3.91429     0      0
-3.9     0      0
-3.88571     0      0
-3.87143     0      0
-3.85714     0      0
-3.84286     0      0
-3.82857     0      0
-3.81429     0      0
-3.8     0      0
-3.78571     0      0
-3.77143     0      0
-3.75714     0      0
-3.74286     0      0
-3.72857     0      0
-3.71429     0      0
-3.7     0      0
-3.68571     0      0
-3.67143     0      0
-3.65714     0      0
-3.64286     0      0
-3.62857     0      0
-3.61429     0      0
-3.6     0      0
-3.58571     0      0
-3.57143     0      0
-3.55714     0      0
-3.54286     0      0
-3.52857     0      0
-3.51429     0      0
-3.5     0      0
-3.48571     0      0
-3.47143     0      0
-3.45714     0      0
-3.44286     0      0
-3.42857     0      0
-3.41429     0      0
-3.4     0      0
-3.38571     0      0
-3.37143     0      0
-3.35714     0      0
-3.34286     0      0
-3.32857     0      0
-3.31429     0      0
-3.3     0      0
-3.28571     0      0
-3.27143     0      0
-3.25714     0      0
-3.24286     0      0
-3.22857     0      0
-3.21429     0      0
-3.2     0      0
-3.18571     0      0
-3.17143     0      0
-3.15714     0      0
-3.14286     0      0
-3.12857     0      0
-3.11429     0      0
-3.1     0      0
-3.08571     0      0
-3.07143     0      0
-3.05714     0      0
-3.04286     0      0
-3.02857     0      0
-3.01429     0      0
-3     0      0
-2.98571     0      0
-2.97143     0      0
-2.95714     0      0
-2.94286     0      0
-2.92857     0      0
-2.91429     0      0
-2.9     0      0
-2.88571     0      0
-2.87143     0      0
-2.85714     0      0
-2.84286     0      0
-2.82857     0      0
-2.81429     0      0
-2.8     0      0
-2.78571     0      0
-2.77143     0      0
-2.75714     0      0
-2.74286     0      0
-2.72857     0      0
-2.71429     0      0
-2.7     0      0
-2.68571     0      0
-2.67143     0      0
-2.65714     0      0
-2.64286     0      0
-2.62857     0      0
-2.61429     0      0
-2.6     0      0
-2.58571     0      0
-2.57143     0      0
-2.55714     0      0
-2.54286     0      0
-2.52857     0      0
-2.51429     0      0
-2.5     0      0
-2.48571     0      0
-2.47143     0      0
-2.45714     0      0
-2.44286     0      0
-2.42857     0      0
-2.41429     0      0
-2.4     0      0
-2.38571     0      0
-2.37143     0      0
-2.35714     0      0
-2.34286     0      0
-2.32857     0      0
-2.31429     0      0
-2.3     0      0
-2.28571     0      0
-2.27143     0      0
-2.25714     0      0
-2.24286     0      0
-2.22857     0      0
-2.21429     0      0
-2.2     0      0
-2.18571     0      0
-2.17143     0      0
-2.15714     0      0
-2.14286     0      0
-2.12857     0      0
-2.11429     0      0
-2.1     0      0
-2.08571     0      0
-2.07143     0      0
-2.05714     0      0
-2.04286     0      0
-2.02857     0      0
-2.01429     0      0
-2     0      0
-1.98571     0      0
-1.97143     0      0
-1.95714     0      0
-1.94286     0      0
-1.92857     0      0
-1.91429     0      0
-1.9     0      0
-1.88571     0      0
-1.87143     0      0
-1.85714     0      0
-1.84286     0      0
-1.82857     0      0
-1.81429     0      0
-1.8     0      0
-1.78571     0      0
-1.77143     0      0
-1.75714     0      0
-1.74286     0      0
-1.72857     0      0
-1.71429     0.0027485      0
-1.7     0.005446      0
-1.68571     0.005466      0
-1.67143     0.005486      0
-1.65714     0.0055      0
-1.64286     0.005534      0
-1.62857     0.00555      0
-1.61429     0.00557      0
-1.6     0.00558      0
-1.58571     0.005602      0
-1.57143     0.005642      0
-1.55714     0.00563      0
-1.54286     0.005702      0
-1.52857     0.005686      0
-1.51429     0.005724      0
-1.5     0.00571      0
-1.48571     0.00577      0
-1.47143     0.005794      0
-1.45714     0.00581      0
-1.44286     0.00584      0
-1.42857     0.005876      0
-1.41429     0.005868      0
-1.4     0.005902      0
-1.38571     0.005944      0
-1.37143     0.005946      0
-1.35714     0.005968      0
-1.34286     0.00601      0
-1.32857     0.006036      0
-1.31429     0.006068      0
-1.3     0.006112      0
-1.28571     0.0061      0
-1.27143     0.006144      0
-1.25714     0.006184      0
-1.24286     0.006188      0
-1.22857     0.006264      0
-1.21429     0.006246      0
-1.2     0.006276      0
-1.18571     0.00633      0
-1.17143     0.006354      0
-1.15714     0.0064      0
-1.14286     0.006406      0
-1.12857     0.006408      0
-1.11429     0.006532      0
-1.1     0.006546      0
-1.08571     0.006488      0
-1.07143     0.006628      0
-1.05714     0.006606      0
-1.04286     0.00668      0
-1.02857     0.00671      0
-1.01429     0.00668      0
-1     0.006808      0
-0.985714     0.0068      0
-0.971429     0.006862      0
-0.957143     0.006888      0
-0.942857     0.006954      0
-0.928571     0.006948      0
-0.914286     0.00705      0
-0.9     0.00706      0
-0.885714     0.00713      0
-0.871429     0.007148      0
-0.857143     0.007198      0
-0.842857     0.007248      0
-0.828571     0.007296      0
-0.814286     0.007388      0
-0.8     0.007378      0
-0.785714     0.007452      0
-0.771429     0.007542      0
-0.757143     0.00753      0
-0.742857     0.007674      0
-0.728571     0.007608      0
-0.714286     0.007798      0
-0.7     0.007772      0
-0.685714     0.00788      0
-0.671429     0.007942      0
-0.657143     0.008034      0
-0.642857     0.00806      0
-0.628571     0.008108      0
-0.614286     0.008266      0
-0.6     0.008316      0
-0.585714     0.00835      0
-0.571429     0.008498      0
-0.557143     0.008556      0
-0.542857     0.008634      0
-0.528571     0.008716      0
-0.514286     0.008848      0
-0.5     0.008966      0
-0.485714     0.00904      0
-0.471429     0.009188      0
-0.457143     0.009278      0
-0.442857     0.009414      0
-0.428571     0.009522      0
-0.414286     0.009704      0
-0.4     0.00981      0
-0.385714     0.010012      0
-0.371429     0.010238      0
-0.357143     0.010404      0
-0.342857     0.010584      0
-0.328571     0.010842      0
-0.314286     0.011102      0
-0.3     0.011374      0
-0.285714     0.0117      0
-0.271429     0.012084      0
-0.257143     0.012498      0
-0.242857     0.01299      0
-0.228571     0.014048      0
-0.214286     0.014694      0
-0.2     0.016042      0
-0.185714     0.018564      0
-0.171429     0.0354485      0
-0.157143     0.032034      0
-0.142857     0.018858      0
-0.128571     0.014988      0
-0.114286     0.012592      0
-0.1     0.011092      0
-0.0857143     0.009904      0
-0.0714286     0.008916      0
-0.0571429     0.008124      0
-0.0428571     0.00747      0
-0.0285714     0.006792      0
-0.0142857     0.006253      0
0     0      0
0.0142857     0      0
0.0285714     0      0
0.0428571     0      0
0.0571429     0      0
0.0714286     0      0
0.0857143     0      0
0.1     0      0
0.114286     0      0.0186965
0.128571     0      0.014706
0.142857     0      0.013142
0.157143     0      0.012352
0.171429     0      0.01199
0.185714     0      0.011862
0.2     0      0.011912
0.214286     0      0.012098
0.228571     0      0.01251
0.242857     0      0.0132
0.257143     0      0.014812
0.271429     0      0.016953
0.285714     0      0.013532
0.3     0      0.01237
0.314286     0      0.011578
0.328571     0      0.011084
0.342857     0      0.010642
0.357143     0      0.010228
0.371429     0      0.010022
0.385714     0      0.009738
0.4     0      0.009474
0.414286     0      0.009316
0.428571     0      0.009154
0.442857     0      0.00891
0.457143     0      0.008762
0.471429     0      0.008632
0.485714     0      0.008506
0.5     0      0.008376
0.514286     0      0.008302
0.528571     0      0.008152
0.542857     0      0.008018
0.557143     0      0.007912
0.571429     0      0.007844
0.585714     0      0.007786
0.6     0      0.007596
0.614286     0      0.007628
0.628571     0      0.007476
0.642857     0      0.007418
0.657143     0      0.007326
0.671429     0      0.007288
0.685714     0      0.00719
0.7     0      0.007094
0.714286     0      0.007096
0.728571     0      0.006982
0.742857     0      0.006918
0.757143     0      0.006868
0.771429     0      0.00684
0.785714     0      0.006764
0.8     0      0.006692
0.814286     0      0.006628
0.828571     0      0.006586
0.842857     0      0.00656
0.857143     0      0.00648
0.871429     0      0.006426
0.885714     0      0.006418
0.9     0      0.006354
0.914286     0      0.00628
0.928571     0      0.006248
0.942857     0      0.006206
0.957143     0      0.006136
0.971429     0      0.006112
0.985714     0      0.006082
1     0      0.006048
1.01429     0      0.005988
1.02857     0      0.005962
1.04286     0      0.005936
1.05714     0      0.005874
1.07143     0      0.005836
1.08571     0      0.005796
1.1     0      0.005736
1.11429     0      0.005736
1.12857     0      0.005722
1.14286     0      0.005648
1.15714     0      0.00563
1.17143     0      0.00556
1.18571     0      0.005552
1.2     0      0.005566
1.21429     0      0.00548
1.22857     0      0.005458
1.24286     0      0.00544
1.25714     0      0.005406
1.27143     0      0.005368
1.28571     0      0.00533
1.3     0      0.005344
1.31429     0      0.005266
1.32857     0      0.00528
1.34286     0      0.00521
1.35714     0      0.005226
1.37143     0      0.005148
1.38571     0      0.005154
1.4     0      0.005104
1.41429     0      0.005102
1.42857     0      0.005078
1.44286     0      0.005012
1.45714     0      0.005042
1.47143     0      0.005002
1.48571     0      0.004966
1.5     0      0.004938
1.51429     0      0.004906
1.52857     0      0.004914
1.54286     0      0.004832
1.55714     0      0.004886
1.57143     0      0.004816
1.58571     0      0.004794
1.6     0      0.004786
1.61429     0      0.00478
1.62857     0      0.004736
1.64286     0      0.00469
1.65714     0      0.0047
1.67143     0      0.004674
1.68571     0      0.00466
1.7     0      0.004618
1.71429     0      0.004624
1.72857     0      0.004566
1.74286     0      0.004586
1.75714     0      0.004568
1.77143     0      0.004502
1.78571     0      0.004504
1.8     0      0.00452
1.81429     0      0.004486
1.82857     0      0.00446
1.84286     0      0.004414
1.85714     0      0.004434
1.87143     0      0.00439
1.88571     0      0.00437
1.9     0      0.004356
1.91429     0      0.00435
1.92857     0      0.00434
1.94286     0      0.004292
1.95714     0      0.004296
1.97143     0      0.004266
1.98571     0      0.004272
2     0      0.004248
2.01429     0      0.004212
2.02857     0      0.004202
2.04286     0      0.004226
2.05714     0      0.00415
2.07143     0      0.00417
2.08571     0      0.004158
2.1     0      0.004118
2.11429     0      0.004124
2.12857     0      0.004084
2.14286     0      0.004076
2.15714     0      0.004082
2.17143     0      0.004032
2.18571     0      0.004056
2.2     0      0.004026
2.21429     0      0.003996
2.22857     0      0.003996
2.24286     0      0.003974
2.25714     0      0.003972
2.27143     0      0.003956
2.28571     0      0.003934
2.3     0      0.000612501
2.31429     0      3.89062e-17
2.32857     0      0
2.34286     0      0
2.35714     0      0
2.37143     0      0
2.38571     0      0
2.4     0      0
2.41429     0      0
2.42857     0      0
2.44286     0      0
2.45714     0      0
2.47143     0      0
2.48571     0      0
2.5     0      0
2.51429     0      0
2.52857     0      0
2.54286     0      0
2.55714     0      0
2.57143     0      0
2.58571     0      0
2.6     0      0
2.61429     0      0
2.62857     0      0
2.64286     0      0
2.65714     0      0
2.67143     0      0
2.68571     0      0
2.7     0      0
2.71429     0      0
2.72857     0      0
2.74286     0      0
2.75714     0      0
2.77143     0      0
2.78571     0      0
2.8     0      0
2.81429     0      0
2.82857     0      0
2.84286     0      0
2.85714     0      0
2.87143     0      0
2.88571     0      0
2.9     0      0
2.91429     0      0
2.92857     0      0
2.94286     0      0
2.95714     0      0
2.97143     0      0
2.98571     0      0
3     0      0
3.01429     0      0
3.02857     0      0
3.04286     0      0
3.05714     0      0
3.07143     0      0
3.08571     0      0
3.1     0      0
3.11429     0      0
3.12857     0      0
3.14286     0      0
3.15714     0      0
3.17143     0      0
3.18571     0      0
3.2     0      0
3.21429     0      0
3.22857     0      0
3.24286     0      0
3.25714     0      0
3.27143     0      0
3.28571     0      0
3.3     0      0
3.31429     0      0
3.32857     0      0
3.34286     0      0
3.35714     0      0
3.37143     0      0
3.38571     0      0
3.4     0      0
3.41429     0      0
3.42857     0      0
3.44286     0      0
3.45714     0      0
3.47143     0      0
3.48571     0      0
3.5     0      0
3.51429     0      0
3.52857     0      0
3.54286     0      0
3.55714     0      0
3.57143     0      0
3.58571     0      0
3.6     0      0
3.61429     0      0
3.62857     0      0
3.64286     0      0
3.65714     0      0
3.67143     0      0
3.68571     0      0
3.7     0      0
3.71429     0      0
3.72857     0      0
3.74286     0      0
3.75714     0      0
3.77143     0      0
3.78571     0      0
3.8     0      0
3.81429     0      0
3.82857     0      0
3.84286     0      0
3.85714     0      0
3.87143     0      0
3.88571     0      0
3.9     0      0
3.91429     0      0
3.92857     0      0
3.94286     0      0
3.95714     0      0
3.97143     0      0
3.98571     0      0
4     0      0
4.01429     0      0
4.02857     0      0
4.04286     0      0
4.05714     0      0
4.07143     0      0
4.08571     0      0
4.1     0      0
4.11429     0      0
4.12857     0      0
4.14286     0      0
4.15714     0      0
4.17143     0      0
4.18571     0      0
4.2     0      0
4.21429     0      0
4.22857     0      0
4.24286     0      0
4.25714     0      0
4.27143     0      0
4.28571     0      0
4.3     0      0
4.31429     0      0
4.32857     0      0
4.34286     0      0
4.35714     0      0
4.37143     0      0
4.38571     0      0
4.4     0      0
4.41429     0      0
4.42857     0      0
4.44286     0      0
4.45714     0      0
4.47143     0      0
4.48571     0      0
4.5     0      0
4.51429     0      0
4.52857     0      0
4.54286     0      0
4.55714     0      0
4.57143     0      0
4.58571     0      0
4.6     0      0
4.61429     0      0
4.62857     0      0
4.64286     0      0
4.65714     0      0
4.67143     0      0
4.68571     0      0
4.7     0      0
4.71429     0      0
4.72857     0      0
4.74286     0      0
4.75714     0      0
4.77143     0      0
4.78571     0      0
4.8     0      0
4.81429     0      0
4.82857     0      0
4.84286     0      0
4.85714     0      0
4.87143     0      0
4.88571     0      0
4.9     0      0
4.91429     0      0
4.92857     0      0
4.94286     0      0
4.95714     0      0
4.97143     0      0
4.98571     0      0
