# U,mu,nA_up, nA_dn, nB_up, nB_dn, ms, mf, ntotal,mu,cint
#energy    dos_upn   dos_upp   dos_dnn  dos_dnp GRID=1000 bin=700
-5     0      0
-4.98571     0      0
-4.97143     0      0
-4.95714     0      0
-4.94286     0      0
-4.92857     0      0
-4.91429     0      0
-4.9     0      0
-4.88571     0      0
-4.87143     0      0
-4.85714     0      0
-4.84286     0      0
-4.82857     0      0
-4.81429     0      0
-4.8     0      0
-4.78571     0      0
-4.77143     0      0
-4.75714     0      0
-4.74286     0      0
-4.72857     0      0
-4.71429     0      0
-4.7     0      0
-4.68571     0      0
-4.67143     0      0
-4.65714     0      0
-4.64286     0      0
-4.62857     0      0
-4.61429     0      0
-4.6     0      0
-4.58571     0      0
-4.57143     0      0
-4.55714     0      0
-4.54286     0      0
-4.52857     0      0
-4.51429     0      0
-4.5     0      0
-4.48571     0      0
-4.47143     0      0
-4.45714     0      0
-4.44286     0      0
-4.42857     0      0
-4.41429     0      0
-4.4     0      0
-4.38571     0      0
-4.37143     0      0
-4.35714     0      0
-4.34286     0      0
-4.32857     0      0
-4.31429     0      0
-4.3     0      0
-4.28571     0      0
-4.27143     0      0
-4.25714     0      0
-4.24286     0      0
-4.22857     0      0
-4.21429     0      0
-4.2     0      0
-4.18571     0      0
-4.17143     0      0
-4.15714     0      0
-4.14286     0      0
-4.12857     0      0
-4.11429     0      0
-4.1     0      0
-4.08571     0      0
-4.07143     0      0
-4.05714     0      0
-4.04286     0      0
-4.02857     0      0
-4.01429     0      0
-4     0      0
-3.98571     0      0
-3.97143     0      0
-3.95714     0      0
-3.94286     0      0
-3.92857     0      0
-3.91429     0      0
-3.9     0      0
-3.88571     0      0
-3.87143     0      0
-3.85714     0      0
-3.84286     0      0
-3.82857     0      0
-3.81429     0      0
-3.8     0      0
-3.78571     0      0
-3.77143     0      0
-3.75714     0      0
-3.74286     0      0
-3.72857     0      0
-3.71429     0      0
-3.7     0      0
-3.68571     0      0
-3.67143     0      0
-3.65714     0      0
-3.64286     0      0
-3.62857     0      0
-3.61429     0      0
-3.6     0      0
-3.58571     0      0
-3.57143     0      0
-3.55714     0      0
-3.54286     0      0
-3.52857     0      0
-3.51429     0      0
-3.5     0      0
-3.48571     0      0
-3.47143     0      0
-3.45714     0      0
-3.44286     0      0
-3.42857     0      0
-3.41429     0      0
-3.4     0      0
-3.38571     0      0
-3.37143     0      0
-3.35714     0      0
-3.34286     0      0
-3.32857     0      0
-3.31429     0      0
-3.3     0      0
-3.28571     0      0
-3.27143     0      0
-3.25714     0      0
-3.24286     0      0
-3.22857     0      0
-3.21429     0      0
-3.2     0      0
-3.18571     0      0
-3.17143     0      0
-3.15714     0      0
-3.14286     0      0
-3.12857     0      0
-3.11429     0      0
-3.1     0      0
-3.08571     0      0
-3.07143     0      0
-3.05714     0      0
-3.04286     0      0
-3.02857     0      0
-3.01429     0      0
-3     0      0
-2.98571     0      0
-2.97143     0      0
-2.95714     0      0
-2.94286     0      0
-2.92857     0      0
-2.91429     0      0
-2.9     0      0
-2.88571     0      0
-2.87143     0      0
-2.85714     0      0
-2.84286     0      0
-2.82857     0      0
-2.81429     0      0
-2.8     0      0
-2.78571     0      0
-2.77143     0      0
-2.75714     0      0
-2.74286     0      0
-2.72857     0      0
-2.71429     0      0
-2.7     0      0
-2.68571     0      0
-2.67143     0      0
-2.65714     0      0
-2.64286     0      0
-2.62857     0      0
-2.61429     0      0
-2.6     0      0
-2.58571     0      0
-2.57143     0      0
-2.55714     0      0
-2.54286     0      0
-2.52857     0      0
-2.51429     0      0
-2.5     0      0
-2.48571     0      0
-2.47143     0      0
-2.45714     0      0
-2.44286     0      0
-2.42857     0      0
-2.41429     0      0
-2.4     0      0
-2.38571     0      0
-2.37143     0      0
-2.35714     0      0
-2.34286     0      0
-2.32857     0      0
-2.31429     0      0
-2.3     0      0
-2.28571     0      0
-2.27143     0      0
-2.25714     0      0
-2.24286     0      0
-2.22857     0      0
-2.21429     0      0
-2.2     0      0
-2.18571     0      0
-2.17143     0      0
-2.15714     0      0
-2.14286     0      0
-2.12857     0      0
-2.11429     0      0
-2.1     0      0
-2.08571     0      0
-2.07143     0      0
-2.05714     0      0
-2.04286     0      0
-2.02857     0      0
-2.01429     0      0
-2     0      0
-1.98571     0      0
-1.97143     0      0
-1.95714     0      0
-1.94286     0      0
-1.92857     0      0
-1.91429     0      0
-1.9     0      0
-1.88571     0      0
-1.87143     0      0
-1.85714     0      0
-1.84286     0      0
-1.82857     0      0
-1.81429     0      0
-1.8     0      0
-1.78571     0      0
-1.77143     0.0011685      0
-1.75714     0.005418      0
-1.74286     0.005462      0
-1.72857     0.005474      0
-1.71429     0.00549      0
-1.7     0.005512      0
-1.68571     0.00552      0
-1.67143     0.00556      0
-1.65714     0.005574      0
-1.64286     0.005574      0
-1.62857     0.005618      0
-1.61429     0.005626      0
-1.6     0.005656      0
-1.58571     0.005664      0
-1.57143     0.005726      0
-1.55714     0.005714      0
-1.54286     0.005744      0
-1.52857     0.005762      0
-1.51429     0.00578      0
-1.5     0.005802      0
-1.48571     0.005842      0
-1.47143     0.00588      0
-1.45714     0.00586      0
-1.44286     0.005906      0
-1.42857     0.005924      0
-1.41429     0.005964      0
-1.4     0.005986      0
-1.38571     0.006      0
-1.37143     0.006042      0
-1.35714     0.006068      0
-1.34286     0.006092      0
-1.32857     0.006088      0
-1.31429     0.006124      0
-1.3     0.00618      0
-1.28571     0.006214      0
-1.27143     0.006208      0
-1.25714     0.006272      0
-1.24286     0.006298      0
-1.22857     0.0063      0
-1.21429     0.00637      0
-1.2     0.00637      0
-1.18571     0.00641      0
-1.17143     0.006446      0
-1.15714     0.006462      0
-1.14286     0.00651      0
-1.12857     0.006554      0
-1.11429     0.006574      0
-1.1     0.006646      0
-1.08571     0.006584      0
-1.07143     0.006718      0
-1.05714     0.0067      0
-1.04286     0.006782      0
-1.02857     0.006756      0
-1.01429     0.006854      0
-1     0.006864      0
-0.985714     0.006942      0
-0.971429     0.006948      0
-0.957143     0.006976      0
-0.942857     0.00705      0
-0.928571     0.007096      0
-0.914286     0.00715      0
-0.9     0.007148      0
-0.885714     0.00721      0
-0.871429     0.007304      0
-0.857143     0.007306      0
-0.842857     0.007342      0
-0.828571     0.007422      0
-0.814286     0.007484      0
-0.8     0.007502      0
-0.785714     0.00757      0
-0.771429     0.007662      0
-0.757143     0.007668      0
-0.742857     0.007778      0
-0.728571     0.007778      0
-0.714286     0.00787      0
-0.7     0.007954      0
-0.685714     0.00799      0
-0.671429     0.008054      0
-0.657143     0.008114      0
-0.642857     0.008244      0
-0.628571     0.008254      0
-0.614286     0.008338      0
-0.6     0.008438      0
-0.585714     0.00848      0
-0.571429     0.008622      0
-0.557143     0.008704      0
-0.542857     0.008788      0
-0.528571     0.008866      0
-0.514286     0.008964      0
-0.5     0.00908      0
-0.485714     0.009164      0
-0.471429     0.009264      0
-0.457143     0.009408      0
-0.442857     0.00952      0
-0.428571     0.009662      0
-0.414286     0.009812      0
-0.4     0.009958      0
-0.385714     0.01007      0
-0.371429     0.010226      0
-0.357143     0.010428      0
-0.342857     0.010658      0
-0.328571     0.010872      0
-0.314286     0.011128      0
-0.3     0.011342      0
-0.285714     0.011692      0
-0.271429     0.011972      0
-0.257143     0.012442      0
-0.242857     0.01275      0
-0.228571     0.013188      0
-0.214286     0.014266      0
-0.2     0.015224      0
-0.185714     0.017038      0
-0.171429     0.022374      0
-0.157143     0.0349905      0
-0.142857     0.016626      0
-0.128571     0.012922      0
-0.114286     0.01085      0
-0.1     0.009436      0
-0.0857143     0.008364      0
-0.0714286     0.007452      0
-0.0571429     0.006746      0
-0.0428571     0.006022      0
-0.0285714     0.005434      0
-0.0142857     0.004886      0.0010885
0     0.001025      0.016772
0.0142857     0      0.012406
0.0285714     0      0.01122
0.0428571     0      0.01071
0.0571429     0      0.010476
0.0714286     0      0.010448
0.0857143     0      0.01055
0.1     0      0.010772
0.114286     0      0.011132
0.128571     0      0.011836
0.142857     0      0.013238
0.157143     0      0.014633
0.171429     0      0.012232
0.185714     0      0.011404
0.2     0      0.01092
0.214286     0      0.010456
0.228571     0      0.010194
0.242857     0      0.00996
0.257143     0      0.009714
0.271429     0      0.009502
0.285714     0      0.009358
0.3     0      0.009158
0.314286     0      0.009042
0.328571     0      0.008814
0.342857     0      0.00873
0.357143     0      0.008616
0.371429     0      0.00849
0.385714     0      0.008386
0.4     0      0.0083
0.414286     0      0.008126
0.428571     0      0.008094
0.442857     0      0.008004
0.457143     0      0.007864
0.471429     0      0.007834
0.485714     0      0.007724
0.5     0      0.00764
0.514286     0      0.007562
0.528571     0      0.007476
0.542857     0      0.007458
0.557143     0      0.007334
0.571429     0      0.007276
0.585714     0      0.007202
0.6     0      0.007158
0.614286     0      0.0071
0.628571     0      0.007046
0.642857     0      0.006928
0.657143     0      0.00691
0.671429     0      0.006868
0.685714     0      0.006802
0.7     0      0.00673
0.714286     0      0.006664
0.728571     0      0.006672
0.742857     0      0.00659
0.757143     0      0.006496
0.771429     0      0.006488
0.785714     0      0.006432
0.8     0      0.00641
0.814286     0      0.006384
0.828571     0      0.006274
0.842857     0      0.006274
0.857143     0      0.006232
0.871429     0      0.006164
0.885714     0      0.006126
0.9     0      0.006096
0.914286     0      0.006034
0.928571     0      0.00599
0.942857     0      0.005984
0.957143     0      0.005924
0.971429     0      0.005882
0.985714     0      0.005832
1     0      0.00585
1.01429     0      0.005796
1.02857     0      0.005724
1.04286     0      0.005742
1.05714     0      0.005664
1.07143     0      0.005686
1.08571     0      0.00562
1.1     0      0.005556
1.11429     0      0.00555
1.12857     0      0.00552
1.14286     0      0.005514
1.15714     0      0.005422
1.17143     0      0.005414
1.18571     0      0.005416
1.2     0      0.00537
1.21429     0      0.005312
1.22857     0      0.005298
1.24286     0      0.005316
1.25714     0      0.005246
1.27143     0      0.005208
1.28571     0      0.005194
1.3     0      0.005164
1.31429     0      0.005202
1.32857     0      0.005082
1.34286     0      0.005104
1.35714     0      0.005042
1.37143     0      0.005044
1.38571     0      0.005054
1.4     0      0.004978
1.41429     0      0.004958
1.42857     0      0.004946
1.44286     0      0.004926
1.45714     0      0.004902
1.47143     0      0.004852
1.48571     0      0.004882
1.5     0      0.00482
1.51429     0      0.004806
1.52857     0      0.004778
1.54286     0      0.004736
1.55714     0      0.004768
1.57143     0      0.004706
1.58571     0      0.00471
1.6     0      0.004672
1.61429     0      0.00463
1.62857     0      0.00466
1.64286     0      0.004602
1.65714     0      0.004624
1.67143     0      0.004554
1.68571     0      0.004548
1.7     0      0.004556
1.71429     0      0.004484
1.72857     0      0.004496
1.74286     0      0.004508
1.75714     0      0.004448
1.77143     0      0.004434
1.78571     0      0.004448
1.8     0      0.004398
1.81429     0      0.004368
1.82857     0      0.00437
1.84286     0      0.004348
1.85714     0      0.00433
1.87143     0      0.00433
1.88571     0      0.004278
1.9     0      0.0043
1.91429     0      0.004246
1.92857     0      0.004256
1.94286     0      0.004228
1.95714     0      0.0042
1.97143     0      0.004218
1.98571     0      0.00419
2     0      0.004148
2.01429     0      0.004168
2.02857     0      0.004132
2.04286     0      0.004108
2.05714     0      0.004104
2.07143     0      0.004094
2.08571     0      0.004072
2.1     0      0.004052
2.11429     0      0.00405
2.12857     0      0.004036
2.14286     0      0.004006
2.15714     0      0.004008
2.17143     0      0.00397
2.18571     0      0.003994
2.2     0      0.003954
2.21429     0      0.003952
2.22857     0      0.0039085
2.24286     0      2.10313e-17
2.25714     0      6.66809e-50
2.27143     0      6.73771e-70
2.28571     0      1.63987e-89
2.3     0      5.70436e-103
2.31429     0      3.62343e-116
2.32857     0      0
2.34286     0      0
2.35714     0      0
2.37143     0      0
2.38571     0      0
2.4     0      0
2.41429     0      0
2.42857     0      0
2.44286     0      0
2.45714     0      0
2.47143     0      0
2.48571     0      0
2.5     0      0
2.51429     0      0
2.52857     0      0
2.54286     0      0
2.55714     0      0
2.57143     0      0
2.58571     0      0
2.6     0      0
2.61429     0      0
2.62857     0      0
2.64286     0      0
2.65714     0      0
2.67143     0      0
2.68571     0      0
2.7     0      0
2.71429     0      0
2.72857     0      0
2.74286     0      0
2.75714     0      0
2.77143     0      0
2.78571     0      0
2.8     0      0
2.81429     0      0
2.82857     0      0
2.84286     0      0
2.85714     0      0
2.87143     0      0
2.88571     0      0
2.9     0      0
2.91429     0      0
2.92857     0      0
2.94286     0      0
2.95714     0      0
2.97143     0      0
2.98571     0      0
3     0      0
3.01429     0      0
3.02857     0      0
3.04286     0      0
3.05714     0      0
3.07143     0      0
3.08571     0      0
3.1     0      0
3.11429     0      0
3.12857     0      0
3.14286     0      0
3.15714     0      0
3.17143     0      0
3.18571     0      0
3.2     0      0
3.21429     0      0
3.22857     0      0
3.24286     0      0
3.25714     0      0
3.27143     0      0
3.28571     0      0
3.3     0      0
3.31429     0      0
3.32857     0      0
3.34286     0      0
3.35714     0      0
3.37143     0      0
3.38571     0      0
3.4     0      0
3.41429     0      0
3.42857     0      0
3.44286     0      0
3.45714     0      0
3.47143     0      0
3.48571     0      0
3.5     0      0
3.51429     0      0
3.52857     0      0
3.54286     0      0
3.55714     0      0
3.57143     0      0
3.58571     0      0
3.6     0      0
3.61429     0      0
3.62857     0      0
3.64286     0      0
3.65714     0      0
3.67143     0      0
3.68571     0      0
3.7     0      0
3.71429     0      0
3.72857     0      0
3.74286     0      0
3.75714     0      0
3.77143     0      0
3.78571     0      0
3.8     0      0
3.81429     0      0
3.82857     0      0
3.84286     0      0
3.85714     0      0
3.87143     0      0
3.88571     0      0
3.9     0      0
3.91429     0      0
3.92857     0      0
3.94286     0      0
3.95714     0      0
3.97143     0      0
3.98571     0      0
4     0      0
4.01429     0      0
4.02857     0      0
4.04286     0      0
4.05714     0      0
4.07143     0      0
4.08571     0      0
4.1     0      0
4.11429     0      0
4.12857     0      0
4.14286     0      0
4.15714     0      0
4.17143     0      0
4.18571     0      0
4.2     0      0
4.21429     0      0
4.22857     0      0
4.24286     0      0
4.25714     0      0
4.27143     0      0
4.28571     0      0
4.3     0      0
4.31429     0      0
4.32857     0      0
4.34286     0      0
4.35714     0      0
4.37143     0      0
4.38571     0      0
4.4     0      0
4.41429     0      0
4.42857     0      0
4.44286     0      0
4.45714     0      0
4.47143     0      0
4.48571     0      0
4.5     0      0
4.51429     0      0
4.52857     0      0
4.54286     0      0
4.55714     0      0
4.57143     0      0
4.58571     0      0
4.6     0      0
4.61429     0      0
4.62857     0      0
4.64286     0      0
4.65714     0      0
4.67143     0      0
4.68571     0      0
4.7     0      0
4.71429     0      0
4.72857     0      0
4.74286     0      0
4.75714     0      0
4.77143     0      0
4.78571     0      0
4.8     0      0
4.81429     0      0
4.82857     0      0
4.84286     0      0
4.85714     0      0
4.87143     0      0
4.88571     0      0
4.9     0      0
4.91429     0      0
4.92857     0      0
4.94286     0      0
4.95714     0      0
4.97143     0      0
4.98571     0      0
