# U,mu,nA_up, nA_dn, nB_up, nB_dn, ms, mf, ntotal,mu,cint
#energy    dos_upn   dos_upp   dos_dnn  dos_dnp GRID=1000 bin=700
-5     0      0
-4.98571     0      0
-4.97143     0      0
-4.95714     0      0
-4.94286     0      0
-4.92857     0      0
-4.91429     0      0
-4.9     0      0
-4.88571     0      0
-4.87143     0      0
-4.85714     0      0
-4.84286     0      0
-4.82857     0      0
-4.81429     0      0
-4.8     0      0
-4.78571     0      0
-4.77143     0      0
-4.75714     0      0
-4.74286     0      0
-4.72857     0      0
-4.71429     0      0
-4.7     0      0
-4.68571     0      0
-4.67143     0      0
-4.65714     0      0
-4.64286     0      0
-4.62857     0      0
-4.61429     0      0
-4.6     0      0
-4.58571     0      0
-4.57143     0      0
-4.55714     0      0
-4.54286     0      0
-4.52857     0      0
-4.51429     0      0
-4.5     0      0
-4.48571     0      0
-4.47143     0      0
-4.45714     0      0
-4.44286     0      0
-4.42857     0      0
-4.41429     0      0
-4.4     0      0
-4.38571     0      0
-4.37143     0      0
-4.35714     0      0
-4.34286     0      0
-4.32857     0      0
-4.31429     0      0
-4.3     0      0
-4.28571     0      0
-4.27143     0      0
-4.25714     0      0
-4.24286     0      0
-4.22857     0      0
-4.21429     0      0
-4.2     0      0
-4.18571     0      0
-4.17143     0      0
-4.15714     0      0
-4.14286     0      0
-4.12857     0      0
-4.11429     0      0
-4.1     0      0
-4.08571     0      0
-4.07143     0      0
-4.05714     0      0
-4.04286     0      0
-4.02857     0      0
-4.01429     0      0
-4     0      0
-3.98571     0      0
-3.97143     0      0
-3.95714     0      0
-3.94286     0      0
-3.92857     0      0
-3.91429     0      0
-3.9     0      0
-3.88571     0      0
-3.87143     0      0
-3.85714     0      0
-3.84286     0      0
-3.82857     0      0
-3.81429     0      0
-3.8     0      0
-3.78571     0      0
-3.77143     0      0
-3.75714     0      0
-3.74286     0      0
-3.72857     0      0
-3.71429     0      0
-3.7     0      0
-3.68571     0      0
-3.67143     0      0
-3.65714     0      0
-3.64286     0      0
-3.62857     0      0
-3.61429     0      0
-3.6     0      0
-3.58571     0      0
-3.57143     0      0
-3.55714     0      0
-3.54286     0      0
-3.52857     0      0
-3.51429     0      0
-3.5     0      0
-3.48571     0      0
-3.47143     0      0
-3.45714     0      0
-3.44286     0      0
-3.42857     0      0
-3.41429     0      0
-3.4     0      0
-3.38571     0      0
-3.37143     0      0
-3.35714     0      0
-3.34286     0      0
-3.32857     0      0
-3.31429     0      0
-3.3     0      0
-3.28571     0      0
-3.27143     0      0
-3.25714     0      0
-3.24286     0      0
-3.22857     0      0
-3.21429     0      0
-3.2     0      0
-3.18571     0      0
-3.17143     0      0
-3.15714     0      0
-3.14286     0      0
-3.12857     0      0
-3.11429     0      0
-3.1     0      0
-3.08571     0      0
-3.07143     0      0
-3.05714     0      0
-3.04286     0      0
-3.02857     0      0
-3.01429     0      0
-3     0      0
-2.98571     0      0
-2.97143     0      0
-2.95714     0      0
-2.94286     0      0
-2.92857     0      0
-2.91429     0      0
-2.9     0      0
-2.88571     0      0
-2.87143     0      0
-2.85714     0      0
-2.84286     0      0
-2.82857     0      0
-2.81429     0      0
-2.8     0      0
-2.78571     0      0
-2.77143     0      0
-2.75714     0      0
-2.74286     0      0
-2.72857     0      0
-2.71429     0      0
-2.7     0      0
-2.68571     0      0
-2.67143     0      0
-2.65714     0      0
-2.64286     0      0
-2.62857     0      0
-2.61429     0      0
-2.6     0      0
-2.58571     0      0
-2.57143     0      0
-2.55714     0      0
-2.54286     0      0
-2.52857     0      0
-2.51429     0      0
-2.5     0      0
-2.48571     0      0
-2.47143     0      0
-2.45714     0      0
-2.44286     0      0
-2.42857     0      0
-2.41429     0      0
-2.4     0      0
-2.38571     0      0
-2.37143     0      0
-2.35714     0      0
-2.34286     0      0
-2.32857     0      0
-2.31429     0      0
-2.3     0      0
-2.28571     0      0
-2.27143     0      0
-2.25714     0      0
-2.24286     0      0
-2.22857     0      0
-2.21429     0      0
-2.2     0      0
-2.18571     0      0
-2.17143     0      0
-2.15714     0      0
-2.14286     0      0
-2.12857     0      0
-2.11429     0      0
-2.1     0      0
-2.08571     0      0
-2.07143     0      0
-2.05714     0      0
-2.04286     0      0
-2.02857     0      0
-2.01429     0      0
-2     0      0
-1.98571     0      0
-1.97143     0      0
-1.95714     0      0
-1.94286     0      0
-1.92857     0      0
-1.91429     0      0
-1.9     0      0
-1.88571     0      0
-1.87143     0      0
-1.85714     0      0
-1.84286     0      0
-1.82857     0      0
-1.81429     0      0
-1.8     0      0
-1.78571     0      0
-1.77143     0      0
-1.75714     0      0
-1.74286     0      0
-1.72857     0.0051825      0
-1.71429     0.00545      0
-1.7     0.005472      0
-1.68571     0.005486      0
-1.67143     0.005516      0
-1.65714     0.005532      0
-1.64286     0.00556      0
-1.62857     0.005538      0
-1.61429     0.005612      0
-1.6     0.00561      0
-1.58571     0.005632      0
-1.57143     0.00565      0
-1.55714     0.005694      0
-1.54286     0.005692      0
-1.52857     0.005728      0
-1.51429     0.005746      0
-1.5     0.005768      0
-1.48571     0.005776      0
-1.47143     0.005818      0
-1.45714     0.005834      0
-1.44286     0.00586      0
-1.42857     0.005884      0
-1.41429     0.005922      0
-1.4     0.00592      0
-1.38571     0.005958      0
-1.37143     0.00598      0
-1.35714     0.006046      0
-1.34286     0.006028      0
-1.32857     0.006046      0
-1.31429     0.006112      0
-1.3     0.00612      0
-1.28571     0.006136      0
-1.27143     0.006188      0
-1.25714     0.006204      0
-1.24286     0.00623      0
-1.22857     0.006288      0
-1.21429     0.00627      0
-1.2     0.006316      0
-1.18571     0.006346      0
-1.17143     0.00639      0
-1.15714     0.00641      0
-1.14286     0.006488      0
-1.12857     0.006468      0
-1.11429     0.006514      0
-1.1     0.00656      0
-1.08571     0.00658      0
-1.07143     0.006662      0
-1.05714     0.006624      0
-1.04286     0.006708      0
-1.02857     0.00674      0
-1.01429     0.006782      0
-1     0.006792      0
-0.985714     0.006846      0
-0.971429     0.006864      0
-0.957143     0.00695      0
-0.942857     0.00696      0
-0.928571     0.00705      0
-0.914286     0.007068      0
-0.9     0.007106      0
-0.885714     0.00714      0
-0.871429     0.007214      0
-0.857143     0.007248      0
-0.842857     0.007274      0
-0.828571     0.00735      0
-0.814286     0.007368      0
-0.8     0.007498      0
-0.785714     0.007468      0
-0.771429     0.007568      0
-0.757143     0.007642      0
-0.742857     0.007632      0
-0.728571     0.007766      0
-0.714286     0.007738      0
-0.7     0.007866      0
-0.685714     0.007926      0
-0.671429     0.007958      0
-0.657143     0.008078      0
-0.642857     0.00813      0
-0.628571     0.00818      0
-0.614286     0.008262      0
-0.6     0.00839      0
-0.585714     0.008436      0
-0.571429     0.008474      0
-0.557143     0.008608      0
-0.542857     0.008698      0
-0.528571     0.008798      0
-0.514286     0.008908      0
-0.5     0.00898      0
-0.485714     0.009096      0
-0.471429     0.009184      0
-0.457143     0.00932      0
-0.442857     0.009452      0
-0.428571     0.009606      0
-0.414286     0.009712      0
-0.4     0.009882      0
-0.385714     0.010048      0
-0.371429     0.010212      0
-0.357143     0.010392      0
-0.342857     0.010592      0
-0.328571     0.010844      0
-0.314286     0.011092      0
-0.3     0.011388      0
-0.285714     0.011662      0
-0.271429     0.012042      0
-0.257143     0.012436      0
-0.242857     0.012932      0
-0.228571     0.014046      0
-0.214286     0.014638      0
-0.2     0.01588      0
-0.185714     0.018178      0
-0.171429     0.0349985      0
-0.157143     0.029036      0
-0.142857     0.017662      0
-0.128571     0.014068      0
-0.114286     0.01183      0
-0.1     0.010444      0
-0.0857143     0.009234      0
-0.0714286     0.00836      0
-0.0571429     0.007564      0
-0.0428571     0.006884      0
-0.0285714     0.006322      0
-0.0142857     0.005653      0
0     0      0
0.0142857     0      0
0.0285714     0      0
0.0428571     0      0
0.0571429     0      0.0006765
0.0714286     0      0.018544
0.0857143     0      0.013844
0.1     0      0.012448
0.114286     0      0.011778
0.128571     0      0.011488
0.142857     0      0.011378
0.157143     0      0.011412
0.171429     0      0.011658
0.185714     0      0.012058
0.2     0      0.012744
0.214286     0      0.014426
0.228571     0      0.016041
0.242857     0      0.012974
0.257143     0      0.011966
0.271429     0      0.01131
0.285714     0      0.010798
0.3     0      0.010498
0.314286     0      0.010098
0.328571     0      0.009828
0.342857     0      0.009724
0.357143     0      0.009366
0.371429     0      0.009246
0.385714     0      0.00909
0.4     0      0.008826
0.414286     0      0.00873
0.428571     0      0.008608
0.442857     0      0.008502
0.457143     0      0.008348
0.471429     0      0.00825
0.485714     0      0.008126
0.5     0      0.008076
0.514286     0      0.007952
0.528571     0      0.007818
0.542857     0      0.00778
0.557143     0      0.007688
0.571429     0      0.007594
0.585714     0      0.007454
0.6     0      0.007454
0.614286     0      0.007332
0.628571     0      0.00734
0.642857     0      0.007164
0.657143     0      0.007148
0.671429     0      0.007128
0.685714     0      0.007
0.7     0      0.006932
0.714286     0      0.006916
0.728571     0      0.006856
0.742857     0      0.006788
0.757143     0      0.006692
0.771429     0      0.00669
0.785714     0      0.006636
0.8     0      0.006528
0.814286     0      0.006518
0.828571     0      0.006514
0.842857     0      0.006396
0.857143     0      0.006374
0.871429     0      0.00634
0.885714     0      0.006236
0.9     0      0.006258
0.914286     0      0.0062
0.928571     0      0.006128
0.942857     0      0.006102
0.957143     0      0.006092
0.971429     0      0.006032
0.985714     0      0.00599
1     0      0.005928
1.01429     0      0.005914
1.02857     0      0.005872
1.04286     0      0.005796
1.05714     0      0.005806
1.07143     0      0.005734
1.08571     0      0.005742
1.1     0      0.005704
1.11429     0      0.005628
1.12857     0      0.00561
1.14286     0      0.005584
1.15714     0      0.005566
1.17143     0      0.005532
1.18571     0      0.005494
1.2     0      0.005464
1.21429     0      0.005426
1.22857     0      0.00542
1.24286     0      0.005386
1.25714     0      0.005308
1.27143     0      0.005326
1.28571     0      0.005268
1.3     0      0.005258
1.31429     0      0.005252
1.32857     0      0.005174
1.34286     0      0.005196
1.35714     0      0.005142
1.37143     0      0.005134
1.38571     0      0.005056
1.4     0      0.005074
1.41429     0      0.005054
1.42857     0      0.004992
1.44286     0      0.004978
1.45714     0      0.004994
1.47143     0      0.004948
1.48571     0      0.004936
1.5     0      0.004882
1.51429     0      0.004864
1.52857     0      0.004846
1.54286     0      0.00485
1.55714     0      0.004772
1.57143     0      0.00479
1.58571     0      0.004762
1.6     0      0.004766
1.61429     0      0.004686
1.62857     0      0.004686
1.64286     0      0.004684
1.65714     0      0.004658
1.67143     0      0.004628
1.68571     0      0.004594
1.7     0      0.00462
1.71429     0      0.00457
1.72857     0      0.004546
1.74286     0      0.004528
1.75714     0      0.00453
1.77143     0      0.00446
1.78571     0      0.00451
1.8     0      0.004428
1.81429     0      0.004452
1.82857     0      0.004422
1.84286     0      0.004396
1.85714     0      0.004374
1.87143     0      0.004384
1.88571     0      0.004334
1.9     0      0.00433
1.91429     0      0.00431
1.92857     0      0.004316
1.94286     0      0.004266
1.95714     0      0.004248
1.97143     0      0.004244
1.98571     0      0.004248
2     0      0.0042
2.01429     0      0.004218
2.02857     0      0.004178
2.04286     0      0.004146
2.05714     0      0.004138
2.07143     0      0.004144
2.08571     0      0.004112
2.1     0      0.004108
2.11429     0      0.004086
2.12857     0      0.004072
2.14286     0      0.004032
2.15714     0      0.004062
2.17143     0      0.004022
2.18571     0      0.004006
2.2     0      0.004
2.21429     0      0.003986
2.22857     0      0.003954
2.24286     0      0.003966
2.25714     0      0.00394
2.27143     0      0.0020205
2.28571     0      6.87813e-17
2.3     0      2.39258e-30
2.31429     0      1.51978e-43
2.32857     0      0
2.34286     0      0
2.35714     0      0
2.37143     0      0
2.38571     0      0
2.4     0      0
2.41429     0      0
2.42857     0      0
2.44286     0      0
2.45714     0      0
2.47143     0      0
2.48571     0      0
2.5     0      0
2.51429     0      0
2.52857     0      0
2.54286     0      0
2.55714     0      0
2.57143     0      0
2.58571     0      0
2.6     0      0
2.61429     0      0
2.62857     0      0
2.64286     0      0
2.65714     0      0
2.67143     0      0
2.68571     0      0
2.7     0      0
2.71429     0      0
2.72857     0      0
2.74286     0      0
2.75714     0      0
2.77143     0      0
2.78571     0      0
2.8     0      0
2.81429     0      0
2.82857     0      0
2.84286     0      0
2.85714     0      0
2.87143     0      0
2.88571     0      0
2.9     0      0
2.91429     0      0
2.92857     0      0
2.94286     0      0
2.95714     0      0
2.97143     0      0
2.98571     0      0
3     0      0
3.01429     0      0
3.02857     0      0
3.04286     0      0
3.05714     0      0
3.07143     0      0
3.08571     0      0
3.1     0      0
3.11429     0      0
3.12857     0      0
3.14286     0      0
3.15714     0      0
3.17143     0      0
3.18571     0      0
3.2     0      0
3.21429     0      0
3.22857     0      0
3.24286     0      0
3.25714     0      0
3.27143     0      0
3.28571     0      0
3.3     0      0
3.31429     0      0
3.32857     0      0
3.34286     0      0
3.35714     0      0
3.37143     0      0
3.38571     0      0
3.4     0      0
3.41429     0      0
3.42857     0      0
3.44286     0      0
3.45714     0      0
3.47143     0      0
3.48571     0      0
3.5     0      0
3.51429     0      0
3.52857     0      0
3.54286     0      0
3.55714     0      0
3.57143     0      0
3.58571     0      0
3.6     0      0
3.61429     0      0
3.62857     0      0
3.64286     0      0
3.65714     0      0
3.67143     0      0
3.68571     0      0
3.7     0      0
3.71429     0      0
3.72857     0      0
3.74286     0      0
3.75714     0      0
3.77143     0      0
3.78571     0      0
3.8     0      0
3.81429     0      0
3.82857     0      0
3.84286     0      0
3.85714     0      0
3.87143     0      0
3.88571     0      0
3.9     0      0
3.91429     0      0
3.92857     0      0
3.94286     0      0
3.95714     0      0
3.97143     0      0
3.98571     0      0
4     0      0
4.01429     0      0
4.02857     0      0
4.04286     0      0
4.05714     0      0
4.07143     0      0
4.08571     0      0
4.1     0      0
4.11429     0      0
4.12857     0      0
4.14286     0      0
4.15714     0      0
4.17143     0      0
4.18571     0      0
4.2     0      0
4.21429     0      0
4.22857     0      0
4.24286     0      0
4.25714     0      0
4.27143     0      0
4.28571     0      0
4.3     0      0
4.31429     0      0
4.32857     0      0
4.34286     0      0
4.35714     0      0
4.37143     0      0
4.38571     0      0
4.4     0      0
4.41429     0      0
4.42857     0      0
4.44286     0      0
4.45714     0      0
4.47143     0      0
4.48571     0      0
4.5     0      0
4.51429     0      0
4.52857     0      0
4.54286     0      0
4.55714     0      0
4.57143     0      0
4.58571     0      0
4.6     0      0
4.61429     0      0
4.62857     0      0
4.64286     0      0
4.65714     0      0
4.67143     0      0
4.68571     0      0
4.7     0      0
4.71429     0      0
4.72857     0      0
4.74286     0      0
4.75714     0      0
4.77143     0      0
4.78571     0      0
4.8     0      0
4.81429     0      0
4.82857     0      0
4.84286     0      0
4.85714     0      0
4.87143     0      0
4.88571     0      0
4.9     0      0
4.91429     0      0
4.92857     0      0
4.94286     0      0
4.95714     0      0
4.97143     0      0
4.98571     0      0
