# U,mu,nA_up, nA_dn, nB_up, nB_dn, ms, mf, ntotal,mu,cint
#energy    dos_upn   dos_upp   dos_dnn  dos_dnp GRID=1000 bin=700
-5     0      0
-4.98571     0      0
-4.97143     0      0
-4.95714     0      0
-4.94286     0      0
-4.92857     0      0
-4.91429     0      0
-4.9     0      0
-4.88571     0      0
-4.87143     0      0
-4.85714     0      0
-4.84286     0      0
-4.82857     0      0
-4.81429     0      0
-4.8     0      0
-4.78571     0      0
-4.77143     0      0
-4.75714     0      0
-4.74286     0      0
-4.72857     0      0
-4.71429     0      0
-4.7     0      0
-4.68571     0      0
-4.67143     0      0
-4.65714     0      0
-4.64286     0      0
-4.62857     0      0
-4.61429     0      0
-4.6     0      0
-4.58571     0      0
-4.57143     0      0
-4.55714     0      0
-4.54286     0      0
-4.52857     0      0
-4.51429     0      0
-4.5     0      0
-4.48571     0      0
-4.47143     0      0
-4.45714     0      0
-4.44286     0      0
-4.42857     0      0
-4.41429     0      0
-4.4     0      0
-4.38571     0      0
-4.37143     0      0
-4.35714     0      0
-4.34286     0      0
-4.32857     0      0
-4.31429     0      0
-4.3     0      0
-4.28571     0      0
-4.27143     0      0
-4.25714     0      0
-4.24286     0      0
-4.22857     0      0
-4.21429     0      0
-4.2     0      0
-4.18571     0      0
-4.17143     0      0
-4.15714     0      0
-4.14286     0      0
-4.12857     0      0
-4.11429     0      0
-4.1     0      0
-4.08571     0      0
-4.07143     0      0
-4.05714     0      0
-4.04286     0      0
-4.02857     0      0
-4.01429     0      0
-4     0      0
-3.98571     0      0
-3.97143     0      0
-3.95714     0      0
-3.94286     0      0
-3.92857     0      0
-3.91429     0      0
-3.9     0      0
-3.88571     0      0
-3.87143     0      0
-3.85714     0      0
-3.84286     0      0
-3.82857     0      0
-3.81429     0      0
-3.8     0      0
-3.78571     0      0
-3.77143     0      0
-3.75714     0      0
-3.74286     0      0
-3.72857     0      0
-3.71429     0      0
-3.7     0      0
-3.68571     0      0
-3.67143     0      0
-3.65714     0      0
-3.64286     0      0
-3.62857     0      0
-3.61429     0      0
-3.6     0      0
-3.58571     0      0
-3.57143     0      0
-3.55714     0      0
-3.54286     0      0
-3.52857     0      0
-3.51429     0      0
-3.5     0      0
-3.48571     0      0
-3.47143     0      0
-3.45714     0      0
-3.44286     0      0
-3.42857     0      0
-3.41429     0      0
-3.4     0      0
-3.38571     0      0
-3.37143     0      0
-3.35714     0      0
-3.34286     0      0
-3.32857     0      0
-3.31429     0      0
-3.3     0      0
-3.28571     0      0
-3.27143     0      0
-3.25714     0      0
-3.24286     0      0
-3.22857     0      0
-3.21429     0      0
-3.2     0      0
-3.18571     0      0
-3.17143     0      0
-3.15714     0      0
-3.14286     0      0
-3.12857     0      0
-3.11429     0      0
-3.1     0      0
-3.08571     0      0
-3.07143     0      0
-3.05714     0      0
-3.04286     0      0
-3.02857     0      0
-3.01429     0      0
-3     0      0
-2.98571     0      0
-2.97143     0      0
-2.95714     0      0
-2.94286     0      0
-2.92857     0      0
-2.91429     0      0
-2.9     0      0
-2.88571     0      0
-2.87143     0      0
-2.85714     0      0
-2.84286     0      0
-2.82857     0      0
-2.81429     0      0
-2.8     0      0
-2.78571     0      0
-2.77143     0      0
-2.75714     0      0
-2.74286     0      0
-2.72857     0      0
-2.71429     0      0
-2.7     0      0
-2.68571     0      0
-2.67143     0      0
-2.65714     0      0
-2.64286     0      0
-2.62857     0      0
-2.61429     0      0
-2.6     0      0
-2.58571     0      0
-2.57143     0      0
-2.55714     0      0
-2.54286     0      0
-2.52857     0      0
-2.51429     0      0
-2.5     0      0
-2.48571     0      0
-2.47143     0      0
-2.45714     0      0
-2.44286     0      0
-2.42857     0      0
-2.41429     0      0
-2.4     0      0
-2.38571     0      0
-2.37143     0      0
-2.35714     0      0
-2.34286     0      0
-2.32857     0      0
-2.31429     0      0
-2.3     0      0
-2.28571     0      0
-2.27143     0      0
-2.25714     0      0
-2.24286     0      0
-2.22857     0      0
-2.21429     0      0
-2.2     0      0
-2.18571     0      0
-2.17143     0      0
-2.15714     0      0
-2.14286     0      0
-2.12857     0      0
-2.11429     0      0
-2.1     0      0
-2.08571     0      0
-2.07143     0      0
-2.05714     0      0
-2.04286     0      0
-2.02857     0      0
-2.01429     0      0
-2     0      0
-1.98571     0      0
-1.97143     0      0
-1.95714     0      0
-1.94286     0      0
-1.92857     0      0
-1.91429     0      0
-1.9     0      0
-1.88571     0      0
-1.87143     0      0
-1.85714     0      0
-1.84286     0      0
-1.82857     0      0
-1.81429     0      0
-1.8     0      0
-1.78571     0      0
-1.77143     0.0002545      0
-1.75714     0.00543      0
-1.74286     0.005454      0
-1.72857     0.00545      0
-1.71429     0.005486      0
-1.7     0.005504      0
-1.68571     0.005536      0
-1.67143     0.005552      0
-1.65714     0.005566      0
-1.64286     0.005572      0
-1.62857     0.0056      0
-1.61429     0.005648      0
-1.6     0.00565      0
-1.58571     0.005678      0
-1.57143     0.00568      0
-1.55714     0.00571      0
-1.54286     0.005732      0
-1.52857     0.005762      0
-1.51429     0.00577      0
-1.5     0.005812      0
-1.48571     0.005858      0
-1.47143     0.005838      0
-1.45714     0.005876      0
-1.44286     0.005898      0
-1.42857     0.005922      0
-1.41429     0.005962      0
-1.4     0.005974      0
-1.38571     0.006004      0
-1.37143     0.005996      0
-1.35714     0.00608      0
-1.34286     0.006082      0
-1.32857     0.006104      0
-1.31429     0.006144      0
-1.3     0.006128      0
-1.28571     0.00622      0
-1.27143     0.006234      0
-1.25714     0.006236      0
-1.24286     0.006292      0
-1.22857     0.006318      0
-1.21429     0.006344      0
-1.2     0.006364      0
-1.18571     0.006394      0
-1.17143     0.006448      0
-1.15714     0.00646      0
-1.14286     0.006498      0
-1.12857     0.00656      0
-1.11429     0.006532      0
-1.1     0.006662      0
-1.08571     0.00658      0
-1.07143     0.006704      0
-1.05714     0.006696      0
-1.04286     0.00677      0
-1.02857     0.006752      0
-1.01429     0.006846      0
-1     0.00686      0
-0.985714     0.006922      0
-0.971429     0.006948      0
-0.957143     0.006974      0
-0.942857     0.007048      0
-0.928571     0.007072      0
-0.914286     0.007142      0
-0.9     0.007144      0
-0.885714     0.007216      0
-0.871429     0.007272      0
-0.857143     0.007298      0
-0.842857     0.00732      0
-0.828571     0.007438      0
-0.814286     0.007438      0
-0.8     0.00751      0
-0.785714     0.007544      0
-0.771429     0.007654      0
-0.757143     0.00765      0
-0.742857     0.007758      0
-0.728571     0.007768      0
-0.714286     0.00784      0
-0.7     0.007946      0
-0.685714     0.00796      0
-0.671429     0.00806      0
-0.657143     0.008106      0
-0.642857     0.008214      0
-0.628571     0.00825      0
-0.614286     0.008318      0
-0.6     0.0084      0
-0.585714     0.008442      0
-0.571429     0.00865      0
-0.557143     0.008648      0
-0.542857     0.00876      0
-0.528571     0.008852      0
-0.514286     0.008938      0
-0.5     0.009024      0
-0.485714     0.009164      0
-0.471429     0.009232      0
-0.457143     0.00936      0
-0.442857     0.00953      0
-0.428571     0.009616      0
-0.414286     0.00975      0
-0.4     0.009884      0
-0.385714     0.010022      0
-0.371429     0.010206      0
-0.357143     0.010314      0
-0.342857     0.01062      0
-0.328571     0.010774      0
-0.314286     0.011038      0
-0.3     0.011272      0
-0.285714     0.011558      0
-0.271429     0.011844      0
-0.257143     0.012264      0
-0.242857     0.012538      0
-0.228571     0.013038      0
-0.214286     0.01385      0
-0.2     0.014758      0
-0.185714     0.016158      0
-0.171429     0.019178      0
-0.157143     0.0359965      0
-0.142857     0.019128      0
-0.128571     0.01389      0
-0.114286     0.011402      0
-0.1     0.009806      0
-0.0857143     0.008612      0
-0.0714286     0.007674      0
-0.0571429     0.006916      0
-0.0428571     0.006202      0
-0.0285714     0.005558      0
-0.0142857     0.005048      0.0028185
0     0.002793      0.015832
0.0142857     0      0.012152
0.0285714     0      0.011052
0.0428571     0      0.010574
0.0571429     0      0.010368
0.0714286     0      0.010356
0.0857143     0      0.010464
0.1     0      0.010744
0.114286     0      0.011088
0.128571     0      0.011776
0.142857     0      0.01342
0.157143     0      0.014263
0.171429     0      0.012082
0.185714     0      0.011336
0.2     0      0.01082
0.214286     0      0.010438
0.228571     0      0.010142
0.242857     0      0.009928
0.257143     0      0.009686
0.271429     0      0.009528
0.285714     0      0.009268
0.3     0      0.009188
0.314286     0      0.008946
0.328571     0      0.00886
0.342857     0      0.008774
0.357143     0      0.008584
0.371429     0      0.008512
0.385714     0      0.008386
0.4     0      0.008224
0.414286     0      0.00818
0.428571     0      0.008046
0.442857     0      0.008006
0.457143     0      0.00794
0.471429     0      0.007736
0.485714     0      0.007802
0.5     0      0.007564
0.514286     0      0.00758
0.528571     0      0.007546
0.542857     0      0.007384
0.557143     0      0.007398
0.571429     0      0.007226
0.585714     0      0.007268
0.6     0      0.007134
0.614286     0      0.007086
0.628571     0      0.007008
0.642857     0      0.006952
0.657143     0      0.006958
0.671429     0      0.006838
0.685714     0      0.0068
0.7     0      0.006712
0.714286     0      0.006722
0.728571     0      0.00664
0.742857     0      0.006618
0.757143     0      0.006534
0.771429     0      0.006452
0.785714     0      0.006452
0.8     0      0.006392
0.814286     0      0.006334
0.828571     0      0.006308
0.842857     0      0.006248
0.857143     0      0.006226
0.871429     0      0.006216
0.885714     0      0.006108
0.9     0      0.006102
0.914286     0      0.006064
0.928571     0      0.006004
0.942857     0      0.005966
0.957143     0      0.005944
0.971429     0      0.005922
0.985714     0      0.005832
1     0      0.005828
1.01429     0      0.005818
1.02857     0      0.005756
1.04286     0      0.005694
1.05714     0      0.005678
1.07143     0      0.005664
1.08571     0      0.005598
1.1     0      0.005576
1.11429     0      0.00557
1.12857     0      0.005512
1.14286     0      0.005484
1.15714     0      0.005474
1.17143     0      0.00542
1.18571     0      0.005398
1.2     0      0.005368
1.21429     0      0.005358
1.22857     0      0.005312
1.24286     0      0.005302
1.25714     0      0.005264
1.27143     0      0.00521
1.28571     0      0.00522
1.3     0      0.005174
1.31429     0      0.00513
1.32857     0      0.005124
1.34286     0      0.005118
1.35714     0      0.005024
1.37143     0      0.00509
1.38571     0      0.004966
1.4     0      0.005
1.41429     0      0.00499
1.42857     0      0.00493
1.44286     0      0.004916
1.45714     0      0.004914
1.47143     0      0.004888
1.48571     0      0.004838
1.5     0      0.00482
1.51429     0      0.00481
1.52857     0      0.00483
1.54286     0      0.004728
1.55714     0      0.004726
1.57143     0      0.00473
1.58571     0      0.004712
1.6     0      0.00467
1.61429     0      0.004688
1.62857     0      0.00463
1.64286     0      0.004636
1.65714     0      0.004558
1.67143     0      0.004584
1.68571     0      0.00453
1.7     0      0.004556
1.71429     0      0.004552
1.72857     0      0.004458
1.74286     0      0.004482
1.75714     0      0.00446
1.77143     0      0.00448
1.78571     0      0.004398
1.8     0      0.00442
1.81429     0      0.004388
1.82857     0      0.004366
1.84286     0      0.004346
1.85714     0      0.004358
1.87143     0      0.00429
1.88571     0      0.004322
1.9     0      0.004272
1.91429     0      0.004266
1.92857     0      0.004246
1.94286     0      0.004224
1.95714     0      0.004206
1.97143     0      0.004224
1.98571     0      0.004178
2     0      0.004158
2.01429     0      0.004174
2.02857     0      0.004124
2.04286     0      0.004136
2.05714     0      0.004092
2.07143     0      0.004104
2.08571     0      0.004078
2.1     0      0.004048
2.11429     0      0.004066
2.12857     0      0.004016
2.14286     0      0.00402
2.15714     0      0.004014
2.17143     0      0.003958
2.18571     0      0.003996
2.2     0      0.003948
2.21429     0      0.003948
2.22857     0      0.003924
2.24286     0      0.0005885
2.25714     0      4.16756e-63
2.27143     0      4.21107e-83
2.28571     0      1.02492e-102
2.3     0      3.56522e-116
2.31429     0      2.26464e-129
2.32857     0      0
2.34286     0      0
2.35714     0      0
2.37143     0      0
2.38571     0      0
2.4     0      0
2.41429     0      0
2.42857     0      0
2.44286     0      0
2.45714     0      0
2.47143     0      0
2.48571     0      0
2.5     0      0
2.51429     0      0
2.52857     0      0
2.54286     0      0
2.55714     0      0
2.57143     0      0
2.58571     0      0
2.6     0      0
2.61429     0      0
2.62857     0      0
2.64286     0      0
2.65714     0      0
2.67143     0      0
2.68571     0      0
2.7     0      0
2.71429     0      0
2.72857     0      0
2.74286     0      0
2.75714     0      0
2.77143     0      0
2.78571     0      0
2.8     0      0
2.81429     0      0
2.82857     0      0
2.84286     0      0
2.85714     0      0
2.87143     0      0
2.88571     0      0
2.9     0      0
2.91429     0      0
2.92857     0      0
2.94286     0      0
2.95714     0      0
2.97143     0      0
2.98571     0      0
3     0      0
3.01429     0      0
3.02857     0      0
3.04286     0      0
3.05714     0      0
3.07143     0      0
3.08571     0      0
3.1     0      0
3.11429     0      0
3.12857     0      0
3.14286     0      0
3.15714     0      0
3.17143     0      0
3.18571     0      0
3.2     0      0
3.21429     0      0
3.22857     0      0
3.24286     0      0
3.25714     0      0
3.27143     0      0
3.28571     0      0
3.3     0      0
3.31429     0      0
3.32857     0      0
3.34286     0      0
3.35714     0      0
3.37143     0      0
3.38571     0      0
3.4     0      0
3.41429     0      0
3.42857     0      0
3.44286     0      0
3.45714     0      0
3.47143     0      0
3.48571     0      0
3.5     0      0
3.51429     0      0
3.52857     0      0
3.54286     0      0
3.55714     0      0
3.57143     0      0
3.58571     0      0
3.6     0      0
3.61429     0      0
3.62857     0      0
3.64286     0      0
3.65714     0      0
3.67143     0      0
3.68571     0      0
3.7     0      0
3.71429     0      0
3.72857     0      0
3.74286     0      0
3.75714     0      0
3.77143     0      0
3.78571     0      0
3.8     0      0
3.81429     0      0
3.82857     0      0
3.84286     0      0
3.85714     0      0
3.87143     0      0
3.88571     0      0
3.9     0      0
3.91429     0      0
3.92857     0      0
3.94286     0      0
3.95714     0      0
3.97143     0      0
3.98571     0      0
4     0      0
4.01429     0      0
4.02857     0      0
4.04286     0      0
4.05714     0      0
4.07143     0      0
4.08571     0      0
4.1     0      0
4.11429     0      0
4.12857     0      0
4.14286     0      0
4.15714     0      0
4.17143     0      0
4.18571     0      0
4.2     0      0
4.21429     0      0
4.22857     0      0
4.24286     0      0
4.25714     0      0
4.27143     0      0
4.28571     0      0
4.3     0      0
4.31429     0      0
4.32857     0      0
4.34286     0      0
4.35714     0      0
4.37143     0      0
4.38571     0      0
4.4     0      0
4.41429     0      0
4.42857     0      0
4.44286     0      0
4.45714     0      0
4.47143     0      0
4.48571     0      0
4.5     0      0
4.51429     0      0
4.52857     0      0
4.54286     0      0
4.55714     0      0
4.57143     0      0
4.58571     0      0
4.6     0      0
4.61429     0      0
4.62857     0      0
4.64286     0      0
4.65714     0      0
4.67143     0      0
4.68571     0      0
4.7     0      0
4.71429     0      0
4.72857     0      0
4.74286     0      0
4.75714     0      0
4.77143     0      0
4.78571     0      0
4.8     0      0
4.81429     0      0
4.82857     0      0
4.84286     0      0
4.85714     0      0
4.87143     0      0
4.88571     0      0
4.9     0      0
4.91429     0      0
4.92857     0      0
4.94286     0      0
4.95714     0      0
4.97143     0      0
4.98571     0      0
