# U,mu,nA_up, nA_dn, nB_up, nB_dn, ms, mf, ntotal,mu,cint
#energy    dos_upn   dos_upp   dos_dnn  dos_dnp GRID=1000 bin=700
-5     0      0
-4.98571     0      0
-4.97143     0      0
-4.95714     0      0
-4.94286     0      0
-4.92857     0      0
-4.91429     0      0
-4.9     0      0
-4.88571     0      0
-4.87143     0      0
-4.85714     0      0
-4.84286     0      0
-4.82857     0      0
-4.81429     0      0
-4.8     0      0
-4.78571     0      0
-4.77143     0      0
-4.75714     0      0
-4.74286     0      0
-4.72857     0      0
-4.71429     0      0
-4.7     0      0
-4.68571     0      0
-4.67143     0      0
-4.65714     0      0
-4.64286     0      0
-4.62857     0      0
-4.61429     0      0
-4.6     0      0
-4.58571     0      0
-4.57143     0      0
-4.55714     0      0
-4.54286     0      0
-4.52857     0      0
-4.51429     0      0
-4.5     0      0
-4.48571     0      0
-4.47143     0      0
-4.45714     0      0
-4.44286     0      0
-4.42857     0      0
-4.41429     0      0
-4.4     0      0
-4.38571     0      0
-4.37143     0      0
-4.35714     0      0
-4.34286     0      0
-4.32857     0      0
-4.31429     0      0
-4.3     0      0
-4.28571     0      0
-4.27143     0      0
-4.25714     0      0
-4.24286     0      0
-4.22857     0      0
-4.21429     0      0
-4.2     0      0
-4.18571     0      0
-4.17143     0      0
-4.15714     0      0
-4.14286     0      0
-4.12857     0      0
-4.11429     0      0
-4.1     0      0
-4.08571     0      0
-4.07143     0      0
-4.05714     0      0
-4.04286     0      0
-4.02857     0      0
-4.01429     0      0
-4     0      0
-3.98571     0      0
-3.97143     0      0
-3.95714     0      0
-3.94286     0      0
-3.92857     0      0
-3.91429     0      0
-3.9     0      0
-3.88571     0      0
-3.87143     0      0
-3.85714     0      0
-3.84286     0      0
-3.82857     0      0
-3.81429     0      0
-3.8     0      0
-3.78571     0      0
-3.77143     0      0
-3.75714     0      0
-3.74286     0      0
-3.72857     0      0
-3.71429     0      0
-3.7     0      0
-3.68571     0      0
-3.67143     0      0
-3.65714     0      0
-3.64286     0      0
-3.62857     0      0
-3.61429     0      0
-3.6     0      0
-3.58571     0      0
-3.57143     0      0
-3.55714     0      0
-3.54286     0      0
-3.52857     0      0
-3.51429     0      0
-3.5     0      0
-3.48571     0      0
-3.47143     0      0
-3.45714     0      0
-3.44286     0      0
-3.42857     0      0
-3.41429     0      0
-3.4     0      0
-3.38571     0      0
-3.37143     0      0
-3.35714     0      0
-3.34286     0      0
-3.32857     0      0
-3.31429     0      0
-3.3     0      0
-3.28571     0      0
-3.27143     0      0
-3.25714     0      0
-3.24286     0      0
-3.22857     0      0
-3.21429     0      0
-3.2     0      0
-3.18571     0      0
-3.17143     0      0
-3.15714     0      0
-3.14286     0      0
-3.12857     0      0
-3.11429     0      0
-3.1     0      0
-3.08571     0      0
-3.07143     0      0
-3.05714     0      0
-3.04286     0      0
-3.02857     0      0
-3.01429     0      0
-3     0      0
-2.98571     0      0
-2.97143     0      0
-2.95714     0      0
-2.94286     0      0
-2.92857     0      0
-2.91429     0      0
-2.9     0      0
-2.88571     0      0
-2.87143     0      0
-2.85714     0      0
-2.84286     0      0
-2.82857     0      0
-2.81429     0      0
-2.8     0      0
-2.78571     0      0
-2.77143     0      0
-2.75714     0      0
-2.74286     0      0
-2.72857     0      0
-2.71429     0      0
-2.7     0      0
-2.68571     0      0
-2.67143     0      0
-2.65714     0      0
-2.64286     0      0
-2.62857     0      0
-2.61429     0      0
-2.6     0      0
-2.58571     0      0
-2.57143     0      0
-2.55714     0      0
-2.54286     0      0
-2.52857     0      0
-2.51429     0      0
-2.5     0      0
-2.48571     0      0
-2.47143     0      0
-2.45714     0      0
-2.44286     0      0
-2.42857     0      0
-2.41429     0      0
-2.4     0      0
-2.38571     0      0
-2.37143     0      0
-2.35714     0      0
-2.34286     0      0
-2.32857     0      0
-2.31429     0      0
-2.3     0      0
-2.28571     0      0
-2.27143     0      0
-2.25714     0      0
-2.24286     0      0
-2.22857     0      0
-2.21429     0      0
-2.2     0      0
-2.18571     0      0
-2.17143     0      0
-2.15714     0      0
-2.14286     0      0
-2.12857     0      0
-2.11429     0      0
-2.1     0      0
-2.08571     0      0
-2.07143     0      0
-2.05714     0      0
-2.04286     0      0
-2.02857     0      0
-2.01429     0      0
-2     0      0
-1.98571     0      0
-1.97143     0      0
-1.95714     0      0
-1.94286     0      0
-1.92857     0      0
-1.91429     0      0
-1.9     0      0
-1.88571     0      0
-1.87143     0      0
-1.85714     0      0
-1.84286     0      0
-1.82857     0      0
-1.81429     0      0
-1.8     0      0
-1.78571     0      0
-1.77143     0      0
-1.75714     0      0
-1.74286     0      0
-1.72857     0      0
-1.71429     0      0
-1.7     0      0
-1.68571     0      0
-1.67143     0      0
-1.65714     2.42237e-95      0
-1.64286     2.97278e-95      0
-1.62857     2.97502e-95      0
-1.61429     2.98247e-95      0
-1.6     1.03869e-88      0
-1.58571     1.18256e-88      0
-1.57143     1.18315e-88      0
-1.55714     1.18464e-88      0
-1.54286     4.66734e-82      0
-1.52857     4.69327e-82      0
-1.51429     4.71711e-82      0
-1.5     2.805e-76      0
-1.48571     1.86443e-75      0
-1.47143     1.87111e-75      0
-1.45714     1.88351e-75      0
-1.44286     2.56396e-69      0
-1.42857     7.44629e-69      0
-1.41429     0.0041185      0
-1.4     0.007648      0
-1.38571     0.007672      0
-1.37143     0.007694      0
-1.35714     0.00771      0
-1.34286     0.007728      0
-1.32857     0.00776      0
-1.31429     0.007754      0
-1.3     0.007808      0
-1.28571     0.007808      0
-1.27143     0.007846      0
-1.25714     0.007864      0
-1.24286     0.007892      0
-1.22857     0.007932      0
-1.21429     0.007968      0
-1.2     0.007948      0
-1.18571     0.008024      0
-1.17143     0.008026      0
-1.15714     0.008068      0
-1.14286     0.008112      0
-1.12857     0.008116      0
-1.11429     0.008134      0
-1.1     0.008218      0
-1.08571     0.008224      0
-1.07143     0.008272      0
-1.05714     0.00832      0
-1.04286     0.008378      0
-1.02857     0.008356      0
-1.01429     0.008442      0
-1     0.008446      0
-0.985714     0.00854      0
-0.971429     0.008552      0
-0.957143     0.008636      0
-0.942857     0.008644      0
-0.928571     0.008752      0
-0.914286     0.00876      0
-0.9     0.008818      0
-0.885714     0.008892      0
-0.871429     0.00894      0
-0.857143     0.008974      0
-0.842857     0.00905      0
-0.828571     0.009188      0
-0.814286     0.009196      0
-0.8     0.009282      0
-0.785714     0.009336      0
-0.771429     0.009404      0
-0.757143     0.009516      0
-0.742857     0.009598      0
-0.728571     0.00961      0
-0.714286     0.009834      0
-0.7     0.009878      0
-0.685714     0.009962      0
-0.671429     0.01012      0
-0.657143     0.010168      0
-0.642857     0.01035      0
-0.628571     0.010448      0
-0.614286     0.01056      0
-0.6     0.010644      0
-0.585714     0.011138      0
-0.571429     0.011032      0
-0.557143     0.011142      0
-0.542857     0.011578      0
-0.528571     0.011726      0
-0.514286     0.011958      0
-0.5     0.012254      0
-0.485714     0.012648      0
-0.471429     0.012998      0
-0.457143     0.013548      0
-0.442857     0.014042      0
-0.428571     0.014984      0
-0.414286     0.016134      0
-0.4     0.0253685      0
-0.385714     0.041734      0
-0.371429     0.027402      0
-0.357143     0.021192      0
-0.342857     0.017976      0
-0.328571     0.015984      0
-0.314286     0.014452      0
-0.3     0.013268      0
-0.285714     0.01234      0
-0.271429     0.01153      0
-0.257143     0.01078      0
-0.242857     0.01023      0
-0.228571     0.00968      0
-0.214286     0.00913      0
-0.2     0.008696      0
-0.185714     0.008288      0
-0.171429     0.007918      0
-0.157143     0.007554      0
-0.142857     0.007198      0
-0.128571     0.00689      0
-0.114286     0.006554      0
-0.1     0.006296      0
-0.0857143     0.00603      0
-0.0714286     0.005778      0
-0.0571429     0.005504      0
-0.0428571     0.005266      0
-0.0285714     0.005024      0
-0.0142857     0.004794      0.0019305
0     0.002023      0.010218
0.0142857     0      0.009198
0.0285714     0      0.00857
0.0428571     0      0.00821
0.0571429     0      0.007878
0.0714286     0      0.007766
0.0857143     0      0.00758
0.1     0      0.007524
0.114286     0      0.007404
0.128571     0      0.007354
0.142857     0      0.007382
0.157143     0      0.007378
0.171429     0      0.007378
0.185714     0      0.007428
0.2     0      0.007482
0.214286     0      0.007526
0.228571     0      0.007628
0.242857     0      0.007718
0.257143     0      0.007888
0.271429     0      0.007962
0.285714     0      0.008132
0.3     0      0.008306
0.314286     0      0.008606
0.328571     0      0.008792
0.342857     0      0.009238
0.357143     0      0.009762
0.371429     0      0.010504
0.385714     0      0.013037
0.4     0      0.011686
0.414286     0      0.010238
0.428571     0      0.009676
0.442857     0      0.009198
0.457143     0      0.008802
0.471429     0      0.008566
0.485714     0      0.008342
0.5     0      0.00815
0.514286     0      0.007994
0.528571     0      0.00781
0.542857     0      0.007672
0.557143     0      0.00755
0.571429     0      0.007444
0.585714     0      0.00726
0.6     0      0.00724
0.614286     0      0.00711
0.628571     0      0.007052
0.642857     0      0.006892
0.657143     0      0.006832
0.671429     0      0.006764
0.685714     0      0.006684
0.7     0      0.006612
0.714286     0      0.006552
0.728571     0      0.00648
0.742857     0      0.006404
0.757143     0      0.006374
0.771429     0      0.006268
0.785714     0      0.006244
0.8     0      0.00614
0.814286     0      0.006122
0.828571     0      0.00608
0.842857     0      0.00598
0.857143     0      0.00598
0.871429     0      0.005902
0.885714     0      0.0059
0.9     0      0.005764
0.914286     0      0.00577
0.928571     0      0.0057
0.942857     0      0.005698
0.957143     0      0.005648
0.971429     0      0.005588
0.985714     0      0.005522
1     0      0.005552
1.01429     0      0.005434
1.02857     0      0.005426
1.04286     0      0.005494
1.05714     0      0.005278
1.07143     0      0.005314
1.08571     0      0.005332
1.1     0      0.005222
1.11429     0      0.005218
1.12857     0      0.005198
1.14286     0      0.005114
1.15714     0      0.005146
1.17143     0      0.005078
1.18571     0      0.00508
1.2     0      0.004988
1.21429     0      0.00497
1.22857     0      0.00504
1.24286     0      0.004862
1.25714     0      0.004928
1.27143     0      0.004866
1.28571     0      0.004852
1.3     0      0.004818
1.31429     0      0.004778
1.32857     0      0.004794
1.34286     0      0.00471
1.35714     0      0.004706
1.37143     0      0.004704
1.38571     0      0.004672
1.4     0      0.004582
1.41429     0      0.004642
1.42857     0      0.004564
1.44286     0      0.004592
1.45714     0      0.004514
1.47143     0      0.004516
1.48571     0      0.004478
1.5     0      0.004496
1.51429     0      0.004404
1.52857     0      0.004442
1.54286     0      0.004414
1.55714     0      0.004342
1.57143     0      0.004374
1.58571     0      0.004338
1.6     0      0.00431
1.61429     0      0.0043
1.62857     0      0.00426
1.64286     0      0.004254
1.65714     0      0.004216
1.67143     0      0.004224
1.68571     0      0.004196
1.7     0      0.00418
1.71429     0      0.004156
1.72857     0      0.004126
1.74286     0      0.00409
1.75714     0      0.004106
1.77143     0      0.004074
1.78571     0      0.00406
1.8     0      0.004036
1.81429     0      0.004024
1.82857     0      0.004038
1.84286     0      0.00395
1.85714     0      0.003994
1.87143     0      0.003958
1.88571     0      0.003938
1.9     0      0.003902
1.91429     0      0.00392
1.92857     0      0.00391
1.94286     0      0.00387
1.95714     0      0.003822
1.97143     0      0.003834
1.98571     0      0.003818
2     0      0.00381
2.01429     0      0.003804
2.02857     0      0.003774
2.04286     0      0.00377
2.05714     0      0.003738
2.07143     0      0.003748
2.08571     0      0.003718
2.1     0      0.003678
2.11429     0      0.003706
2.12857     0      0.003672
2.14286     0      0.003646
2.15714     0      0.003666
2.17143     0      0.003612
2.18571     0      0.00364
2.2     0      0.003572
2.21429     0      0.003616
2.22857     0      0.003588
2.24286     0      0.00355
2.25714     0      0.003538
2.27143     0      0.00355
2.28571     0      0.003526
2.3     0      0.003522
2.31429     0      0.003474
2.32857     0      0.003508
2.34286     0      0.00345
2.35714     0      0.00346
2.37143     0      0.003444
2.38571     0      0.003448
2.4     0      0.003428
2.41429     0      0.003408
2.42857     0      0.00339
2.44286     0      0.003392
2.45714     0      0.003378
2.47143     0      0.003344
2.48571     0      0.003368
2.5     0      0.003342
2.51429     0      0.00332
2.52857     0      0.003326
2.54286     0      0.003306
2.55714     0      0.003302
2.57143     0      0.003276
2.58571     0      0.00328
2.6     0      0.0026045
2.61429     0      3.01252e-11
2.62857     0      4.61641e-23
2.64286     0      1.20723e-29
2.65714     0      3.21094e-36
2.67143     0      3.20313e-36
2.68571     0      9.28223e-37
2.7     0      4.90357e-43
2.71429     0      2.00439e-49
2.72857     0      8.94165e-51
2.74286     0      0
2.75714     0      0
2.77143     0      0
2.78571     0      0
2.8     0      0
2.81429     0      0
2.82857     0      0
2.84286     0      0
2.85714     0      0
2.87143     0      0
2.88571     0      0
2.9     0      0
2.91429     0      0
2.92857     0      0
2.94286     0      0
2.95714     0      0
2.97143     0      0
2.98571     0      0
3     0      0
3.01429     0      0
3.02857     0      0
3.04286     0      0
3.05714     0      0
3.07143     0      0
3.08571     0      0
3.1     0      0
3.11429     0      0
3.12857     0      0
3.14286     0      0
3.15714     0      0
3.17143     0      0
3.18571     0      0
3.2     0      0
3.21429     0      0
3.22857     0      0
3.24286     0      0
3.25714     0      0
3.27143     0      0
3.28571     0      0
3.3     0      0
3.31429     0      0
3.32857     0      0
3.34286     0      0
3.35714     0      0
3.37143     0      0
3.38571     0      0
3.4     0      0
3.41429     0      0
3.42857     0      0
3.44286     0      0
3.45714     0      0
3.47143     0      0
3.48571     0      0
3.5     0      0
3.51429     0      0
3.52857     0      0
3.54286     0      0
3.55714     0      0
3.57143     0      0
3.58571     0      0
3.6     0      0
3.61429     0      0
3.62857     0      0
3.64286     0      0
3.65714     0      0
3.67143     0      0
3.68571     0      0
3.7     0      0
3.71429     0      0
3.72857     0      0
3.74286     0      0
3.75714     0      0
3.77143     0      0
3.78571     0      0
3.8     0      0
3.81429     0      0
3.82857     0      0
3.84286     0      0
3.85714     0      0
3.87143     0      0
3.88571     0      0
3.9     0      0
3.91429     0      0
3.92857     0      0
3.94286     0      0
3.95714     0      0
3.97143     0      0
3.98571     0      0
4     0      0
4.01429     0      0
4.02857     0      0
4.04286     0      0
4.05714     0      0
4.07143     0      0
4.08571     0      0
4.1     0      0
4.11429     0      0
4.12857     0      0
4.14286     0      0
4.15714     0      0
4.17143     0      0
4.18571     0      0
4.2     0      0
4.21429     0      0
4.22857     0      0
4.24286     0      0
4.25714     0      0
4.27143     0      0
4.28571     0      0
4.3     0      0
4.31429     0      0
4.32857     0      0
4.34286     0      0
4.35714     0      0
4.37143     0      0
4.38571     0      0
4.4     0      0
4.41429     0      0
4.42857     0      0
4.44286     0      0
4.45714     0      0
4.47143     0      0
4.48571     0      0
4.5     0      0
4.51429     0      0
4.52857     0      0
4.54286     0      0
4.55714     0      0
4.57143     0      0
4.58571     0      0
4.6     0      0
4.61429     0      0
4.62857     0      0
4.64286     0      0
4.65714     0      0
4.67143     0      0
4.68571     0      0
4.7     0      0
4.71429     0      0
4.72857     0      0
4.74286     0      0
4.75714     0      0
4.77143     0      0
4.78571     0      0
4.8     0      0
4.81429     0      0
4.82857     0      0
4.84286     0      0
4.85714     0      0
4.87143     0      0
4.88571     0      0
4.9     0      0
4.91429     0      0
4.92857     0      0
4.94286     0      0
4.95714     0      0
4.97143     0      0
4.98571     0      0
