# U,mu,nA_up, nA_dn, nB_up, nB_dn, ms, mf, ntotal,mu,cint
#energy    dos_upn   dos_upp   dos_dnn  dos_dnp GRID=1000 bin=700
-5     0      0
-4.98571     0      0
-4.97143     0      0
-4.95714     0      0
-4.94286     0      0
-4.92857     0      0
-4.91429     0      0
-4.9     0      0
-4.88571     0      0
-4.87143     0      0
-4.85714     0      0
-4.84286     0      0
-4.82857     0      0
-4.81429     0      0
-4.8     0      0
-4.78571     0      0
-4.77143     0      0
-4.75714     0      0
-4.74286     0      0
-4.72857     0      0
-4.71429     0      0
-4.7     0      0
-4.68571     0      0
-4.67143     0      0
-4.65714     0      0
-4.64286     0      0
-4.62857     0      0
-4.61429     0      0
-4.6     0      0
-4.58571     0      0
-4.57143     0      0
-4.55714     0      0
-4.54286     0      0
-4.52857     0      0
-4.51429     0      0
-4.5     0      0
-4.48571     0      0
-4.47143     0      0
-4.45714     0      0
-4.44286     0      0
-4.42857     0      0
-4.41429     0      0
-4.4     0      0
-4.38571     0      0
-4.37143     0      0
-4.35714     0      0
-4.34286     0      0
-4.32857     0      0
-4.31429     0      0
-4.3     0      0
-4.28571     0      0
-4.27143     0      0
-4.25714     0      0
-4.24286     0      0
-4.22857     0      0
-4.21429     0      0
-4.2     0      0
-4.18571     0      0
-4.17143     0      0
-4.15714     0      0
-4.14286     0      0
-4.12857     0      0
-4.11429     0      0
-4.1     0      0
-4.08571     0      0
-4.07143     0      0
-4.05714     0      0
-4.04286     0      0
-4.02857     0      0
-4.01429     0      0
-4     0      0
-3.98571     0      0
-3.97143     0      0
-3.95714     0      0
-3.94286     0      0
-3.92857     0      0
-3.91429     0      0
-3.9     0      0
-3.88571     0      0
-3.87143     0      0
-3.85714     0      0
-3.84286     0      0
-3.82857     0      0
-3.81429     0      0
-3.8     0      0
-3.78571     0      0
-3.77143     0      0
-3.75714     0      0
-3.74286     0      0
-3.72857     0      0
-3.71429     0      0
-3.7     0      0
-3.68571     0      0
-3.67143     0      0
-3.65714     0      0
-3.64286     0      0
-3.62857     0      0
-3.61429     0      0
-3.6     0      0
-3.58571     0      0
-3.57143     0      0
-3.55714     0      0
-3.54286     0      0
-3.52857     0      0
-3.51429     0      0
-3.5     0      0
-3.48571     0      0
-3.47143     0      0
-3.45714     0      0
-3.44286     0      0
-3.42857     0      0
-3.41429     0      0
-3.4     0      0
-3.38571     0      0
-3.37143     0      0
-3.35714     0      0
-3.34286     0      0
-3.32857     0      0
-3.31429     0      0
-3.3     0      0
-3.28571     0      0
-3.27143     0      0
-3.25714     0      0
-3.24286     0      0
-3.22857     0      0
-3.21429     0      0
-3.2     0      0
-3.18571     0      0
-3.17143     0      0
-3.15714     0      0
-3.14286     0      0
-3.12857     0      0
-3.11429     0      0
-3.1     0      0
-3.08571     0      0
-3.07143     0      0
-3.05714     0      0
-3.04286     0      0
-3.02857     0      0
-3.01429     0      0
-3     0      0
-2.98571     0      0
-2.97143     0      0
-2.95714     0      0
-2.94286     0      0
-2.92857     0      0
-2.91429     0      0
-2.9     0      0
-2.88571     0      0
-2.87143     0      0
-2.85714     0      0
-2.84286     0      0
-2.82857     0      0
-2.81429     0      0
-2.8     0      0
-2.78571     0      0
-2.77143     0      0
-2.75714     0      0
-2.74286     0      0
-2.72857     0      0
-2.71429     0      0
-2.7     0      0
-2.68571     0      0
-2.67143     0      0
-2.65714     0      0
-2.64286     0      0
-2.62857     0      0
-2.61429     0      0
-2.6     0      0
-2.58571     0      0
-2.57143     0      0
-2.55714     0      0
-2.54286     0      0
-2.52857     0      0
-2.51429     0      0
-2.5     0      0
-2.48571     0      0
-2.47143     0      0
-2.45714     0      0
-2.44286     0      0
-2.42857     0      0
-2.41429     0      0
-2.4     0      0
-2.38571     0      0
-2.37143     0      0
-2.35714     0      0
-2.34286     0      0
-2.32857     0      0
-2.31429     0      0
-2.3     0      0
-2.28571     0      0
-2.27143     0      0
-2.25714     0      0
-2.24286     0      0
-2.22857     0      0
-2.21429     0      0
-2.2     0      0
-2.18571     0      0
-2.17143     0      0
-2.15714     0      0
-2.14286     0      0
-2.12857     0      0
-2.11429     0      0
-2.1     0      0
-2.08571     0      0
-2.07143     0      0
-2.05714     0      0
-2.04286     0      0
-2.02857     0      0
-2.01429     0      0
-2     0      0
-1.98571     0      0
-1.97143     0      0
-1.95714     0      0
-1.94286     0      0
-1.92857     0      0
-1.91429     0      0
-1.9     0      0
-1.88571     0      0
-1.87143     0      0
-1.85714     0      0
-1.84286     0      0
-1.82857     0      0
-1.81429     0      0
-1.8     0      0
-1.78571     0      0
-1.77143     0      0
-1.75714     0      0
-1.74286     0      0
-1.72857     0      0
-1.71429     0      0
-1.7     0      0
-1.68571     0      0
-1.67143     0      0
-1.65714     6.20127e-69      0
-1.64286     7.61032e-69      0
-1.62857     7.61604e-69      0
-1.61429     7.63512e-69      0
-1.6     2.65904e-62      0
-1.58571     3.02734e-62      0
-1.57143     3.02887e-62      0
-1.55714     3.03269e-62      0
-1.54286     1.19484e-55      0
-1.52857     1.20148e-55      0
-1.51429     1.20758e-55      0
-1.5     7.1808e-50      0
-1.48571     4.77295e-49      0
-1.47143     4.79004e-49      0
-1.45714     4.82178e-49      0
-1.44286     6.56373e-43      0
-1.42857     1.90625e-42      0
-1.41429     1.91504e-42      0
-1.4     1.9126e-42      0
-1.38571     0.0007285      0
-1.37143     0.007688      0
-1.35714     0.0077      0
-1.34286     0.007714      0
-1.32857     0.007736      0
-1.31429     0.007762      0
-1.3     0.007774      0
-1.28571     0.007792      0
-1.27143     0.007848      0
-1.25714     0.007832      0
-1.24286     0.007864      0
-1.22857     0.007912      0
-1.21429     0.007932      0
-1.2     0.007942      0
-1.18571     0.00799      0
-1.17143     0.008008      0
-1.15714     0.008032      0
-1.14286     0.008076      0
-1.12857     0.008094      0
-1.11429     0.008162      0
-1.1     0.008174      0
-1.08571     0.00818      0
-1.07143     0.008206      0
-1.05714     0.008328      0
-1.04286     0.008324      0
-1.02857     0.008346      0
-1.01429     0.008418      0
-1     0.008442      0
-0.985714     0.008476      0
-0.971429     0.008534      0
-0.957143     0.00857      0
-0.942857     0.008656      0
-0.928571     0.008672      0
-0.914286     0.008766      0
-0.9     0.008796      0
-0.885714     0.00884      0
-0.871429     0.008908      0
-0.857143     0.00891      0
-0.842857     0.009082      0
-0.828571     0.009092      0
-0.814286     0.009164      0
-0.8     0.009222      0
-0.785714     0.009368      0
-0.771429     0.009356      0
-0.757143     0.009498      0
-0.742857     0.009544      0
-0.728571     0.009654      0
-0.714286     0.00975      0
-0.7     0.009878      0
-0.685714     0.009916      0
-0.671429     0.010054      0
-0.657143     0.010232      0
-0.642857     0.01022      0
-0.628571     0.010512      0
-0.614286     0.010512      0
-0.6     0.01082      0
-0.585714     0.010852      0
-0.571429     0.011216      0
-0.557143     0.011216      0
-0.542857     0.011426      0
-0.528571     0.011776      0
-0.514286     0.012098      0
-0.5     0.012398      0
-0.485714     0.012656      0
-0.471429     0.013148      0
-0.457143     0.013688      0
-0.442857     0.014298      0
-0.428571     0.015284      0
-0.414286     0.0165545      0
-0.4     0.032328      0
-0.385714     0.042786      0
-0.371429     0.027218      0
-0.357143     0.021656      0
-0.342857     0.01864      0
-0.328571     0.016608      0
-0.314286     0.015084      0
-0.3     0.013936      0
-0.285714     0.012918      0
-0.271429     0.012114      0
-0.257143     0.011364      0
-0.242857     0.010698      0
-0.228571     0.010172      0
-0.214286     0.00969      0
-0.2     0.009188      0
-0.185714     0.008796      0
-0.171429     0.00838      0
-0.157143     0.008022      0
-0.142857     0.00763      0
-0.128571     0.007366      0
-0.114286     0.007058      0
-0.1     0.006744      0
-0.0857143     0.006446      0
-0.0714286     0.006194      0
-0.0571429     0.005938      0
-0.0428571     0.005706      0
-0.0285714     0.005468      0
-0.0142857     0.005235      0
0     0      0
0.0142857     0      0
0.0285714     0      0
0.0428571     0      0
0.0571429     0      7.86304e-70
0.0714286     0      0.0016865
0.0857143     0      0.010434
0.1     0      0.009488
0.114286     0      0.00898
0.128571     0      0.008612
0.142857     0      0.00822
0.157143     0      0.008078
0.171429     0      0.00797
0.185714     0      0.007788
0.2     0      0.007796
0.214286     0      0.007724
0.228571     0      0.007686
0.242857     0      0.007728
0.257143     0      0.00773
0.271429     0      0.00773
0.285714     0      0.007752
0.3     0      0.007886
0.314286     0      0.007972
0.328571     0      0.008028
0.342857     0      0.008162
0.357143     0      0.008326
0.371429     0      0.008464
0.385714     0      0.008684
0.4     0      0.00892
0.414286     0      0.009248
0.428571     0      0.0096
0.442857     0      0.010188
0.457143     0      0.011014
0.471429     0      0.013703
0.485714     0      0.012358
0.5     0      0.010744
0.514286     0      0.009932
0.528571     0      0.009492
0.542857     0      0.00908
0.557143     0      0.008826
0.571429     0      0.0085
0.585714     0      0.00833
0.6     0      0.008106
0.614286     0      0.007942
0.628571     0      0.00777
0.642857     0      0.007602
0.657143     0      0.007526
0.671429     0      0.007374
0.685714     0      0.007252
0.7     0      0.007174
0.714286     0      0.007038
0.728571     0      0.00697
0.742857     0      0.006892
0.757143     0      0.006812
0.771429     0      0.006632
0.785714     0      0.006664
0.8     0      0.006588
0.814286     0      0.00644
0.828571     0      0.006432
0.842857     0      0.006316
0.857143     0      0.006296
0.871429     0      0.006198
0.885714     0      0.00619
0.9     0      0.006078
0.914286     0      0.006084
0.928571     0      0.00595
0.942857     0      0.005974
0.957143     0      0.005858
0.971429     0      0.005884
0.985714     0      0.005738
1     0      0.005764
1.01429     0      0.005692
1.02857     0      0.005642
1.04286     0      0.005632
1.05714     0      0.005572
1.07143     0      0.005486
1.08571     0      0.005508
1.1     0      0.005418
1.11429     0      0.005394
1.12857     0      0.005398
1.14286     0      0.005282
1.15714     0      0.00531
1.17143     0      0.005252
1.18571     0      0.005204
1.2     0      0.005186
1.21429     0      0.005176
1.22857     0      0.005102
1.24286     0      0.005062
1.25714     0      0.005062
1.27143     0      0.005002
1.28571     0      0.00499
1.3     0      0.004976
1.31429     0      0.00492
1.32857     0      0.004882
1.34286     0      0.004884
1.35714     0      0.00481
1.37143     0      0.004828
1.38571     0      0.004796
1.4     0      0.004734
1.41429     0      0.00471
1.42857     0      0.004736
1.44286     0      0.004644
1.45714     0      0.004642
1.47143     0      0.004618
1.48571     0      0.004626
1.5     0      0.004538
1.51429     0      0.00458
1.52857     0      0.004502
1.54286     0      0.004496
1.55714     0      0.004496
1.57143     0      0.004438
1.58571     0      0.004428
1.6     0      0.004436
1.61429     0      0.004334
1.62857     0      0.004406
1.64286     0      0.004314
1.65714     0      0.00433
1.67143     0      0.00429
1.68571     0      0.00427
1.7     0      0.004274
1.71429     0      0.004222
1.72857     0      0.004232
1.74286     0      0.004176
1.75714     0      0.00418
1.77143     0      0.00416
1.78571     0      0.004132
1.8     0      0.004132
1.81429     0      0.004104
1.82857     0      0.004098
1.84286     0      0.00403
1.85714     0      0.004074
1.87143     0      0.004028
1.88571     0      0.003972
1.9     0      0.003988
1.91429     0      0.003974
1.92857     0      0.003962
1.94286     0      0.003934
1.95714     0      0.003922
1.97143     0      0.003916
1.98571     0      0.003898
2     0      0.003856
2.01429     0      0.003836
2.02857     0      0.003842
2.04286     0      0.003838
2.05714     0      0.00379
2.07143     0      0.003818
2.08571     0      0.003752
2.1     0      0.003774
2.11429     0      0.003748
2.12857     0      0.003746
2.14286     0      0.003682
2.15714     0      0.00371
2.17143     0      0.003704
2.18571     0      0.003654
2.2     0      0.003672
2.21429     0      0.003648
2.22857     0      0.003628
2.24286     0      0.003606
2.25714     0      0.0036
2.27143     0      0.00359
2.28571     0      0.003592
2.3     0      0.003556
2.31429     0      0.003558
2.32857     0      0.003522
2.34286     0      0.003508
2.35714     0      0.003498
2.37143     0      0.003528
2.38571     0      0.003446
2.4     0      0.003476
2.41429     0      0.003476
2.42857     0      0.003428
2.44286     0      0.003438
2.45714     0      0.003438
2.47143     0      0.003398
2.48571     0      0.00338
2.5     0      0.003404
2.51429     0      0.003354
2.52857     0      0.003364
2.54286     0      0.003358
2.55714     0      0.003344
2.57143     0      0.003334
2.58571     0      0.003292
2.6     0      0.003306
2.61429     0      0.00329
2.62857     0      0.003282
2.64286     0      0.0030905
2.65714     0      8.22e-10
2.67143     0      8.2e-10
2.68571     0      2.37625e-10
2.7     0      1.25531e-16
2.71429     0      5.13125e-23
2.72857     0      2.28906e-24
2.74286     0      0
2.75714     0      0
2.77143     0      0
2.78571     0      0
2.8     0      0
2.81429     0      0
2.82857     0      0
2.84286     0      0
2.85714     0      0
2.87143     0      0
2.88571     0      0
2.9     0      0
2.91429     0      0
2.92857     0      0
2.94286     0      0
2.95714     0      0
2.97143     0      0
2.98571     0      0
3     0      0
3.01429     0      0
3.02857     0      0
3.04286     0      0
3.05714     0      0
3.07143     0      0
3.08571     0      0
3.1     0      0
3.11429     0      0
3.12857     0      0
3.14286     0      0
3.15714     0      0
3.17143     0      0
3.18571     0      0
3.2     0      0
3.21429     0      0
3.22857     0      0
3.24286     0      0
3.25714     0      0
3.27143     0      0
3.28571     0      0
3.3     0      0
3.31429     0      0
3.32857     0      0
3.34286     0      0
3.35714     0      0
3.37143     0      0
3.38571     0      0
3.4     0      0
3.41429     0      0
3.42857     0      0
3.44286     0      0
3.45714     0      0
3.47143     0      0
3.48571     0      0
3.5     0      0
3.51429     0      0
3.52857     0      0
3.54286     0      0
3.55714     0      0
3.57143     0      0
3.58571     0      0
3.6     0      0
3.61429     0      0
3.62857     0      0
3.64286     0      0
3.65714     0      0
3.67143     0      0
3.68571     0      0
3.7     0      0
3.71429     0      0
3.72857     0      0
3.74286     0      0
3.75714     0      0
3.77143     0      0
3.78571     0      0
3.8     0      0
3.81429     0      0
3.82857     0      0
3.84286     0      0
3.85714     0      0
3.87143     0      0
3.88571     0      0
3.9     0      0
3.91429     0      0
3.92857     0      0
3.94286     0      0
3.95714     0      0
3.97143     0      0
3.98571     0      0
4     0      0
4.01429     0      0
4.02857     0      0
4.04286     0      0
4.05714     0      0
4.07143     0      0
4.08571     0      0
4.1     0      0
4.11429     0      0
4.12857     0      0
4.14286     0      0
4.15714     0      0
4.17143     0      0
4.18571     0      0
4.2     0      0
4.21429     0      0
4.22857     0      0
4.24286     0      0
4.25714     0      0
4.27143     0      0
4.28571     0      0
4.3     0      0
4.31429     0      0
4.32857     0      0
4.34286     0      0
4.35714     0      0
4.37143     0      0
4.38571     0      0
4.4     0      0
4.41429     0      0
4.42857     0      0
4.44286     0      0
4.45714     0      0
4.47143     0      0
4.48571     0      0
4.5     0      0
4.51429     0      0
4.52857     0      0
4.54286     0      0
4.55714     0      0
4.57143     0      0
4.58571     0      0
4.6     0      0
4.61429     0      0
4.62857     0      0
4.64286     0      0
4.65714     0      0
4.67143     0      0
4.68571     0      0
4.7     0      0
4.71429     0      0
4.72857     0      0
4.74286     0      0
4.75714     0      0
4.77143     0      0
4.78571     0      0
4.8     0      0
4.81429     0      0
4.82857     0      0
4.84286     0      0
4.85714     0      0
4.87143     0      0
4.88571     0      0
4.9     0      0
4.91429     0      0
4.92857     0      0
4.94286     0      0
4.95714     0      0
4.97143     0      0
4.98571     0      0
