# U,mu,nA_up, nA_dn, nB_up, nB_dn, ms, mf, ntotal,mu,cint
#energy    dos_upn   dos_upp   dos_dnn  dos_dnp GRID=1000 bin=700
-5     0      0
-4.98571     0      0
-4.97143     0      0
-4.95714     0      0
-4.94286     0      0
-4.92857     0      0
-4.91429     0      0
-4.9     0      0
-4.88571     0      0
-4.87143     0      0
-4.85714     0      0
-4.84286     0      0
-4.82857     0      0
-4.81429     0      0
-4.8     0      0
-4.78571     0      0
-4.77143     0      0
-4.75714     0      0
-4.74286     0      0
-4.72857     0      0
-4.71429     0      0
-4.7     0      0
-4.68571     0      0
-4.67143     0      0
-4.65714     0      0
-4.64286     0      0
-4.62857     0      0
-4.61429     0      0
-4.6     0      0
-4.58571     0      0
-4.57143     0      0
-4.55714     0      0
-4.54286     0      0
-4.52857     0      0
-4.51429     0      0
-4.5     0      0
-4.48571     0      0
-4.47143     0      0
-4.45714     0      0
-4.44286     0      0
-4.42857     0      0
-4.41429     0      0
-4.4     0      0
-4.38571     0      0
-4.37143     0      0
-4.35714     0      0
-4.34286     0      0
-4.32857     0      0
-4.31429     0      0
-4.3     0      0
-4.28571     0      0
-4.27143     0      0
-4.25714     0      0
-4.24286     0      0
-4.22857     0      0
-4.21429     0      0
-4.2     0      0
-4.18571     0      0
-4.17143     0      0
-4.15714     0      0
-4.14286     0      0
-4.12857     0      0
-4.11429     0      0
-4.1     0      0
-4.08571     0      0
-4.07143     0      0
-4.05714     0      0
-4.04286     0      0
-4.02857     0      0
-4.01429     0      0
-4     0      0
-3.98571     0      0
-3.97143     0      0
-3.95714     0      0
-3.94286     0      0
-3.92857     0      0
-3.91429     0      0
-3.9     0      0
-3.88571     0      0
-3.87143     0      0
-3.85714     0      0
-3.84286     0      0
-3.82857     0      0
-3.81429     0      0
-3.8     0      0
-3.78571     0      0
-3.77143     0      0
-3.75714     0      0
-3.74286     0      0
-3.72857     0      0
-3.71429     0      0
-3.7     0      0
-3.68571     0      0
-3.67143     0      0
-3.65714     0      0
-3.64286     0      0
-3.62857     0      0
-3.61429     0      0
-3.6     0      0
-3.58571     0      0
-3.57143     0      0
-3.55714     0      0
-3.54286     0      0
-3.52857     0      0
-3.51429     0      0
-3.5     0      0
-3.48571     0      0
-3.47143     0      0
-3.45714     0      0
-3.44286     0      0
-3.42857     0      0
-3.41429     0      0
-3.4     0      0
-3.38571     0      0
-3.37143     0      0
-3.35714     0      0
-3.34286     0      0
-3.32857     0      0
-3.31429     0      0
-3.3     0      0
-3.28571     0      0
-3.27143     0      0
-3.25714     0      0
-3.24286     0      0
-3.22857     0      0
-3.21429     0      0
-3.2     0      0
-3.18571     0      0
-3.17143     0      0
-3.15714     0      0
-3.14286     0      0
-3.12857     0      0
-3.11429     0      0
-3.1     0      0
-3.08571     0      0
-3.07143     0      0
-3.05714     0      0
-3.04286     0      0
-3.02857     0      0
-3.01429     0      0
-3     0      0
-2.98571     0      0
-2.97143     0      0
-2.95714     0      0
-2.94286     0      0
-2.92857     0      0
-2.91429     0      0
-2.9     0      0
-2.88571     0      0
-2.87143     0      0
-2.85714     0      0
-2.84286     0      0
-2.82857     0      0
-2.81429     0      0
-2.8     0      0
-2.78571     0      0
-2.77143     0      0
-2.75714     0      0
-2.74286     0      0
-2.72857     0      0
-2.71429     0      0
-2.7     0      0
-2.68571     0      0
-2.67143     0      0
-2.65714     0      0
-2.64286     0      0
-2.62857     0      0
-2.61429     0      0
-2.6     0      0
-2.58571     0      0
-2.57143     0      0
-2.55714     0      0
-2.54286     0      0
-2.52857     0      0
-2.51429     0      0
-2.5     0      0
-2.48571     0      0
-2.47143     0      0
-2.45714     0      0
-2.44286     0      0
-2.42857     0      0
-2.41429     0      0
-2.4     0      0
-2.38571     0      0
-2.37143     0      0
-2.35714     0      0
-2.34286     0      0
-2.32857     0      0
-2.31429     0      0
-2.3     0      0
-2.28571     0      0
-2.27143     0      0
-2.25714     0      0
-2.24286     0      0
-2.22857     0      0
-2.21429     0      0
-2.2     0      0
-2.18571     0      0
-2.17143     0      0
-2.15714     0      0
-2.14286     0      0
-2.12857     0      0
-2.11429     0      0
-2.1     0      0
-2.08571     0      0
-2.07143     0      0
-2.05714     0      0
-2.04286     0      0
-2.02857     0      0
-2.01429     0      0
-2     0      0
-1.98571     0      0
-1.97143     0      0
-1.95714     0      0
-1.94286     0      0
-1.92857     0      0
-1.91429     0      0
-1.9     0      0
-1.88571     0      0
-1.87143     0      0
-1.85714     0      0
-1.84286     0      0
-1.82857     0      0
-1.81429     0      0
-1.8     0      0
-1.78571     0      0
-1.77143     0      0
-1.75714     0      0
-1.74286     0      0
-1.72857     0      0
-1.71429     0      0
-1.7     0      0
-1.68571     0      0
-1.67143     0      0
-1.65714     2.54004e-29      0
-1.64286     3.11719e-29      0
-1.62857     3.11953e-29      0
-1.61429     3.12734e-29      0
-1.6     1.08914e-22      0
-1.58571     1.24e-22      0
-1.57143     1.24063e-22      0
-1.55714     1.24219e-22      0
-1.54286     4.89406e-16      0
-1.52857     4.92125e-16      0
-1.51429     4.94625e-16      0
-1.5     2.94125e-10      0
-1.48571     1.955e-09      0
-1.47143     1.962e-09      0
-1.45714     1.975e-09      0
-1.44286     0.0026885      0
-1.42857     0.007808      0
-1.41429     0.007844      0
-1.4     0.007834      0
-1.38571     0.007892      0
-1.37143     0.007886      0
-1.35714     0.007932      0
-1.34286     0.007968      0
-1.32857     0.007978      0
-1.31429     0.008012      0
-1.3     0.00801      0
-1.28571     0.008086      0
-1.27143     0.008084      0
-1.25714     0.00816      0
-1.24286     0.008162      0
-1.22857     0.008216      0
-1.21429     0.008236      0
-1.2     0.008264      0
-1.18571     0.008306      0
-1.17143     0.00836      0
-1.15714     0.0084      0
-1.14286     0.00848      0
-1.12857     0.008476      0
-1.11429     0.008536      0
-1.1     0.008556      0
-1.08571     0.008666      0
-1.07143     0.008688      0
-1.05714     0.00872      0
-1.04286     0.008812      0
-1.02857     0.008812      0
-1.01429     0.008988      0
-1     0.008976      0
-0.985714     0.009038      0
-0.971429     0.009154      0
-0.957143     0.009188      0
-0.942857     0.009264      0
-0.928571     0.009386      0
-0.914286     0.009436      0
-0.9     0.009534      0
-0.885714     0.009578      0
-0.871429     0.009752      0
-0.857143     0.009862      0
-0.842857     0.009888      0
-0.828571     0.010044      0
-0.814286     0.010222      0
-0.8     0.010302      0
-0.785714     0.010452      0
-0.771429     0.01059      0
-0.757143     0.010788      0
-0.742857     0.010938      0
-0.728571     0.011194      0
-0.714286     0.011384      0
-0.7     0.011622      0
-0.685714     0.011902      0
-0.671429     0.012164      0
-0.657143     0.012468      0
-0.642857     0.01294      0
-0.628571     0.013444      0
-0.614286     0.013838      0
-0.6     0.014734      0
-0.585714     0.015694      0
-0.571429     0.0259405      0
-0.557143     0.034612      0
-0.542857     0.046198      0
-0.528571     0.030268      0
-0.514286     0.024438      0
-0.5     0.021028      0
-0.485714     0.01882      0
-0.471429     0.017164      0
-0.457143     0.01581      0
-0.442857     0.01471      0
-0.428571     0.013768      0
-0.414286     0.013022      0
-0.4     0.012264      0
-0.385714     0.01165      0
-0.371429     0.01113      0
-0.357143     0.010598      0
-0.342857     0.010078      0
-0.328571     0.009714      0
-0.314286     0.00925      0
-0.3     0.008942      0
-0.285714     0.008544      0
-0.271429     0.008252      0
-0.257143     0.007944      0
-0.242857     0.007612      0
-0.228571     0.007346      0
-0.214286     0.007078      0
-0.2     0.006852      0
-0.185714     0.00658      0
-0.171429     0.001751      0
-0.157143     0      0
-0.142857     0      0
-0.128571     0      0
-0.114286     0      0
-0.1     0      0
-0.0857143     0      0
-0.0714286     0      0
-0.0571429     0      0
-0.0428571     0      0
-0.0285714     0      0
-0.0142857     0      0
0     0      0
0.0142857     0      0
0.0285714     0      0
0.0428571     0      0
0.0571429     0      3.2207e-30
0.0714286     0      4.27344e-29
0.0857143     0      9.31954e-23
0.1     0      1.65688e-22
0.114286     0      6.09531e-16
0.128571     0      3.74626e-10
0.142857     0      2.6965e-09
0.157143     0      0.0030445
0.171429     0      0.01064
0.185714     0      0.00999
0.2     0      0.00951
0.214286     0      0.009256
0.228571     0      0.008892
0.242857     0      0.0088
0.257143     0      0.008774
0.271429     0      0.00853
0.285714     0      0.008508
0.3     0      0.008526
0.314286     0      0.00842
0.328571     0      0.00842
0.342857     0      0.0085
0.357143     0      0.008452
0.371429     0      0.00858
0.385714     0      0.008646
0.4     0      0.008696
0.414286     0      0.008856
0.428571     0      0.008946
0.442857     0      0.009124
0.457143     0      0.009336
0.471429     0      0.009574
0.485714     0      0.00987
0.5     0      0.010206
0.514286     0      0.01067
0.528571     0      0.011306
0.542857     0      0.01249
0.557143     0      0.015795
0.571429     0      0.013304
0.585714     0      0.01166
0.6     0      0.010702
0.614286     0      0.010136
0.628571     0      0.009694
0.642857     0      0.009292
0.657143     0      0.008952
0.671429     0      0.008714
0.685714     0      0.008438
0.7     0      0.00827
0.714286     0      0.008046
0.728571     0      0.007902
0.742857     0      0.007734
0.757143     0      0.007582
0.771429     0      0.007406
0.785714     0      0.007356
0.8     0      0.007222
0.814286     0      0.007088
0.828571     0      0.006952
0.842857     0      0.006898
0.857143     0      0.006802
0.871429     0      0.006674
0.885714     0      0.006618
0.9     0      0.006564
0.914286     0      0.006436
0.928571     0      0.00638
0.942857     0      0.006328
0.957143     0      0.006208
0.971429     0      0.006172
0.985714     0      0.006096
1     0      0.00608
1.01429     0      0.005958
1.02857     0      0.005946
1.04286     0      0.005834
1.05714     0      0.00583
1.07143     0      0.005746
1.08571     0      0.005736
1.1     0      0.005652
1.11429     0      0.00564
1.12857     0      0.005542
1.14286     0      0.005566
1.15714     0      0.005434
1.17143     0      0.00547
1.18571     0      0.00538
1.2     0      0.005308
1.21429     0      0.005348
1.22857     0      0.005214
1.24286     0      0.005294
1.25714     0      0.005174
1.27143     0      0.005106
1.28571     0      0.005178
1.3     0      0.005026
1.31429     0      0.005114
1.32857     0      0.005002
1.34286     0      0.004934
1.35714     0      0.004984
1.37143     0      0.00489
1.38571     0      0.004884
1.4     0      0.004876
1.41429     0      0.004794
1.42857     0      0.004818
1.44286     0      0.004742
1.45714     0      0.004746
1.47143     0      0.004694
1.48571     0      0.004682
1.5     0      0.004636
1.51429     0      0.004616
1.52857     0      0.00463
1.54286     0      0.004548
1.55714     0      0.00454
1.57143     0      0.004528
1.58571     0      0.004478
1.6     0      0.004498
1.61429     0      0.004402
1.62857     0      0.00445
1.64286     0      0.00439
1.65714     0      0.004388
1.67143     0      0.004304
1.68571     0      0.00438
1.7     0      0.004288
1.71429     0      0.004304
1.72857     0      0.004224
1.74286     0      0.004244
1.75714     0      0.00422
1.77143     0      0.004192
1.78571     0      0.004206
1.8     0      0.004142
1.81429     0      0.00413
1.82857     0      0.004136
1.84286     0      0.004064
1.85714     0      0.004084
1.87143     0      0.004102
1.88571     0      0.004004
1.9     0      0.004016
1.91429     0      0.004018
1.92857     0      0.003984
1.94286     0      0.003994
1.95714     0      0.003908
1.97143     0      0.00395
1.98571     0      0.00392
2     0      0.00387
2.01429     0      0.003862
2.02857     0      0.003878
2.04286     0      0.003836
2.05714     0      0.003822
2.07143     0      0.003856
2.08571     0      0.003794
2.1     0      0.003774
2.11429     0      0.003754
2.12857     0      0.003754
2.14286     0      0.00374
2.15714     0      0.003702
2.17143     0      0.003712
2.18571     0      0.003684
2.2     0      0.003692
2.21429     0      0.003634
2.22857     0      0.003632
2.24286     0      0.003654
2.25714     0      0.003628
2.27143     0      0.003596
2.28571     0      0.003598
2.3     0      0.003558
2.31429     0      0.003536
2.32857     0      0.003562
2.34286     0      0.003528
2.35714     0      0.00351
2.37143     0      0.003516
2.38571     0      0.003488
2.4     0      0.00348
2.41429     0      0.003476
2.42857     0      0.003442
2.44286     0      0.003436
2.45714     0      0.00346
2.47143     0      0.003388
2.48571     0      0.003404
2.5     0      0.00339
2.51429     0      0.003386
2.52857     0      0.003372
2.54286     0      0.003334
2.55714     0      0.003354
2.57143     0      0.003332
2.58571     0      0.003318
2.6     0      0.003306
2.61429     0      0.003304
2.62857     0      0.0011245
2.64286     0      0
2.65714     0      0
2.67143     0      0
2.68571     0      0
2.7     0      0
2.71429     0      0
2.72857     0      0
2.74286     0      0
2.75714     0      0
2.77143     0      0
2.78571     0      0
2.8     0      0
2.81429     0      0
2.82857     0      0
2.84286     0      0
2.85714     0      0
2.87143     0      0
2.88571     0      0
2.9     0      0
2.91429     0      0
2.92857     0      0
2.94286     0      0
2.95714     0      0
2.97143     0      0
2.98571     0      0
3     0      0
3.01429     0      0
3.02857     0      0
3.04286     0      0
3.05714     0      0
3.07143     0      0
3.08571     0      0
3.1     0      0
3.11429     0      0
3.12857     0      0
3.14286     0      0
3.15714     0      0
3.17143     0      0
3.18571     0      0
3.2     0      0
3.21429     0      0
3.22857     0      0
3.24286     0      0
3.25714     0      0
3.27143     0      0
3.28571     0      0
3.3     0      0
3.31429     0      0
3.32857     0      0
3.34286     0      0
3.35714     0      0
3.37143     0      0
3.38571     0      0
3.4     0      0
3.41429     0      0
3.42857     0      0
3.44286     0      0
3.45714     0      0
3.47143     0      0
3.48571     0      0
3.5     0      0
3.51429     0      0
3.52857     0      0
3.54286     0      0
3.55714     0      0
3.57143     0      0
3.58571     0      0
3.6     0      0
3.61429     0      0
3.62857     0      0
3.64286     0      0
3.65714     0      0
3.67143     0      0
3.68571     0      0
3.7     0      0
3.71429     0      0
3.72857     0      0
3.74286     0      0
3.75714     0      0
3.77143     0      0
3.78571     0      0
3.8     0      0
3.81429     0      0
3.82857     0      0
3.84286     0      0
3.85714     0      0
3.87143     0      0
3.88571     0      0
3.9     0      0
3.91429     0      0
3.92857     0      0
3.94286     0      0
3.95714     0      0
3.97143     0      0
3.98571     0      0
4     0      0
4.01429     0      0
4.02857     0      0
4.04286     0      0
4.05714     0      0
4.07143     0      0
4.08571     0      0
4.1     0      0
4.11429     0      0
4.12857     0      0
4.14286     0      0
4.15714     0      0
4.17143     0      0
4.18571     0      0
4.2     0      0
4.21429     0      0
4.22857     0      0
4.24286     0      0
4.25714     0      0
4.27143     0      0
4.28571     0      0
4.3     0      0
4.31429     0      0
4.32857     0      0
4.34286     0      0
4.35714     0      0
4.37143     0      0
4.38571     0      0
4.4     0      0
4.41429     0      0
4.42857     0      0
4.44286     0      0
4.45714     0      0
4.47143     0      0
4.48571     0      0
4.5     0      0
4.51429     0      0
4.52857     0      0
4.54286     0      0
4.55714     0      0
4.57143     0      0
4.58571     0      0
4.6     0      0
4.61429     0      0
4.62857     0      0
4.64286     0      0
4.65714     0      0
4.67143     0      0
4.68571     0      0
4.7     0      0
4.71429     0      0
4.72857     0      0
4.74286     0      0
4.75714     0      0
4.77143     0      0
4.78571     0      0
4.8     0      0
4.81429     0      0
4.82857     0      0
4.84286     0      0
4.85714     0      0
4.87143     0      0
4.88571     0      0
4.9     0      0
4.91429     0      0
4.92857     0      0
4.94286     0      0
4.95714     0      0
4.97143     0      0
4.98571     0      0
