# U,mu,nA_up, nA_dn, nB_up, nB_dn, ms, mf, ntotal,mu,cint
#energy    dos_upn   dos_upp   dos_dnn  dos_dnp GRID=1000 bin=700
-5     0      0
-4.98571     0      0
-4.97143     0      0
-4.95714     0      0
-4.94286     0      0
-4.92857     0      0
-4.91429     0      0
-4.9     0      0
-4.88571     0      0
-4.87143     0      0
-4.85714     0      0
-4.84286     0      0
-4.82857     0      0
-4.81429     0      0
-4.8     0      0
-4.78571     0      0
-4.77143     0      0
-4.75714     0      0
-4.74286     0      0
-4.72857     0      0
-4.71429     0      0
-4.7     0      0
-4.68571     0      0
-4.67143     0      0
-4.65714     0      0
-4.64286     0      0
-4.62857     0      0
-4.61429     0      0
-4.6     0      0
-4.58571     0      0
-4.57143     0      0
-4.55714     0      0
-4.54286     0      0
-4.52857     0      0
-4.51429     0      0
-4.5     0      0
-4.48571     0      0
-4.47143     0      0
-4.45714     0      0
-4.44286     0      0
-4.42857     0      0
-4.41429     0      0
-4.4     0      0
-4.38571     0      0
-4.37143     0      0
-4.35714     0      0
-4.34286     0      0
-4.32857     0      0
-4.31429     0      0
-4.3     0      0
-4.28571     0      0
-4.27143     0      0
-4.25714     0      0
-4.24286     0      0
-4.22857     0      0
-4.21429     0      0
-4.2     0      0
-4.18571     0      0
-4.17143     0      0
-4.15714     0      0
-4.14286     0      0
-4.12857     0      0
-4.11429     0      0
-4.1     0      0
-4.08571     0      0
-4.07143     0      0
-4.05714     0      0
-4.04286     0      0
-4.02857     0      0
-4.01429     0      0
-4     0      0
-3.98571     0      0
-3.97143     0      0
-3.95714     0      0
-3.94286     0      0
-3.92857     0      0
-3.91429     0      0
-3.9     0      0
-3.88571     0      0
-3.87143     0      0
-3.85714     0      0
-3.84286     0      0
-3.82857     0      0
-3.81429     0      0
-3.8     0      0
-3.78571     0      0
-3.77143     0      0
-3.75714     0      0
-3.74286     0      0
-3.72857     0      0
-3.71429     0      0
-3.7     0      0
-3.68571     0      0
-3.67143     0      0
-3.65714     0      0
-3.64286     0      0
-3.62857     0      0
-3.61429     0      0
-3.6     0      0
-3.58571     0      0
-3.57143     0      0
-3.55714     0      0
-3.54286     0      0
-3.52857     0      0
-3.51429     0      0
-3.5     0      0
-3.48571     0      0
-3.47143     0      0
-3.45714     0      0
-3.44286     0      0
-3.42857     0      0
-3.41429     0      0
-3.4     0      0
-3.38571     0      0
-3.37143     0      0
-3.35714     0      0
-3.34286     0      0
-3.32857     0      0
-3.31429     0      0
-3.3     0      0
-3.28571     0      0
-3.27143     0      0
-3.25714     0      0
-3.24286     0      0
-3.22857     0      0
-3.21429     0      0
-3.2     0      0
-3.18571     0      0
-3.17143     0      0
-3.15714     0      0
-3.14286     0      0
-3.12857     0      0
-3.11429     0      0
-3.1     0      0
-3.08571     0      0
-3.07143     0      0
-3.05714     0      0
-3.04286     0      0
-3.02857     0      0
-3.01429     0      0
-3     0      0
-2.98571     0      0
-2.97143     0      0
-2.95714     0      0
-2.94286     0      0
-2.92857     0      0
-2.91429     0      0
-2.9     0      0
-2.88571     0      0
-2.87143     0      0
-2.85714     0      0
-2.84286     0      0
-2.82857     0      0
-2.81429     0      0
-2.8     0      0
-2.78571     0      0
-2.77143     0      0
-2.75714     0      0
-2.74286     0      0
-2.72857     0      0
-2.71429     0      0
-2.7     0      0
-2.68571     0      0
-2.67143     0      0
-2.65714     0      0
-2.64286     0      0
-2.62857     0      0
-2.61429     0      0
-2.6     0      0
-2.58571     0      0
-2.57143     0      0
-2.55714     0      0
-2.54286     0      0
-2.52857     0      0
-2.51429     0      0
-2.5     0      0
-2.48571     0      0
-2.47143     0      0
-2.45714     0      0
-2.44286     0      0
-2.42857     0      0
-2.41429     0      0
-2.4     0      0
-2.38571     0      0
-2.37143     0      0
-2.35714     0      0
-2.34286     0      0
-2.32857     0      0
-2.31429     0      0
-2.3     0      0
-2.28571     0      0
-2.27143     0      0
-2.25714     0      0
-2.24286     0      0
-2.22857     0      0
-2.21429     0      0
-2.2     0      0
-2.18571     0      0
-2.17143     0      0
-2.15714     0      0
-2.14286     0      0
-2.12857     0      0
-2.11429     0      0
-2.1     0      0
-2.08571     0      0
-2.07143     0      0
-2.05714     0      0
-2.04286     0      0
-2.02857     0      0
-2.01429     0      0
-2     0      0
-1.98571     0      0
-1.97143     0      0
-1.95714     0      0
-1.94286     0      0
-1.92857     0      0
-1.91429     0      0
-1.9     0      0
-1.88571     0      0
-1.87143     0      0
-1.85714     0      0
-1.84286     0      0
-1.82857     0      0
-1.81429     0      0
-1.8     0      0
-1.78571     0      0
-1.77143     0      0
-1.75714     0      0
-1.74286     0      0
-1.72857     0      0
-1.71429     0      0
-1.7     0      0
-1.68571     0      0
-1.67143     0      0
-1.65714     3.96881e-49      0
-1.64286     4.87061e-49      0
-1.62857     4.87427e-49      0
-1.61429     4.88647e-49      0
-1.6     1.70178e-42      0
-1.58571     1.9375e-42      0
-1.57143     1.93848e-42      0
-1.55714     1.94092e-42      0
-1.54286     7.64697e-36      0
-1.52857     7.68946e-36      0
-1.51429     7.72852e-36      0
-1.5     4.59571e-30      0
-1.48571     3.05469e-29      0
-1.47143     3.06563e-29      0
-1.45714     3.08594e-29      0
-1.44286     4.20078e-23      0
-1.42857     1.22e-22      0
-1.41429     1.22563e-22      0
-1.4     1.22406e-22      0
-1.38571     2.80031e-16      0
-1.37143     4.8625e-16      0
-1.35714     4.885e-16      0
-1.34286     4.89125e-16      0
-1.32857     0.0016405      0
-1.31429     0.007738      0
-1.3     0.007756      0
-1.28571     0.00779      0
-1.27143     0.007804      0
-1.25714     0.007806      0
-1.24286     0.007852      0
-1.22857     0.00788      0
-1.21429     0.007888      0
-1.2     0.007918      0
-1.18571     0.007976      0
-1.17143     0.00794      0
-1.15714     0.008014      0
-1.14286     0.008038      0
-1.12857     0.008082      0
-1.11429     0.008106      0
-1.1     0.008124      0
-1.08571     0.008136      0
-1.07143     0.00822      0
-1.05714     0.008222      0
-1.04286     0.00829      0
-1.02857     0.0083      0
-1.01429     0.008352      0
-1     0.008404      0
-0.985714     0.00843      0
-0.971429     0.008494      0
-0.957143     0.008532      0
-0.942857     0.008564      0
-0.928571     0.008656      0
-0.914286     0.008672      0
-0.9     0.008738      0
-0.885714     0.008814      0
-0.871429     0.008844      0
-0.857143     0.008912      0
-0.842857     0.00895      0
-0.828571     0.009048      0
-0.814286     0.009082      0
-0.8     0.009192      0
-0.785714     0.009268      0
-0.771429     0.009362      0
-0.757143     0.009372      0
-0.742857     0.009528      0
-0.728571     0.009594      0
-0.714286     0.009668      0
-0.7     0.009778      0
-0.685714     0.009906      0
-0.671429     0.010018      0
-0.657143     0.010098      0
-0.642857     0.010254      0
-0.628571     0.010324      0
-0.614286     0.010542      0
-0.6     0.010724      0
-0.585714     0.010888      0
-0.571429     0.010948      0
-0.557143     0.011316      0
-0.542857     0.011326      0
-0.528571     0.011798      0
-0.514286     0.012072      0
-0.5     0.012214      0
-0.485714     0.012568      0
-0.471429     0.013188      0
-0.457143     0.0135      0
-0.442857     0.014228      0
-0.428571     0.015136      0
-0.414286     0.0162525      0
-0.4     0.030902      0
-0.385714     0.044046      0
-0.371429     0.033178      0
-0.357143     0.0248      0
-0.342857     0.020944      0
-0.328571     0.018464      0
-0.314286     0.016732      0
-0.3     0.015376      0
-0.285714     0.014268      0
-0.271429     0.013274      0
-0.257143     0.012498      0
-0.242857     0.011774      0
-0.228571     0.011212      0
-0.214286     0.010582      0
-0.2     0.010112      0
-0.185714     0.00965      0
-0.171429     0.009238      0
-0.157143     0.008798      0
-0.142857     0.008476      0
-0.128571     0.00809      0
-0.114286     0.00783      0
-0.1     0.007454      0
-0.0857143     0.007178      0
-0.0714286     0.006938      0
-0.0571429     0.006644      0
-0.0428571     0.00641      0
-0.0285714     0.006134      0
-0.0142857     0.005923      0
0     0      0
0.0142857     0      0
0.0285714     0      0
0.0428571     0      0
0.0571429     0      5.03235e-50
0.0714286     0      6.67725e-49
0.0857143     0      1.45618e-42
0.1     0      2.58887e-42
0.114286     0      9.52393e-36
0.128571     0      5.85353e-30
0.142857     0      4.21328e-29
0.157143     0      4.75704e-23
0.171429     0      1.6625e-22
0.185714     0      2.14406e-16
0.2     0      0.0018405
0.214286     0      0.010596
0.228571     0      0.009842
0.242857     0      0.009286
0.257143     0      0.008974
0.271429     0      0.008732
0.285714     0      0.00841
0.3     0      0.008374
0.314286     0      0.008222
0.328571     0      0.008204
0.342857     0      0.008144
0.357143     0      0.008044
0.371429     0      0.008142
0.385714     0      0.008132
0.4     0      0.008184
0.414286     0      0.008164
0.428571     0      0.008278
0.442857     0      0.00836
0.457143     0      0.008434
0.471429     0      0.008632
0.485714     0      0.008734
0.5     0      0.008922
0.514286     0      0.009138
0.528571     0      0.00939
0.542857     0      0.009744
0.557143     0      0.010128
0.571429     0      0.01078
0.585714     0      0.011724
0.6     0      0.014637
0.614286     0      0.013082
0.628571     0      0.011228
0.642857     0      0.010462
0.657143     0      0.009826
0.671429     0      0.009412
0.685714     0      0.009068
0.7     0      0.008754
0.714286     0      0.008526
0.728571     0      0.008318
0.742857     0      0.008094
0.757143     0      0.007922
0.771429     0      0.007782
0.785714     0      0.007574
0.8     0      0.007512
0.814286     0      0.007366
0.828571     0      0.007242
0.842857     0      0.00714
0.857143     0      0.007
0.871429     0      0.006912
0.885714     0      0.00687
0.9     0      0.006742
0.914286     0      0.006654
0.928571     0      0.006616
0.942857     0      0.006484
0.957143     0      0.006432
0.971429     0      0.00639
0.985714     0      0.006242
1     0      0.00622
1.01429     0      0.006184
1.02857     0      0.006104
1.04286     0      0.006018
1.05714     0      0.006002
1.07143     0      0.00593
1.08571     0      0.005872
1.1     0      0.005844
1.11429     0      0.005756
1.12857     0      0.005706
1.14286     0      0.005694
1.15714     0      0.005606
1.17143     0      0.005626
1.18571     0      0.0055
1.2     0      0.005496
1.21429     0      0.005458
1.22857     0      0.005424
1.24286     0      0.005334
1.25714     0      0.005374
1.27143     0      0.005254
1.28571     0      0.005282
1.3     0      0.005196
1.31429     0      0.00518
1.32857     0      0.005158
1.34286     0      0.005104
1.35714     0      0.00505
1.37143     0      0.00508
1.38571     0      0.004992
1.4     0      0.004962
1.41429     0      0.004992
1.42857     0      0.004896
1.44286     0      0.004874
1.45714     0      0.004872
1.47143     0      0.004832
1.48571     0      0.004774
1.5     0      0.004772
1.51429     0      0.004738
1.52857     0      0.0047
1.54286     0      0.004708
1.55714     0      0.004622
1.57143     0      0.004652
1.58571     0      0.004588
1.6     0      0.004574
1.61429     0      0.004594
1.62857     0      0.004506
1.64286     0      0.004498
1.65714     0      0.004494
1.67143     0      0.004422
1.68571     0      0.004484
1.7     0      0.00438
1.71429     0      0.004404
1.72857     0      0.004314
1.74286     0      0.00436
1.75714     0      0.004344
1.77143     0      0.004308
1.78571     0      0.004252
1.8     0      0.004242
1.81429     0      0.004246
1.82857     0      0.00421
1.84286     0      0.004174
1.85714     0      0.004208
1.87143     0      0.004124
1.88571     0      0.004164
1.9     0      0.004092
1.91429     0      0.004104
1.92857     0      0.004086
1.94286     0      0.004026
1.95714     0      0.00403
1.97143     0      0.00404
1.98571     0      0.004024
2     0      0.003966
2.01429     0      0.003948
2.02857     0      0.00397
2.04286     0      0.003942
2.05714     0      0.003906
2.07143     0      0.003882
2.08571     0      0.00389
2.1     0      0.003856
2.11429     0      0.00385
2.12857     0      0.00385
2.14286     0      0.00379
2.15714     0      0.003806
2.17143     0      0.00379
2.18571     0      0.00378
2.2     0      0.003732
2.21429     0      0.003734
2.22857     0      0.003714
2.24286     0      0.003732
2.25714     0      0.003688
2.27143     0      0.003692
2.28571     0      0.003634
2.3     0      0.00368
2.31429     0      0.003598
2.32857     0      0.003634
2.34286     0      0.003616
2.35714     0      0.00358
2.37143     0      0.003582
2.38571     0      0.003568
2.4     0      0.003558
2.41429     0      0.003522
2.42857     0      0.003516
2.44286     0      0.003528
2.45714     0      0.003478
2.47143     0      0.00348
2.48571     0      0.003484
2.5     0      0.003454
2.51429     0      0.003452
2.52857     0      0.003456
2.54286     0      0.003388
2.55714     0      0.003412
2.57143     0      0.003408
2.58571     0      0.003392
2.6     0      0.003358
2.61429     0      0.003386
2.62857     0      0.003344
2.64286     0      0.003332
2.65714     0      0.003324
2.67143     0      0.003328
2.68571     0      0.003292
2.7     0      0.003296
2.71429     0      0.003284
2.72857     0      0.0001465
2.74286     0      0
2.75714     0      0
2.77143     0      0
2.78571     0      0
2.8     0      0
2.81429     0      0
2.82857     0      0
2.84286     0      0
2.85714     0      0
2.87143     0      0
2.88571     0      0
2.9     0      0
2.91429     0      0
2.92857     0      0
2.94286     0      0
2.95714     0      0
2.97143     0      0
2.98571     0      0
3     0      0
3.01429     0      0
3.02857     0      0
3.04286     0      0
3.05714     0      0
3.07143     0      0
3.08571     0      0
3.1     0      0
3.11429     0      0
3.12857     0      0
3.14286     0      0
3.15714     0      0
3.17143     0      0
3.18571     0      0
3.2     0      0
3.21429     0      0
3.22857     0      0
3.24286     0      0
3.25714     0      0
3.27143     0      0
3.28571     0      0
3.3     0      0
3.31429     0      0
3.32857     0      0
3.34286     0      0
3.35714     0      0
3.37143     0      0
3.38571     0      0
3.4     0      0
3.41429     0      0
3.42857     0      0
3.44286     0      0
3.45714     0      0
3.47143     0      0
3.48571     0      0
3.5     0      0
3.51429     0      0
3.52857     0      0
3.54286     0      0
3.55714     0      0
3.57143     0      0
3.58571     0      0
3.6     0      0
3.61429     0      0
3.62857     0      0
3.64286     0      0
3.65714     0      0
3.67143     0      0
3.68571     0      0
3.7     0      0
3.71429     0      0
3.72857     0      0
3.74286     0      0
3.75714     0      0
3.77143     0      0
3.78571     0      0
3.8     0      0
3.81429     0      0
3.82857     0      0
3.84286     0      0
3.85714     0      0
3.87143     0      0
3.88571     0      0
3.9     0      0
3.91429     0      0
3.92857     0      0
3.94286     0      0
3.95714     0      0
3.97143     0      0
3.98571     0      0
4     0      0
4.01429     0      0
4.02857     0      0
4.04286     0      0
4.05714     0      0
4.07143     0      0
4.08571     0      0
4.1     0      0
4.11429     0      0
4.12857     0      0
4.14286     0      0
4.15714     0      0
4.17143     0      0
4.18571     0      0
4.2     0      0
4.21429     0      0
4.22857     0      0
4.24286     0      0
4.25714     0      0
4.27143     0      0
4.28571     0      0
4.3     0      0
4.31429     0      0
4.32857     0      0
4.34286     0      0
4.35714     0      0
4.37143     0      0
4.38571     0      0
4.4     0      0
4.41429     0      0
4.42857     0      0
4.44286     0      0
4.45714     0      0
4.47143     0      0
4.48571     0      0
4.5     0      0
4.51429     0      0
4.52857     0      0
4.54286     0      0
4.55714     0      0
4.57143     0      0
4.58571     0      0
4.6     0      0
4.61429     0      0
4.62857     0      0
4.64286     0      0
4.65714     0      0
4.67143     0      0
4.68571     0      0
4.7     0      0
4.71429     0      0
4.72857     0      0
4.74286     0      0
4.75714     0      0
4.77143     0      0
4.78571     0      0
4.8     0      0
4.81429     0      0
4.82857     0      0
4.84286     0      0
4.85714     0      0
4.87143     0      0
4.88571     0      0
4.9     0      0
4.91429     0      0
4.92857     0      0
4.94286     0      0
4.95714     0      0
4.97143     0      0
4.98571     0      0
