# U,mu,nA_up, nA_dn, nB_up, nB_dn, ms, mf, ntotal,mu,cint
#energy    dos_upn   dos_upp   dos_dnn  dos_dnp GRID=1000 bin=700
-5     0      0
-4.98571     0      0
-4.97143     0      0
-4.95714     0      0
-4.94286     0      0
-4.92857     0      0
-4.91429     0      0
-4.9     0      0
-4.88571     0      0
-4.87143     0      0
-4.85714     0      0
-4.84286     0      0
-4.82857     0      0
-4.81429     0      0
-4.8     0      0
-4.78571     0      0
-4.77143     0      0
-4.75714     0      0
-4.74286     0      0
-4.72857     0      0
-4.71429     0      0
-4.7     0      0
-4.68571     0      0
-4.67143     0      0
-4.65714     0      0
-4.64286     0      0
-4.62857     0      0
-4.61429     0      0
-4.6     0      0
-4.58571     0      0
-4.57143     0      0
-4.55714     0      0
-4.54286     0      0
-4.52857     0      0
-4.51429     0      0
-4.5     0      0
-4.48571     0      0
-4.47143     0      0
-4.45714     0      0
-4.44286     0      0
-4.42857     0      0
-4.41429     0      0
-4.4     0      0
-4.38571     0      0
-4.37143     0      0
-4.35714     0      0
-4.34286     0      0
-4.32857     0      0
-4.31429     0      0
-4.3     0      0
-4.28571     0      0
-4.27143     0      0
-4.25714     0      0
-4.24286     0      0
-4.22857     0      0
-4.21429     0      0
-4.2     0      0
-4.18571     0      0
-4.17143     0      0
-4.15714     0      0
-4.14286     0      0
-4.12857     0      0
-4.11429     0      0
-4.1     0      0
-4.08571     0      0
-4.07143     0      0
-4.05714     0      0
-4.04286     0      0
-4.02857     0      0
-4.01429     0      0
-4     0      0
-3.98571     0      0
-3.97143     0      0
-3.95714     0      0
-3.94286     0      0
-3.92857     0      0
-3.91429     0      0
-3.9     0      0
-3.88571     0      0
-3.87143     0      0
-3.85714     0      0
-3.84286     0      0
-3.82857     0      0
-3.81429     0      0
-3.8     0      0
-3.78571     0      0
-3.77143     0      0
-3.75714     0      0
-3.74286     0      0
-3.72857     0      0
-3.71429     0      0
-3.7     0      0
-3.68571     0      0
-3.67143     0      0
-3.65714     0      0
-3.64286     0      0
-3.62857     0      0
-3.61429     0      0
-3.6     0      0
-3.58571     0      0
-3.57143     0      0
-3.55714     0      0
-3.54286     0      0
-3.52857     0      0
-3.51429     0      0
-3.5     0      0
-3.48571     0      0
-3.47143     0      0
-3.45714     0      0
-3.44286     0      0
-3.42857     0      0
-3.41429     0      0
-3.4     0      0
-3.38571     0      0
-3.37143     0      0
-3.35714     0      0
-3.34286     0      0
-3.32857     0      0
-3.31429     0      0
-3.3     0      0
-3.28571     0      0
-3.27143     0      0
-3.25714     0      0
-3.24286     0      0
-3.22857     0      0
-3.21429     0      0
-3.2     0      0
-3.18571     0      0
-3.17143     0      0
-3.15714     0      0
-3.14286     0      0
-3.12857     0      0
-3.11429     0      0
-3.1     0      0
-3.08571     0      0
-3.07143     0      0
-3.05714     0      0
-3.04286     0      0
-3.02857     0      0
-3.01429     0      0
-3     0      0
-2.98571     0      0
-2.97143     0      0
-2.95714     0      0
-2.94286     0      0
-2.92857     0      0
-2.91429     0      0
-2.9     0      0
-2.88571     0      0
-2.87143     0      0
-2.85714     0      0
-2.84286     0      0
-2.82857     0      0
-2.81429     0      0
-2.8     0      0
-2.78571     0      0
-2.77143     0      0
-2.75714     0      0
-2.74286     0      0
-2.72857     0      0
-2.71429     0      0
-2.7     0      0
-2.68571     0      0
-2.67143     0      0
-2.65714     0      0
-2.64286     0      0
-2.62857     0      0
-2.61429     0      0
-2.6     0      0
-2.58571     0      0
-2.57143     0      0
-2.55714     0      0
-2.54286     0      0
-2.52857     0      0
-2.51429     0      0
-2.5     0      0
-2.48571     0      0
-2.47143     0      0
-2.45714     0      0
-2.44286     0      0
-2.42857     0      0
-2.41429     0      0
-2.4     0      0
-2.38571     0      0
-2.37143     0      0
-2.35714     0      0
-2.34286     0      0
-2.32857     0      0
-2.31429     0      0
-2.3     0      0
-2.28571     0      0
-2.27143     0      0
-2.25714     0      0
-2.24286     0      0
-2.22857     0      0
-2.21429     0      0
-2.2     0      0
-2.18571     0      0
-2.17143     0      0
-2.15714     0      0
-2.14286     0      0
-2.12857     0      0
-2.11429     0      0
-2.1     0      0
-2.08571     0      0
-2.07143     0      0
-2.05714     0      0
-2.04286     0      0
-2.02857     0      0
-2.01429     0      0
-2     0      0
-1.98571     0      0
-1.97143     0      0
-1.95714     0      0
-1.94286     0      0
-1.92857     0      0
-1.91429     0      0
-1.9     0      0
-1.88571     0      0
-1.87143     0      0
-1.85714     0      0
-1.84286     0      0
-1.82857     0      0
-1.81429     0      0
-1.8     0      0
-1.78571     0      0
-1.77143     0      0
-1.75714     0      0
-1.74286     0      0
-1.72857     0      0
-1.71429     0      0
-1.7     0      0
-1.68571     0      0
-1.67143     0      0
-1.65714     9.92203e-56      0
-1.64286     1.21765e-55      0
-1.62857     1.21857e-55      0
-1.61429     1.22162e-55      0
-1.6     4.25446e-49      0
-1.58571     4.84375e-49      0
-1.57143     4.84619e-49      0
-1.55714     4.8523e-49      0
-1.54286     1.91174e-42      0
-1.52857     1.92236e-42      0
-1.51429     1.93213e-42      0
-1.5     1.14893e-36      0
-1.48571     7.63672e-36      0
-1.47143     7.66406e-36      0
-1.45714     7.71485e-36      0
-1.44286     1.0502e-29      0
-1.42857     3.05e-29      0
-1.41429     3.06406e-29      0
-1.4     3.06016e-29      0
-1.38571     7.00078e-23      0
-1.37143     1.21563e-22      0
-1.35714     1.22125e-22      0
-1.34286     0.0021285      0
-1.32857     0.007728      0
-1.31429     0.007756      0
-1.3     0.007748      0
-1.28571     0.007808      0
-1.27143     0.007786      0
-1.25714     0.007822      0
-1.24286     0.00786      0
-1.22857     0.007868      0
-1.21429     0.007916      0
-1.2     0.00792      0
-1.18571     0.007982      0
-1.17143     0.007968      0
-1.15714     0.008024      0
-1.14286     0.008038      0
-1.12857     0.00806      0
-1.11429     0.008116      0
-1.1     0.008156      0
-1.08571     0.008144      0
-1.07143     0.008198      0
-1.05714     0.008286      0
-1.04286     0.008256      0
-1.02857     0.008332      0
-1.01429     0.008372      0
-1     0.008414      0
-0.985714     0.008446      0
-0.971429     0.008504      0
-0.957143     0.00854      0
-0.942857     0.008552      0
-0.928571     0.008688      0
-0.914286     0.008698      0
-0.9     0.008716      0
-0.885714     0.008836      0
-0.871429     0.008852      0
-0.857143     0.00891      0
-0.842857     0.009016      0
-0.828571     0.00904      0
-0.814286     0.009144      0
-0.8     0.009184      0
-0.785714     0.009248      0
-0.771429     0.00938      0
-0.757143     0.009414      0
-0.742857     0.009472      0
-0.728571     0.00964      0
-0.714286     0.009712      0
-0.7     0.009788      0
-0.685714     0.009902      0
-0.671429     0.01003      0
-0.657143     0.010134      0
-0.642857     0.01025      0
-0.628571     0.010356      0
-0.614286     0.01057      0
-0.6     0.010718      0
-0.585714     0.010794      0
-0.571429     0.01114      0
-0.557143     0.011102      0
-0.542857     0.011624      0
-0.528571     0.01163      0
-0.514286     0.011988      0
-0.5     0.012304      0
-0.485714     0.012704      0
-0.471429     0.013166      0
-0.457143     0.013528      0
-0.442857     0.014236      0
-0.428571     0.0151      0
-0.414286     0.0164045      0
-0.4     0.031252      0
-0.385714     0.044276      0
-0.371429     0.031206      0
-0.357143     0.023888      0
-0.342857     0.020268      0
-0.328571     0.018      0
-0.314286     0.016248      0
-0.3     0.014964      0
-0.285714     0.013898      0
-0.271429     0.012964      0
-0.257143     0.01219      0
-0.242857     0.011458      0
-0.228571     0.010904      0
-0.214286     0.01039      0
-0.2     0.00988      0
-0.185714     0.009376      0
-0.171429     0.009016      0
-0.157143     0.008558      0
-0.142857     0.008262      0
-0.128571     0.007912      0
-0.114286     0.007564      0
-0.1     0.00731      0
-0.0857143     0.006978      0
-0.0714286     0.006726      0
-0.0571429     0.006464      0
-0.0428571     0.006206      0
-0.0285714     0.005956      0
-0.0142857     0.005739      0
0     0      0
0.0142857     0      0
0.0285714     0      0
0.0428571     0      0
0.0571429     0      1.25809e-56
0.0714286     0      1.66931e-55
0.0857143     0      3.64044e-49
0.1     0      6.47217e-49
0.114286     0      2.38098e-42
0.128571     0      1.46338e-36
0.142857     0      1.05332e-35
0.157143     0      1.18926e-29
0.171429     0      0.0072145
0.185714     0      0.010098
0.2     0      0.009436
0.214286     0      0.00901
0.228571     0      0.008676
0.242857     0      0.008534
0.257143     0      0.008298
0.271429     0      0.008246
0.285714     0      0.008082
0.3     0      0.008004
0.314286     0      0.008036
0.328571     0      0.007986
0.342857     0      0.008028
0.357143     0      0.00802
0.371429     0      0.008048
0.385714     0      0.008134
0.4     0      0.008216
0.414286     0      0.008262
0.428571     0      0.008436
0.442857     0      0.008522
0.457143     0      0.008756
0.471429     0      0.00889
0.485714     0      0.009138
0.5     0      0.009408
0.514286     0      0.009802
0.528571     0      0.010274
0.542857     0      0.010992
0.557143     0      0.012386
0.571429     0      0.014783
0.585714     0      0.01173
0.6     0      0.010668
0.614286     0      0.009992
0.628571     0      0.009488
0.642857     0      0.009216
0.657143     0      0.008816
0.671429     0      0.008572
0.685714     0      0.008334
0.7     0      0.008162
0.714286     0      0.00797
0.728571     0      0.007816
0.742857     0      0.007658
0.757143     0      0.007522
0.771429     0      0.007384
0.785714     0      0.007256
0.8     0      0.007158
0.814286     0      0.007052
0.828571     0      0.00696
0.842857     0      0.006856
0.857143     0      0.006826
0.871429     0      0.006704
0.885714     0      0.006564
0.9     0      0.006552
0.914286     0      0.006418
0.928571     0      0.006382
0.942857     0      0.006372
0.957143     0      0.006226
0.971429     0      0.006186
0.985714     0      0.006134
1     0      0.00608
1.01429     0      0.005976
1.02857     0      0.006008
1.04286     0      0.005878
1.05714     0      0.005882
1.07143     0      0.005766
1.08571     0      0.005746
1.1     0      0.005714
1.11429     0      0.005638
1.12857     0      0.005652
1.14286     0      0.005522
1.15714     0      0.005572
1.17143     0      0.00544
1.18571     0      0.005434
1.2     0      0.005404
1.21429     0      0.005372
1.22857     0      0.005282
1.24286     0      0.005308
1.25714     0      0.005226
1.27143     0      0.005232
1.28571     0      0.00516
1.3     0      0.005126
1.31429     0      0.005102
1.32857     0      0.005098
1.34286     0      0.004998
1.35714     0      0.00503
1.37143     0      0.004956
1.38571     0      0.004964
1.4     0      0.004902
1.41429     0      0.004872
1.42857     0      0.004822
1.44286     0      0.004876
1.45714     0      0.004768
1.47143     0      0.004738
1.48571     0      0.004768
1.5     0      0.0047
1.51429     0      0.004674
1.52857     0      0.004656
1.54286     0      0.004632
1.55714     0      0.004582
1.57143     0      0.004632
1.58571     0      0.004524
1.6     0      0.004498
1.61429     0      0.004512
1.62857     0      0.004476
1.64286     0      0.004468
1.65714     0      0.004398
1.67143     0      0.004464
1.68571     0      0.004328
1.7     0      0.004382
1.71429     0      0.00435
1.72857     0      0.004342
1.74286     0      0.004288
1.75714     0      0.004236
1.77143     0      0.00428
1.78571     0      0.004232
1.8     0      0.004236
1.81429     0      0.00418
1.82857     0      0.004176
1.84286     0      0.004146
1.85714     0      0.004126
1.87143     0      0.004148
1.88571     0      0.004068
1.9     0      0.004088
1.91429     0      0.004068
1.92857     0      0.004018
1.94286     0      0.004028
1.95714     0      0.004022
1.97143     0      0.003958
1.98571     0      0.003966
2     0      0.003978
2.01429     0      0.003936
2.02857     0      0.003892
2.04286     0      0.003914
2.05714     0      0.003888
2.07143     0      0.003866
2.08571     0      0.003834
2.1     0      0.003834
2.11429     0      0.003808
2.12857     0      0.003806
2.14286     0      0.003786
2.15714     0      0.003766
2.17143     0      0.003768
2.18571     0      0.003754
2.2     0      0.00369
2.21429     0      0.00373
2.22857     0      0.003712
2.24286     0      0.003658
2.25714     0      0.00368
2.27143     0      0.003634
2.28571     0      0.00365
2.3     0      0.003614
2.31429     0      0.003604
2.32857     0      0.003602
2.34286     0      0.003596
2.35714     0      0.003548
2.37143     0      0.00357
2.38571     0      0.003518
2.4     0      0.003528
2.41429     0      0.003528
2.42857     0      0.003498
2.44286     0      0.003492
2.45714     0      0.003496
2.47143     0      0.003448
2.48571     0      0.003454
2.5     0      0.003436
2.51429     0      0.003424
2.52857     0      0.003392
2.54286     0      0.003408
2.55714     0      0.003392
2.57143     0      0.003394
2.58571     0      0.003352
2.6     0      0.00336
2.61429     0      0.003334
2.62857     0      0.003318
2.64286     0      0.00333
2.65714     0      0.003314
2.67143     0      0.003284
2.68571     0      0.00329
2.7     0      0.0020085
2.71429     0      8.21e-10
2.72857     0      3.6625e-11
2.74286     0      0
2.75714     0      0
2.77143     0      0
2.78571     0      0
2.8     0      0
2.81429     0      0
2.82857     0      0
2.84286     0      0
2.85714     0      0
2.87143     0      0
2.88571     0      0
2.9     0      0
2.91429     0      0
2.92857     0      0
2.94286     0      0
2.95714     0      0
2.97143     0      0
2.98571     0      0
3     0      0
3.01429     0      0
3.02857     0      0
3.04286     0      0
3.05714     0      0
3.07143     0      0
3.08571     0      0
3.1     0      0
3.11429     0      0
3.12857     0      0
3.14286     0      0
3.15714     0      0
3.17143     0      0
3.18571     0      0
3.2     0      0
3.21429     0      0
3.22857     0      0
3.24286     0      0
3.25714     0      0
3.27143     0      0
3.28571     0      0
3.3     0      0
3.31429     0      0
3.32857     0      0
3.34286     0      0
3.35714     0      0
3.37143     0      0
3.38571     0      0
3.4     0      0
3.41429     0      0
3.42857     0      0
3.44286     0      0
3.45714     0      0
3.47143     0      0
3.48571     0      0
3.5     0      0
3.51429     0      0
3.52857     0      0
3.54286     0      0
3.55714     0      0
3.57143     0      0
3.58571     0      0
3.6     0      0
3.61429     0      0
3.62857     0      0
3.64286     0      0
3.65714     0      0
3.67143     0      0
3.68571     0      0
3.7     0      0
3.71429     0      0
3.72857     0      0
3.74286     0      0
3.75714     0      0
3.77143     0      0
3.78571     0      0
3.8     0      0
3.81429     0      0
3.82857     0      0
3.84286     0      0
3.85714     0      0
3.87143     0      0
3.88571     0      0
3.9     0      0
3.91429     0      0
3.92857     0      0
3.94286     0      0
3.95714     0      0
3.97143     0      0
3.98571     0      0
4     0      0
4.01429     0      0
4.02857     0      0
4.04286     0      0
4.05714     0      0
4.07143     0      0
4.08571     0      0
4.1     0      0
4.11429     0      0
4.12857     0      0
4.14286     0      0
4.15714     0      0
4.17143     0      0
4.18571     0      0
4.2     0      0
4.21429     0      0
4.22857     0      0
4.24286     0      0
4.25714     0      0
4.27143     0      0
4.28571     0      0
4.3     0      0
4.31429     0      0
4.32857     0      0
4.34286     0      0
4.35714     0      0
4.37143     0      0
4.38571     0      0
4.4     0      0
4.41429     0      0
4.42857     0      0
4.44286     0      0
4.45714     0      0
4.47143     0      0
4.48571     0      0
4.5     0      0
4.51429     0      0
4.52857     0      0
4.54286     0      0
4.55714     0      0
4.57143     0      0
4.58571     0      0
4.6     0      0
4.61429     0      0
4.62857     0      0
4.64286     0      0
4.65714     0      0
4.67143     0      0
4.68571     0      0
4.7     0      0
4.71429     0      0
4.72857     0      0
4.74286     0      0
4.75714     0      0
4.77143     0      0
4.78571     0      0
4.8     0      0
4.81429     0      0
4.82857     0      0
4.84286     0      0
4.85714     0      0
4.87143     0      0
4.88571     0      0
4.9     0      0
4.91429     0      0
4.92857     0      0
4.94286     0      0
4.95714     0      0
4.97143     0      0
4.98571     0      0
