# U,mu,nA_up, nA_dn, nB_up, nB_dn, ms, mf, ntotal,mu,cint
#energy    dos_upn   dos_upp   dos_dnn  dos_dnp GRID=1000 bin=700
-5     0      0
-4.98571     0      0
-4.97143     0      0
-4.95714     0      0
-4.94286     0      0
-4.92857     0      0
-4.91429     0      0
-4.9     0      0
-4.88571     0      0
-4.87143     0      0
-4.85714     0      0
-4.84286     0      0
-4.82857     0      0
-4.81429     0      0
-4.8     0      0
-4.78571     0      0
-4.77143     0      0
-4.75714     0      0
-4.74286     0      0
-4.72857     0      0
-4.71429     0      0
-4.7     0      0
-4.68571     0      0
-4.67143     0      0
-4.65714     0      0
-4.64286     0      0
-4.62857     0      0
-4.61429     0      0
-4.6     0      0
-4.58571     0      0
-4.57143     0      0
-4.55714     0      0
-4.54286     0      0
-4.52857     0      0
-4.51429     0      0
-4.5     0      0
-4.48571     0      0
-4.47143     0      0
-4.45714     0      0
-4.44286     0      0
-4.42857     0      0
-4.41429     0      0
-4.4     0      0
-4.38571     0      0
-4.37143     0      0
-4.35714     0      0
-4.34286     0      0
-4.32857     0      0
-4.31429     0      0
-4.3     0      0
-4.28571     0      0
-4.27143     0      0
-4.25714     0      0
-4.24286     0      0
-4.22857     0      0
-4.21429     0      0
-4.2     0      0
-4.18571     0      0
-4.17143     0      0
-4.15714     0      0
-4.14286     0      0
-4.12857     0      0
-4.11429     0      0
-4.1     0      0
-4.08571     0      0
-4.07143     0      0
-4.05714     0      0
-4.04286     0      0
-4.02857     0      0
-4.01429     0      0
-4     0      0
-3.98571     0      0
-3.97143     0      0
-3.95714     0      0
-3.94286     0      0
-3.92857     0      0
-3.91429     0      0
-3.9     0      0
-3.88571     0      0
-3.87143     0      0
-3.85714     0      0
-3.84286     0      0
-3.82857     0      0
-3.81429     0      0
-3.8     0      0
-3.78571     0      0
-3.77143     0      0
-3.75714     0      0
-3.74286     0      0
-3.72857     0      0
-3.71429     0      0
-3.7     0      0
-3.68571     0      0
-3.67143     0      0
-3.65714     0      0
-3.64286     0      0
-3.62857     0      0
-3.61429     0      0
-3.6     0      0
-3.58571     0      0
-3.57143     0      0
-3.55714     0      0
-3.54286     0      0
-3.52857     0      0
-3.51429     0      0
-3.5     0      0
-3.48571     0      0
-3.47143     0      0
-3.45714     0      0
-3.44286     0      0
-3.42857     0      0
-3.41429     0      0
-3.4     0      0
-3.38571     0      0
-3.37143     0      0
-3.35714     0      0
-3.34286     0      0
-3.32857     0      0
-3.31429     0      0
-3.3     0      0
-3.28571     0      0
-3.27143     0      0
-3.25714     0      0
-3.24286     0      0
-3.22857     0      0
-3.21429     0      0
-3.2     0      0
-3.18571     0      0
-3.17143     0      0
-3.15714     0      0
-3.14286     0      0
-3.12857     0      0
-3.11429     0      0
-3.1     0      0
-3.08571     0      0
-3.07143     0      0
-3.05714     0      0
-3.04286     0      0
-3.02857     0      0
-3.01429     0      0
-3     0      0
-2.98571     0      0
-2.97143     0      0
-2.95714     0      0
-2.94286     0      0
-2.92857     0      0
-2.91429     0      0
-2.9     0      0
-2.88571     0      0
-2.87143     0      0
-2.85714     0      0
-2.84286     0      0
-2.82857     0      0
-2.81429     0      0
-2.8     0      0
-2.78571     0      0
-2.77143     0      0
-2.75714     0      0
-2.74286     0      0
-2.72857     0      0
-2.71429     0      0
-2.7     0      0
-2.68571     0      0
-2.67143     0      0
-2.65714     0      0
-2.64286     0      0
-2.62857     0      0
-2.61429     0      0
-2.6     0      0
-2.58571     0      0
-2.57143     0      0
-2.55714     0      0
-2.54286     0      0
-2.52857     0      0
-2.51429     0      0
-2.5     0      0
-2.48571     0      0
-2.47143     0      0
-2.45714     0      0
-2.44286     0      0
-2.42857     0      0
-2.41429     0      0
-2.4     0      0
-2.38571     0      0
-2.37143     0      0
-2.35714     0      0
-2.34286     0      0
-2.32857     0      0
-2.31429     0      0
-2.3     0      0
-2.28571     0      0
-2.27143     0      0
-2.25714     0      0
-2.24286     0      0
-2.22857     0      0
-2.21429     0      0
-2.2     0      0
-2.18571     0      0
-2.17143     0      0
-2.15714     0      0
-2.14286     0      0
-2.12857     0      0
-2.11429     0      0
-2.1     0      0
-2.08571     0      0
-2.07143     0      0
-2.05714     0      0
-2.04286     0      0
-2.02857     0      0
-2.01429     0      0
-2     0      0
-1.98571     0      0
-1.97143     0      0
-1.95714     0      0
-1.94286     0      0
-1.92857     0      0
-1.91429     0      0
-1.9     0      0
-1.88571     0      0
-1.87143     0      0
-1.85714     0      0
-1.84286     0      0
-1.82857     0      0
-1.81429     0      0
-1.8     0      0
-1.78571     0      0
-1.77143     0      0
-1.75714     0      0
-1.74286     0      0
-1.72857     0      0
-1.71429     0      0
-1.7     0      0
-1.68571     0      0
-1.67143     0      0
-1.65714     6.05593e-102      0
-1.64286     7.43195e-102      0
-1.62857     7.43754e-102      0
-1.61429     7.45617e-102      0
-1.6     2.59671e-95      0
-1.58571     2.95639e-95      0
-1.57143     2.95788e-95      0
-1.55714     2.96161e-95      0
-1.54286     1.16684e-88      0
-1.52857     1.17332e-88      0
-1.51429     1.17928e-88      0
-1.5     7.0125e-83      0
-1.48571     4.66108e-82      0
-1.47143     4.67777e-82      0
-1.45714     4.70877e-82      0
-1.44286     6.40989e-76      0
-1.42857     1.86157e-75      0
-1.41429     0.0023345      0
-1.4     0.007636      0
-1.38571     0.007678      0
-1.37143     0.007688      0
-1.35714     0.00768      0
-1.34286     0.007744      0
-1.32857     0.007752      0
-1.31429     0.00775      0
-1.3     0.007796      0
-1.28571     0.007788      0
-1.27143     0.007838      0
-1.25714     0.007876      0
-1.24286     0.00788      0
-1.22857     0.007888      0
-1.21429     0.00794      0
-1.2     0.007948      0
-1.18571     0.007982      0
-1.17143     0.00804      0
-1.15714     0.008044      0
-1.14286     0.008066      0
-1.12857     0.008132      0
-1.11429     0.008152      0
-1.1     0.008184      0
-1.08571     0.00822      0
-1.07143     0.008242      0
-1.05714     0.0083      0
-1.04286     0.008316      0
-1.02857     0.008366      0
-1.01429     0.008404      0
-1     0.008458      0
-0.985714     0.008488      0
-0.971429     0.00856      0
-0.957143     0.008584      0
-0.942857     0.008646      0
-0.928571     0.008716      0
-0.914286     0.00874      0
-0.9     0.008794      0
-0.885714     0.008868      0
-0.871429     0.00889      0
-0.857143     0.008956      0
-0.842857     0.009032      0
-0.828571     0.00913      0
-0.814286     0.009156      0
-0.8     0.009228      0
-0.785714     0.009304      0
-0.771429     0.009398      0
-0.757143     0.00946      0
-0.742857     0.009546      0
-0.728571     0.009632      0
-0.714286     0.009686      0
-0.7     0.009862      0
-0.685714     0.009854      0
-0.671429     0.010106      0
-0.657143     0.01007      0
-0.642857     0.010308      0
-0.628571     0.010366      0
-0.614286     0.010452      0
-0.6     0.01075      0
-0.585714     0.010852      0
-0.571429     0.010912      0
-0.557143     0.01102      0
-0.542857     0.011474      0
-0.528571     0.011566      0
-0.514286     0.011778      0
-0.5     0.01214      0
-0.485714     0.012336      0
-0.471429     0.012794      0
-0.457143     0.013208      0
-0.442857     0.013628      0
-0.428571     0.014372      0
-0.414286     0.015276      0
-0.4     0.016752      0
-0.385714     0.0317465      0
-0.371429     0.039324      0
-0.357143     0.024256      0
-0.342857     0.019558      0
-0.328571     0.017046      0
-0.314286     0.015262      0
-0.3     0.013834      0
-0.285714     0.012804      0
-0.271429     0.011876      0
-0.257143     0.011158      0
-0.242857     0.010494      0
-0.228571     0.009888      0
-0.214286     0.009362      0
-0.2     0.008928      0
-0.185714     0.008448      0
-0.171429     0.008044      0
-0.157143     0.00769      0
-0.142857     0.00738      0
-0.128571     0.006978      0
-0.114286     0.006696      0
-0.1     0.00639      0
-0.0857143     0.006106      0
-0.0714286     0.005836      0
-0.0571429     0.005616      0
-0.0428571     0.005342      0
-0.0285714     0.005092      0
-0.0142857     0.004878      0.0052545
0     0.004638      0.009776
0.0142857     0.000517      0.008916
0.0285714     0      0.008324
0.0428571     0      0.008108
0.0571429     0      0.007788
0.0714286     0      0.007628
0.0857143     0      0.007472
0.1     0      0.007406
0.114286     0      0.00734
0.128571     0      0.007354
0.142857     0      0.007302
0.157143     0      0.007336
0.171429     0      0.007328
0.185714     0      0.007386
0.2     0      0.007446
0.214286     0      0.00752
0.228571     0      0.00757
0.242857     0      0.007734
0.257143     0      0.007788
0.271429     0      0.007974
0.285714     0      0.008144
0.3     0      0.00835
0.314286     0      0.00858
0.328571     0      0.008914
0.342857     0      0.009302
0.357143     0      0.009846
0.371429     0      0.01085
0.385714     0      0.013261
0.4     0      0.010912
0.414286     0      0.009996
0.428571     0      0.00949
0.442857     0      0.008976
0.457143     0      0.008714
0.471429     0      0.008478
0.485714     0      0.008254
0.5     0      0.008118
0.514286     0      0.007868
0.528571     0      0.007754
0.542857     0      0.007646
0.557143     0      0.007484
0.571429     0      0.007394
0.585714     0      0.00723
0.6     0      0.007172
0.614286     0      0.007086
0.628571     0      0.007012
0.642857     0      0.006852
0.657143     0      0.00682
0.671429     0      0.006768
0.685714     0      0.00662
0.7     0      0.006628
0.714286     0      0.006502
0.728571     0      0.006466
0.742857     0      0.006384
0.757143     0      0.006346
0.771429     0      0.006252
0.785714     0      0.006212
0.8     0      0.006168
0.814286     0      0.006058
0.828571     0      0.00608
0.842857     0      0.00602
0.857143     0      0.005936
0.871429     0      0.00591
0.885714     0      0.005806
0.9     0      0.005848
0.914286     0      0.005728
0.928571     0      0.005732
0.942857     0      0.005666
0.957143     0      0.005582
0.971429     0      0.005636
0.985714     0      0.005544
1     0      0.005474
1.01429     0      0.005512
1.02857     0      0.005386
1.04286     0      0.005386
1.05714     0      0.005358
1.07143     0      0.005318
1.08571     0      0.005266
1.1     0      0.005292
1.11429     0      0.005174
1.12857     0      0.00522
1.14286     0      0.005144
1.15714     0      0.005086
1.17143     0      0.00509
1.18571     0      0.005014
1.2     0      0.005052
1.21429     0      0.004972
1.22857     0      0.004942
1.24286     0      0.004972
1.25714     0      0.004886
1.27143     0      0.00488
1.28571     0      0.004838
1.3     0      0.00482
1.31429     0      0.00477
1.32857     0      0.004742
1.34286     0      0.004794
1.35714     0      0.004682
1.37143     0      0.004678
1.38571     0      0.00468
1.4     0      0.00462
1.41429     0      0.00457
1.42857     0      0.00463
1.44286     0      0.004552
1.45714     0      0.00452
1.47143     0      0.004522
1.48571     0      0.004496
1.5     0      0.00443
1.51429     0      0.004464
1.52857     0      0.004452
1.54286     0      0.00435
1.55714     0      0.00443
1.57143     0      0.004302
1.58571     0      0.004342
1.6     0      0.004314
1.61429     0      0.004306
1.62857     0      0.00426
1.64286     0      0.004252
1.65714     0      0.004252
1.67143     0      0.004202
1.68571     0      0.004168
1.7     0      0.00416
1.71429     0      0.004184
1.72857     0      0.00412
1.74286     0      0.00413
1.75714     0      0.004086
1.77143     0      0.004114
1.78571     0      0.004022
1.8     0      0.004058
1.81429     0      0.004026
1.82857     0      0.003986
1.84286     0      0.004004
1.85714     0      0.003952
1.87143     0      0.003952
1.88571     0      0.003946
1.9     0      0.003932
1.91429     0      0.003904
1.92857     0      0.003862
1.94286     0      0.003864
1.95714     0      0.003886
1.97143     0      0.00385
1.98571     0      0.003826
2     0      0.003812
2.01429     0      0.003778
2.02857     0      0.00377
2.04286     0      0.003762
2.05714     0      0.003754
2.07143     0      0.003726
2.08571     0      0.003708
2.1     0      0.003706
2.11429     0      0.003696
2.12857     0      0.003662
2.14286     0      0.003672
2.15714     0      0.003664
2.17143     0      0.003614
2.18571     0      0.003624
2.2     0      0.003604
2.21429     0      0.0036
2.22857     0      0.003548
2.24286     0      0.003576
2.25714     0      0.00355
2.27143     0      0.003528
2.28571     0      0.00353
2.3     0      0.003514
2.31429     0      0.003492
2.32857     0      0.003492
2.34286     0      0.00351
2.35714     0      0.003412
2.37143     0      0.003452
2.38571     0      0.003454
2.4     0      0.003412
2.41429     0      0.003422
2.42857     0      0.003402
2.44286     0      0.003404
2.45714     0      0.00337
2.47143     0      0.003354
2.48571     0      0.003342
2.5     0      0.003346
2.51429     0      0.003324
2.52857     0      0.003318
2.54286     0      0.003312
2.55714     0      0.003298
2.57143     0      0.003292
2.58571     0      0.00326
2.6     0      0.0030625
2.61429     0      7.5313e-18
2.62857     0      1.1541e-29
2.64286     0      3.01807e-36
2.65714     0      8.02735e-43
2.67143     0      8.00781e-43
2.68571     0      2.32056e-43
2.7     0      1.22589e-49
2.71429     0      5.01099e-56
2.72857     0      2.23541e-57
2.74286     0      0
2.75714     0      0
2.77143     0      0
2.78571     0      0
2.8     0      0
2.81429     0      0
2.82857     0      0
2.84286     0      0
2.85714     0      0
2.87143     0      0
2.88571     0      0
2.9     0      0
2.91429     0      0
2.92857     0      0
2.94286     0      0
2.95714     0      0
2.97143     0      0
2.98571     0      0
3     0      0
3.01429     0      0
3.02857     0      0
3.04286     0      0
3.05714     0      0
3.07143     0      0
3.08571     0      0
3.1     0      0
3.11429     0      0
3.12857     0      0
3.14286     0      0
3.15714     0      0
3.17143     0      0
3.18571     0      0
3.2     0      0
3.21429     0      0
3.22857     0      0
3.24286     0      0
3.25714     0      0
3.27143     0      0
3.28571     0      0
3.3     0      0
3.31429     0      0
3.32857     0      0
3.34286     0      0
3.35714     0      0
3.37143     0      0
3.38571     0      0
3.4     0      0
3.41429     0      0
3.42857     0      0
3.44286     0      0
3.45714     0      0
3.47143     0      0
3.48571     0      0
3.5     0      0
3.51429     0      0
3.52857     0      0
3.54286     0      0
3.55714     0      0
3.57143     0      0
3.58571     0      0
3.6     0      0
3.61429     0      0
3.62857     0      0
3.64286     0      0
3.65714     0      0
3.67143     0      0
3.68571     0      0
3.7     0      0
3.71429     0      0
3.72857     0      0
3.74286     0      0
3.75714     0      0
3.77143     0      0
3.78571     0      0
3.8     0      0
3.81429     0      0
3.82857     0      0
3.84286     0      0
3.85714     0      0
3.87143     0      0
3.88571     0      0
3.9     0      0
3.91429     0      0
3.92857     0      0
3.94286     0      0
3.95714     0      0
3.97143     0      0
3.98571     0      0
4     0      0
4.01429     0      0
4.02857     0      0
4.04286     0      0
4.05714     0      0
4.07143     0      0
4.08571     0      0
4.1     0      0
4.11429     0      0
4.12857     0      0
4.14286     0      0
4.15714     0      0
4.17143     0      0
4.18571     0      0
4.2     0      0
4.21429     0      0
4.22857     0      0
4.24286     0      0
4.25714     0      0
4.27143     0      0
4.28571     0      0
4.3     0      0
4.31429     0      0
4.32857     0      0
4.34286     0      0
4.35714     0      0
4.37143     0      0
4.38571     0      0
4.4     0      0
4.41429     0      0
4.42857     0      0
4.44286     0      0
4.45714     0      0
4.47143     0      0
4.48571     0      0
4.5     0      0
4.51429     0      0
4.52857     0      0
4.54286     0      0
4.55714     0      0
4.57143     0      0
4.58571     0      0
4.6     0      0
4.61429     0      0
4.62857     0      0
4.64286     0      0
4.65714     0      0
4.67143     0      0
4.68571     0      0
4.7     0      0
4.71429     0      0
4.72857     0      0
4.74286     0      0
4.75714     0      0
4.77143     0      0
4.78571     0      0
4.8     0      0
4.81429     0      0
4.82857     0      0
4.84286     0      0
4.85714     0      0
4.87143     0      0
4.88571     0      0
4.9     0      0
4.91429     0      0
4.92857     0      0
4.94286     0      0
4.95714     0      0
4.97143     0      0
4.98571     0      0
