# U,mu,nA_up, nA_dn, nB_up, nB_dn, ms, mf, ntotal,mu,cint
#energy    dos_upn   dos_upp   dos_dnn  dos_dnp GRID=1000 bin=700
-5     0      0
-4.98571     0      0
-4.97143     0      0
-4.95714     0      0
-4.94286     0      0
-4.92857     0      0
-4.91429     0      0
-4.9     0      0
-4.88571     0      0
-4.87143     0      0
-4.85714     0      0
-4.84286     0      0
-4.82857     0      0
-4.81429     0      0
-4.8     0      0
-4.78571     0      0
-4.77143     0      0
-4.75714     0      0
-4.74286     0      0
-4.72857     0      0
-4.71429     0      0
-4.7     0      0
-4.68571     0      0
-4.67143     0      0
-4.65714     0      0
-4.64286     0      0
-4.62857     0      0
-4.61429     0      0
-4.6     0      0
-4.58571     0      0
-4.57143     0      0
-4.55714     0      0
-4.54286     0      0
-4.52857     0      0
-4.51429     0      0
-4.5     0      0
-4.48571     0      0
-4.47143     0      0
-4.45714     0      0
-4.44286     0      0
-4.42857     0      0
-4.41429     0      0
-4.4     0      0
-4.38571     0      0
-4.37143     0      0
-4.35714     0      0
-4.34286     0      0
-4.32857     0      0
-4.31429     0      0
-4.3     0      0
-4.28571     0      0
-4.27143     0      0
-4.25714     0      0
-4.24286     0      0
-4.22857     0      0
-4.21429     0      0
-4.2     0      0
-4.18571     0      0
-4.17143     0      0
-4.15714     0      0
-4.14286     0      0
-4.12857     0      0
-4.11429     0      0
-4.1     0      0
-4.08571     0      0
-4.07143     0      0
-4.05714     0      0
-4.04286     0      0
-4.02857     0      0
-4.01429     0      0
-4     0      0
-3.98571     0      0
-3.97143     0      0
-3.95714     0      0
-3.94286     0      0
-3.92857     0      0
-3.91429     0      0
-3.9     0      0
-3.88571     0      0
-3.87143     0      0
-3.85714     0      0
-3.84286     0      0
-3.82857     0      0
-3.81429     0      0
-3.8     0      0
-3.78571     0      0
-3.77143     0      0
-3.75714     0      0
-3.74286     0      0
-3.72857     0      0
-3.71429     0      0
-3.7     0      0
-3.68571     0      0
-3.67143     0      0
-3.65714     0      0
-3.64286     0      0
-3.62857     0      0
-3.61429     0      0
-3.6     0      0
-3.58571     0      0
-3.57143     0      0
-3.55714     0      0
-3.54286     0      0
-3.52857     0      0
-3.51429     0      0
-3.5     0      0
-3.48571     0      0
-3.47143     0      0
-3.45714     0      0
-3.44286     0      0
-3.42857     0      0
-3.41429     0      0
-3.4     0      0
-3.38571     0      0
-3.37143     0      0
-3.35714     0      0
-3.34286     0      0
-3.32857     0      0
-3.31429     0      0
-3.3     0      0
-3.28571     0      0
-3.27143     0      0
-3.25714     0      0
-3.24286     0      0
-3.22857     0      0
-3.21429     0      0
-3.2     0      0
-3.18571     0      0
-3.17143     0      0
-3.15714     0      0
-3.14286     0      0
-3.12857     0      0
-3.11429     0      0
-3.1     0      0
-3.08571     0      0
-3.07143     0      0
-3.05714     0      0
-3.04286     0      0
-3.02857     0      0
-3.01429     0      0
-3     0      0
-2.98571     0      0
-2.97143     0      0
-2.95714     0      0
-2.94286     0      0
-2.92857     0      0
-2.91429     0      0
-2.9     0      0
-2.88571     0      0
-2.87143     0      0
-2.85714     0      0
-2.84286     0      0
-2.82857     0      0
-2.81429     0      0
-2.8     0      0
-2.78571     0      0
-2.77143     0      0
-2.75714     0      0
-2.74286     0      0
-2.72857     0      0
-2.71429     0      0
-2.7     0      0
-2.68571     0      0
-2.67143     0      0
-2.65714     0      0
-2.64286     0      0
-2.62857     0      0
-2.61429     0      0
-2.6     0      0
-2.58571     0      0
-2.57143     0      0
-2.55714     0      0
-2.54286     0      0
-2.52857     0      0
-2.51429     0      0
-2.5     0      0
-2.48571     0      0
-2.47143     0      0
-2.45714     0      0
-2.44286     0      0
-2.42857     0      0
-2.41429     0      0
-2.4     0      0
-2.38571     0      0
-2.37143     0      0
-2.35714     0      0
-2.34286     0      0
-2.32857     0      0
-2.31429     0      0
-2.3     0      0
-2.28571     0      0
-2.27143     0      0
-2.25714     0      0
-2.24286     0      0
-2.22857     0      0
-2.21429     0      0
-2.2     0      0
-2.18571     0      0
-2.17143     0      0
-2.15714     0      0
-2.14286     0      0
-2.12857     0      0
-2.11429     0      0
-2.1     0      0
-2.08571     0      0
-2.07143     0      0
-2.05714     0      0
-2.04286     0      0
-2.02857     0      0
-2.01429     0      0
-2     0      0
-1.98571     0      0
-1.97143     0      0
-1.95714     0      0
-1.94286     0      0
-1.92857     0      0
-1.91429     0      0
-1.9     0      0
-1.88571     0      0
-1.87143     0      0
-1.85714     0      0
-1.84286     0      0
-1.82857     0      0
-1.81429     0      0
-1.8     0      0
-1.78571     0      0
-1.77143     0      0
-1.75714     0      0
-1.74286     0      0
-1.72857     0      0
-1.71429     0      0
-1.7     0      0
-1.68571     0      0
-1.67143     0      0
-1.65714     2.3656e-128      0
-1.64286     2.90311e-128      0
-1.62857     2.90529e-128      0
-1.61429     2.91257e-128      0
-1.6     1.01434e-121      0
-1.58571     1.15484e-121      0
-1.57143     1.15542e-121      0
-1.55714     1.15688e-121      0
-1.54286     4.55795e-115      0
-1.52857     4.58327e-115      0
-1.51429     4.60656e-115      0
-1.5     2.73926e-109      0
-1.48571     1.82074e-108      0
-1.47143     1.82726e-108      0
-1.45714     1.83936e-108      0
-1.44286     2.50386e-102      0
-1.42857     7.27177e-102      0
-1.41429     1.01953e-23      0
-1.4     0.0043545      0
-1.38571     0.007642      0
-1.37143     0.00766      0
-1.35714     0.007672      0
-1.34286     0.007696      0
-1.32857     0.007706      0
-1.31429     0.00771      0
-1.3     0.00778      0
-1.28571     0.007772      0
-1.27143     0.007788      0
-1.25714     0.00783      0
-1.24286     0.007816      0
-1.22857     0.007872      0
-1.21429     0.00792      0
-1.2     0.007932      0
-1.18571     0.007932      0
-1.17143     0.007976      0
-1.15714     0.00803      0
-1.14286     0.00801      0
-1.12857     0.00806      0
-1.11429     0.008104      0
-1.1     0.008128      0
-1.08571     0.008164      0
-1.07143     0.008194      0
-1.05714     0.008268      0
-1.04286     0.008242      0
-1.02857     0.008314      0
-1.01429     0.008346      0
-1     0.008408      0
-0.985714     0.008442      0
-0.971429     0.008436      0
-0.957143     0.008588      0
-0.942857     0.00856      0
-0.928571     0.008572      0
-0.914286     0.008662      0
-0.9     0.008748      0
-0.885714     0.008768      0
-0.871429     0.008792      0
-0.857143     0.0089      0
-0.842857     0.008916      0
-0.828571     0.009016      0
-0.814286     0.009052      0
-0.8     0.009098      0
-0.785714     0.00919      0
-0.771429     0.009274      0
-0.757143     0.00934      0
-0.742857     0.009418      0
-0.728571     0.0095      0
-0.714286     0.009514      0
-0.7     0.009682      0
-0.685714     0.009756      0
-0.671429     0.009826      0
-0.657143     0.009958      0
-0.642857     0.010022      0
-0.628571     0.010114      0
-0.614286     0.01033      0
-0.6     0.010422      0
-0.585714     0.010508      0
-0.571429     0.010628      0
-0.557143     0.010756      0
-0.542857     0.011004      0
-0.528571     0.011234      0
-0.514286     0.011308      0
-0.5     0.011522      0
-0.485714     0.011816      0
-0.471429     0.012142      0
-0.457143     0.012344      0
-0.442857     0.01272      0
-0.428571     0.013072      0
-0.414286     0.013592      0
-0.4     0.014308      0
-0.385714     0.015056      0
-0.371429     0.016422      0
-0.357143     0.0269945      0
-0.342857     0.039666      0
-0.328571     0.024352      0
-0.314286     0.01938      0
-0.3     0.01675      0
-0.285714     0.014864      0
-0.271429     0.013574      0
-0.257143     0.012428      0
-0.242857     0.01162      0
-0.228571     0.010836      0
-0.214286     0.010242      0
-0.2     0.00958      0
-0.185714     0.009118      0
-0.171429     0.008606      0
-0.157143     0.00819      0
-0.142857     0.007804      0
-0.128571     0.007432      0
-0.114286     0.007106      0
-0.1     0.006748      0
-0.0857143     0.006474      0
-0.0714286     0.006148      0
-0.0571429     0.005872      0
-0.0428571     0.005616      0
-0.0285714     0.005348      0.0061585
-0.0142857     0.005126      0.009516
0     0.00483      0.008632
0.0142857     0.00464      0.008126
0.0285714     0.00439      0.007734
0.0428571     0.001611      0.007612
0.0571429     0      0.007404
0.0714286     0      0.007234
0.0857143     0      0.007234
0.1     0      0.007078
0.114286     0      0.007166
0.128571     0      0.007126
0.142857     0      0.007144
0.157143     0      0.007152
0.171429     0      0.007186
0.185714     0      0.007278
0.2     0      0.007322
0.214286     0      0.00744
0.228571     0      0.007518
0.242857     0      0.007658
0.257143     0      0.00779
0.271429     0      0.007954
0.285714     0      0.008144
0.3     0      0.008436
0.314286     0      0.008716
0.328571     0      0.009084
0.342857     0      0.00968
0.357143     0      0.010678
0.371429     0      0.012745
0.385714     0      0.010562
0.4     0      0.009758
0.414286     0      0.009212
0.428571     0      0.008888
0.442857     0      0.00857
0.457143     0      0.00834
0.471429     0      0.008122
0.485714     0      0.008022
0.5     0      0.007822
0.514286     0      0.007692
0.528571     0      0.00755
0.542857     0      0.007468
0.557143     0      0.007346
0.571429     0      0.007238
0.585714     0      0.007166
0.6     0      0.00702
0.614286     0      0.006984
0.628571     0      0.006872
0.642857     0      0.006756
0.657143     0      0.006772
0.671429     0      0.006644
0.685714     0      0.006572
0.7     0      0.00655
0.714286     0      0.006444
0.728571     0      0.00643
0.742857     0      0.006278
0.757143     0      0.006328
0.771429     0      0.006162
0.785714     0      0.006234
0.8     0      0.006054
0.814286     0      0.006096
0.828571     0      0.005974
0.842857     0      0.005978
0.857143     0      0.00591
0.871429     0      0.005834
0.885714     0      0.005824
0.9     0      0.005774
0.914286     0      0.005726
0.928571     0      0.005728
0.942857     0      0.00562
0.957143     0      0.005608
0.971429     0      0.005546
0.985714     0      0.005518
1     0      0.005512
1.01429     0      0.00544
1.02857     0      0.005366
1.04286     0      0.005412
1.05714     0      0.005358
1.07143     0      0.005274
1.08571     0      0.005262
1.1     0      0.00525
1.11429     0      0.005186
1.12857     0      0.005186
1.14286     0      0.005132
1.15714     0      0.005066
1.17143     0      0.005096
1.18571     0      0.005018
1.2     0      0.005016
1.21429     0      0.004986
1.22857     0      0.00493
1.24286     0      0.00496
1.25714     0      0.004868
1.27143     0      0.004874
1.28571     0      0.004834
1.3     0      0.004808
1.31429     0      0.004792
1.32857     0      0.004722
1.34286     0      0.004748
1.35714     0      0.004718
1.37143     0      0.004654
1.38571     0      0.004672
1.4     0      0.004616
1.41429     0      0.004602
1.42857     0      0.00457
1.44286     0      0.004582
1.45714     0      0.004514
1.47143     0      0.00449
1.48571     0      0.00452
1.5     0      0.004456
1.51429     0      0.004422
1.52857     0      0.004428
1.54286     0      0.004404
1.55714     0      0.004362
1.57143     0      0.004352
1.58571     0      0.004348
1.6     0      0.004312
1.61429     0      0.004282
1.62857     0      0.00426
1.64286     0      0.00426
1.65714     0      0.004214
1.67143     0      0.004238
1.68571     0      0.004186
1.7     0      0.004168
1.71429     0      0.00412
1.72857     0      0.00418
1.74286     0      0.004076
1.75714     0      0.004128
1.77143     0      0.00406
1.78571     0      0.00408
1.8     0      0.004056
1.81429     0      0.004
1.82857     0      0.00403
1.84286     0      0.00395
1.85714     0      0.00397
1.87143     0      0.00398
1.88571     0      0.00394
1.9     0      0.003904
1.91429     0      0.003934
1.92857     0      0.003894
1.94286     0      0.003876
1.95714     0      0.003852
1.97143     0      0.003806
1.98571     0      0.003832
2     0      0.003826
2.01429     0      0.003786
2.02857     0      0.00377
2.04286     0      0.003758
2.05714     0      0.003748
2.07143     0      0.00373
2.08571     0      0.003748
2.1     0      0.003698
2.11429     0      0.003678
2.12857     0      0.003666
2.14286     0      0.003676
2.15714     0      0.003642
2.17143     0      0.003674
2.18571     0      0.00359
2.2     0      0.003604
2.21429     0      0.00359
2.22857     0      0.003598
2.24286     0      0.003544
2.25714     0      0.003552
2.27143     0      0.003542
2.28571     0      0.00352
2.3     0      0.003526
2.31429     0      0.00349
2.32857     0      0.003504
2.34286     0      0.003448
2.35714     0      0.003476
2.37143     0      0.00348
2.38571     0      0.003434
2.4     0      0.00342
2.41429     0      0.003404
2.42857     0      0.00342
2.44286     0      0.00337
2.45714     0      0.003386
2.47143     0      0.003344
2.48571     0      0.003364
2.5     0      0.003348
2.51429     0      0.003322
2.52857     0      0.003332
2.54286     0      0.003308
2.55714     0      0.0033
2.57143     0      0.003278
2.58571     0      0.003278
2.6     0      0.003272
2.61429     0      0.0012245
2.62857     0      4.50821e-56
2.64286     0      1.17893e-62
2.65714     0      3.13568e-69
2.67143     0      3.12805e-69
2.68571     0      9.06468e-70
2.7     0      4.78864e-76
2.71429     0      1.95742e-82
2.72857     0      8.73208e-84
2.74286     0      0
2.75714     0      0
2.77143     0      0
2.78571     0      0
2.8     0      0
2.81429     0      0
2.82857     0      0
2.84286     0      0
2.85714     0      0
2.87143     0      0
2.88571     0      0
2.9     0      0
2.91429     0      0
2.92857     0      0
2.94286     0      0
2.95714     0      0
2.97143     0      0
2.98571     0      0
3     0      0
3.01429     0      0
3.02857     0      0
3.04286     0      0
3.05714     0      0
3.07143     0      0
3.08571     0      0
3.1     0      0
3.11429     0      0
3.12857     0      0
3.14286     0      0
3.15714     0      0
3.17143     0      0
3.18571     0      0
3.2     0      0
3.21429     0      0
3.22857     0      0
3.24286     0      0
3.25714     0      0
3.27143     0      0
3.28571     0      0
3.3     0      0
3.31429     0      0
3.32857     0      0
3.34286     0      0
3.35714     0      0
3.37143     0      0
3.38571     0      0
3.4     0      0
3.41429     0      0
3.42857     0      0
3.44286     0      0
3.45714     0      0
3.47143     0      0
3.48571     0      0
3.5     0      0
3.51429     0      0
3.52857     0      0
3.54286     0      0
3.55714     0      0
3.57143     0      0
3.58571     0      0
3.6     0      0
3.61429     0      0
3.62857     0      0
3.64286     0      0
3.65714     0      0
3.67143     0      0
3.68571     0      0
3.7     0      0
3.71429     0      0
3.72857     0      0
3.74286     0      0
3.75714     0      0
3.77143     0      0
3.78571     0      0
3.8     0      0
3.81429     0      0
3.82857     0      0
3.84286     0      0
3.85714     0      0
3.87143     0      0
3.88571     0      0
3.9     0      0
3.91429     0      0
3.92857     0      0
3.94286     0      0
3.95714     0      0
3.97143     0      0
3.98571     0      0
4     0      0
4.01429     0      0
4.02857     0      0
4.04286     0      0
4.05714     0      0
4.07143     0      0
4.08571     0      0
4.1     0      0
4.11429     0      0
4.12857     0      0
4.14286     0      0
4.15714     0      0
4.17143     0      0
4.18571     0      0
4.2     0      0
4.21429     0      0
4.22857     0      0
4.24286     0      0
4.25714     0      0
4.27143     0      0
4.28571     0      0
4.3     0      0
4.31429     0      0
4.32857     0      0
4.34286     0      0
4.35714     0      0
4.37143     0      0
4.38571     0      0
4.4     0      0
4.41429     0      0
4.42857     0      0
4.44286     0      0
4.45714     0      0
4.47143     0      0
4.48571     0      0
4.5     0      0
4.51429     0      0
4.52857     0      0
4.54286     0      0
4.55714     0      0
4.57143     0      0
4.58571     0      0
4.6     0      0
4.61429     0      0
4.62857     0      0
4.64286     0      0
4.65714     0      0
4.67143     0      0
4.68571     0      0
4.7     0      0
4.71429     0      0
4.72857     0      0
4.74286     0      0
4.75714     0      0
4.77143     0      0
4.78571     0      0
4.8     0      0
4.81429     0      0
4.82857     0      0
4.84286     0      0
4.85714     0      0
4.87143     0      0
4.88571     0      0
4.9     0      0
4.91429     0      0
4.92857     0      0
4.94286     0      0
4.95714     0      0
4.97143     0      0
4.98571     0      0
