# U,mu,nA_up, nA_dn, nB_up, nB_dn, ms, mf, ntotal,mu,cint
#energy    dos_upn   dos_upp   dos_dnn  dos_dnp GRID=1000 bin=700
-5     0      0
-4.98571     0      0
-4.97143     0      0
-4.95714     0      0
-4.94286     0      0
-4.92857     0      0
-4.91429     0      0
-4.9     0      0
-4.88571     0      0
-4.87143     0      0
-4.85714     0      0
-4.84286     0      0
-4.82857     0      0
-4.81429     0      0
-4.8     0      0
-4.78571     0      0
-4.77143     0      0
-4.75714     0      0
-4.74286     0      0
-4.72857     0      0
-4.71429     0      0
-4.7     0      0
-4.68571     0      0
-4.67143     0      0
-4.65714     0      0
-4.64286     0      0
-4.62857     0      0
-4.61429     0      0
-4.6     0      0
-4.58571     0      0
-4.57143     0      0
-4.55714     0      0
-4.54286     0      0
-4.52857     0      0
-4.51429     0      0
-4.5     0      0
-4.48571     0      0
-4.47143     0      0
-4.45714     0      0
-4.44286     0      0
-4.42857     0      0
-4.41429     0      0
-4.4     0      0
-4.38571     0      0
-4.37143     0      0
-4.35714     0      0
-4.34286     0      0
-4.32857     0      0
-4.31429     0      0
-4.3     0      0
-4.28571     0      0
-4.27143     0      0
-4.25714     0      0
-4.24286     0      0
-4.22857     0      0
-4.21429     0      0
-4.2     0      0
-4.18571     0      0
-4.17143     0      0
-4.15714     0      0
-4.14286     0      0
-4.12857     0      0
-4.11429     0      0
-4.1     0      0
-4.08571     0      0
-4.07143     0      0
-4.05714     0      0
-4.04286     0      0
-4.02857     0      0
-4.01429     0      0
-4     0      0
-3.98571     0      0
-3.97143     0      0
-3.95714     0      0
-3.94286     0      0
-3.92857     0      0
-3.91429     0      0
-3.9     0      0
-3.88571     0      0
-3.87143     0      0
-3.85714     0      0
-3.84286     0      0
-3.82857     0      0
-3.81429     0      0
-3.8     0      0
-3.78571     0      0
-3.77143     0      0
-3.75714     0      0
-3.74286     0      0
-3.72857     0      0
-3.71429     0      0
-3.7     0      0
-3.68571     0      0
-3.67143     0      0
-3.65714     0      0
-3.64286     0      0
-3.62857     0      0
-3.61429     0      0
-3.6     0      0
-3.58571     0      0
-3.57143     0      0
-3.55714     0      0
-3.54286     0      0
-3.52857     0      0
-3.51429     0      0
-3.5     0      0
-3.48571     0      0
-3.47143     0      0
-3.45714     0      0
-3.44286     0      0
-3.42857     0      0
-3.41429     0      0
-3.4     0      0
-3.38571     0      0
-3.37143     0      0
-3.35714     0      0
-3.34286     0      0
-3.32857     0      0
-3.31429     0      0
-3.3     0      0
-3.28571     0      0
-3.27143     0      0
-3.25714     0      0
-3.24286     0      0
-3.22857     0      0
-3.21429     0      0
-3.2     0      0
-3.18571     0      0
-3.17143     0      0
-3.15714     0      0
-3.14286     0      0
-3.12857     0      0
-3.11429     0      0
-3.1     0      0
-3.08571     0      0
-3.07143     0      0
-3.05714     0      0
-3.04286     0      0
-3.02857     0      0
-3.01429     0      0
-3     0      0
-2.98571     0      0
-2.97143     0      0
-2.95714     0      0
-2.94286     0      0
-2.92857     0      0
-2.91429     0      0
-2.9     0      0
-2.88571     0      0
-2.87143     0      0
-2.85714     0      0
-2.84286     0      0
-2.82857     0      0
-2.81429     0      0
-2.8     0      0
-2.78571     0      0
-2.77143     0      0
-2.75714     0      0
-2.74286     0      0
-2.72857     0      0
-2.71429     0      0
-2.7     0      0
-2.68571     0      0
-2.67143     0      0
-2.65714     0      0
-2.64286     0      0
-2.62857     0      0
-2.61429     0      0
-2.6     0      0
-2.58571     0      0
-2.57143     0      0
-2.55714     0      0
-2.54286     0      0
-2.52857     0      0
-2.51429     0      0
-2.5     0      0
-2.48571     0      0
-2.47143     0      0
-2.45714     0      0
-2.44286     0      0
-2.42857     0      0
-2.41429     0      0
-2.4     0      0
-2.38571     0      0
-2.37143     0      0
-2.35714     0      0
-2.34286     0      0
-2.32857     0      0
-2.31429     0      0
-2.3     0      0
-2.28571     0      0
-2.27143     0      0
-2.25714     0      0
-2.24286     0      0
-2.22857     0      0
-2.21429     0      0
-2.2     0      0
-2.18571     0      0
-2.17143     0      0
-2.15714     0      0
-2.14286     0      0
-2.12857     0      0
-2.11429     0      0
-2.1     0      0
-2.08571     0      0
-2.07143     0      0
-2.05714     0      0
-2.04286     0      0
-2.02857     0      0
-2.01429     0      0
-2     0      0
-1.98571     0      0
-1.97143     0      0
-1.95714     0      0
-1.94286     0      0
-1.92857     0      0
-1.91429     0      0
-1.9     0      0
-1.88571     0      0
-1.87143     0      0
-1.85714     0      0
-1.84286     0      0
-1.82857     0      0
-1.81429     0      0
-1.8     0      0
-1.78571     0      0
-1.77143     0      0
-1.75714     0      0
-1.74286     0      0
-1.72857     0      0
-1.71429     0      0
-1.7     0      0
-1.68571     0      0
-1.67143     0      0
-1.65714     9.68948e-89      0
-1.64286     1.18911e-88      0
-1.62857     1.19001e-88      0
-1.61429     1.19299e-88      0
-1.6     4.15474e-82      0
-1.58571     4.73023e-82      0
-1.57143     4.73261e-82      0
-1.55714     4.73857e-82      0
-1.54286     1.86694e-75      0
-1.52857     1.87731e-75      0
-1.51429     1.88685e-75      0
-1.5     1.122e-69      0
-1.48571     7.45774e-69      0
-1.47143     7.48444e-69      0
-1.45714     7.53403e-69      0
-1.44286     1.02558e-62      0
-1.42857     2.97852e-62      0
-1.41429     0.0032545      0
-1.4     0.007664      0
-1.38571     0.007692      0
-1.37143     0.007664      0
-1.35714     0.007736      0
-1.34286     0.007738      0
-1.32857     0.00775      0
-1.31429     0.007782      0
-1.3     0.007796      0
-1.28571     0.007836      0
-1.27143     0.007842      0
-1.25714     0.007866      0
-1.24286     0.0079      0
-1.22857     0.00793      0
-1.21429     0.007962      0
-1.2     0.007944      0
-1.18571     0.008048      0
-1.17143     0.008002      0
-1.15714     0.008106      0
-1.14286     0.008106      0
-1.12857     0.008116      0
-1.11429     0.008176      0
-1.1     0.008186      0
-1.08571     0.00826      0
-1.07143     0.008276      0
-1.05714     0.008338      0
-1.04286     0.008324      0
-1.02857     0.008408      0
-1.01429     0.008456      0
-1     0.008466      0
-0.985714     0.008532      0
-0.971429     0.008584      0
-0.957143     0.008648      0
-0.942857     0.008636      0
-0.928571     0.008756      0
-0.914286     0.00876      0
-0.9     0.008846      0
-0.885714     0.008876      0
-0.871429     0.00898      0
-0.857143     0.009004      0
-0.842857     0.009106      0
-0.828571     0.009136      0
-0.814286     0.009186      0
-0.8     0.009314      0
-0.785714     0.009376      0
-0.771429     0.009466      0
-0.757143     0.009492      0
-0.742857     0.009598      0
-0.728571     0.009738      0
-0.714286     0.009812      0
-0.7     0.009868      0
-0.685714     0.01005      0
-0.671429     0.010092      0
-0.657143     0.01028      0
-0.642857     0.010302      0
-0.628571     0.010584      0
-0.614286     0.010604      0
-0.6     0.010756      0
-0.585714     0.010852      0
-0.571429     0.01144      0
-0.557143     0.011184      0
-0.542857     0.011638      0
-0.528571     0.011812      0
-0.514286     0.012074      0
-0.5     0.01243      0
-0.485714     0.012722      0
-0.471429     0.013286      0
-0.457143     0.01374      0
-0.442857     0.014324      0
-0.428571     0.015394      0
-0.414286     0.0171105      0
-0.4     0.034028      0
-0.385714     0.039288      0
-0.371429     0.02441      0
-0.357143     0.019932      0
-0.342857     0.017326      0
-0.328571     0.01542      0
-0.314286     0.014148      0
-0.3     0.013044      0
-0.285714     0.012124      0
-0.271429     0.011374      0
-0.257143     0.010728      0
-0.242857     0.010056      0
-0.228571     0.009548      0
-0.214286     0.009094      0
-0.2     0.00868      0
-0.185714     0.008254      0
-0.171429     0.007868      0
-0.157143     0.00751      0
-0.142857     0.00715      0
-0.128571     0.006834      0
-0.114286     0.006584      0
-0.1     0.006284      0
-0.0857143     0.006026      0
-0.0714286     0.00575      0
-0.0571429     0.005492      0
-0.0428571     0.00528      0
-0.0285714     0.005028      0
-0.0142857     0.004727      0
0     0      0.0040625
0.0142857     0      0.010004
0.0285714     0      0.009128
0.0428571     0      0.008608
0.0571429     0      0.008168
0.0714286     0      0.00795
0.0857143     0      0.00776
0.1     0      0.007646
0.114286     0      0.007522
0.128571     0      0.007504
0.142857     0      0.007468
0.157143     0      0.007424
0.171429     0      0.007448
0.185714     0      0.007448
0.2     0      0.0075
0.214286     0      0.007542
0.228571     0      0.007636
0.242857     0      0.007696
0.257143     0      0.007824
0.271429     0      0.00791
0.285714     0      0.008092
0.3     0      0.00822
0.314286     0      0.008452
0.328571     0      0.0087
0.342857     0      0.009014
0.357143     0      0.00936
0.371429     0      0.009962
0.385714     0      0.0109
0.4     0      0.013427
0.414286     0      0.011382
0.428571     0      0.010256
0.442857     0      0.00956
0.457143     0      0.009138
0.471429     0      0.00885
0.485714     0      0.008568
0.5     0      0.008322
0.514286     0      0.008128
0.528571     0      0.00797
0.542857     0      0.007778
0.557143     0      0.007706
0.571429     0      0.00754
0.585714     0      0.007442
0.6     0      0.00728
0.614286     0      0.007218
0.628571     0      0.007042
0.642857     0      0.007032
0.657143     0      0.006914
0.671429     0      0.00685
0.685714     0      0.00671
0.7     0      0.006696
0.714286     0      0.006566
0.728571     0      0.006554
0.742857     0      0.00648
0.757143     0      0.006358
0.771429     0      0.006402
0.785714     0      0.006234
0.8     0      0.006236
0.814286     0      0.006126
0.828571     0      0.00613
0.842857     0      0.005998
0.857143     0      0.006072
0.871429     0      0.00589
0.885714     0      0.005914
0.9     0      0.005826
0.914286     0      0.005814
0.928571     0      0.00574
0.942857     0      0.005674
0.957143     0      0.005684
0.971429     0      0.005632
0.985714     0      0.005582
1     0      0.00554
1.01429     0      0.00547
1.02857     0      0.005448
1.04286     0      0.00544
1.05714     0      0.005386
1.07143     0      0.00535
1.08571     0      0.005308
1.1     0      0.005272
1.11429     0      0.005218
1.12857     0      0.005224
1.14286     0      0.00513
1.15714     0      0.00513
1.17143     0      0.005136
1.18571     0      0.005056
1.2     0      0.005062
1.21429     0      0.004974
1.22857     0      0.005024
1.24286     0      0.004932
1.25714     0      0.004866
1.27143     0      0.004938
1.28571     0      0.004844
1.3     0      0.004846
1.31429     0      0.004796
1.32857     0      0.004784
1.34286     0      0.004742
1.35714     0      0.004714
1.37143     0      0.00473
1.38571     0      0.004666
1.4     0      0.00463
1.41429     0      0.004636
1.42857     0      0.004596
1.44286     0      0.004558
1.45714     0      0.004568
1.47143     0      0.004498
1.48571     0      0.004476
1.5     0      0.004536
1.51429     0      0.004406
1.52857     0      0.00446
1.54286     0      0.004404
1.55714     0      0.004362
1.57143     0      0.004372
1.58571     0      0.00434
1.6     0      0.004318
1.61429     0      0.004318
1.62857     0      0.004278
1.64286     0      0.004264
1.65714     0      0.004224
1.67143     0      0.004242
1.68571     0      0.004194
1.7     0      0.004178
1.71429     0      0.004168
1.72857     0      0.004136
1.74286     0      0.0041
1.75714     0      0.004142
1.77143     0      0.004062
1.78571     0      0.004078
1.8     0      0.004054
1.81429     0      0.004034
1.82857     0      0.00402
1.84286     0      0.003956
1.85714     0      0.003992
1.87143     0      0.00397
1.88571     0      0.003946
1.9     0      0.003918
1.91429     0      0.003914
1.92857     0      0.003904
1.94286     0      0.003898
1.95714     0      0.003836
1.97143     0      0.00382
1.98571     0      0.003846
2     0      0.003802
2.01429     0      0.003818
2.02857     0      0.003786
2.04286     0      0.003752
2.05714     0      0.003762
2.07143     0      0.00376
2.08571     0      0.003694
2.1     0      0.00373
2.11429     0      0.00367
2.12857     0      0.003712
2.14286     0      0.003642
2.15714     0      0.003642
2.17143     0      0.003644
2.18571     0      0.003628
2.2     0      0.0036
2.21429     0      0.0036
2.22857     0      0.003592
2.24286     0      0.003548
2.25714     0      0.00356
2.27143     0      0.003534
2.28571     0      0.003524
2.3     0      0.003552
2.31429     0      0.003478
2.32857     0      0.003482
2.34286     0      0.003472
2.35714     0      0.003488
2.37143     0      0.003442
2.38571     0      0.00346
2.4     0      0.003406
2.41429     0      0.003414
2.42857     0      0.00342
2.44286     0      0.003388
2.45714     0      0.003364
2.47143     0      0.003372
2.48571     0      0.003352
2.5     0      0.003354
2.51429     0      0.00333
2.52857     0      0.003314
2.54286     0      0.003322
2.55714     0      0.0033
2.57143     0      0.003276
2.58571     0      0.003278
2.6     0      0.003268
2.61429     0      0.000120501
2.62857     0      1.84656e-16
2.64286     0      4.82891e-23
2.65714     0      1.28438e-29
2.67143     0      1.28125e-29
2.68571     0      3.71289e-30
2.7     0      1.96143e-36
2.71429     0      8.01758e-43
2.72857     0      3.57666e-44
2.74286     0      0
2.75714     0      0
2.77143     0      0
2.78571     0      0
2.8     0      0
2.81429     0      0
2.82857     0      0
2.84286     0      0
2.85714     0      0
2.87143     0      0
2.88571     0      0
2.9     0      0
2.91429     0      0
2.92857     0      0
2.94286     0      0
2.95714     0      0
2.97143     0      0
2.98571     0      0
3     0      0
3.01429     0      0
3.02857     0      0
3.04286     0      0
3.05714     0      0
3.07143     0      0
3.08571     0      0
3.1     0      0
3.11429     0      0
3.12857     0      0
3.14286     0      0
3.15714     0      0
3.17143     0      0
3.18571     0      0
3.2     0      0
3.21429     0      0
3.22857     0      0
3.24286     0      0
3.25714     0      0
3.27143     0      0
3.28571     0      0
3.3     0      0
3.31429     0      0
3.32857     0      0
3.34286     0      0
3.35714     0      0
3.37143     0      0
3.38571     0      0
3.4     0      0
3.41429     0      0
3.42857     0      0
3.44286     0      0
3.45714     0      0
3.47143     0      0
3.48571     0      0
3.5     0      0
3.51429     0      0
3.52857     0      0
3.54286     0      0
3.55714     0      0
3.57143     0      0
3.58571     0      0
3.6     0      0
3.61429     0      0
3.62857     0      0
3.64286     0      0
3.65714     0      0
3.67143     0      0
3.68571     0      0
3.7     0      0
3.71429     0      0
3.72857     0      0
3.74286     0      0
3.75714     0      0
3.77143     0      0
3.78571     0      0
3.8     0      0
3.81429     0      0
3.82857     0      0
3.84286     0      0
3.85714     0      0
3.87143     0      0
3.88571     0      0
3.9     0      0
3.91429     0      0
3.92857     0      0
3.94286     0      0
3.95714     0      0
3.97143     0      0
3.98571     0      0
4     0      0
4.01429     0      0
4.02857     0      0
4.04286     0      0
4.05714     0      0
4.07143     0      0
4.08571     0      0
4.1     0      0
4.11429     0      0
4.12857     0      0
4.14286     0      0
4.15714     0      0
4.17143     0      0
4.18571     0      0
4.2     0      0
4.21429     0      0
4.22857     0      0
4.24286     0      0
4.25714     0      0
4.27143     0      0
4.28571     0      0
4.3     0      0
4.31429     0      0
4.32857     0      0
4.34286     0      0
4.35714     0      0
4.37143     0      0
4.38571     0      0
4.4     0      0
4.41429     0      0
4.42857     0      0
4.44286     0      0
4.45714     0      0
4.47143     0      0
4.48571     0      0
4.5     0      0
4.51429     0      0
4.52857     0      0
4.54286     0      0
4.55714     0      0
4.57143     0      0
4.58571     0      0
4.6     0      0
4.61429     0      0
4.62857     0      0
4.64286     0      0
4.65714     0      0
4.67143     0      0
4.68571     0      0
4.7     0      0
4.71429     0      0
4.72857     0      0
4.74286     0      0
4.75714     0      0
4.77143     0      0
4.78571     0      0
4.8     0      0
4.81429     0      0
4.82857     0      0
4.84286     0      0
4.85714     0      0
4.87143     0      0
4.88571     0      0
4.9     0      0
4.91429     0      0
4.92857     0      0
4.94286     0      0
4.95714     0      0
4.97143     0      0
4.98571     0      0
