# U,mu,nA_up, nA_dn, nB_up, nB_dn, ms, mf, ntotal,mu,cint
#energy    dos_upn   dos_upp   dos_dnn  dos_dnp GRID=1000 bin=700
-5     0      0
-4.98571     0      0
-4.97143     0      0
-4.95714     0      0
-4.94286     0      0
-4.92857     0      0
-4.91429     0      0
-4.9     0      0
-4.88571     0      0
-4.87143     0      0
-4.85714     0      0
-4.84286     0      0
-4.82857     0      0
-4.81429     0      0
-4.8     0      0
-4.78571     0      0
-4.77143     0      0
-4.75714     0      0
-4.74286     0      0
-4.72857     0      0
-4.71429     0      0
-4.7     0      0
-4.68571     0      0
-4.67143     0      0
-4.65714     0      0
-4.64286     0      0
-4.62857     0      0
-4.61429     0      0
-4.6     0      0
-4.58571     0      0
-4.57143     0      0
-4.55714     0      0
-4.54286     0      0
-4.52857     0      0
-4.51429     0      0
-4.5     0      0
-4.48571     0      0
-4.47143     0      0
-4.45714     0      0
-4.44286     0      0
-4.42857     0      0
-4.41429     0      0
-4.4     0      0
-4.38571     0      0
-4.37143     0      0
-4.35714     0      0
-4.34286     0      0
-4.32857     0      0
-4.31429     0      0
-4.3     0      0
-4.28571     0      0
-4.27143     0      0
-4.25714     0      0
-4.24286     0      0
-4.22857     0      0
-4.21429     0      0
-4.2     0      0
-4.18571     0      0
-4.17143     0      0
-4.15714     0      0
-4.14286     0      0
-4.12857     0      0
-4.11429     0      0
-4.1     0      0
-4.08571     0      0
-4.07143     0      0
-4.05714     0      0
-4.04286     0      0
-4.02857     0      0
-4.01429     0      0
-4     0      0
-3.98571     0      0
-3.97143     0      0
-3.95714     0      0
-3.94286     0      0
-3.92857     0      0
-3.91429     0      0
-3.9     0      0
-3.88571     0      0
-3.87143     0      0
-3.85714     0      0
-3.84286     0      0
-3.82857     0      0
-3.81429     0      0
-3.8     0      0
-3.78571     0      0
-3.77143     0      0
-3.75714     0      0
-3.74286     0      0
-3.72857     0      0
-3.71429     0      0
-3.7     0      0
-3.68571     0      0
-3.67143     0      0
-3.65714     0      0
-3.64286     0      0
-3.62857     0      0
-3.61429     0      0
-3.6     0      0
-3.58571     0      0
-3.57143     0      0
-3.55714     0      0
-3.54286     0      0
-3.52857     0      0
-3.51429     0      0
-3.5     0      0
-3.48571     0      0
-3.47143     0      0
-3.45714     0      0
-3.44286     0      0
-3.42857     0      0
-3.41429     0      0
-3.4     0      0
-3.38571     0      0
-3.37143     0      0
-3.35714     0      0
-3.34286     0      0
-3.32857     0      0
-3.31429     0      0
-3.3     0      0
-3.28571     0      0
-3.27143     0      0
-3.25714     0      0
-3.24286     0      0
-3.22857     0      0
-3.21429     0      0
-3.2     0      0
-3.18571     0      0
-3.17143     0      0
-3.15714     0      0
-3.14286     0      0
-3.12857     0      0
-3.11429     0      0
-3.1     0      0
-3.08571     0      0
-3.07143     0      0
-3.05714     0      0
-3.04286     0      0
-3.02857     0      0
-3.01429     0      0
-3     0      0
-2.98571     0      0
-2.97143     0      0
-2.95714     0      0
-2.94286     0      0
-2.92857     0      0
-2.91429     0      0
-2.9     0      0
-2.88571     0      0
-2.87143     0      0
-2.85714     0      0
-2.84286     0      0
-2.82857     0      0
-2.81429     0      0
-2.8     0      0
-2.78571     0      0
-2.77143     0      0
-2.75714     0      0
-2.74286     0      0
-2.72857     0      0
-2.71429     0      0
-2.7     0      0
-2.68571     0      0
-2.67143     0      0
-2.65714     0      0
-2.64286     0      0
-2.62857     0      0
-2.61429     0      0
-2.6     0      0
-2.58571     0      0
-2.57143     0      0
-2.55714     0      0
-2.54286     0      0
-2.52857     0      0
-2.51429     0      0
-2.5     0      0
-2.48571     0      0
-2.47143     0      0
-2.45714     0      0
-2.44286     0      0
-2.42857     0      0
-2.41429     0      0
-2.4     0      0
-2.38571     0      0
-2.37143     0      0
-2.35714     0      0
-2.34286     0      0
-2.32857     0      0
-2.31429     0      0
-2.3     0      0
-2.28571     0      0
-2.27143     0      0
-2.25714     0      0
-2.24286     0      0
-2.22857     0      0
-2.21429     0      0
-2.2     0      0
-2.18571     0      0
-2.17143     0      0
-2.15714     0      0
-2.14286     0      0
-2.12857     0      0
-2.11429     0      0
-2.1     0      0
-2.08571     0      0
-2.07143     0      0
-2.05714     0      0
-2.04286     0      0
-2.02857     0      0
-2.01429     0      0
-2     0      0
-1.98571     0      0
-1.97143     0      0
-1.95714     0      0
-1.94286     0      0
-1.92857     0      0
-1.91429     0      0
-1.9     0      0
-1.88571     0      0
-1.87143     0      0
-1.85714     0      0
-1.84286     0      0
-1.82857     0      0
-1.81429     0      0
-1.8     0      0
-1.78571     0      0
-1.77143     0      0
-1.75714     0      0
-1.74286     0      0
-1.72857     0      0
-1.71429     0      0
-1.7     0      0
-1.68571     0      0
-1.67143     0      0
-1.65714     1.55032e-75      0
-1.64286     1.90258e-75      0
-1.62857     1.90401e-75      0
-1.61429     1.90878e-75      0
-1.6     6.64759e-69      0
-1.58571     7.56836e-69      0
-1.57143     7.57218e-69      0
-1.55714     7.58171e-69      0
-1.54286     2.9871e-62      0
-1.52857     3.00369e-62      0
-1.51429     3.01895e-62      0
-1.5     1.7952e-56      0
-1.48571     1.19324e-55      0
-1.47143     1.19751e-55      0
-1.45714     1.20544e-55      0
-1.44286     1.64093e-49      0
-1.42857     4.76563e-49      0
-1.41429     4.7876e-49      0
-1.4     4.7815e-49      0
-1.38571     0.0070445      0
-1.37143     0.00769      0
-1.35714     0.007694      0
-1.34286     0.007736      0
-1.32857     0.007738      0
-1.31429     0.00776      0
-1.3     0.007804      0
-1.28571     0.007786      0
-1.27143     0.00784      0
-1.25714     0.007868      0
-1.24286     0.00789      0
-1.22857     0.0079      0
-1.21429     0.007932      0
-1.2     0.007958      0
-1.18571     0.007972      0
-1.17143     0.008012      0
-1.15714     0.008072      0
-1.14286     0.00807      0
-1.12857     0.008154      0
-1.11429     0.008106      0
-1.1     0.008192      0
-1.08571     0.008208      0
-1.07143     0.008266      0
-1.05714     0.008296      0
-1.04286     0.00831      0
-1.02857     0.008394      0
-1.01429     0.008426      0
-1     0.008428      0
-0.985714     0.00852      0
-0.971429     0.008556      0
-0.957143     0.008612      0
-0.942857     0.008616      0
-0.928571     0.008722      0
-0.914286     0.008752      0
-0.9     0.008792      0
-0.885714     0.00888      0
-0.871429     0.008874      0
-0.857143     0.009006      0
-0.842857     0.00908      0
-0.828571     0.009084      0
-0.814286     0.009188      0
-0.8     0.00929      0
-0.785714     0.009324      0
-0.771429     0.009378      0
-0.757143     0.009516      0
-0.742857     0.009578      0
-0.728571     0.009664      0
-0.714286     0.009754      0
-0.7     0.009884      0
-0.685714     0.009944      0
-0.671429     0.010118      0
-0.657143     0.010156      0
-0.642857     0.01036      0
-0.628571     0.010432      0
-0.614286     0.010664      0
-0.6     0.010716      0
-0.585714     0.010978      0
-0.571429     0.01112      0
-0.557143     0.011174      0
-0.542857     0.011642      0
-0.528571     0.011774      0
-0.514286     0.0121      0
-0.5     0.01234      0
-0.485714     0.012754      0
-0.471429     0.013144      0
-0.457143     0.013684      0
-0.442857     0.014344      0
-0.428571     0.015262      0
-0.414286     0.0166285      0
-0.4     0.03277      0
-0.385714     0.04183      0
-0.371429     0.026242      0
-0.357143     0.021076      0
-0.342857     0.018196      0
-0.328571     0.01617      0
-0.314286     0.014736      0
-0.3     0.013608      0
-0.285714     0.012678      0
-0.271429     0.01187      0
-0.257143     0.011078      0
-0.242857     0.010522      0
-0.228571     0.009952      0
-0.214286     0.00947      0
-0.2     0.00902      0
-0.185714     0.008592      0
-0.171429     0.008182      0
-0.157143     0.00783      0
-0.142857     0.007526      0
-0.128571     0.007134      0
-0.114286     0.006902      0
-0.1     0.006572      0
-0.0857143     0.006314      0
-0.0714286     0.006024      0
-0.0571429     0.005828      0
-0.0428571     0.005524      0
-0.0285714     0.005324      0
-0.0142857     0.005079      0
0     0      0
0.0142857     0      0
0.0285714     0      0
0.0428571     0      0.0001625
0.0571429     0      0.010564
0.0714286     0      0.009542
0.0857143     0      0.008926
0.1     0      0.008548
0.114286     0      0.008108
0.128571     0      0.008042
0.142857     0      0.007838
0.157143     0      0.007776
0.171429     0      0.007726
0.185714     0      0.007616
0.2     0      0.00762
0.214286     0      0.007594
0.228571     0      0.00764
0.242857     0      0.00764
0.257143     0      0.007694
0.271429     0      0.007774
0.285714     0      0.007856
0.3     0      0.007938
0.314286     0      0.008056
0.328571     0      0.008174
0.342857     0      0.008356
0.357143     0      0.008558
0.371429     0      0.008762
0.385714     0      0.009124
0.4     0      0.009442
0.414286     0      0.009952
0.428571     0      0.010752
0.442857     0      0.012907
0.457143     0      0.012764
0.471429     0      0.010712
0.485714     0      0.009996
0.5     0      0.009464
0.514286     0      0.009074
0.528571     0      0.008738
0.542857     0      0.008522
0.557143     0      0.008286
0.571429     0      0.00807
0.585714     0      0.00791
0.6     0      0.007804
0.614286     0      0.00763
0.628571     0      0.007506
0.642857     0      0.00735
0.657143     0      0.007234
0.671429     0      0.007176
0.685714     0      0.007078
0.7     0      0.007006
0.714286     0      0.006842
0.728571     0      0.006772
0.742857     0      0.006728
0.757143     0      0.006612
0.771429     0      0.00656
0.785714     0      0.006482
0.8     0      0.006402
0.814286     0      0.006406
0.828571     0      0.006256
0.842857     0      0.006274
0.857143     0      0.006118
0.871429     0      0.006152
0.885714     0      0.00601
0.9     0      0.00605
0.914286     0      0.005922
0.928571     0      0.005906
0.942857     0      0.005848
0.957143     0      0.0058
0.971429     0      0.005756
0.985714     0      0.005686
1     0      0.00567
1.01429     0      0.005662
1.02857     0      0.005534
1.04286     0      0.005596
1.05714     0      0.005438
1.07143     0      0.005454
1.08571     0      0.005466
1.1     0      0.005314
1.11429     0      0.00535
1.12857     0      0.005324
1.14286     0      0.005248
1.15714     0      0.005222
1.17143     0      0.005232
1.18571     0      0.005166
1.2     0      0.005074
1.21429     0      0.005154
1.22857     0      0.005026
1.24286     0      0.005034
1.25714     0      0.005006
1.27143     0      0.00498
1.28571     0      0.00492
1.3     0      0.004914
1.31429     0      0.004872
1.32857     0      0.004846
1.34286     0      0.004832
1.35714     0      0.004816
1.37143     0      0.004754
1.38571     0      0.004714
1.4     0      0.004738
1.41429     0      0.004682
1.42857     0      0.004658
1.44286     0      0.004644
1.45714     0      0.004612
1.47143     0      0.00457
1.48571     0      0.004592
1.5     0      0.004494
1.51429     0      0.004508
1.52857     0      0.004536
1.54286     0      0.004422
1.55714     0      0.00446
1.57143     0      0.004436
1.58571     0      0.004378
1.6     0      0.00441
1.61429     0      0.004322
1.62857     0      0.004322
1.64286     0      0.004322
1.65714     0      0.00429
1.67143     0      0.004288
1.68571     0      0.0042
1.7     0      0.004276
1.71429     0      0.004188
1.72857     0      0.004212
1.74286     0      0.00415
1.75714     0      0.004162
1.77143     0      0.00411
1.78571     0      0.004106
1.8     0      0.004078
1.81429     0      0.004086
1.82857     0      0.004072
1.84286     0      0.004008
1.85714     0      0.004032
1.87143     0      0.004016
1.88571     0      0.00398
1.9     0      0.00399
1.91429     0      0.00393
1.92857     0      0.003934
1.94286     0      0.003906
1.95714     0      0.003926
1.97143     0      0.003852
1.98571     0      0.003882
2     0      0.003858
2.01429     0      0.003836
2.02857     0      0.003834
2.04286     0      0.003794
2.05714     0      0.003778
2.07143     0      0.003778
2.08571     0      0.00377
2.1     0      0.003716
2.11429     0      0.003702
2.12857     0      0.003726
2.14286     0      0.0037
2.15714     0      0.00369
2.17143     0      0.003674
2.18571     0      0.00365
2.2     0      0.00363
2.21429     0      0.003632
2.22857     0      0.003626
2.24286     0      0.003574
2.25714     0      0.003588
2.27143     0      0.003572
2.28571     0      0.00357
2.3     0      0.003536
2.31429     0      0.003514
2.32857     0      0.003518
2.34286     0      0.003512
2.35714     0      0.003504
2.37143     0      0.003504
2.38571     0      0.00343
2.4     0      0.003464
2.41429     0      0.003434
2.42857     0      0.003432
2.44286     0      0.003422
2.45714     0      0.003412
2.47143     0      0.0034
2.48571     0      0.003364
2.5     0      0.003378
2.51429     0      0.003366
2.52857     0      0.003326
2.54286     0      0.003344
2.55714     0      0.003314
2.57143     0      0.003326
2.58571     0      0.003298
2.6     0      0.003296
2.61429     0      0.003266
2.62857     0      0.0029545
2.64286     0      7.72625e-10
2.65714     0      2.055e-16
2.67143     0      2.05e-16
2.68571     0      5.94063e-17
2.7     0      3.13828e-23
2.71429     0      1.28281e-29
2.72857     0      5.72266e-31
2.74286     0      0
2.75714     0      0
2.77143     0      0
2.78571     0      0
2.8     0      0
2.81429     0      0
2.82857     0      0
2.84286     0      0
2.85714     0      0
2.87143     0      0
2.88571     0      0
2.9     0      0
2.91429     0      0
2.92857     0      0
2.94286     0      0
2.95714     0      0
2.97143     0      0
2.98571     0      0
3     0      0
3.01429     0      0
3.02857     0      0
3.04286     0      0
3.05714     0      0
3.07143     0      0
3.08571     0      0
3.1     0      0
3.11429     0      0
3.12857     0      0
3.14286     0      0
3.15714     0      0
3.17143     0      0
3.18571     0      0
3.2     0      0
3.21429     0      0
3.22857     0      0
3.24286     0      0
3.25714     0      0
3.27143     0      0
3.28571     0      0
3.3     0      0
3.31429     0      0
3.32857     0      0
3.34286     0      0
3.35714     0      0
3.37143     0      0
3.38571     0      0
3.4     0      0
3.41429     0      0
3.42857     0      0
3.44286     0      0
3.45714     0      0
3.47143     0      0
3.48571     0      0
3.5     0      0
3.51429     0      0
3.52857     0      0
3.54286     0      0
3.55714     0      0
3.57143     0      0
3.58571     0      0
3.6     0      0
3.61429     0      0
3.62857     0      0
3.64286     0      0
3.65714     0      0
3.67143     0      0
3.68571     0      0
3.7     0      0
3.71429     0      0
3.72857     0      0
3.74286     0      0
3.75714     0      0
3.77143     0      0
3.78571     0      0
3.8     0      0
3.81429     0      0
3.82857     0      0
3.84286     0      0
3.85714     0      0
3.87143     0      0
3.88571     0      0
3.9     0      0
3.91429     0      0
3.92857     0      0
3.94286     0      0
3.95714     0      0
3.97143     0      0
3.98571     0      0
4     0      0
4.01429     0      0
4.02857     0      0
4.04286     0      0
4.05714     0      0
4.07143     0      0
4.08571     0      0
4.1     0      0
4.11429     0      0
4.12857     0      0
4.14286     0      0
4.15714     0      0
4.17143     0      0
4.18571     0      0
4.2     0      0
4.21429     0      0
4.22857     0      0
4.24286     0      0
4.25714     0      0
4.27143     0      0
4.28571     0      0
4.3     0      0
4.31429     0      0
4.32857     0      0
4.34286     0      0
4.35714     0      0
4.37143     0      0
4.38571     0      0
4.4     0      0
4.41429     0      0
4.42857     0      0
4.44286     0      0
4.45714     0      0
4.47143     0      0
4.48571     0      0
4.5     0      0
4.51429     0      0
4.52857     0      0
4.54286     0      0
4.55714     0      0
4.57143     0      0
4.58571     0      0
4.6     0      0
4.61429     0      0
4.62857     0      0
4.64286     0      0
4.65714     0      0
4.67143     0      0
4.68571     0      0
4.7     0      0
4.71429     0      0
4.72857     0      0
4.74286     0      0
4.75714     0      0
4.77143     0      0
4.78571     0      0
4.8     0      0
4.81429     0      0
4.82857     0      0
4.84286     0      0
4.85714     0      0
4.87143     0      0
4.88571     0      0
4.9     0      0
4.91429     0      0
4.92857     0      0
4.94286     0      0
4.95714     0      0
4.97143     0      0
4.98571     0      0
