# U,mu,nA_up, nA_dn, nB_up, nB_dn, ms, mf, ntotal,mu,cint
#energy    dos_upn   dos_upp   dos_dnn  dos_dnp GRID=1000 bin=700
-5     0      0
-4.98571     0      0
-4.97143     0      0
-4.95714     0      0
-4.94286     0      0
-4.92857     0      0
-4.91429     0      0
-4.9     0      0
-4.88571     0      0
-4.87143     0      0
-4.85714     0      0
-4.84286     0      0
-4.82857     0      0
-4.81429     0      0
-4.8     0      0
-4.78571     0      0
-4.77143     0      0
-4.75714     0      0
-4.74286     0      0
-4.72857     0      0
-4.71429     0      0
-4.7     0      0
-4.68571     0      0
-4.67143     0      0
-4.65714     0      0
-4.64286     0      0
-4.62857     0      0
-4.61429     0      0
-4.6     0      0
-4.58571     0      0
-4.57143     0      0
-4.55714     0      0
-4.54286     0      0
-4.52857     0      0
-4.51429     0      0
-4.5     0      0
-4.48571     0      0
-4.47143     0      0
-4.45714     0      0
-4.44286     0      0
-4.42857     0      0
-4.41429     0      0
-4.4     0      0
-4.38571     0      0
-4.37143     0      0
-4.35714     0      0
-4.34286     0      0
-4.32857     0      0
-4.31429     0      0
-4.3     0      0
-4.28571     0      0
-4.27143     0      0
-4.25714     0      0
-4.24286     0      0
-4.22857     0      0
-4.21429     0      0
-4.2     0      0
-4.18571     0      0
-4.17143     0      0
-4.15714     0      0
-4.14286     0      0
-4.12857     0      0
-4.11429     0      0
-4.1     0      0
-4.08571     0      0
-4.07143     0      0
-4.05714     0      0
-4.04286     0      0
-4.02857     0      0
-4.01429     0      0
-4     0      0
-3.98571     0      0
-3.97143     0      0
-3.95714     0      0
-3.94286     0      0
-3.92857     0      0
-3.91429     0      0
-3.9     0      0
-3.88571     0      0
-3.87143     0      0
-3.85714     0      0
-3.84286     0      0
-3.82857     0      0
-3.81429     0      0
-3.8     0      0
-3.78571     0      0
-3.77143     0      0
-3.75714     0      0
-3.74286     0      0
-3.72857     0      0
-3.71429     0      0
-3.7     0      0
-3.68571     0      0
-3.67143     0      0
-3.65714     0      0
-3.64286     0      0
-3.62857     0      0
-3.61429     0      0
-3.6     0      0
-3.58571     0      0
-3.57143     0      0
-3.55714     0      0
-3.54286     0      0
-3.52857     0      0
-3.51429     0      0
-3.5     0      0
-3.48571     0      0
-3.47143     0      0
-3.45714     0      0
-3.44286     0      0
-3.42857     0      0
-3.41429     0      0
-3.4     0      0
-3.38571     0      0
-3.37143     0      0
-3.35714     0      0
-3.34286     0      0
-3.32857     0      0
-3.31429     0      0
-3.3     0      0
-3.28571     0      0
-3.27143     0      0
-3.25714     0      0
-3.24286     0      0
-3.22857     0      0
-3.21429     0      0
-3.2     0      0
-3.18571     0      0
-3.17143     0      0
-3.15714     0      0
-3.14286     0      0
-3.12857     0      0
-3.11429     0      0
-3.1     0      0
-3.08571     0      0
-3.07143     0      0
-3.05714     0      0
-3.04286     0      0
-3.02857     0      0
-3.01429     0      0
-3     0      0
-2.98571     0      0
-2.97143     0      0
-2.95714     0      0
-2.94286     0      0
-2.92857     0      0
-2.91429     0      0
-2.9     0      0
-2.88571     0      0
-2.87143     0      0
-2.85714     0      0
-2.84286     0      0
-2.82857     0      0
-2.81429     0      0
-2.8     0      0
-2.78571     0      0
-2.77143     0      0
-2.75714     0      0
-2.74286     0      0
-2.72857     0      0
-2.71429     0      0
-2.7     0      0
-2.68571     0      0
-2.67143     0      0
-2.65714     0      0
-2.64286     0      0
-2.62857     0      0
-2.61429     0      0
-2.6     0      0
-2.58571     0      0
-2.57143     0      0
-2.55714     0      0
-2.54286     0      0
-2.52857     0      0
-2.51429     0      0
-2.5     0      0
-2.48571     0      0
-2.47143     0      0
-2.45714     0      0
-2.44286     0      0
-2.42857     0      0
-2.41429     0      0
-2.4     0      0
-2.38571     0      0
-2.37143     0      0
-2.35714     0      0
-2.34286     0      0
-2.32857     0      0
-2.31429     0      0
-2.3     0      0
-2.28571     0      0
-2.27143     0      0
-2.25714     0      0
-2.24286     0      0
-2.22857     0      0
-2.21429     0      0
-2.2     0      0
-2.18571     0      0
-2.17143     0      0
-2.15714     0      0
-2.14286     0      0
-2.12857     0      0
-2.11429     0      0
-2.1     0      0
-2.08571     0      0
-2.07143     0      0
-2.05714     0      0
-2.04286     0      0
-2.02857     0      0
-2.01429     0      0
-2     0      0
-1.98571     0      0
-1.97143     0      0
-1.95714     0      0
-1.94286     0      0
-1.92857     0      0
-1.91429     0      0
-1.9     0      0
-1.88571     0      0
-1.87143     0      0
-1.85714     0      0
-1.84286     0      0
-1.82857     0      0
-1.81429     0      0
-1.8     0      0
-1.78571     0      0
-1.77143     0      0
-1.75714     0      0
-1.74286     0      0
-1.72857     0      0
-1.71429     0      0
-1.7     0      0
-1.68571     0      0
-1.67143     0      0
-1.65714     6.3501e-36      0
-1.64286     7.79297e-36      0
-1.62857     7.79883e-36      0
-1.61429     7.81836e-36      0
-1.6     2.72285e-29      0
-1.58571     3.1e-29      0
-1.57143     3.10156e-29      0
-1.55714     3.10547e-29      0
-1.54286     1.22352e-22      0
-1.52857     1.23031e-22      0
-1.51429     1.23656e-22      0
-1.5     7.35314e-17      0
-1.48571     4.8875e-16      0
-1.47143     4.905e-16      0
-1.45714     4.9375e-16      0
-1.44286     6.72125e-10      0
-1.42857     1.952e-09      0
-1.41429     1.961e-09      0
-1.4     1.9585e-09      0
-1.38571     0.0044805      0
-1.37143     0.00778      0
-1.35714     0.007816      0
-1.34286     0.007826      0
-1.32857     0.007838      0
-1.31429     0.0079      0
-1.3     0.007898      0
-1.28571     0.0079      0
-1.27143     0.007986      0
-1.25714     0.008004      0
-1.24286     0.008008      0
-1.22857     0.008028      0
-1.21429     0.008076      0
-1.2     0.008112      0
-1.18571     0.008128      0
-1.17143     0.008162      0
-1.15714     0.008206      0
-1.14286     0.008272      0
-1.12857     0.008264      0
-1.11429     0.008328      0
-1.1     0.008382      0
-1.08571     0.008384      0
-1.07143     0.008472      0
-1.05714     0.008492      0
-1.04286     0.008524      0
-1.02857     0.008606      0
-1.01429     0.008654      0
-1     0.008674      0
-0.985714     0.008742      0
-0.971429     0.008838      0
-0.957143     0.008824      0
-0.942857     0.008988      0
-0.928571     0.009      0
-0.914286     0.009032      0
-0.9     0.009106      0
-0.885714     0.009244      0
-0.871429     0.00926      0
-0.857143     0.009348      0
-0.842857     0.009462      0
-0.828571     0.009568      0
-0.814286     0.009594      0
-0.8     0.00977      0
-0.785714     0.00982      0
-0.771429     0.009938      0
-0.757143     0.010062      0
-0.742857     0.01021      0
-0.728571     0.010316      0
-0.714286     0.010442      0
-0.7     0.010628      0
-0.685714     0.010778      0
-0.671429     0.010964      0
-0.657143     0.011176      0
-0.642857     0.011238      0
-0.628571     0.011682      0
-0.614286     0.01192      0
-0.6     0.012304      0
-0.585714     0.012346      0
-0.571429     0.012892      0
-0.557143     0.013364      0
-0.542857     0.014058      0
-0.528571     0.014628      0
-0.514286     0.015708      0
-0.5     0.0255925      0
-0.485714     0.03519      0
-0.471429     0.044996      0
-0.457143     0.029062      0
-0.442857     0.023636      0
-0.428571     0.020398      0
-0.414286     0.018314      0
-0.4     0.016696      0
-0.385714     0.015356      0
-0.371429     0.014344      0
-0.357143     0.013398      0
-0.342857     0.012704      0
-0.328571     0.011914      0
-0.314286     0.011422      0
-0.3     0.010772      0
-0.285714     0.010314      0
-0.271429     0.00989      0
-0.257143     0.00941      0
-0.242857     0.00906      0
-0.228571     0.008658      0
-0.214286     0.008354      0
-0.2     0.008018      0
-0.185714     0.0077      0
-0.171429     0.0074      0
-0.157143     0.007154      0
-0.142857     0.006862      0
-0.128571     0.00665      0
-0.114286     0.006372      0
-0.1     0.001913      0
-0.0857143     0      0
-0.0714286     0      0
-0.0571429     0      0
-0.0428571     0      0
-0.0285714     0      0
-0.0142857     0      0
0     0      0
0.0142857     0      0
0.0285714     0      0
0.0428571     0      0
0.0571429     0      8.05176e-37
0.0714286     0      1.06836e-35
0.0857143     0      2.32988e-29
0.1     0      4.14219e-29
0.114286     0      1.52383e-22
0.128571     0      9.36564e-17
0.142857     0      6.74125e-16
0.157143     0      7.61126e-10
0.171429     0      2.66e-09
0.185714     0      0.0034305
0.2     0      0.010566
0.214286     0      0.0099
0.228571     0      0.009424
0.242857     0      0.009122
0.257143     0      0.008904
0.271429     0      0.00865
0.285714     0      0.008504
0.3     0      0.008504
0.314286     0      0.008394
0.328571     0      0.008332
0.342857     0      0.00832
0.357143     0      0.008336
0.371429     0      0.008362
0.385714     0      0.008388
0.4     0      0.008442
0.414286     0      0.008492
0.428571     0      0.008618
0.442857     0      0.008732
0.457143     0      0.008818
0.471429     0      0.009022
0.485714     0      0.009216
0.5     0      0.009406
0.514286     0      0.009706
0.528571     0      0.010062
0.542857     0      0.010546
0.557143     0      0.01122
0.571429     0      0.01227
0.585714     0      0.015543
0.6     0      0.013066
0.614286     0      0.011414
0.628571     0      0.010582
0.642857     0      0.010036
0.657143     0      0.009506
0.671429     0      0.009196
0.685714     0      0.00886
0.7     0      0.008606
0.714286     0      0.00843
0.728571     0      0.008196
0.742857     0      0.008002
0.757143     0      0.007848
0.771429     0      0.007634
0.785714     0      0.00753
0.8     0      0.007396
0.814286     0      0.007298
0.828571     0      0.007174
0.842857     0      0.007068
0.857143     0      0.00692
0.871429     0      0.006852
0.885714     0      0.006798
0.9     0      0.006666
0.914286     0      0.006582
0.928571     0      0.006536
0.942857     0      0.006428
0.957143     0      0.006356
0.971429     0      0.00633
0.985714     0      0.006186
1     0      0.006214
1.01429     0      0.006046
1.02857     0      0.00606
1.04286     0      0.005988
1.05714     0      0.005908
1.07143     0      0.005858
1.08571     0      0.005838
1.1     0      0.005742
1.11429     0      0.005724
1.12857     0      0.005692
1.14286     0      0.005588
1.15714     0      0.005546
1.17143     0      0.005552
1.18571     0      0.00544
1.2     0      0.005462
1.21429     0      0.005396
1.22857     0      0.00532
1.24286     0      0.005358
1.25714     0      0.005232
1.27143     0      0.005268
1.28571     0      0.005188
1.3     0      0.00513
1.31429     0      0.005138
1.32857     0      0.005114
1.34286     0      0.005042
1.35714     0      0.00503
1.37143     0      0.004978
1.38571     0      0.004938
1.4     0      0.004968
1.41429     0      0.004846
1.42857     0      0.004852
1.44286     0      0.004868
1.45714     0      0.00475
1.47143     0      0.004808
1.48571     0      0.004744
1.5     0      0.004682
1.51429     0      0.004742
1.52857     0      0.004598
1.54286     0      0.004662
1.55714     0      0.004626
1.57143     0      0.004558
1.58571     0      0.00454
1.6     0      0.004564
1.61429     0      0.004504
1.62857     0      0.004462
1.64286     0      0.004424
1.65714     0      0.00446
1.67143     0      0.004386
1.68571     0      0.00439
1.7     0      0.00435
1.71429     0      0.00435
1.72857     0      0.004302
1.74286     0      0.004322
1.75714     0      0.00427
1.77143     0      0.004252
1.78571     0      0.004208
1.8     0      0.004196
1.81429     0      0.00421
1.82857     0      0.004142
1.84286     0      0.00417
1.85714     0      0.004118
1.87143     0      0.004106
1.88571     0      0.004108
1.9     0      0.004076
1.91429     0      0.00405
1.92857     0      0.004008
1.94286     0      0.004018
1.95714     0      0.004014
1.97143     0      0.003954
1.98571     0      0.003954
2     0      0.003952
2.01429     0      0.003946
2.02857     0      0.003906
2.04286     0      0.003894
2.05714     0      0.003876
2.07143     0      0.003842
2.08571     0      0.003862
2.1     0      0.003798
2.11429     0      0.003802
2.12857     0      0.003786
2.14286     0      0.003786
2.15714     0      0.003754
2.17143     0      0.003748
2.18571     0      0.00373
2.2     0      0.003714
2.21429     0      0.003684
2.22857     0      0.003682
2.24286     0      0.003688
2.25714     0      0.003634
2.27143     0      0.003622
2.28571     0      0.003652
2.3     0      0.00362
2.31429     0      0.003602
2.32857     0      0.003584
2.34286     0      0.003558
2.35714     0      0.003562
2.37143     0      0.003516
2.38571     0      0.003564
2.4     0      0.003494
2.41429     0      0.0035
2.42857     0      0.003508
2.44286     0      0.003484
2.45714     0      0.00345
2.47143     0      0.00344
2.48571     0      0.003444
2.5     0      0.003404
2.51429     0      0.003428
2.52857     0      0.003404
2.54286     0      0.003382
2.55714     0      0.003372
2.57143     0      0.003382
2.58571     0      0.003336
2.6     0      0.003342
2.61429     0      0.003328
2.62857     0      0.003322
2.64286     0      0.003298
2.65714     0      0.003302
2.67143     0      0.0018885
2.68571     0      0
2.7     0      0
2.71429     0      0
2.72857     0      0
2.74286     0      0
2.75714     0      0
2.77143     0      0
2.78571     0      0
2.8     0      0
2.81429     0      0
2.82857     0      0
2.84286     0      0
2.85714     0      0
2.87143     0      0
2.88571     0      0
2.9     0      0
2.91429     0      0
2.92857     0      0
2.94286     0      0
2.95714     0      0
2.97143     0      0
2.98571     0      0
3     0      0
3.01429     0      0
3.02857     0      0
3.04286     0      0
3.05714     0      0
3.07143     0      0
3.08571     0      0
3.1     0      0
3.11429     0      0
3.12857     0      0
3.14286     0      0
3.15714     0      0
3.17143     0      0
3.18571     0      0
3.2     0      0
3.21429     0      0
3.22857     0      0
3.24286     0      0
3.25714     0      0
3.27143     0      0
3.28571     0      0
3.3     0      0
3.31429     0      0
3.32857     0      0
3.34286     0      0
3.35714     0      0
3.37143     0      0
3.38571     0      0
3.4     0      0
3.41429     0      0
3.42857     0      0
3.44286     0      0
3.45714     0      0
3.47143     0      0
3.48571     0      0
3.5     0      0
3.51429     0      0
3.52857     0      0
3.54286     0      0
3.55714     0      0
3.57143     0      0
3.58571     0      0
3.6     0      0
3.61429     0      0
3.62857     0      0
3.64286     0      0
3.65714     0      0
3.67143     0      0
3.68571     0      0
3.7     0      0
3.71429     0      0
3.72857     0      0
3.74286     0      0
3.75714     0      0
3.77143     0      0
3.78571     0      0
3.8     0      0
3.81429     0      0
3.82857     0      0
3.84286     0      0
3.85714     0      0
3.87143     0      0
3.88571     0      0
3.9     0      0
3.91429     0      0
3.92857     0      0
3.94286     0      0
3.95714     0      0
3.97143     0      0
3.98571     0      0
4     0      0
4.01429     0      0
4.02857     0      0
4.04286     0      0
4.05714     0      0
4.07143     0      0
4.08571     0      0
4.1     0      0
4.11429     0      0
4.12857     0      0
4.14286     0      0
4.15714     0      0
4.17143     0      0
4.18571     0      0
4.2     0      0
4.21429     0      0
4.22857     0      0
4.24286     0      0
4.25714     0      0
4.27143     0      0
4.28571     0      0
4.3     0      0
4.31429     0      0
4.32857     0      0
4.34286     0      0
4.35714     0      0
4.37143     0      0
4.38571     0      0
4.4     0      0
4.41429     0      0
4.42857     0      0
4.44286     0      0
4.45714     0      0
4.47143     0      0
4.48571     0      0
4.5     0      0
4.51429     0      0
4.52857     0      0
4.54286     0      0
4.55714     0      0
4.57143     0      0
4.58571     0      0
4.6     0      0
4.61429     0      0
4.62857     0      0
4.64286     0      0
4.65714     0      0
4.67143     0      0
4.68571     0      0
4.7     0      0
4.71429     0      0
4.72857     0      0
4.74286     0      0
4.75714     0      0
4.77143     0      0
4.78571     0      0
4.8     0      0
4.81429     0      0
4.82857     0      0
4.84286     0      0
4.85714     0      0
4.87143     0      0
4.88571     0      0
4.9     0      0
4.91429     0      0
4.92857     0      0
4.94286     0      0
4.95714     0      0
4.97143     0      0
4.98571     0      0
