# U,mu,nA_up, nA_dn, nB_up, nB_dn, ms, mf, ntotal,mu,cint
#energy    dos_upn   dos_upp   dos_dnn  dos_dnp GRID=1000 bin=700
-5     0      0
-4.98571     0      0
-4.97143     0      0
-4.95714     0      0
-4.94286     0      0
-4.92857     0      0
-4.91429     0      0
-4.9     0      0
-4.88571     0      0
-4.87143     0      0
-4.85714     0      0
-4.84286     0      0
-4.82857     0      0
-4.81429     0      0
-4.8     0      0
-4.78571     0      0
-4.77143     0      0
-4.75714     0      0
-4.74286     0      0
-4.72857     0      0
-4.71429     0      0
-4.7     0      0
-4.68571     0      0
-4.67143     0      0
-4.65714     0      0
-4.64286     0      0
-4.62857     0      0
-4.61429     0      0
-4.6     0      0
-4.58571     0      0
-4.57143     0      0
-4.55714     0      0
-4.54286     0      0
-4.52857     0      0
-4.51429     0      0
-4.5     0      0
-4.48571     0      0
-4.47143     0      0
-4.45714     0      0
-4.44286     0      0
-4.42857     0      0
-4.41429     0      0
-4.4     0      0
-4.38571     0      0
-4.37143     0      0
-4.35714     0      0
-4.34286     0      0
-4.32857     0      0
-4.31429     0      0
-4.3     0      0
-4.28571     0      0
-4.27143     0      0
-4.25714     0      0
-4.24286     0      0
-4.22857     0      0
-4.21429     0      0
-4.2     0      0
-4.18571     0      0
-4.17143     0      0
-4.15714     0      0
-4.14286     0      0
-4.12857     0      0
-4.11429     0      0
-4.1     0      0
-4.08571     0      0
-4.07143     0      0
-4.05714     0      0
-4.04286     0      0
-4.02857     0      0
-4.01429     0      0
-4     0      0
-3.98571     0      0
-3.97143     0      0
-3.95714     0      0
-3.94286     0      0
-3.92857     0      0
-3.91429     0      0
-3.9     0      0
-3.88571     0      0
-3.87143     0      0
-3.85714     0      0
-3.84286     0      0
-3.82857     0      0
-3.81429     0      0
-3.8     0      0
-3.78571     0      0
-3.77143     0      0
-3.75714     0      0
-3.74286     0      0
-3.72857     0      0
-3.71429     0      0
-3.7     0      0
-3.68571     0      0
-3.67143     0      0
-3.65714     0      0
-3.64286     0      0
-3.62857     0      0
-3.61429     0      0
-3.6     0      0
-3.58571     0      0
-3.57143     0      0
-3.55714     0      0
-3.54286     0      0
-3.52857     0      0
-3.51429     0      0
-3.5     0      0
-3.48571     0      0
-3.47143     0      0
-3.45714     0      0
-3.44286     0      0
-3.42857     0      0
-3.41429     0      0
-3.4     0      0
-3.38571     0      0
-3.37143     0      0
-3.35714     0      0
-3.34286     0      0
-3.32857     0      0
-3.31429     0      0
-3.3     0      0
-3.28571     0      0
-3.27143     0      0
-3.25714     0      0
-3.24286     0      0
-3.22857     0      0
-3.21429     0      0
-3.2     0      0
-3.18571     0      0
-3.17143     0      0
-3.15714     0      0
-3.14286     0      0
-3.12857     0      0
-3.11429     0      0
-3.1     0      0
-3.08571     0      0
-3.07143     0      0
-3.05714     0      0
-3.04286     0      0
-3.02857     0      0
-3.01429     0      0
-3     0      0
-2.98571     0      0
-2.97143     0      0
-2.95714     0      0
-2.94286     0      0
-2.92857     0      0
-2.91429     0      0
-2.9     0      0
-2.88571     0      0
-2.87143     0      0
-2.85714     0      0
-2.84286     0      0
-2.82857     0      0
-2.81429     0      0
-2.8     0      0
-2.78571     0      0
-2.77143     0      0
-2.75714     0      0
-2.74286     0      0
-2.72857     0      0
-2.71429     0      0
-2.7     0      0
-2.68571     0      0
-2.67143     0      0
-2.65714     0      0
-2.64286     0      0
-2.62857     0      0
-2.61429     0      0
-2.6     0      0
-2.58571     0      0
-2.57143     0      0
-2.55714     0      0
-2.54286     0      0
-2.52857     0      0
-2.51429     0      0
-2.5     0      0
-2.48571     0      0
-2.47143     0      0
-2.45714     0      0
-2.44286     0      0
-2.42857     0      0
-2.41429     0      0
-2.4     0      0
-2.38571     0      0
-2.37143     0      0
-2.35714     0      0
-2.34286     0      0
-2.32857     0      0
-2.31429     0      0
-2.3     0      0
-2.28571     0      0
-2.27143     0      0
-2.25714     0      0
-2.24286     0      0
-2.22857     0      0
-2.21429     0      0
-2.2     0      0
-2.18571     0      0
-2.17143     0      0
-2.15714     0      0
-2.14286     0      0
-2.12857     0      0
-2.11429     0      0
-2.1     0      0
-2.08571     0      0
-2.07143     0      0
-2.05714     0      0
-2.04286     0      0
-2.02857     0      0
-2.01429     0      0
-2     0      0
-1.98571     0      0
-1.97143     0      0
-1.95714     0      0
-1.94286     0      0
-1.92857     0      0
-1.91429     0      0
-1.9     0      0
-1.88571     0      0
-1.87143     0      0
-1.85714     0      0
-1.84286     0      0
-1.82857     0      0
-1.81429     0      0
-1.8     0      0
-1.78571     0      0
-1.77143     0      0
-1.75714     0      0
-1.74286     0      0
-1.72857     0      0
-1.71429     0      0
-1.7     0      0
-1.68571     0      0
-1.67143     0      0
-1.65714     1.51398e-108      0
-1.64286     1.85799e-108      0
-1.62857     1.85939e-108      0
-1.61429     1.86404e-108      0
-1.6     6.49179e-102      0
-1.58571     7.39098e-102      0
-1.57143     7.3947e-102      0
-1.55714     7.40402e-102      0
-1.54286     2.91709e-95      0
-1.52857     2.93329e-95      0
-1.51429     2.9482e-95      0
-1.5     1.75312e-89      0
-1.48571     1.16527e-88      0
-1.47143     1.16944e-88      0
-1.45714     1.17719e-88      0
-1.44286     1.60247e-82      0
-1.42857     4.65393e-82      0
-1.41429     0.000652501      0
-1.4     0.007638      0
-1.38571     0.007654      0
-1.37143     0.007674      0
-1.35714     0.007712      0
-1.34286     0.007694      0
-1.32857     0.00774      0
-1.31429     0.007772      0
-1.3     0.007772      0
-1.28571     0.007794      0
-1.27143     0.007824      0
-1.25714     0.007828      0
-1.24286     0.007896      0
-1.22857     0.007896      0
-1.21429     0.0079      0
-1.2     0.007938      0
-1.18571     0.008      0
-1.17143     0.008018      0
-1.15714     0.008006      0
-1.14286     0.00807      0
-1.12857     0.008096      0
-1.11429     0.008144      0
-1.1     0.008168      0
-1.08571     0.008212      0
-1.07143     0.008202      0
-1.05714     0.008324      0
-1.04286     0.008284      0
-1.02857     0.008334      0
-1.01429     0.008392      0
-1     0.008446      0
-0.985714     0.008494      0
-0.971429     0.00852      0
-0.957143     0.008546      0
-0.942857     0.008642      0
-0.928571     0.008684      0
-0.914286     0.008704      0
-0.9     0.00877      0
-0.885714     0.008848      0
-0.871429     0.008854      0
-0.857143     0.00896      0
-0.842857     0.009016      0
-0.828571     0.009066      0
-0.814286     0.009116      0
-0.8     0.009192      0
-0.785714     0.009272      0
-0.771429     0.00935      0
-0.757143     0.009428      0
-0.742857     0.009522      0
-0.728571     0.009592      0
-0.714286     0.00967      0
-0.7     0.009746      0
-0.685714     0.009908      0
-0.671429     0.009906      0
-0.657143     0.010132      0
-0.642857     0.010178      0
-0.628571     0.010224      0
-0.614286     0.010544      0
-0.6     0.010572      0
-0.585714     0.010704      0
-0.571429     0.010816      0
-0.557143     0.011016      0
-0.542857     0.011346      0
-0.528571     0.011434      0
-0.514286     0.01157      0
-0.5     0.011954      0
-0.485714     0.012268      0
-0.471429     0.012502      0
-0.457143     0.01295      0
-0.442857     0.013372      0
-0.428571     0.013856      0
-0.414286     0.014734      0
-0.4     0.015732      0
-0.385714     0.0204745      0
-0.371429     0.040372      0
-0.357143     0.030002      0
-0.342857     0.021834      0
-0.328571     0.018244      0
-0.314286     0.016148      0
-0.3     0.01445      0
-0.285714     0.013312      0
-0.271429     0.012262      0
-0.257143     0.011506      0
-0.242857     0.010778      0
-0.228571     0.010114      0
-0.214286     0.009616      0
-0.2     0.009076      0
-0.185714     0.008632      0
-0.171429     0.008218      0
-0.157143     0.00782      0
-0.142857     0.007458      0
-0.128571     0.007118      0
-0.114286     0.006818      0
-0.1     0.006494      0
-0.0857143     0.00622      0
-0.0714286     0.005962      0
-0.0571429     0.005658      0
-0.0428571     0.00542      0
-0.0285714     0.005164      0
-0.0142857     0.004922      0.0081565
0     0.004712      0.009416
0.0142857     0.003405      0.00871
0.0285714     0      0.008234
0.0428571     0      0.007832
0.0571429     0      0.007682
0.0714286     0      0.00756
0.0857143     0      0.007386
0.1     0      0.007368
0.114286     0      0.007234
0.128571     0      0.00728
0.142857     0      0.007266
0.157143     0      0.007292
0.171429     0      0.007288
0.185714     0      0.007338
0.2     0      0.007436
0.214286     0      0.007508
0.228571     0      0.007528
0.242857     0      0.007698
0.257143     0      0.00781
0.271429     0      0.007972
0.285714     0      0.008136
0.3     0      0.00835
0.314286     0      0.008616
0.328571     0      0.00894
0.342857     0      0.009378
0.357143     0      0.009978
0.371429     0      0.011306
0.385714     0      0.012931
0.4     0      0.010506
0.414286     0      0.009752
0.428571     0      0.00925
0.442857     0      0.008902
0.457143     0      0.008634
0.471429     0      0.008334
0.485714     0      0.008242
0.5     0      0.00797
0.514286     0      0.007862
0.528571     0      0.007672
0.542857     0      0.007566
0.557143     0      0.00748
0.571429     0      0.007312
0.585714     0      0.007224
0.6     0      0.00717
0.614286     0      0.007044
0.628571     0      0.006974
0.642857     0      0.006802
0.657143     0      0.006844
0.671429     0      0.006718
0.685714     0      0.006606
0.7     0      0.006636
0.714286     0      0.006438
0.728571     0      0.006494
0.742857     0      0.006318
0.757143     0      0.006332
0.771429     0      0.006278
0.785714     0      0.006178
0.8     0      0.00615
0.814286     0      0.006108
0.828571     0      0.00599
0.842857     0      0.006004
0.857143     0      0.00592
0.871429     0      0.005924
0.885714     0      0.00583
0.9     0      0.005808
0.914286     0      0.005732
0.928571     0      0.005706
0.942857     0      0.005684
0.957143     0      0.005578
0.971429     0      0.00559
0.985714     0      0.005568
1     0      0.00546
1.01429     0      0.005486
1.02857     0      0.005428
1.04286     0      0.005358
1.05714     0      0.00537
1.07143     0      0.005354
1.08571     0      0.005206
1.1     0      0.005274
1.11429     0      0.005196
1.12857     0      0.00517
1.14286     0      0.005156
1.15714     0      0.005112
1.17143     0      0.005062
1.18571     0      0.005054
1.2     0      0.00501
1.21429     0      0.005038
1.22857     0      0.004918
1.24286     0      0.00491
1.25714     0      0.004924
1.27143     0      0.004858
1.28571     0      0.004848
1.3     0      0.00481
1.31429     0      0.004792
1.32857     0      0.004762
1.34286     0      0.004738
1.35714     0      0.004714
1.37143     0      0.00465
1.38571     0      0.004646
1.4     0      0.004674
1.41429     0      0.004594
1.42857     0      0.004562
1.44286     0      0.00457
1.45714     0      0.004536
1.47143     0      0.004524
1.48571     0      0.004454
1.5     0      0.004484
1.51429     0      0.004458
1.52857     0      0.004392
1.54286     0      0.00442
1.55714     0      0.00435
1.57143     0      0.004366
1.58571     0      0.004366
1.6     0      0.004266
1.61429     0      0.004322
1.62857     0      0.004266
1.64286     0      0.004256
1.65714     0      0.004176
1.67143     0      0.00426
1.68571     0      0.00418
1.7     0      0.004212
1.71429     0      0.004094
1.72857     0      0.004162
1.74286     0      0.004098
1.75714     0      0.004098
1.77143     0      0.004082
1.78571     0      0.004062
1.8     0      0.004034
1.81429     0      0.00401
1.82857     0      0.004032
1.84286     0      0.003964
1.85714     0      0.003988
1.87143     0      0.003982
1.88571     0      0.003932
1.9     0      0.003904
1.91429     0      0.003898
1.92857     0      0.003912
1.94286     0      0.00387
1.95714     0      0.003844
1.97143     0      0.003836
1.98571     0      0.003818
2     0      0.003818
2.01429     0      0.003798
2.02857     0      0.003774
2.04286     0      0.003752
2.05714     0      0.003758
2.07143     0      0.00376
2.08571     0      0.00369
2.1     0      0.003726
2.11429     0      0.003662
2.12857     0      0.003712
2.14286     0      0.00365
2.15714     0      0.003614
2.17143     0      0.003648
2.18571     0      0.003616
2.2     0      0.003596
2.21429     0      0.00362
2.22857     0      0.003558
2.24286     0      0.003558
2.25714     0      0.003552
2.27143     0      0.003538
2.28571     0      0.00352
2.3     0      0.003538
2.31429     0      0.003484
2.32857     0      0.003486
2.34286     0      0.003496
2.35714     0      0.003462
2.37143     0      0.00342
2.38571     0      0.00344
2.4     0      0.003442
2.41429     0      0.00339
2.42857     0      0.003424
2.44286     0      0.003388
2.45714     0      0.003382
2.47143     0      0.003346
2.48571     0      0.00335
2.5     0      0.003346
2.51429     0      0.003332
2.52857     0      0.00332
2.54286     0      0.003296
2.55714     0      0.003318
2.57143     0      0.003282
2.58571     0      0.003262
2.6     0      0.003268
2.61429     0      0.0002365
2.62857     0      2.88525e-36
2.64286     0      7.54517e-43
2.65714     0      2.00684e-49
2.67143     0      2.00195e-49
2.68571     0      5.8014e-50
2.7     0      3.06473e-56
2.71429     0      1.25275e-62
2.72857     0      5.58853e-64
2.74286     0      0
2.75714     0      0
2.77143     0      0
2.78571     0      0
2.8     0      0
2.81429     0      0
2.82857     0      0
2.84286     0      0
2.85714     0      0
2.87143     0      0
2.88571     0      0
2.9     0      0
2.91429     0      0
2.92857     0      0
2.94286     0      0
2.95714     0      0
2.97143     0      0
2.98571     0      0
3     0      0
3.01429     0      0
3.02857     0      0
3.04286     0      0
3.05714     0      0
3.07143     0      0
3.08571     0      0
3.1     0      0
3.11429     0      0
3.12857     0      0
3.14286     0      0
3.15714     0      0
3.17143     0      0
3.18571     0      0
3.2     0      0
3.21429     0      0
3.22857     0      0
3.24286     0      0
3.25714     0      0
3.27143     0      0
3.28571     0      0
3.3     0      0
3.31429     0      0
3.32857     0      0
3.34286     0      0
3.35714     0      0
3.37143     0      0
3.38571     0      0
3.4     0      0
3.41429     0      0
3.42857     0      0
3.44286     0      0
3.45714     0      0
3.47143     0      0
3.48571     0      0
3.5     0      0
3.51429     0      0
3.52857     0      0
3.54286     0      0
3.55714     0      0
3.57143     0      0
3.58571     0      0
3.6     0      0
3.61429     0      0
3.62857     0      0
3.64286     0      0
3.65714     0      0
3.67143     0      0
3.68571     0      0
3.7     0      0
3.71429     0      0
3.72857     0      0
3.74286     0      0
3.75714     0      0
3.77143     0      0
3.78571     0      0
3.8     0      0
3.81429     0      0
3.82857     0      0
3.84286     0      0
3.85714     0      0
3.87143     0      0
3.88571     0      0
3.9     0      0
3.91429     0      0
3.92857     0      0
3.94286     0      0
3.95714     0      0
3.97143     0      0
3.98571     0      0
4     0      0
4.01429     0      0
4.02857     0      0
4.04286     0      0
4.05714     0      0
4.07143     0      0
4.08571     0      0
4.1     0      0
4.11429     0      0
4.12857     0      0
4.14286     0      0
4.15714     0      0
4.17143     0      0
4.18571     0      0
4.2     0      0
4.21429     0      0
4.22857     0      0
4.24286     0      0
4.25714     0      0
4.27143     0      0
4.28571     0      0
4.3     0      0
4.31429     0      0
4.32857     0      0
4.34286     0      0
4.35714     0      0
4.37143     0      0
4.38571     0      0
4.4     0      0
4.41429     0      0
4.42857     0      0
4.44286     0      0
4.45714     0      0
4.47143     0      0
4.48571     0      0
4.5     0      0
4.51429     0      0
4.52857     0      0
4.54286     0      0
4.55714     0      0
4.57143     0      0
4.58571     0      0
4.6     0      0
4.61429     0      0
4.62857     0      0
4.64286     0      0
4.65714     0      0
4.67143     0      0
4.68571     0      0
4.7     0      0
4.71429     0      0
4.72857     0      0
4.74286     0      0
4.75714     0      0
4.77143     0      0
4.78571     0      0
4.8     0      0
4.81429     0      0
4.82857     0      0
4.84286     0      0
4.85714     0      0
4.87143     0      0
4.88571     0      0
4.9     0      0
4.91429     0      0
4.92857     0      0
4.94286     0      0
4.95714     0      0
4.97143     0      0
4.98571     0      0
