# U,mu,nA_up, nA_dn, nB_up, nB_dn, ms, mf, ntotal,mu,cint
#energy    dos_upn   dos_upp   dos_dnn  dos_dnp GRID=1000 bin=700
-5     0      0
-4.98571     0      0
-4.97143     0      0
-4.95714     0      0
-4.94286     0      0
-4.92857     0      0
-4.91429     0      0
-4.9     0      0
-4.88571     0      0
-4.87143     0      0
-4.85714     0      0
-4.84286     0      0
-4.82857     0      0
-4.81429     0      0
-4.8     0      0
-4.78571     0      0
-4.77143     0      0
-4.75714     0      0
-4.74286     0      0
-4.72857     0      0
-4.71429     0      0
-4.7     0      0
-4.68571     0      0
-4.67143     0      0
-4.65714     0      0
-4.64286     0      0
-4.62857     0      0
-4.61429     0      0
-4.6     0      0
-4.58571     0      0
-4.57143     0      0
-4.55714     0      0
-4.54286     0      0
-4.52857     0      0
-4.51429     0      0
-4.5     0      0
-4.48571     0      0
-4.47143     0      0
-4.45714     0      0
-4.44286     0      0
-4.42857     0      0
-4.41429     0      0
-4.4     0      0
-4.38571     0      0
-4.37143     0      0
-4.35714     0      0
-4.34286     0      0
-4.32857     0      0
-4.31429     0      0
-4.3     0      0
-4.28571     0      0
-4.27143     0      0
-4.25714     0      0
-4.24286     0      0
-4.22857     0      0
-4.21429     0      0
-4.2     0      0
-4.18571     0      0
-4.17143     0      0
-4.15714     0      0
-4.14286     0      0
-4.12857     0      0
-4.11429     0      0
-4.1     0      0
-4.08571     0      0
-4.07143     0      0
-4.05714     0      0
-4.04286     0      0
-4.02857     0      0
-4.01429     0      0
-4     0      0
-3.98571     0      0
-3.97143     0      0
-3.95714     0      0
-3.94286     0      0
-3.92857     0      0
-3.91429     0      0
-3.9     0      0
-3.88571     0      0
-3.87143     0      0
-3.85714     0      0
-3.84286     0      0
-3.82857     0      0
-3.81429     0      0
-3.8     0      0
-3.78571     0      0
-3.77143     0      0
-3.75714     0      0
-3.74286     0      0
-3.72857     0      0
-3.71429     0      0
-3.7     0      0
-3.68571     0      0
-3.67143     0      0
-3.65714     0      0
-3.64286     0      0
-3.62857     0      0
-3.61429     0      0
-3.6     0      0
-3.58571     0      0
-3.57143     0      0
-3.55714     0      0
-3.54286     0      0
-3.52857     0      0
-3.51429     0      0
-3.5     0      0
-3.48571     0      0
-3.47143     0      0
-3.45714     0      0
-3.44286     0      0
-3.42857     0      0
-3.41429     0      0
-3.4     0      0
-3.38571     0      0
-3.37143     0      0
-3.35714     0      0
-3.34286     0      0
-3.32857     0      0
-3.31429     0      0
-3.3     0      0
-3.28571     0      0
-3.27143     0      0
-3.25714     0      0
-3.24286     0      0
-3.22857     0      0
-3.21429     0      0
-3.2     0      0
-3.18571     0      0
-3.17143     0      0
-3.15714     0      0
-3.14286     0      0
-3.12857     0      0
-3.11429     0      0
-3.1     0      0
-3.08571     0      0
-3.07143     0      0
-3.05714     0      0
-3.04286     0      0
-3.02857     0      0
-3.01429     0      0
-3     0      0
-2.98571     0      0
-2.97143     0      0
-2.95714     0      0
-2.94286     0      0
-2.92857     0      0
-2.91429     0      0
-2.9     0      0
-2.88571     0      0
-2.87143     0      0
-2.85714     0      0
-2.84286     0      0
-2.82857     0      0
-2.81429     0      0
-2.8     0      0
-2.78571     0      0
-2.77143     0      0
-2.75714     0      0
-2.74286     0      0
-2.72857     0      0
-2.71429     0      0
-2.7     0      0
-2.68571     0      0
-2.67143     0      0
-2.65714     0      0
-2.64286     0      0
-2.62857     0      0
-2.61429     0      0
-2.6     0      0
-2.58571     0      0
-2.57143     0      0
-2.55714     0      0
-2.54286     0      0
-2.52857     0      0
-2.51429     0      0
-2.5     0      0
-2.48571     0      0
-2.47143     0      0
-2.45714     0      0
-2.44286     0      0
-2.42857     0      0
-2.41429     0      0
-2.4     0      0
-2.38571     0      0
-2.37143     0      0
-2.35714     0      0
-2.34286     0      0
-2.32857     0      0
-2.31429     0      0
-2.3     0      0
-2.28571     0      0
-2.27143     0      0
-2.25714     0      0
-2.24286     0      0
-2.22857     0      0
-2.21429     0      0
-2.2     0      0
-2.18571     0      0
-2.17143     0      0
-2.15714     0      0
-2.14286     0      0
-2.12857     0      0
-2.11429     0      0
-2.1     0      0
-2.08571     0      0
-2.07143     0      0
-2.05714     0      0
-2.04286     0      0
-2.02857     0      0
-2.01429     0      0
-2     0      0
-1.98571     0      0
-1.97143     0      0
-1.95714     0      0
-1.94286     0      0
-1.92857     0      0
-1.91429     0      0
-1.9     0      0
-1.88571     0      0
-1.87143     0      0
-1.85714     0      0
-1.84286     0      0
-1.82857     0      0
-1.81429     0      0
-1.8     0      0
-1.78571     0      0
-1.77143     0      0
-1.75714     0      0
-1.74286     0      0
-1.72857     0      0
-1.71429     0      0
-1.7     0      0
-1.68571     0      0
-1.67143     0      0
-1.65714     4.06406e-16      0
-1.64286     4.9875e-16      0
-1.62857     4.99125e-16      0
-1.61429     5.00375e-16      0
-1.6     1.74263e-09      0
-1.58571     1.984e-09      0
-1.57143     1.985e-09      0
-1.55714     1.9875e-09      0
-1.54286     0.0078305      0
-1.52857     0.007874      0
-1.51429     0.007914      0
-1.5     0.00794      0
-1.48571     0.00793      0
-1.47143     0.008008      0
-1.45714     0.008022      0
-1.44286     0.008024      0
-1.42857     0.008098      0
-1.41429     0.008092      0
-1.4     0.008152      0
-1.38571     0.008174      0
-1.37143     0.0082      0
-1.35714     0.008246      0
-1.34286     0.008278      0
-1.32857     0.008336      0
-1.31429     0.008376      0
-1.3     0.008376      0
-1.28571     0.008474      0
-1.27143     0.008464      0
-1.25714     0.008558      0
-1.24286     0.008622      0
-1.22857     0.008628      0
-1.21429     0.008692      0
-1.2     0.008736      0
-1.18571     0.008804      0
-1.17143     0.008888      0
-1.15714     0.008952      0
-1.14286     0.008976      0
-1.12857     0.009084      0
-1.11429     0.009104      0
-1.1     0.009218      0
-1.08571     0.00931      0
-1.07143     0.009382      0
-1.05714     0.009434      0
-1.04286     0.009548      0
-1.02857     0.009638      0
-1.01429     0.009752      0
-1     0.009866      0
-0.985714     0.010006      0
-0.971429     0.010084      0
-0.957143     0.010192      0
-0.942857     0.01039      0
-0.928571     0.010474      0
-0.914286     0.010634      0
-0.9     0.010894      0
-0.885714     0.01101      0
-0.871429     0.011206      0
-0.857143     0.011436      0
-0.842857     0.011668      0
-0.828571     0.01194      0
-0.814286     0.012252      0
-0.8     0.012752      0
-0.785714     0.013118      0
-0.771429     0.013568      0
-0.757143     0.014118      0
-0.742857     0.01492      0
-0.728571     0.0173945      0
-0.714286     0.02995      0
-0.7     0.036468      0
-0.685714     0.046708      0
-0.671429     0.030494      0
-0.657143     0.02486      0
-0.642857     0.021586      0
-0.628571     0.019408      0
-0.614286     0.017642      0
-0.6     0.016388      0
-0.585714     0.015204      0
-0.571429     0.014268      0
-0.557143     0.013476      0
-0.542857     0.012768      0
-0.528571     0.012084      0
-0.514286     0.011604      0
-0.5     0.01098      0
-0.485714     0.010558      0
-0.471429     0.010058      0
-0.457143     0.009696      0
-0.442857     0.00932      0
-0.428571     0.008934      0
-0.414286     0.008646      0
-0.4     0.008292      0
-0.385714     0.00801      0
-0.371429     0.007726      0
-0.357143     0.007442      0
-0.342857     0.007184      0
-0.328571     0.006189      0
-0.314286     0      0
-0.3     0      0
-0.285714     0      0
-0.271429     0      0
-0.257143     0      0
-0.242857     0      0
-0.228571     0      0
-0.214286     0      0
-0.2     0      0
-0.185714     0      0
-0.171429     0      0
-0.157143     0      0
-0.142857     0      0
-0.128571     0      0
-0.114286     0      0
-0.1     0      0
-0.0857143     0      0
-0.0714286     0      0
-0.0571429     0      0
-0.0428571     0      0
-0.0285714     0      0
-0.0142857     0      0
0     0      0
0.0142857     0      0
0.0285714     0      0
0.0428571     0      0
0.0571429     0      5.15312e-17
0.0714286     0      6.8375e-16
0.0857143     0      1.49113e-09
0.1     0      2.651e-09
0.114286     0      0.0097525
0.128571     0      0.01035
0.142857     0      0.009862
0.157143     0      0.009508
0.171429     0      0.00931
0.185714     0      0.008988
0.2     0      0.009076
0.214286     0      0.008766
0.228571     0      0.008738
0.242857     0      0.008726
0.257143     0      0.008656
0.271429     0      0.008722
0.285714     0      0.008658
0.3     0      0.008752
0.314286     0      0.00877
0.328571     0      0.00885
0.342857     0      0.008956
0.357143     0      0.00905
0.371429     0      0.009168
0.385714     0      0.009358
0.4     0      0.00949
0.414286     0      0.009764
0.428571     0      0.01003
0.442857     0      0.010352
0.457143     0      0.010804
0.471429     0      0.011414
0.485714     0      0.012388
0.5     0      0.014454
0.514286     0      0.015881
0.528571     0      0.012508
0.542857     0      0.011316
0.557143     0      0.01063
0.571429     0      0.010072
0.585714     0      0.009612
0.6     0      0.009312
0.614286     0      0.008984
0.628571     0      0.008692
0.642857     0      0.008434
0.657143     0      0.008274
0.671429     0      0.008074
0.685714     0      0.007882
0.7     0      0.00773
0.714286     0      0.007578
0.728571     0      0.007462
0.742857     0      0.00732
0.757143     0      0.007184
0.771429     0      0.007066
0.785714     0      0.006986
0.8     0      0.006892
0.814286     0      0.006786
0.828571     0      0.006654
0.842857     0      0.006598
0.857143     0      0.006548
0.871429     0      0.006392
0.885714     0      0.00636
0.9     0      0.00633
0.914286     0      0.00619
0.928571     0      0.006158
0.942857     0      0.006058
0.957143     0      0.006038
0.971429     0      0.005982
0.985714     0      0.005874
1     0      0.005862
1.01429     0      0.00576
1.02857     0      0.005766
1.04286     0      0.005674
1.05714     0      0.005662
1.07143     0      0.005526
1.08571     0      0.00557
1.1     0      0.005482
1.11429     0      0.005446
1.12857     0      0.005388
1.14286     0      0.005384
1.15714     0      0.005292
1.17143     0      0.005282
1.18571     0      0.005246
1.2     0      0.005178
1.21429     0      0.005166
1.22857     0      0.00513
1.24286     0      0.005046
1.25714     0      0.005096
1.27143     0      0.004988
1.28571     0      0.005012
1.3     0      0.004902
1.31429     0      0.004944
1.32857     0      0.004856
1.34286     0      0.00485
1.35714     0      0.004826
1.37143     0      0.004782
1.38571     0      0.004752
1.4     0      0.004724
1.41429     0      0.004694
1.42857     0      0.00466
1.44286     0      0.004628
1.45714     0      0.00464
1.47143     0      0.004608
1.48571     0      0.004548
1.5     0      0.00451
1.51429     0      0.004538
1.52857     0      0.004454
1.54286     0      0.004482
1.55714     0      0.004434
1.57143     0      0.0044
1.58571     0      0.004356
1.6     0      0.00436
1.61429     0      0.004348
1.62857     0      0.004316
1.64286     0      0.004296
1.65714     0      0.004288
1.67143     0      0.004238
1.68571     0      0.004194
1.7     0      0.004222
1.71429     0      0.004188
1.72857     0      0.00414
1.74286     0      0.004152
1.75714     0      0.004146
1.77143     0      0.00408
1.78571     0      0.00408
1.8     0      0.004054
1.81429     0      0.004072
1.82857     0      0.004028
1.84286     0      0.003978
1.85714     0      0.004006
1.87143     0      0.00396
1.88571     0      0.003938
1.9     0      0.003942
1.91429     0      0.00393
1.92857     0      0.003876
1.94286     0      0.003894
1.95714     0      0.00387
1.97143     0      0.003826
1.98571     0      0.003818
2     0      0.003852
2.01429     0      0.003766
2.02857     0      0.003786
2.04286     0      0.003762
2.05714     0      0.003756
2.07143     0      0.003742
2.08571     0      0.003732
2.1     0      0.003666
2.11429     0      0.003696
2.12857     0      0.003672
2.14286     0      0.003648
2.15714     0      0.003652
2.17143     0      0.00363
2.18571     0      0.003608
2.2     0      0.00359
2.21429     0      0.003582
2.22857     0      0.003564
2.24286     0      0.00358
2.25714     0      0.003522
2.27143     0      0.00354
2.28571     0      0.003528
2.3     0      0.003504
2.31429     0      0.003476
2.32857     0      0.003474
2.34286     0      0.003452
2.35714     0      0.003456
2.37143     0      0.003444
2.38571     0      0.00342
2.4     0      0.003404
2.41429     0      0.003398
2.42857     0      0.003402
2.44286     0      0.003368
2.45714     0      0.003366
2.47143     0      0.003358
2.48571     0      0.00332
2.5     0      0.00334
2.51429     0      0.003304
2.52857     0      0.0032865
2.54286     0      0
2.55714     0      0
2.57143     0      0
2.58571     0      0
2.6     0      0
2.61429     0      0
2.62857     0      0
2.64286     0      0
2.65714     0      0
2.67143     0      0
2.68571     0      0
2.7     0      0
2.71429     0      0
2.72857     0      0
2.74286     0      0
2.75714     0      0
2.77143     0      0
2.78571     0      0
2.8     0      0
2.81429     0      0
2.82857     0      0
2.84286     0      0
2.85714     0      0
2.87143     0      0
2.88571     0      0
2.9     0      0
2.91429     0      0
2.92857     0      0
2.94286     0      0
2.95714     0      0
2.97143     0      0
2.98571     0      0
3     0      0
3.01429     0      0
3.02857     0      0
3.04286     0      0
3.05714     0      0
3.07143     0      0
3.08571     0      0
3.1     0      0
3.11429     0      0
3.12857     0      0
3.14286     0      0
3.15714     0      0
3.17143     0      0
3.18571     0      0
3.2     0      0
3.21429     0      0
3.22857     0      0
3.24286     0      0
3.25714     0      0
3.27143     0      0
3.28571     0      0
3.3     0      0
3.31429     0      0
3.32857     0      0
3.34286     0      0
3.35714     0      0
3.37143     0      0
3.38571     0      0
3.4     0      0
3.41429     0      0
3.42857     0      0
3.44286     0      0
3.45714     0      0
3.47143     0      0
3.48571     0      0
3.5     0      0
3.51429     0      0
3.52857     0      0
3.54286     0      0
3.55714     0      0
3.57143     0      0
3.58571     0      0
3.6     0      0
3.61429     0      0
3.62857     0      0
3.64286     0      0
3.65714     0      0
3.67143     0      0
3.68571     0      0
3.7     0      0
3.71429     0      0
3.72857     0      0
3.74286     0      0
3.75714     0      0
3.77143     0      0
3.78571     0      0
3.8     0      0
3.81429     0      0
3.82857     0      0
3.84286     0      0
3.85714     0      0
3.87143     0      0
3.88571     0      0
3.9     0      0
3.91429     0      0
3.92857     0      0
3.94286     0      0
3.95714     0      0
3.97143     0      0
3.98571     0      0
4     0      0
4.01429     0      0
4.02857     0      0
4.04286     0      0
4.05714     0      0
4.07143     0      0
4.08571     0      0
4.1     0      0
4.11429     0      0
4.12857     0      0
4.14286     0      0
4.15714     0      0
4.17143     0      0
4.18571     0      0
4.2     0      0
4.21429     0      0
4.22857     0      0
4.24286     0      0
4.25714     0      0
4.27143     0      0
4.28571     0      0
4.3     0      0
4.31429     0      0
4.32857     0      0
4.34286     0      0
4.35714     0      0
4.37143     0      0
4.38571     0      0
4.4     0      0
4.41429     0      0
4.42857     0      0
4.44286     0      0
4.45714     0      0
4.47143     0      0
4.48571     0      0
4.5     0      0
4.51429     0      0
4.52857     0      0
4.54286     0      0
4.55714     0      0
4.57143     0      0
4.58571     0      0
4.6     0      0
4.61429     0      0
4.62857     0      0
4.64286     0      0
4.65714     0      0
4.67143     0      0
4.68571     0      0
4.7     0      0
4.71429     0      0
4.72857     0      0
4.74286     0      0
4.75714     0      0
4.77143     0      0
4.78571     0      0
4.8     0      0
4.81429     0      0
4.82857     0      0
4.84286     0      0
4.85714     0      0
4.87143     0      0
4.88571     0      0
4.9     0      0
4.91429     0      0
4.92857     0      0
4.94286     0      0
4.95714     0      0
4.97143     0      0
4.98571     0      0
