# U,mu,nA_up, nA_dn, nB_up, nB_dn, ms, mf, ntotal,mu,cint
#energy    dos_upn   dos_upp   dos_dnn  dos_dnp GRID=1000 bin=700
-5     0      0
-4.98571     0      0
-4.97143     0      0
-4.95714     0      0
-4.94286     0      0
-4.92857     0      0
-4.91429     0      0
-4.9     0      0
-4.88571     0      0
-4.87143     0      0
-4.85714     0      0
-4.84286     0      0
-4.82857     0      0
-4.81429     0      0
-4.8     0      0
-4.78571     0      0
-4.77143     0      0
-4.75714     0      0
-4.74286     0      0
-4.72857     0      0
-4.71429     0      0
-4.7     0      0
-4.68571     0      0
-4.67143     0      0
-4.65714     0      0
-4.64286     0      0
-4.62857     0      0
-4.61429     0      0
-4.6     0      0
-4.58571     0      0
-4.57143     0      0
-4.55714     0      0
-4.54286     0      0
-4.52857     0      0
-4.51429     0      0
-4.5     0      0
-4.48571     0      0
-4.47143     0      0
-4.45714     0      0
-4.44286     0      0
-4.42857     0      0
-4.41429     0      0
-4.4     0      0
-4.38571     0      0
-4.37143     0      0
-4.35714     0      0
-4.34286     0      0
-4.32857     0      0
-4.31429     0      0
-4.3     0      0
-4.28571     0      0
-4.27143     0      0
-4.25714     0      0
-4.24286     0      0
-4.22857     0      0
-4.21429     0      0
-4.2     0      0
-4.18571     0      0
-4.17143     0      0
-4.15714     0      0
-4.14286     0      0
-4.12857     0      0
-4.11429     0      0
-4.1     0      0
-4.08571     0      0
-4.07143     0      0
-4.05714     0      0
-4.04286     0      0
-4.02857     0      0
-4.01429     0      0
-4     0      0
-3.98571     0      0
-3.97143     0      0
-3.95714     0      0
-3.94286     0      0
-3.92857     0      0
-3.91429     0      0
-3.9     0      0
-3.88571     0      0
-3.87143     0      0
-3.85714     0      0
-3.84286     0      0
-3.82857     0      0
-3.81429     0      0
-3.8     0      0
-3.78571     0      0
-3.77143     0      0
-3.75714     0      0
-3.74286     0      0
-3.72857     0      0
-3.71429     0      0
-3.7     0      0
-3.68571     0      0
-3.67143     0      0
-3.65714     0      0
-3.64286     0      0
-3.62857     0      0
-3.61429     0      0
-3.6     0      0
-3.58571     0      0
-3.57143     0      0
-3.55714     0      0
-3.54286     0      0
-3.52857     0      0
-3.51429     0      0
-3.5     0      0
-3.48571     0      0
-3.47143     0      0
-3.45714     0      0
-3.44286     0      0
-3.42857     0      0
-3.41429     0      0
-3.4     0      0
-3.38571     0      0
-3.37143     0      0
-3.35714     0      0
-3.34286     0      0
-3.32857     0      0
-3.31429     0      0
-3.3     0      0
-3.28571     0      0
-3.27143     0      0
-3.25714     0      0
-3.24286     0      0
-3.22857     0      0
-3.21429     0      0
-3.2     0      0
-3.18571     0      0
-3.17143     0      0
-3.15714     0      0
-3.14286     0      0
-3.12857     0      0
-3.11429     0      0
-3.1     0      0
-3.08571     0      0
-3.07143     0      0
-3.05714     0      0
-3.04286     0      0
-3.02857     0      0
-3.01429     0      0
-3     0      0
-2.98571     0      0
-2.97143     0      0
-2.95714     0      0
-2.94286     0      0
-2.92857     0      0
-2.91429     0      0
-2.9     0      0
-2.88571     0      0
-2.87143     0      0
-2.85714     0      0
-2.84286     0      0
-2.82857     0      0
-2.81429     0      0
-2.8     0      0
-2.78571     0      0
-2.77143     0      0
-2.75714     0      0
-2.74286     0      0
-2.72857     0      0
-2.71429     0      0
-2.7     0      0
-2.68571     0      0
-2.67143     0      0
-2.65714     0      0
-2.64286     0      0
-2.62857     0      0
-2.61429     0      0
-2.6     0      0
-2.58571     0      0
-2.57143     0      0
-2.55714     0      0
-2.54286     0      0
-2.52857     0      0
-2.51429     0      0
-2.5     0      0
-2.48571     0      0
-2.47143     0      0
-2.45714     0      0
-2.44286     0      0
-2.42857     0      0
-2.41429     0      0
-2.4     0      0
-2.38571     0      0
-2.37143     0      0
-2.35714     0      0
-2.34286     0      0
-2.32857     0      0
-2.31429     0      0
-2.3     0      0
-2.28571     0      0
-2.27143     0      0
-2.25714     0      0
-2.24286     0      0
-2.22857     0      0
-2.21429     0      0
-2.2     0      0
-2.18571     0      0
-2.17143     0      0
-2.15714     0      0
-2.14286     0      0
-2.12857     0      0
-2.11429     0      0
-2.1     0      0
-2.08571     0      0
-2.07143     0      0
-2.05714     0      0
-2.04286     0      0
-2.02857     0      0
-2.01429     0      0
-2     0      0
-1.98571     0      0
-1.97143     0      0
-1.95714     0      0
-1.94286     0      0
-1.92857     0      0
-1.91429     0      0
-1.9     0      0
-1.88571     0      0
-1.87143     0      0
-1.85714     0      0
-1.84286     0      0
-1.82857     0      0
-1.81429     0      0
-1.8     0      0
-1.78571     0      0
-1.77143     0      0
-1.75714     0      0
-1.74286     0      0
-1.72857     0      0
-1.71429     0      0
-1.7     0      0
-1.68571     0      0
-1.67143     0      0
-1.65714     3.78495e-115      0
-1.64286     4.64497e-115      0
-1.62857     4.64846e-115      0
-1.61429     4.66011e-115      0
-1.6     1.62295e-108      0
-1.58571     1.84774e-108      0
-1.57143     1.84868e-108      0
-1.55714     1.851e-108      0
-1.54286     7.29272e-102      0
-1.52857     7.33324e-102      0
-1.51429     7.37049e-102      0
-1.5     4.38281e-96      0
-1.48571     2.91318e-95      0
-1.47143     2.92361e-95      0
-1.45714     2.94298e-95      0
-1.44286     4.00618e-89      0
-1.42857     1.16348e-88      0
-1.41429     1.63125e-10      0
-1.4     0.0068565      0
-1.38571     0.007654      0
-1.37143     0.00767      0
-1.35714     0.007664      0
-1.34286     0.007722      0
-1.32857     0.007722      0
-1.31429     0.007742      0
-1.3     0.007758      0
-1.28571     0.007788      0
-1.27143     0.007824      0
-1.25714     0.00786      0
-1.24286     0.007848      0
-1.22857     0.00788      0
-1.21429     0.007912      0
-1.2     0.007948      0
-1.18571     0.007944      0
-1.17143     0.008012      0
-1.15714     0.007998      0
-1.14286     0.008046      0
-1.12857     0.008134      0
-1.11429     0.008104      0
-1.1     0.008158      0
-1.08571     0.008196      0
-1.07143     0.008194      0
-1.05714     0.0083      0
-1.04286     0.008256      0
-1.02857     0.008346      0
-1.01429     0.00839      0
-1     0.008426      0
-0.985714     0.00848      0
-0.971429     0.008496      0
-0.957143     0.008562      0
-0.942857     0.00858      0
-0.928571     0.008656      0
-0.914286     0.008694      0
-0.9     0.008748      0
-0.885714     0.008808      0
-0.871429     0.008866      0
-0.857143     0.00892      0
-0.842857     0.008958      0
-0.828571     0.009026      0
-0.814286     0.009132      0
-0.8     0.00918      0
-0.785714     0.00922      0
-0.771429     0.009336      0
-0.757143     0.00939      0
-0.742857     0.009476      0
-0.728571     0.009518      0
-0.714286     0.009658      0
-0.7     0.009736      0
-0.685714     0.00979      0
-0.671429     0.009946      0
-0.657143     0.009974      0
-0.642857     0.010174      0
-0.628571     0.010274      0
-0.614286     0.01036      0
-0.6     0.010424      0
-0.585714     0.010758      0
-0.571429     0.010852      0
-0.557143     0.010946      0
-0.542857     0.011008      0
-0.528571     0.011446      0
-0.514286     0.011534      0
-0.5     0.011782      0
-0.485714     0.012088      0
-0.471429     0.01228      0
-0.457143     0.01266      0
-0.442857     0.013124      0
-0.428571     0.01358      0
-0.414286     0.014292      0
-0.4     0.015096      0
-0.385714     0.01642      0
-0.371429     0.0276145      0
-0.357143     0.040204      0
-0.342857     0.024864      0
-0.328571     0.019804      0
-0.314286     0.01699      0
-0.3     0.015252      0
-0.285714     0.013738      0
-0.271429     0.012732      0
-0.257143     0.011768      0
-0.242857     0.011074      0
-0.228571     0.010358      0
-0.214286     0.00979      0
-0.2     0.009282      0
-0.185714     0.008782      0
-0.171429     0.008364      0
-0.157143     0.00794      0
-0.142857     0.007566      0
-0.128571     0.007258      0
-0.114286     0.006914      0
-0.1     0.006582      0
-0.0857143     0.00629      0
-0.0714286     0.006018      0
-0.0571429     0.00575      0
-0.0428571     0.005468      0
-0.0285714     0.005264      0.0005685
-0.0142857     0.00499      0.010302
0     0.004728      0.009136
0.0142857     0.004538      0.008516
0.0285714     0.001477      0.008042
0.0428571     0      0.007778
0.0571429     0      0.007524
0.0714286     0      0.007418
0.0857143     0      0.00734
0.1     0      0.007272
0.114286     0      0.007202
0.128571     0      0.007238
0.142857     0      0.007208
0.157143     0      0.007282
0.171429     0      0.007258
0.185714     0      0.007322
0.2     0      0.007362
0.214286     0      0.00747
0.228571     0      0.007518
0.242857     0      0.007728
0.257143     0      0.007776
0.271429     0      0.007966
0.285714     0      0.00813
0.3     0      0.008398
0.314286     0      0.008608
0.328571     0      0.008984
0.342857     0      0.009498
0.357143     0      0.010182
0.371429     0      0.012273
0.385714     0      0.011796
0.4     0      0.010194
0.414286     0      0.009536
0.428571     0      0.009144
0.442857     0      0.008788
0.457143     0      0.008478
0.471429     0      0.00833
0.485714     0      0.00808
0.5     0      0.00793
0.514286     0      0.007794
0.528571     0      0.007656
0.542857     0      0.007542
0.557143     0      0.007432
0.571429     0      0.007252
0.585714     0      0.00718
0.6     0      0.007122
0.614286     0      0.007048
0.628571     0      0.006898
0.642857     0      0.006842
0.657143     0      0.006784
0.671429     0      0.006682
0.685714     0      0.006634
0.7     0      0.006584
0.714286     0      0.006446
0.728571     0      0.006462
0.742857     0      0.006318
0.757143     0      0.006328
0.771429     0      0.006226
0.785714     0      0.006206
0.8     0      0.006102
0.814286     0      0.006108
0.828571     0      0.006018
0.842857     0      0.005964
0.857143     0      0.00592
0.871429     0      0.0059
0.885714     0      0.005842
0.9     0      0.00577
0.914286     0      0.005748
0.928571     0      0.005664
0.942857     0      0.00571
0.957143     0      0.005596
0.971429     0      0.005558
0.985714     0      0.005564
1     0      0.005476
1.01429     0      0.005434
1.02857     0      0.005448
1.04286     0      0.005386
1.05714     0      0.005298
1.07143     0      0.005352
1.08571     0      0.00524
1.1     0      0.00525
1.11429     0      0.005234
1.12857     0      0.005172
1.14286     0      0.005114
1.15714     0      0.005112
1.17143     0      0.005084
1.18571     0      0.00503
1.2     0      0.005002
1.21429     0      0.004994
1.22857     0      0.00497
1.24286     0      0.004886
1.25714     0      0.00491
1.27143     0      0.004912
1.28571     0      0.00481
1.3     0      0.004812
1.31429     0      0.004778
1.32857     0      0.004768
1.34286     0      0.004714
1.35714     0      0.004686
1.37143     0      0.00473
1.38571     0      0.00465
1.4     0      0.004606
1.41429     0      0.00464
1.42857     0      0.00456
1.44286     0      0.004566
1.45714     0      0.004542
1.47143     0      0.0045
1.48571     0      0.004456
1.5     0      0.004514
1.51429     0      0.004392
1.52857     0      0.00444
1.54286     0      0.00442
1.55714     0      0.004354
1.57143     0      0.004384
1.58571     0      0.004308
1.6     0      0.004286
1.61429     0      0.004334
1.62857     0      0.004246
1.64286     0      0.004226
1.65714     0      0.004278
1.67143     0      0.004186
1.68571     0      0.004184
1.7     0      0.004184
1.71429     0      0.00416
1.72857     0      0.004112
1.74286     0      0.00414
1.75714     0      0.004088
1.77143     0      0.004084
1.78571     0      0.004058
1.8     0      0.004014
1.81429     0      0.004064
1.82857     0      0.003996
1.84286     0      0.003982
1.85714     0      0.004
1.87143     0      0.003916
1.88571     0      0.003932
1.9     0      0.003926
1.91429     0      0.003958
1.92857     0      0.00385
1.94286     0      0.003858
1.95714     0      0.003886
1.97143     0      0.003824
1.98571     0      0.003822
2     0      0.003814
2.01429     0      0.0038
2.02857     0      0.003766
2.04286     0      0.003782
2.05714     0      0.003742
2.07143     0      0.003714
2.08571     0      0.003714
2.1     0      0.003718
2.11429     0      0.003684
2.12857     0      0.003674
2.14286     0      0.003678
2.15714     0      0.00362
2.17143     0      0.003646
2.18571     0      0.003616
2.2     0      0.00363
2.21429     0      0.003566
2.22857     0      0.003604
2.24286     0      0.003558
2.25714     0      0.003548
2.27143     0      0.003536
2.28571     0      0.003534
2.3     0      0.003494
2.31429     0      0.003488
2.32857     0      0.0035
2.34286     0      0.003478
2.35714     0      0.00346
2.37143     0      0.003452
2.38571     0      0.003448
2.4     0      0.003422
2.41429     0      0.003392
2.42857     0      0.003428
2.44286     0      0.003376
2.45714     0      0.003356
2.47143     0      0.003384
2.48571     0      0.003348
2.5     0      0.00335
2.51429     0      0.003342
2.52857     0      0.0033
2.54286     0      0.003312
2.55714     0      0.003294
2.57143     0      0.003292
2.58571     0      0.00328
2.6     0      0.003256
2.61429     0      0.0006005
2.62857     0      7.21314e-43
2.64286     0      1.88629e-49
2.65714     0      5.01709e-56
2.67143     0      5.00488e-56
2.68571     0      1.45035e-56
2.7     0      7.66182e-63
2.71429     0      3.13187e-69
2.72857     0      1.39713e-70
2.74286     0      0
2.75714     0      0
2.77143     0      0
2.78571     0      0
2.8     0      0
2.81429     0      0
2.82857     0      0
2.84286     0      0
2.85714     0      0
2.87143     0      0
2.88571     0      0
2.9     0      0
2.91429     0      0
2.92857     0      0
2.94286     0      0
2.95714     0      0
2.97143     0      0
2.98571     0      0
3     0      0
3.01429     0      0
3.02857     0      0
3.04286     0      0
3.05714     0      0
3.07143     0      0
3.08571     0      0
3.1     0      0
3.11429     0      0
3.12857     0      0
3.14286     0      0
3.15714     0      0
3.17143     0      0
3.18571     0      0
3.2     0      0
3.21429     0      0
3.22857     0      0
3.24286     0      0
3.25714     0      0
3.27143     0      0
3.28571     0      0
3.3     0      0
3.31429     0      0
3.32857     0      0
3.34286     0      0
3.35714     0      0
3.37143     0      0
3.38571     0      0
3.4     0      0
3.41429     0      0
3.42857     0      0
3.44286     0      0
3.45714     0      0
3.47143     0      0
3.48571     0      0
3.5     0      0
3.51429     0      0
3.52857     0      0
3.54286     0      0
3.55714     0      0
3.57143     0      0
3.58571     0      0
3.6     0      0
3.61429     0      0
3.62857     0      0
3.64286     0      0
3.65714     0      0
3.67143     0      0
3.68571     0      0
3.7     0      0
3.71429     0      0
3.72857     0      0
3.74286     0      0
3.75714     0      0
3.77143     0      0
3.78571     0      0
3.8     0      0
3.81429     0      0
3.82857     0      0
3.84286     0      0
3.85714     0      0
3.87143     0      0
3.88571     0      0
3.9     0      0
3.91429     0      0
3.92857     0      0
3.94286     0      0
3.95714     0      0
3.97143     0      0
3.98571     0      0
4     0      0
4.01429     0      0
4.02857     0      0
4.04286     0      0
4.05714     0      0
4.07143     0      0
4.08571     0      0
4.1     0      0
4.11429     0      0
4.12857     0      0
4.14286     0      0
4.15714     0      0
4.17143     0      0
4.18571     0      0
4.2     0      0
4.21429     0      0
4.22857     0      0
4.24286     0      0
4.25714     0      0
4.27143     0      0
4.28571     0      0
4.3     0      0
4.31429     0      0
4.32857     0      0
4.34286     0      0
4.35714     0      0
4.37143     0      0
4.38571     0      0
4.4     0      0
4.41429     0      0
4.42857     0      0
4.44286     0      0
4.45714     0      0
4.47143     0      0
4.48571     0      0
4.5     0      0
4.51429     0      0
4.52857     0      0
4.54286     0      0
4.55714     0      0
4.57143     0      0
4.58571     0      0
4.6     0      0
4.61429     0      0
4.62857     0      0
4.64286     0      0
4.65714     0      0
4.67143     0      0
4.68571     0      0
4.7     0      0
4.71429     0      0
4.72857     0      0
4.74286     0      0
4.75714     0      0
4.77143     0      0
4.78571     0      0
4.8     0      0
4.81429     0      0
4.82857     0      0
4.84286     0      0
4.85714     0      0
4.87143     0      0
4.88571     0      0
4.9     0      0
4.91429     0      0
4.92857     0      0
4.94286     0      0
4.95714     0      0
4.97143     0      0
4.98571     0      0
