# U,mu,nA_up, nA_dn, nB_up, nB_dn, ms, mf, ntotal,mu,cint
#energy    dos_upn   dos_upp   dos_dnn  dos_dnp GRID=1000 bin=700
-5     0      0
-4.98571     0      0
-4.97143     0      0
-4.95714     0      0
-4.94286     0      0
-4.92857     0      0
-4.91429     0      0
-4.9     0      0
-4.88571     0      0
-4.87143     0      0
-4.85714     0      0
-4.84286     0      0
-4.82857     0      0
-4.81429     0      0
-4.8     0      0
-4.78571     0      0
-4.77143     0      0
-4.75714     0      0
-4.74286     0      0
-4.72857     0      0
-4.71429     0      0
-4.7     0      0
-4.68571     0      0
-4.67143     0      0
-4.65714     0      0
-4.64286     0      0
-4.62857     0      0
-4.61429     0      0
-4.6     0      0
-4.58571     0      0
-4.57143     0      0
-4.55714     0      0
-4.54286     0      0
-4.52857     0      0
-4.51429     0      0
-4.5     0      0
-4.48571     0      0
-4.47143     0      0
-4.45714     0      0
-4.44286     0      0
-4.42857     0      0
-4.41429     0      0
-4.4     0      0
-4.38571     0      0
-4.37143     0      0
-4.35714     0      0
-4.34286     0      0
-4.32857     0      0
-4.31429     0      0
-4.3     0      0
-4.28571     0      0
-4.27143     0      0
-4.25714     0      0
-4.24286     0      0
-4.22857     0      0
-4.21429     0      0
-4.2     0      0
-4.18571     0      0
-4.17143     0      0
-4.15714     0      0
-4.14286     0      0
-4.12857     0      0
-4.11429     0      0
-4.1     0      0
-4.08571     0      0
-4.07143     0      0
-4.05714     0      0
-4.04286     0      0
-4.02857     0      0
-4.01429     0      0
-4     0      0
-3.98571     0      0
-3.97143     0      0
-3.95714     0      0
-3.94286     0      0
-3.92857     0      0
-3.91429     0      0
-3.9     0      0
-3.88571     0      0
-3.87143     0      0
-3.85714     0      0
-3.84286     0      0
-3.82857     0      0
-3.81429     0      0
-3.8     0      0
-3.78571     0      0
-3.77143     0      0
-3.75714     0      0
-3.74286     0      0
-3.72857     0      0
-3.71429     0      0
-3.7     0      0
-3.68571     0      0
-3.67143     0      0
-3.65714     0      0
-3.64286     0      0
-3.62857     0      0
-3.61429     0      0
-3.6     0      0
-3.58571     0      0
-3.57143     0      0
-3.55714     0      0
-3.54286     0      0
-3.52857     0      0
-3.51429     0      0
-3.5     0      0
-3.48571     0      0
-3.47143     0      0
-3.45714     0      0
-3.44286     0      0
-3.42857     0      0
-3.41429     0      0
-3.4     0      0
-3.38571     0      0
-3.37143     0      0
-3.35714     0      0
-3.34286     0      0
-3.32857     0      0
-3.31429     0      0
-3.3     0      0
-3.28571     0      0
-3.27143     0      0
-3.25714     0      0
-3.24286     0      0
-3.22857     0      0
-3.21429     0      0
-3.2     0      0
-3.18571     0      0
-3.17143     0      0
-3.15714     0      0
-3.14286     0      0
-3.12857     0      0
-3.11429     0      0
-3.1     0      0
-3.08571     0      0
-3.07143     0      0
-3.05714     0      0
-3.04286     0      0
-3.02857     0      0
-3.01429     0      0
-3     0      0
-2.98571     0      0
-2.97143     0      0
-2.95714     0      0
-2.94286     0      0
-2.92857     0      0
-2.91429     0      0
-2.9     0      0
-2.88571     0      0
-2.87143     0      0
-2.85714     0      0
-2.84286     0      0
-2.82857     0      0
-2.81429     0      0
-2.8     0      0
-2.78571     0      0
-2.77143     0      0
-2.75714     0      0
-2.74286     0      0
-2.72857     0      0
-2.71429     0      0
-2.7     0      0
-2.68571     0      0
-2.67143     0      0
-2.65714     0      0
-2.64286     0      0
-2.62857     0      0
-2.61429     0      0
-2.6     0      0
-2.58571     0      0
-2.57143     0      0
-2.55714     0      0
-2.54286     0      0
-2.52857     0      0
-2.51429     0      0
-2.5     0      0
-2.48571     0      0
-2.47143     0      0
-2.45714     0      0
-2.44286     0      0
-2.42857     0      0
-2.41429     0      0
-2.4     0      0
-2.38571     0      0
-2.37143     0      0
-2.35714     0      0
-2.34286     0      0
-2.32857     0      0
-2.31429     0      0
-2.3     0      0
-2.28571     0      0
-2.27143     0      0
-2.25714     0      0
-2.24286     0      0
-2.22857     0      0
-2.21429     0      0
-2.2     0      0
-2.18571     0      0
-2.17143     0      0
-2.15714     0      0
-2.14286     0      0
-2.12857     0      0
-2.11429     0      0
-2.1     0      0
-2.08571     0      0
-2.07143     0      0
-2.05714     0      0
-2.04286     0      0
-2.02857     0      0
-2.01429     0      0
-2     0      0
-1.98571     0      0
-1.97143     0      0
-1.95714     0      0
-1.94286     0      0
-1.92857     0      0
-1.91429     0      0
-1.9     0      0
-1.88571     0      0
-1.87143     0      0
-1.85714     0      0
-1.84286     0      0
-1.82857     0      0
-1.81429     0      0
-1.8     0      0
-1.78571     0      0
-1.77143     0      0
-1.75714     0      0
-1.74286     0      0
-1.72857     0      0
-1.71429     0      0
-1.7     0      0
-1.68571     0      0
-1.67143     0      0
-1.65714     1.01602e-22      0
-1.64286     1.24687e-22      0
-1.62857     1.24781e-22      0
-1.61429     1.25094e-22      0
-1.6     4.35656e-16      0
-1.58571     4.96e-16      0
-1.57143     4.9625e-16      0
-1.55714     4.96875e-16      0
-1.54286     1.95763e-09      0
-1.52857     1.9685e-09      0
-1.51429     1.9785e-09      0
-1.5     0.0011765      0
-1.48571     0.00782      0
-1.47143     0.007848      0
-1.45714     0.0079      0
-1.44286     0.007896      0
-1.42857     0.007944      0
-1.41429     0.007952      0
-1.4     0.007978      0
-1.38571     0.008006      0
-1.37143     0.008054      0
-1.35714     0.008068      0
-1.34286     0.008082      0
-1.32857     0.008158      0
-1.31429     0.008164      0
-1.3     0.008196      0
-1.28571     0.008228      0
-1.27143     0.0083      0
-1.25714     0.008282      0
-1.24286     0.008382      0
-1.22857     0.008368      0
-1.21429     0.008464      0
-1.2     0.008506      0
-1.18571     0.00852      0
-1.17143     0.008572      0
-1.15714     0.008648      0
-1.14286     0.008696      0
-1.12857     0.00872      0
-1.11429     0.00884      0
-1.1     0.008868      0
-1.08571     0.008908      0
-1.07143     0.008984      0
-1.05714     0.009056      0
-1.04286     0.0091      0
-1.02857     0.009222      0
-1.01429     0.009286      0
-1     0.009386      0
-0.985714     0.009432      0
-0.971429     0.009514      0
-0.957143     0.009652      0
-0.942857     0.009714      0
-0.928571     0.009822      0
-0.914286     0.009974      0
-0.9     0.010008      0
-0.885714     0.01025      0
-0.871429     0.010304      0
-0.857143     0.01043      0
-0.842857     0.01069      0
-0.828571     0.01081      0
-0.814286     0.010966      0
-0.8     0.011186      0
-0.785714     0.011404      0
-0.771429     0.011642      0
-0.757143     0.011918      0
-0.742857     0.012248      0
-0.728571     0.012614      0
-0.714286     0.012786      0
-0.7     0.01348      0
-0.685714     0.014004      0
-0.671429     0.014894      0
-0.657143     0.015714      0
-0.642857     0.0278165      0
-0.628571     0.035092      0
-0.614286     0.046622      0
-0.6     0.030852      0
-0.585714     0.024776      0
-0.571429     0.021476      0
-0.557143     0.019214      0
-0.542857     0.017436      0
-0.528571     0.016144      0
-0.514286     0.015072      0
-0.5     0.014018      0
-0.485714     0.01326      0
-0.471429     0.012576      0
-0.457143     0.011916      0
-0.442857     0.01135      0
-0.428571     0.010794      0
-0.414286     0.01033      0
-0.4     0.009914      0
-0.385714     0.00954      0
-0.371429     0.009112      0
-0.357143     0.008742      0
-0.342857     0.008446      0
-0.328571     0.008164      0
-0.314286     0.007798      0
-0.3     0.00754      0
-0.285714     0.007294      0
-0.271429     0.007018      0
-0.257143     0.006778      0
-0.242857     0.000875      0
-0.228571     0      0
-0.214286     0      0
-0.2     0      0
-0.185714     0      0
-0.171429     0      0
-0.157143     0      0
-0.142857     0      0
-0.128571     0      0
-0.114286     0      0
-0.1     0      0
-0.0857143     0      0
-0.0714286     0      0
-0.0571429     0      0
-0.0428571     0      0
-0.0285714     0      0
-0.0142857     0      0
0     0      0
0.0142857     0      0
0.0285714     0      0
0.0428571     0      0
0.0571429     0      1.28828e-23
0.0714286     0      1.70938e-22
0.0857143     0      3.72781e-16
0.1     0      6.6275e-16
0.114286     0      2.43813e-09
0.128571     0      0.0014985
0.142857     0      0.010786
0.157143     0      0.010136
0.171429     0      0.0097
0.185714     0      0.009362
0.2     0      0.00913
0.214286     0      0.008914
0.228571     0      0.008784
0.242857     0      0.00875
0.257143     0      0.008614
0.271429     0      0.0085
0.285714     0      0.008608
0.3     0      0.00859
0.314286     0      0.008574
0.328571     0      0.008644
0.342857     0      0.008626
0.357143     0      0.00876
0.371429     0      0.008856
0.385714     0      0.008914
0.4     0      0.00906
0.414286     0      0.009274
0.428571     0      0.009404
0.442857     0      0.009668
0.457143     0      0.00998
0.471429     0      0.010284
0.485714     0      0.01079
0.5     0      0.011386
0.514286     0      0.012472
0.528571     0      0.015757
0.542857     0      0.014028
0.557143     0      0.011996
0.571429     0      0.010962
0.585714     0      0.01038
0.6     0      0.009796
0.614286     0      0.009404
0.628571     0      0.009102
0.642857     0      0.008874
0.657143     0      0.008562
0.671429     0      0.008286
0.685714     0      0.008162
0.7     0      0.007986
0.714286     0      0.00779
0.728571     0      0.00767
0.742857     0      0.007482
0.757143     0      0.00738
0.771429     0      0.007212
0.785714     0      0.007154
0.8     0      0.007034
0.814286     0      0.006928
0.828571     0      0.006804
0.842857     0      0.006746
0.857143     0      0.00664
0.871429     0      0.006588
0.885714     0      0.00644
0.9     0      0.006414
0.914286     0      0.006342
0.928571     0      0.006258
0.942857     0      0.00622
0.957143     0      0.006042
0.971429     0      0.006098
0.985714     0      0.005998
1     0      0.005942
1.01429     0      0.005858
1.02857     0      0.005844
1.04286     0      0.005764
1.05714     0      0.005772
1.07143     0      0.005606
1.08571     0      0.00565
1.1     0      0.005558
1.11429     0      0.00556
1.12857     0      0.005428
1.14286     0      0.005488
1.15714     0      0.005338
1.17143     0      0.005376
1.18571     0      0.0053
1.2     0      0.005274
1.21429     0      0.005238
1.22857     0      0.005206
1.24286     0      0.005138
1.25714     0      0.005114
1.27143     0      0.005094
1.28571     0      0.005052
1.3     0      0.004992
1.31429     0      0.00498
1.32857     0      0.00493
1.34286     0      0.004912
1.35714     0      0.004896
1.37143     0      0.004806
1.38571     0      0.004862
1.4     0      0.00477
1.41429     0      0.004742
1.42857     0      0.004754
1.44286     0      0.004674
1.45714     0      0.004692
1.47143     0      0.004624
1.48571     0      0.00466
1.5     0      0.004554
1.51429     0      0.004568
1.52857     0      0.004568
1.54286     0      0.004476
1.55714     0      0.00448
1.57143     0      0.004466
1.58571     0      0.004454
1.6     0      0.004386
1.61429     0      0.004434
1.62857     0      0.004326
1.64286     0      0.00434
1.65714     0      0.004328
1.67143     0      0.00428
1.68571     0      0.004292
1.7     0      0.004276
1.71429     0      0.004222
1.72857     0      0.004162
1.74286     0      0.004218
1.75714     0      0.004202
1.77143     0      0.00413
1.78571     0      0.004112
1.8     0      0.004138
1.81429     0      0.004072
1.82857     0      0.00406
1.84286     0      0.004066
1.85714     0      0.004028
1.87143     0      0.004008
1.88571     0      0.003978
1.9     0      0.003972
1.91429     0      0.003962
1.92857     0      0.003946
1.94286     0      0.003938
1.95714     0      0.003884
1.97143     0      0.003902
1.98571     0      0.00387
2     0      0.003842
2.01429     0      0.003834
2.02857     0      0.003822
2.04286     0      0.003814
2.05714     0      0.00378
2.07143     0      0.003776
2.08571     0      0.003738
2.1     0      0.003768
2.11429     0      0.003712
2.12857     0      0.003702
2.14286     0      0.003692
2.15714     0      0.003674
2.17143     0      0.00366
2.18571     0      0.003666
2.2     0      0.003664
2.21429     0      0.003608
2.22857     0      0.003588
2.24286     0      0.003598
2.25714     0      0.003582
2.27143     0      0.003554
2.28571     0      0.003546
2.3     0      0.003554
2.31429     0      0.003498
2.32857     0      0.003528
2.34286     0      0.00349
2.35714     0      0.003492
2.37143     0      0.003456
2.38571     0      0.003454
2.4     0      0.003434
2.41429     0      0.003428
2.42857     0      0.003436
2.44286     0      0.003404
2.45714     0      0.00339
2.47143     0      0.00338
2.48571     0      0.003368
2.5     0      0.003362
2.51429     0      0.003356
2.52857     0      0.00333
2.54286     0      0.003316
2.55714     0      0.003318
2.57143     0      0.003304
2.58571     0      0.0004905
2.6     0      0
2.61429     0      0
2.62857     0      0
2.64286     0      0
2.65714     0      0
2.67143     0      0
2.68571     0      0
2.7     0      0
2.71429     0      0
2.72857     0      0
2.74286     0      0
2.75714     0      0
2.77143     0      0
2.78571     0      0
2.8     0      0
2.81429     0      0
2.82857     0      0
2.84286     0      0
2.85714     0      0
2.87143     0      0
2.88571     0      0
2.9     0      0
2.91429     0      0
2.92857     0      0
2.94286     0      0
2.95714     0      0
2.97143     0      0
2.98571     0      0
3     0      0
3.01429     0      0
3.02857     0      0
3.04286     0      0
3.05714     0      0
3.07143     0      0
3.08571     0      0
3.1     0      0
3.11429     0      0
3.12857     0      0
3.14286     0      0
3.15714     0      0
3.17143     0      0
3.18571     0      0
3.2     0      0
3.21429     0      0
3.22857     0      0
3.24286     0      0
3.25714     0      0
3.27143     0      0
3.28571     0      0
3.3     0      0
3.31429     0      0
3.32857     0      0
3.34286     0      0
3.35714     0      0
3.37143     0      0
3.38571     0      0
3.4     0      0
3.41429     0      0
3.42857     0      0
3.44286     0      0
3.45714     0      0
3.47143     0      0
3.48571     0      0
3.5     0      0
3.51429     0      0
3.52857     0      0
3.54286     0      0
3.55714     0      0
3.57143     0      0
3.58571     0      0
3.6     0      0
3.61429     0      0
3.62857     0      0
3.64286     0      0
3.65714     0      0
3.67143     0      0
3.68571     0      0
3.7     0      0
3.71429     0      0
3.72857     0      0
3.74286     0      0
3.75714     0      0
3.77143     0      0
3.78571     0      0
3.8     0      0
3.81429     0      0
3.82857     0      0
3.84286     0      0
3.85714     0      0
3.87143     0      0
3.88571     0      0
3.9     0      0
3.91429     0      0
3.92857     0      0
3.94286     0      0
3.95714     0      0
3.97143     0      0
3.98571     0      0
4     0      0
4.01429     0      0
4.02857     0      0
4.04286     0      0
4.05714     0      0
4.07143     0      0
4.08571     0      0
4.1     0      0
4.11429     0      0
4.12857     0      0
4.14286     0      0
4.15714     0      0
4.17143     0      0
4.18571     0      0
4.2     0      0
4.21429     0      0
4.22857     0      0
4.24286     0      0
4.25714     0      0
4.27143     0      0
4.28571     0      0
4.3     0      0
4.31429     0      0
4.32857     0      0
4.34286     0      0
4.35714     0      0
4.37143     0      0
4.38571     0      0
4.4     0      0
4.41429     0      0
4.42857     0      0
4.44286     0      0
4.45714     0      0
4.47143     0      0
4.48571     0      0
4.5     0      0
4.51429     0      0
4.52857     0      0
4.54286     0      0
4.55714     0      0
4.57143     0      0
4.58571     0      0
4.6     0      0
4.61429     0      0
4.62857     0      0
4.64286     0      0
4.65714     0      0
4.67143     0      0
4.68571     0      0
4.7     0      0
4.71429     0      0
4.72857     0      0
4.74286     0      0
4.75714     0      0
4.77143     0      0
4.78571     0      0
4.8     0      0
4.81429     0      0
4.82857     0      0
4.84286     0      0
4.85714     0      0
4.87143     0      0
4.88571     0      0
4.9     0      0
4.91429     0      0
4.92857     0      0
4.94286     0      0
4.95714     0      0
4.97143     0      0
4.98571     0      0
