# U,mu,nA_up, nA_dn, nB_up, nB_dn, ms, mf, ntotal,mu,cint
#energy    dos_upn   dos_upp   dos_dnn  dos_dnp GRID=1000 bin=700
-5     0      0
-4.98571     0      0
-4.97143     0      0
-4.95714     0      0
-4.94286     0      0
-4.92857     0      0
-4.91429     0      0
-4.9     0      0
-4.88571     0      0
-4.87143     0      0
-4.85714     0      0
-4.84286     0      0
-4.82857     0      0
-4.81429     0      0
-4.8     0      0
-4.78571     0      0
-4.77143     0      0
-4.75714     0      0
-4.74286     0      0
-4.72857     0      0
-4.71429     0      0
-4.7     0      0
-4.68571     0      0
-4.67143     0      0
-4.65714     0      0
-4.64286     0      0
-4.62857     0      0
-4.61429     0      0
-4.6     0      0
-4.58571     0      0
-4.57143     0      0
-4.55714     0      0
-4.54286     0      0
-4.52857     0      0
-4.51429     0      0
-4.5     0      0
-4.48571     0      0
-4.47143     0      0
-4.45714     0      0
-4.44286     0      0
-4.42857     0      0
-4.41429     0      0
-4.4     0      0
-4.38571     0      0
-4.37143     0      0
-4.35714     0      0
-4.34286     0      0
-4.32857     0      0
-4.31429     0      0
-4.3     0      0
-4.28571     0      0
-4.27143     0      0
-4.25714     0      0
-4.24286     0      0
-4.22857     0      0
-4.21429     0      0
-4.2     0      0
-4.18571     0      0
-4.17143     0      0
-4.15714     0      0
-4.14286     0      0
-4.12857     0      0
-4.11429     0      0
-4.1     0      0
-4.08571     0      0
-4.07143     0      0
-4.05714     0      0
-4.04286     0      0
-4.02857     0      0
-4.01429     0      0
-4     0      0
-3.98571     0      0
-3.97143     0      0
-3.95714     0      0
-3.94286     0      0
-3.92857     0      0
-3.91429     0      0
-3.9     0      0
-3.88571     0      0
-3.87143     0      0
-3.85714     0      0
-3.84286     0      0
-3.82857     0      0
-3.81429     0      0
-3.8     0      0
-3.78571     0      0
-3.77143     0      0
-3.75714     0      0
-3.74286     0      0
-3.72857     0      0
-3.71429     0      0
-3.7     0      0
-3.68571     0      0
-3.67143     0      0
-3.65714     0      0
-3.64286     0      0
-3.62857     0      0
-3.61429     0      0
-3.6     0      0
-3.58571     0      0
-3.57143     0      0
-3.55714     0      0
-3.54286     0      0
-3.52857     0      0
-3.51429     0      0
-3.5     0      0
-3.48571     0      0
-3.47143     0      0
-3.45714     0      0
-3.44286     0      0
-3.42857     0      0
-3.41429     0      0
-3.4     0      0
-3.38571     0      0
-3.37143     0      0
-3.35714     0      0
-3.34286     0      0
-3.32857     0      0
-3.31429     0      0
-3.3     0      0
-3.28571     0      0
-3.27143     0      0
-3.25714     0      0
-3.24286     0      0
-3.22857     0      0
-3.21429     0      0
-3.2     0      0
-3.18571     0      0
-3.17143     0      0
-3.15714     0      0
-3.14286     0      0
-3.12857     0      0
-3.11429     0      0
-3.1     0      0
-3.08571     0      0
-3.07143     0      0
-3.05714     0      0
-3.04286     0      0
-3.02857     0      0
-3.01429     0      0
-3     0      0
-2.98571     0      0
-2.97143     0      0
-2.95714     0      0
-2.94286     0      0
-2.92857     0      0
-2.91429     0      0
-2.9     0      0
-2.88571     0      0
-2.87143     0      0
-2.85714     0      0
-2.84286     0      0
-2.82857     0      0
-2.81429     0      0
-2.8     0      0
-2.78571     0      0
-2.77143     0      0
-2.75714     0      0
-2.74286     0      0
-2.72857     0      0
-2.71429     0      0
-2.7     0      0
-2.68571     0      0
-2.67143     0      0
-2.65714     0      0
-2.64286     0      0
-2.62857     0      0
-2.61429     0      0
-2.6     0      0
-2.58571     0      0
-2.57143     0      0
-2.55714     0      0
-2.54286     0      0
-2.52857     0      0
-2.51429     0      0
-2.5     0      0
-2.48571     0      0
-2.47143     0      0
-2.45714     0      0
-2.44286     0      0
-2.42857     0      0
-2.41429     0      0
-2.4     0      0
-2.38571     0      0
-2.37143     0      0
-2.35714     0      0
-2.34286     0      0
-2.32857     0      0
-2.31429     0      0
-2.3     0      0
-2.28571     0      0
-2.27143     0      0
-2.25714     0      0
-2.24286     0      0
-2.22857     0      0
-2.21429     0      0
-2.2     0      0
-2.18571     0      0
-2.17143     0      0
-2.15714     0      0
-2.14286     0      0
-2.12857     0      0
-2.11429     0      0
-2.1     0      0
-2.08571     0      0
-2.07143     0      0
-2.05714     0      0
-2.04286     0      0
-2.02857     0      0
-2.01429     0      0
-2     0      0
-1.98571     0      0
-1.97143     0      0
-1.95714     0      0
-1.94286     0      0
-1.92857     0      0
-1.91429     0      0
-1.9     0      0
-1.88571     0      0
-1.87143     0      0
-1.85714     0      0
-1.84286     0      0
-1.82857     0      0
-1.81429     0      0
-1.8     0      0
-1.78571     0      0
-1.77143     0      0
-1.75714     0      0
-1.74286     0      0
-1.72857     0      0
-1.71429     0      0
-1.7     0      0
-1.68571     0      0
-1.67143     0      0
-1.65714     1.58752e-42      0
-1.64286     1.94824e-42      0
-1.62857     1.94971e-42      0
-1.61429     1.95459e-42      0
-1.6     6.80713e-36      0
-1.58571     7.75e-36      0
-1.57143     7.75391e-36      0
-1.55714     7.76367e-36      0
-1.54286     3.05879e-29      0
-1.52857     3.07578e-29      0
-1.51429     3.09141e-29      0
-1.5     1.83828e-23      0
-1.48571     1.22188e-22      0
-1.47143     1.22625e-22      0
-1.45714     1.23438e-22      0
-1.44286     1.68031e-16      0
-1.42857     4.88e-16      0
-1.41429     4.9025e-16      0
-1.4     4.89625e-16      0
-1.38571     1.12013e-09      0
-1.37143     1.945e-09      0
-1.35714     1.954e-09      0
-1.34286     1.9565e-09      0
-1.32857     0.0064985      0
-1.31429     0.007766      0
-1.3     0.007788      0
-1.28571     0.007808      0
-1.27143     0.007844      0
-1.25714     0.007864      0
-1.24286     0.00791      0
-1.22857     0.007882      0
-1.21429     0.007932      0
-1.2     0.007978      0
-1.18571     0.007978      0
-1.17143     0.00805      0
-1.15714     0.008056      0
-1.14286     0.008056      0
-1.12857     0.008132      0
-1.11429     0.008152      0
-1.1     0.008162      0
-1.08571     0.008218      0
-1.07143     0.008246      0
-1.05714     0.00831      0
-1.04286     0.00833      0
-1.02857     0.008376      0
-1.01429     0.008416      0
-1     0.00845      0
-0.985714     0.008524      0
-0.971429     0.008564      0
-0.957143     0.008608      0
-0.942857     0.008652      0
-0.928571     0.008748      0
-0.914286     0.008738      0
-0.9     0.008788      0
-0.885714     0.008946      0
-0.871429     0.008932      0
-0.857143     0.008968      0
-0.842857     0.009098      0
-0.828571     0.009132      0
-0.814286     0.00922      0
-0.8     0.00934      0
-0.785714     0.009376      0
-0.771429     0.009428      0
-0.757143     0.009582      0
-0.742857     0.009618      0
-0.728571     0.009792      0
-0.714286     0.009822      0
-0.7     0.009962      0
-0.685714     0.010062      0
-0.671429     0.010194      0
-0.657143     0.01035      0
-0.642857     0.010504      0
-0.628571     0.010646      0
-0.614286     0.010796      0
-0.6     0.011      0
-0.585714     0.011068      0
-0.571429     0.01149      0
-0.557143     0.011696      0
-0.542857     0.011668      0
-0.528571     0.012304      0
-0.514286     0.012576      0
-0.5     0.012976      0
-0.485714     0.013384      0
-0.471429     0.014132      0
-0.457143     0.014696      0
-0.442857     0.01588      0
-0.428571     0.0267825      0
-0.414286     0.037144      0
-0.4     0.042272      0
-0.385714     0.027334      0
-0.371429     0.022426      0
-0.357143     0.019594      0
-0.342857     0.017662      0
-0.328571     0.016102      0
-0.314286     0.014866      0
-0.3     0.013892      0
-0.285714     0.013028      0
-0.271429     0.012242      0
-0.257143     0.011656      0
-0.242857     0.010996      0
-0.228571     0.0105      0
-0.214286     0.010018      0
-0.2     0.009578      0
-0.185714     0.009146      0
-0.171429     0.008796      0
-0.157143     0.00841      0
-0.142857     0.008066      0
-0.128571     0.00777      0
-0.114286     0.00748      0
-0.1     0.007198      0
-0.0857143     0.006888      0
-0.0714286     0.006668      0
-0.0571429     0.006406      0
-0.0428571     0.006156      0
-0.0285714     0.001461      0
-0.0142857     0      0
0     0      0
0.0142857     0      0
0.0285714     0      0
0.0428571     0      0
0.0571429     0      2.01294e-43
0.0714286     0      2.6709e-42
0.0857143     0      5.82471e-36
0.1     0      1.03555e-35
0.114286     0      3.80957e-29
0.128571     0      2.34141e-23
0.142857     0      1.68531e-22
0.157143     0      1.90281e-16
0.171429     0      6.65e-16
0.185714     0      8.57626e-10
0.2     0      2.6415e-09
0.214286     0      0.0027205
0.228571     0      0.01057
0.242857     0      0.00984
0.257143     0      0.009356
0.271429     0      0.009066
0.285714     0      0.0088
0.3     0      0.008534
0.314286     0      0.008508
0.328571     0      0.008284
0.342857     0      0.008302
0.357143     0      0.008228
0.371429     0      0.008234
0.385714     0      0.008234
0.4     0      0.008222
0.414286     0      0.008262
0.428571     0      0.008336
0.442857     0      0.008396
0.457143     0      0.00845
0.471429     0      0.008582
0.485714     0      0.008722
0.5     0      0.00887
0.514286     0      0.009044
0.528571     0      0.00931
0.542857     0      0.009546
0.557143     0      0.009894
0.571429     0      0.01031
0.585714     0      0.010996
0.6     0      0.012008
0.614286     0      0.015145
0.628571     0      0.013068
0.642857     0      0.011292
0.657143     0      0.01047
0.671429     0      0.009918
0.685714     0      0.009468
0.7     0      0.009136
0.714286     0      0.008818
0.728571     0      0.008584
0.742857     0      0.00833
0.757143     0      0.008134
0.771429     0      0.00799
0.785714     0      0.007792
0.8     0      0.007638
0.814286     0      0.007498
0.828571     0      0.00739
0.842857     0      0.007264
0.857143     0      0.007174
0.871429     0      0.006996
0.885714     0      0.00694
0.9     0      0.006854
0.914286     0      0.006768
0.928571     0      0.006648
0.942857     0      0.006592
0.957143     0      0.006562
0.971429     0      0.006374
0.985714     0      0.006372
1     0      0.006296
1.01429     0      0.006232
1.02857     0      0.006156
1.04286     0      0.00608
1.05714     0      0.006026
1.07143     0      0.006002
1.08571     0      0.00591
1.1     0      0.005884
1.11429     0      0.005808
1.12857     0      0.005768
1.14286     0      0.005706
1.15714     0      0.005712
1.17143     0      0.005572
1.18571     0      0.005624
1.2     0      0.005474
1.21429     0      0.005504
1.22857     0      0.005456
1.24286     0      0.00537
1.25714     0      0.005384
1.27143     0      0.005308
1.28571     0      0.005294
1.3     0      0.005236
1.31429     0      0.00522
1.32857     0      0.005162
1.34286     0      0.005132
1.35714     0      0.005098
1.37143     0      0.005094
1.38571     0      0.00501
1.4     0      0.004978
1.41429     0      0.00503
1.42857     0      0.00487
1.44286     0      0.00493
1.45714     0      0.004872
1.47143     0      0.00484
1.48571     0      0.004786
1.5     0      0.004828
1.51429     0      0.00472
1.52857     0      0.004748
1.54286     0      0.004678
1.55714     0      0.00465
1.57143     0      0.00467
1.58571     0      0.00463
1.6     0      0.004562
1.61429     0      0.004574
1.62857     0      0.004538
1.64286     0      0.00454
1.65714     0      0.004456
1.67143     0      0.004524
1.68571     0      0.00441
1.7     0      0.004404
1.71429     0      0.004404
1.72857     0      0.00436
1.74286     0      0.004368
1.75714     0      0.004326
1.77143     0      0.004298
1.78571     0      0.004274
1.8     0      0.00429
1.81429     0      0.00421
1.82857     0      0.004254
1.84286     0      0.004186
1.85714     0      0.00418
1.87143     0      0.004186
1.88571     0      0.004114
1.9     0      0.004126
1.91429     0      0.004118
1.92857     0      0.00407
1.94286     0      0.004058
1.95714     0      0.00405
1.97143     0      0.004002
1.98571     0      0.004016
2     0      0.003994
2.01429     0      0.003996
2.02857     0      0.003928
2.04286     0      0.00393
2.05714     0      0.003914
2.07143     0      0.003912
2.08571     0      0.003894
2.1     0      0.003846
2.11429     0      0.003878
2.12857     0      0.003832
2.14286     0      0.003806
2.15714     0      0.003802
2.17143     0      0.003786
2.18571     0      0.003766
2.2     0      0.00379
2.21429     0      0.00372
2.22857     0      0.00373
2.24286     0      0.003726
2.25714     0      0.003672
2.27143     0      0.003666
2.28571     0      0.003688
2.3     0      0.003664
2.31429     0      0.0036
2.32857     0      0.00366
2.34286     0      0.003602
2.35714     0      0.003598
2.37143     0      0.003586
2.38571     0      0.003574
2.4     0      0.00353
2.41429     0      0.00354
2.42857     0      0.00353
2.44286     0      0.003516
2.45714     0      0.003486
2.47143     0      0.003492
2.48571     0      0.003464
2.5     0      0.003472
2.51429     0      0.00345
2.52857     0      0.003434
2.54286     0      0.003432
2.55714     0      0.003404
2.57143     0      0.003392
2.58571     0      0.003404
2.6     0      0.00337
2.61429     0      0.003358
2.62857     0      0.003368
2.64286     0      0.003326
2.65714     0      0.003342
2.67143     0      0.003294
2.68571     0      0.003312
2.7     0      0.00329
2.71429     0      0.0027485
2.72857     0      0
2.74286     0      0
2.75714     0      0
2.77143     0      0
2.78571     0      0
2.8     0      0
2.81429     0      0
2.82857     0      0
2.84286     0      0
2.85714     0      0
2.87143     0      0
2.88571     0      0
2.9     0      0
2.91429     0      0
2.92857     0      0
2.94286     0      0
2.95714     0      0
2.97143     0      0
2.98571     0      0
3     0      0
3.01429     0      0
3.02857     0      0
3.04286     0      0
3.05714     0      0
3.07143     0      0
3.08571     0      0
3.1     0      0
3.11429     0      0
3.12857     0      0
3.14286     0      0
3.15714     0      0
3.17143     0      0
3.18571     0      0
3.2     0      0
3.21429     0      0
3.22857     0      0
3.24286     0      0
3.25714     0      0
3.27143     0      0
3.28571     0      0
3.3     0      0
3.31429     0      0
3.32857     0      0
3.34286     0      0
3.35714     0      0
3.37143     0      0
3.38571     0      0
3.4     0      0
3.41429     0      0
3.42857     0      0
3.44286     0      0
3.45714     0      0
3.47143     0      0
3.48571     0      0
3.5     0      0
3.51429     0      0
3.52857     0      0
3.54286     0      0
3.55714     0      0
3.57143     0      0
3.58571     0      0
3.6     0      0
3.61429     0      0
3.62857     0      0
3.64286     0      0
3.65714     0      0
3.67143     0      0
3.68571     0      0
3.7     0      0
3.71429     0      0
3.72857     0      0
3.74286     0      0
3.75714     0      0
3.77143     0      0
3.78571     0      0
3.8     0      0
3.81429     0      0
3.82857     0      0
3.84286     0      0
3.85714     0      0
3.87143     0      0
3.88571     0      0
3.9     0      0
3.91429     0      0
3.92857     0      0
3.94286     0      0
3.95714     0      0
3.97143     0      0
3.98571     0      0
4     0      0
4.01429     0      0
4.02857     0      0
4.04286     0      0
4.05714     0      0
4.07143     0      0
4.08571     0      0
4.1     0      0
4.11429     0      0
4.12857     0      0
4.14286     0      0
4.15714     0      0
4.17143     0      0
4.18571     0      0
4.2     0      0
4.21429     0      0
4.22857     0      0
4.24286     0      0
4.25714     0      0
4.27143     0      0
4.28571     0      0
4.3     0      0
4.31429     0      0
4.32857     0      0
4.34286     0      0
4.35714     0      0
4.37143     0      0
4.38571     0      0
4.4     0      0
4.41429     0      0
4.42857     0      0
4.44286     0      0
4.45714     0      0
4.47143     0      0
4.48571     0      0
4.5     0      0
4.51429     0      0
4.52857     0      0
4.54286     0      0
4.55714     0      0
4.57143     0      0
4.58571     0      0
4.6     0      0
4.61429     0      0
4.62857     0      0
4.64286     0      0
4.65714     0      0
4.67143     0      0
4.68571     0      0
4.7     0      0
4.71429     0      0
4.72857     0      0
4.74286     0      0
4.75714     0      0
4.77143     0      0
4.78571     0      0
4.8     0      0
4.81429     0      0
4.82857     0      0
4.84286     0      0
4.85714     0      0
4.87143     0      0
4.88571     0      0
4.9     0      0
4.91429     0      0
4.92857     0      0
4.94286     0      0
4.95714     0      0
4.97143     0      0
4.98571     0      0
