# U,mu,nA_up, nA_dn, nB_up, nB_dn, ms, mf, ntotal,mu,cint
#energy    dos_upn   dos_upp   dos_dnn  dos_dnp GRID=1000 bin=700
-5     0      0
-4.98571     0      0
-4.97143     0      0
-4.95714     0      0
-4.94286     0      0
-4.92857     0      0
-4.91429     0      0
-4.9     0      0
-4.88571     0      0
-4.87143     0      0
-4.85714     0      0
-4.84286     0      0
-4.82857     0      0
-4.81429     0      0
-4.8     0      0
-4.78571     0      0
-4.77143     0      0
-4.75714     0      0
-4.74286     0      0
-4.72857     0      0
-4.71429     0      0
-4.7     0      0
-4.68571     0      0
-4.67143     0      0
-4.65714     0      0
-4.64286     0      0
-4.62857     0      0
-4.61429     0      0
-4.6     0      0
-4.58571     0      0
-4.57143     0      0
-4.55714     0      0
-4.54286     0      0
-4.52857     0      0
-4.51429     0      0
-4.5     0      0
-4.48571     0      0
-4.47143     0      0
-4.45714     0      0
-4.44286     0      0
-4.42857     0      0
-4.41429     0      0
-4.4     0      0
-4.38571     0      0
-4.37143     0      0
-4.35714     0      0
-4.34286     0      0
-4.32857     0      0
-4.31429     0      0
-4.3     0      0
-4.28571     0      0
-4.27143     0      0
-4.25714     0      0
-4.24286     0      0
-4.22857     0      0
-4.21429     0      0
-4.2     0      0
-4.18571     0      0
-4.17143     0      0
-4.15714     0      0
-4.14286     0      0
-4.12857     0      0
-4.11429     0      0
-4.1     0      0
-4.08571     0      0
-4.07143     0      0
-4.05714     0      0
-4.04286     0      0
-4.02857     0      0
-4.01429     0      0
-4     0      0
-3.98571     0      0
-3.97143     0      0
-3.95714     0      0
-3.94286     0      0
-3.92857     0      0
-3.91429     0      0
-3.9     0      0
-3.88571     0      0
-3.87143     0      0
-3.85714     0      0
-3.84286     0      0
-3.82857     0      0
-3.81429     0      0
-3.8     0      0
-3.78571     0      0
-3.77143     0      0
-3.75714     0      0
-3.74286     0      0
-3.72857     0      0
-3.71429     0      0
-3.7     0      0
-3.68571     0      0
-3.67143     0      0
-3.65714     0      0
-3.64286     0      0
-3.62857     0      0
-3.61429     0      0
-3.6     0      0
-3.58571     0      0
-3.57143     0      0
-3.55714     0      0
-3.54286     0      0
-3.52857     0      0
-3.51429     0      0
-3.5     0      0
-3.48571     0      0
-3.47143     0      0
-3.45714     0      0
-3.44286     0      0
-3.42857     0      0
-3.41429     0      0
-3.4     0      0
-3.38571     0      0
-3.37143     0      0
-3.35714     0      0
-3.34286     0      0
-3.32857     0      0
-3.31429     0      0
-3.3     0      0
-3.28571     0      0
-3.27143     0      0
-3.25714     0      0
-3.24286     0      0
-3.22857     0      0
-3.21429     0      0
-3.2     0      0
-3.18571     0      0
-3.17143     0      0
-3.15714     0      0
-3.14286     0      0
-3.12857     0      0
-3.11429     0      0
-3.1     0      0
-3.08571     0      0
-3.07143     0      0
-3.05714     0      0
-3.04286     0      0
-3.02857     0      0
-3.01429     0      0
-3     0      0
-2.98571     0      0
-2.97143     0      0
-2.95714     0      0
-2.94286     0      0
-2.92857     0      0
-2.91429     0      0
-2.9     0      0
-2.88571     0      0
-2.87143     0      0
-2.85714     0      0
-2.84286     0      0
-2.82857     0      0
-2.81429     0      0
-2.8     0      0
-2.78571     0      0
-2.77143     0      0
-2.75714     0      0
-2.74286     0      0
-2.72857     0      0
-2.71429     0      0
-2.7     0      0
-2.68571     0      0
-2.67143     0      0
-2.65714     0      0
-2.64286     0      0
-2.62857     0      0
-2.61429     0      0
-2.6     0      0
-2.58571     0      0
-2.57143     0      0
-2.55714     0      0
-2.54286     0      0
-2.52857     0      0
-2.51429     0      0
-2.5     0      0
-2.48571     0      0
-2.47143     0      0
-2.45714     0      0
-2.44286     0      0
-2.42857     0      0
-2.41429     0      0
-2.4     0      0
-2.38571     0      0
-2.37143     0      0
-2.35714     0      0
-2.34286     0      0
-2.32857     0      0
-2.31429     0      0
-2.3     0      0
-2.28571     0      0
-2.27143     0      0
-2.25714     0      0
-2.24286     0      0
-2.22857     0      0
-2.21429     0      0
-2.2     0      0
-2.18571     0      0
-2.17143     0      0
-2.15714     0      0
-2.14286     0      0
-2.12857     0      0
-2.11429     0      0
-2.1     0      0
-2.08571     0      0
-2.07143     0      0
-2.05714     0      0
-2.04286     0      0
-2.02857     0      0
-2.01429     0      0
-2     0      0
-1.98571     0      0
-1.97143     0      0
-1.95714     0      0
-1.94286     0      0
-1.92857     0      0
-1.91429     0      0
-1.9     0      0
-1.88571     0      0
-1.87143     0      0
-1.85714     0      0
-1.84286     0      0
-1.82857     0      0
-1.81429     0      0
-1.8     0      0
-1.78571     0      0
-1.77143     0      0
-1.75714     0      0
-1.74286     0      0
-1.72857     0      0
-1.71429     0      0
-1.7     0      0
-1.68571     0      0
-1.67143     0      0
-1.65714     3.87579e-82      0
-1.64286     4.75645e-82      0
-1.62857     4.76003e-82      0
-1.61429     4.77195e-82      0
-1.6     1.6619e-75      0
-1.58571     1.89209e-75      0
-1.57143     1.89304e-75      0
-1.55714     1.89543e-75      0
-1.54286     7.46775e-69      0
-1.52857     7.50923e-69      0
-1.51429     7.54738e-69      0
-1.5     4.488e-63      0
-1.48571     2.98309e-62      0
-1.47143     2.99378e-62      0
-1.45714     3.01361e-62      0
-1.44286     4.10233e-56      0
-1.42857     1.19141e-55      0
-1.41429     1.1969e-55      0
-1.4     0.0052765      0
-1.38571     0.007674      0
-1.37143     0.0077      0
-1.35714     0.007696      0
-1.34286     0.007746      0
-1.32857     0.007754      0
-1.31429     0.007768      0
-1.3     0.007784      0
-1.28571     0.007828      0
-1.27143     0.007816      0
-1.25714     0.007874      0
-1.24286     0.00789      0
-1.22857     0.00791      0
-1.21429     0.007956      0
-1.2     0.007964      0
-1.18571     0.00801      0
-1.17143     0.008006      0
-1.15714     0.008098      0
-1.14286     0.008058      0
-1.12857     0.008128      0
-1.11429     0.008148      0
-1.1     0.008222      0
-1.08571     0.00824      0
-1.07143     0.008238      0
-1.05714     0.008314      0
-1.04286     0.008332      0
-1.02857     0.008402      0
-1.01429     0.008436      0
-1     0.008434      0
-0.985714     0.008528      0
-0.971429     0.00858      0
-0.957143     0.008608      0
-0.942857     0.008612      0
-0.928571     0.008754      0
-0.914286     0.008788      0
-0.9     0.008778      0
-0.885714     0.008896      0
-0.871429     0.008972      0
-0.857143     0.00898      0
-0.842857     0.009048      0
-0.828571     0.009112      0
-0.814286     0.009252      0
-0.8     0.009272      0
-0.785714     0.009322      0
-0.771429     0.009456      0
-0.757143     0.00949      0
-0.742857     0.0096      0
-0.728571     0.009702      0
-0.714286     0.00973      0
-0.7     0.009906      0
-0.685714     0.01003      0
-0.671429     0.010034      0
-0.657143     0.010282      0
-0.642857     0.010278      0
-0.628571     0.010572      0
-0.614286     0.0106      0
-0.6     0.010696      0
-0.585714     0.011082      0
-0.571429     0.011122      0
-0.557143     0.011152      0
-0.542857     0.011642      0
-0.528571     0.011808      0
-0.514286     0.012074      0
-0.5     0.0123      0
-0.485714     0.012806      0
-0.471429     0.013152      0
-0.457143     0.013762      0
-0.442857     0.014416      0
-0.428571     0.015322      0
-0.414286     0.0167765      0
-0.4     0.033314      0
-0.385714     0.040616      0
-0.371429     0.025358      0
-0.357143     0.020488      0
-0.342857     0.017764      0
-0.328571     0.015832      0
-0.314286     0.014428      0
-0.3     0.013308      0
-0.285714     0.012442      0
-0.271429     0.011528      0
-0.257143     0.01093      0
-0.242857     0.010298      0
-0.228571     0.009772      0
-0.214286     0.009294      0
-0.2     0.008804      0
-0.185714     0.008404      0
-0.171429     0.008022      0
-0.157143     0.00767      0
-0.142857     0.007374      0
-0.128571     0.006998      0
-0.114286     0.006724      0
-0.1     0.006414      0
-0.0857143     0.006168      0
-0.0714286     0.00591      0
-0.0571429     0.005634      0
-0.0428571     0.00541      0
-0.0285714     0.005184      0
-0.0142857     0.004917      0
0     0      0
0.0142857     0      0
0.0285714     0      0.0080105
0.0428571     0      0.00966
0.0571429     0      0.008976
0.0714286     0      0.008498
0.0857143     0      0.008202
0.1     0      0.007974
0.114286     0      0.007804
0.128571     0      0.007688
0.142857     0      0.007618
0.157143     0      0.00756
0.171429     0      0.007514
0.185714     0      0.00753
0.2     0      0.007544
0.214286     0      0.007512
0.228571     0      0.007606
0.242857     0      0.00765
0.257143     0      0.007756
0.271429     0      0.007826
0.285714     0      0.007956
0.3     0      0.008042
0.314286     0      0.008216
0.328571     0      0.008384
0.342857     0      0.008654
0.357143     0      0.008924
0.371429     0      0.009186
0.385714     0      0.009656
0.4     0      0.010418
0.414286     0      0.01171
0.428571     0      0.013481
0.442857     0      0.01097
0.457143     0      0.009982
0.471429     0      0.009528
0.485714     0      0.009108
0.5     0      0.008738
0.514286     0      0.008546
0.528571     0      0.008278
0.542857     0      0.008094
0.557143     0      0.007954
0.571429     0      0.007778
0.585714     0      0.00764
0.6     0      0.00753
0.614286     0      0.007388
0.628571     0      0.007224
0.642857     0      0.007226
0.657143     0      0.007044
0.671429     0      0.006978
0.685714     0      0.00687
0.7     0      0.006824
0.714286     0      0.006736
0.728571     0      0.00666
0.742857     0      0.006556
0.757143     0      0.00652
0.771429     0      0.006408
0.785714     0      0.006402
0.8     0      0.006294
0.814286     0      0.006266
0.828571     0      0.006176
0.842857     0      0.00613
0.857143     0      0.00607
0.871429     0      0.006018
0.885714     0      0.005968
0.9     0      0.005922
0.914286     0      0.005882
0.928571     0      0.00579
0.942857     0      0.005832
0.957143     0      0.00569
0.971429     0      0.005654
0.985714     0      0.005658
1     0      0.005574
1.01429     0      0.00564
1.02857     0      0.00545
1.04286     0      0.00548
1.05714     0      0.005444
1.07143     0      0.005382
1.08571     0      0.005346
1.1     0      0.005348
1.11429     0      0.00528
1.12857     0      0.00523
1.14286     0      0.00524
1.15714     0      0.005154
1.17143     0      0.00513
1.18571     0      0.00514
1.2     0      0.005084
1.21429     0      0.005058
1.22857     0      0.004994
1.24286     0      0.005016
1.25714     0      0.00494
1.27143     0      0.004894
1.28571     0      0.004968
1.3     0      0.004826
1.31429     0      0.004852
1.32857     0      0.004802
1.34286     0      0.004788
1.35714     0      0.004742
1.37143     0      0.00471
1.38571     0      0.00477
1.4     0      0.004638
1.41429     0      0.004642
1.42857     0      0.004652
1.44286     0      0.004596
1.45714     0      0.00457
1.47143     0      0.004552
1.48571     0      0.004528
1.5     0      0.004514
1.51429     0      0.004488
1.52857     0      0.00443
1.54286     0      0.004448
1.55714     0      0.004428
1.57143     0      0.004366
1.58571     0      0.004402
1.6     0      0.004354
1.61429     0      0.004286
1.62857     0      0.00433
1.64286     0      0.004278
1.65714     0      0.004276
1.67143     0      0.004204
1.68571     0      0.00424
1.7     0      0.004212
1.71429     0      0.004184
1.72857     0      0.00415
1.74286     0      0.004174
1.75714     0      0.004098
1.77143     0      0.004126
1.78571     0      0.00407
1.8     0      0.004066
1.81429     0      0.004068
1.82857     0      0.004
1.84286     0      0.004032
1.85714     0      0.004012
1.87143     0      0.003968
1.88571     0      0.00399
1.9     0      0.003934
1.91429     0      0.00393
1.92857     0      0.003898
1.94286     0      0.003902
1.95714     0      0.003888
1.97143     0      0.003858
1.98571     0      0.003862
2     0      0.00384
2.01429     0      0.003816
2.02857     0      0.003766
2.04286     0      0.003812
2.05714     0      0.003762
2.07143     0      0.00376
2.08571     0      0.003718
2.1     0      0.003722
2.11429     0      0.003718
2.12857     0      0.0037
2.14286     0      0.003674
2.15714     0      0.00365
2.17143     0      0.003686
2.18571     0      0.003602
2.2     0      0.00364
2.21429     0      0.00361
2.22857     0      0.00358
2.24286     0      0.003586
2.25714     0      0.003596
2.27143     0      0.003558
2.28571     0      0.00352
2.3     0      0.003534
2.31429     0      0.0035
2.32857     0      0.003522
2.34286     0      0.003492
2.35714     0      0.00347
2.37143     0      0.003472
2.38571     0      0.003444
2.4     0      0.003452
2.41429     0      0.003414
2.42857     0      0.003414
2.44286     0      0.003422
2.45714     0      0.003376
2.47143     0      0.003406
2.48571     0      0.003352
2.5     0      0.003356
2.51429     0      0.003362
2.52857     0      0.00332
2.54286     0      0.003314
2.55714     0      0.00332
2.57143     0      0.003286
2.58571     0      0.003292
2.6     0      0.003276
2.61429     0      0.0030745
2.62857     0      7.38625e-10
2.64286     0      1.93156e-16
2.65714     0      5.1375e-23
2.67143     0      5.125e-23
2.68571     0      1.48516e-23
2.7     0      7.84571e-30
2.71429     0      3.20703e-36
2.72857     0      1.43066e-37
2.74286     0      0
2.75714     0      0
2.77143     0      0
2.78571     0      0
2.8     0      0
2.81429     0      0
2.82857     0      0
2.84286     0      0
2.85714     0      0
2.87143     0      0
2.88571     0      0
2.9     0      0
2.91429     0      0
2.92857     0      0
2.94286     0      0
2.95714     0      0
2.97143     0      0
2.98571     0      0
3     0      0
3.01429     0      0
3.02857     0      0
3.04286     0      0
3.05714     0      0
3.07143     0      0
3.08571     0      0
3.1     0      0
3.11429     0      0
3.12857     0      0
3.14286     0      0
3.15714     0      0
3.17143     0      0
3.18571     0      0
3.2     0      0
3.21429     0      0
3.22857     0      0
3.24286     0      0
3.25714     0      0
3.27143     0      0
3.28571     0      0
3.3     0      0
3.31429     0      0
3.32857     0      0
3.34286     0      0
3.35714     0      0
3.37143     0      0
3.38571     0      0
3.4     0      0
3.41429     0      0
3.42857     0      0
3.44286     0      0
3.45714     0      0
3.47143     0      0
3.48571     0      0
3.5     0      0
3.51429     0      0
3.52857     0      0
3.54286     0      0
3.55714     0      0
3.57143     0      0
3.58571     0      0
3.6     0      0
3.61429     0      0
3.62857     0      0
3.64286     0      0
3.65714     0      0
3.67143     0      0
3.68571     0      0
3.7     0      0
3.71429     0      0
3.72857     0      0
3.74286     0      0
3.75714     0      0
3.77143     0      0
3.78571     0      0
3.8     0      0
3.81429     0      0
3.82857     0      0
3.84286     0      0
3.85714     0      0
3.87143     0      0
3.88571     0      0
3.9     0      0
3.91429     0      0
3.92857     0      0
3.94286     0      0
3.95714     0      0
3.97143     0      0
3.98571     0      0
4     0      0
4.01429     0      0
4.02857     0      0
4.04286     0      0
4.05714     0      0
4.07143     0      0
4.08571     0      0
4.1     0      0
4.11429     0      0
4.12857     0      0
4.14286     0      0
4.15714     0      0
4.17143     0      0
4.18571     0      0
4.2     0      0
4.21429     0      0
4.22857     0      0
4.24286     0      0
4.25714     0      0
4.27143     0      0
4.28571     0      0
4.3     0      0
4.31429     0      0
4.32857     0      0
4.34286     0      0
4.35714     0      0
4.37143     0      0
4.38571     0      0
4.4     0      0
4.41429     0      0
4.42857     0      0
4.44286     0      0
4.45714     0      0
4.47143     0      0
4.48571     0      0
4.5     0      0
4.51429     0      0
4.52857     0      0
4.54286     0      0
4.55714     0      0
4.57143     0      0
4.58571     0      0
4.6     0      0
4.61429     0      0
4.62857     0      0
4.64286     0      0
4.65714     0      0
4.67143     0      0
4.68571     0      0
4.7     0      0
4.71429     0      0
4.72857     0      0
4.74286     0      0
4.75714     0      0
4.77143     0      0
4.78571     0      0
4.8     0      0
4.81429     0      0
4.82857     0      0
4.84286     0      0
4.85714     0      0
4.87143     0      0
4.88571     0      0
4.9     0      0
4.91429     0      0
4.92857     0      0
4.94286     0      0
4.95714     0      0
4.97143     0      0
4.98571     0      0
