# U,mu,nA_up, nA_dn, nB_up, nB_dn, ms, mf, ntotal,mu,cint
#energy    dos_upn   dos_upp   dos_dnn  dos_dnp GRID=1000 bin=700
-5     0      0
-4.98571     0      0
-4.97143     0      0
-4.95714     0      0
-4.94286     0      0
-4.92857     0      0
-4.91429     0      0
-4.9     0      0
-4.88571     0      0
-4.87143     0      0
-4.85714     0      0
-4.84286     0      0
-4.82857     0      0
-4.81429     0      0
-4.8     0      0
-4.78571     0      0
-4.77143     0      0
-4.75714     0      0
-4.74286     0      0
-4.72857     0      0
-4.71429     0      0
-4.7     0      0
-4.68571     0      0
-4.67143     0      0
-4.65714     0      0
-4.64286     0      0
-4.62857     0      0
-4.61429     0      0
-4.6     0      0
-4.58571     0      0
-4.57143     0      0
-4.55714     0      0
-4.54286     0      0
-4.52857     0      0
-4.51429     0      0
-4.5     0      0
-4.48571     0      0
-4.47143     0      0
-4.45714     0      0
-4.44286     0      0
-4.42857     0      0
-4.41429     0      0
-4.4     0      0
-4.38571     0      0
-4.37143     0      0
-4.35714     0      0
-4.34286     0      0
-4.32857     0      0
-4.31429     0      0
-4.3     0      0
-4.28571     0      0
-4.27143     0      0
-4.25714     0      0
-4.24286     0      0
-4.22857     0      0
-4.21429     0      0
-4.2     0      0
-4.18571     0      0
-4.17143     0      0
-4.15714     0      0
-4.14286     0      0
-4.12857     0      0
-4.11429     0      0
-4.1     0      0
-4.08571     0      0
-4.07143     0      0
-4.05714     0      0
-4.04286     0      0
-4.02857     0      0
-4.01429     0      0
-4     0      0
-3.98571     0      0
-3.97143     0      0
-3.95714     0      0
-3.94286     0      0
-3.92857     0      0
-3.91429     0      0
-3.9     0      0
-3.88571     0      0
-3.87143     0      0
-3.85714     0      0
-3.84286     0      0
-3.82857     0      0
-3.81429     0      0
-3.8     0      0
-3.78571     0      0
-3.77143     0      0
-3.75714     0      0
-3.74286     0      0
-3.72857     0      0
-3.71429     0      0
-3.7     0      0
-3.68571     0      0
-3.67143     0      0
-3.65714     0      0
-3.64286     0      0
-3.62857     0      0
-3.61429     0      0
-3.6     0      0
-3.58571     0      0
-3.57143     0      0
-3.55714     0      0
-3.54286     0      0
-3.52857     0      0
-3.51429     0      0
-3.5     0      0
-3.48571     0      0
-3.47143     0      0
-3.45714     0      0
-3.44286     0      0
-3.42857     0      0
-3.41429     0      0
-3.4     0      0
-3.38571     0      0
-3.37143     0      0
-3.35714     0      0
-3.34286     0      0
-3.32857     0      0
-3.31429     0      0
-3.3     0      0
-3.28571     0      0
-3.27143     0      0
-3.25714     0      0
-3.24286     0      0
-3.22857     0      0
-3.21429     0      0
-3.2     0      0
-3.18571     0      0
-3.17143     0      0
-3.15714     0      0
-3.14286     0      0
-3.12857     0      0
-3.11429     0      0
-3.1     0      0
-3.08571     0      0
-3.07143     0      0
-3.05714     0      0
-3.04286     0      0
-3.02857     0      0
-3.01429     0      0
-3     0      0
-2.98571     0      0
-2.97143     0      0
-2.95714     0      0
-2.94286     0      0
-2.92857     0      0
-2.91429     0      0
-2.9     0      0
-2.88571     0      0
-2.87143     0      0
-2.85714     0      0
-2.84286     0      0
-2.82857     0      0
-2.81429     0      0
-2.8     0      0
-2.78571     0      0
-2.77143     0      0
-2.75714     0      0
-2.74286     0      0
-2.72857     0      0
-2.71429     0      0
-2.7     0      0
-2.68571     0      0
-2.67143     0      0
-2.65714     0      0
-2.64286     0      0
-2.62857     0      0
-2.61429     0      0
-2.6     0      0
-2.58571     0      0
-2.57143     0      0
-2.55714     0      0
-2.54286     0      0
-2.52857     0      0
-2.51429     0      0
-2.5     0      0
-2.48571     0      0
-2.47143     0      0
-2.45714     0      0
-2.44286     0      0
-2.42857     0      0
-2.41429     0      0
-2.4     0      0
-2.38571     0      0
-2.37143     0      0
-2.35714     0      0
-2.34286     0      0
-2.32857     0      0
-2.31429     0      0
-2.3     0      0
-2.28571     0      0
-2.27143     0      0
-2.25714     0      0
-2.24286     0      0
-2.22857     0      0
-2.21429     0      0
-2.2     0      0
-2.18571     0      0
-2.17143     0      0
-2.15714     0      0
-2.14286     0      0
-2.12857     0      0
-2.11429     0      0
-2.1     0      0
-2.08571     0      0
-2.07143     0      0
-2.05714     0      0
-2.04286     0      0
-2.02857     0      0
-2.01429     0      0
-2     0      0
-1.98571     0      0
-1.97143     0      0
-1.95714     0      0
-1.94286     0      0
-1.92857     0      0
-1.91429     0      0
-1.9     0      0
-1.88571     0      0
-1.87143     0      0
-1.85714     0      0
-1.84286     0      0
-1.82857     0      0
-1.81429     0      0
-1.8     0      0
-1.78571     0      0
-1.77143     0      0
-1.75714     0      0
-1.74286     0      0
-1.72857     0      0
-1.71429     0      0
-1.7     0      0
-1.68571     0      0
-1.67143     0      0
-1.65714     9.46238e-122      0
-1.64286     1.16124e-121      0
-1.62857     1.16212e-121      0
-1.61429     1.16503e-121      0
-1.6     4.05737e-115      0
-1.58571     4.61936e-115      0
-1.57143     4.62169e-115      0
-1.55714     4.62751e-115      0
-1.54286     1.82318e-108      0
-1.52857     1.83331e-108      0
-1.51429     1.84262e-108      0
-1.5     1.0957e-102      0
-1.48571     7.28294e-102      0
-1.47143     7.30902e-102      0
-1.45714     7.35745e-102      0
-1.44286     1.00155e-95      0
-1.42857     2.90871e-95      0
-1.41429     4.07813e-17      0
-1.4     0.0054925      0
-1.38571     0.007642      0
-1.37143     0.007666      0
-1.35714     0.007682      0
-1.34286     0.007686      0
-1.32857     0.007726      0
-1.31429     0.007748      0
-1.3     0.00774      0
-1.28571     0.007792      0
-1.27143     0.007804      0
-1.25714     0.007838      0
-1.24286     0.00784      0
-1.22857     0.007896      0
-1.21429     0.007878      0
-1.2     0.007938      0
-1.18571     0.007934      0
-1.17143     0.008012      0
-1.15714     0.008004      0
-1.14286     0.008056      0
-1.12857     0.008062      0
-1.11429     0.00814      0
-1.1     0.008128      0
-1.08571     0.008178      0
-1.07143     0.0082      0
-1.05714     0.008246      0
-1.04286     0.0083      0
-1.02857     0.008328      0
-1.01429     0.008366      0
-1     0.008368      0
-0.985714     0.008436      0
-0.971429     0.00851      0
-0.957143     0.008544      0
-0.942857     0.008564      0
-0.928571     0.008644      0
-0.914286     0.008684      0
-0.9     0.008724      0
-0.885714     0.008786      0
-0.871429     0.008868      0
-0.857143     0.008874      0
-0.842857     0.008968      0
-0.828571     0.009002      0
-0.814286     0.00907      0
-0.8     0.009136      0
-0.785714     0.009206      0
-0.771429     0.00928      0
-0.757143     0.00936      0
-0.742857     0.00946      0
-0.728571     0.009534      0
-0.714286     0.009608      0
-0.7     0.009646      0
-0.685714     0.009814      0
-0.671429     0.009846      0
-0.657143     0.010026      0
-0.642857     0.010058      0
-0.628571     0.010166      0
-0.614286     0.010388      0
-0.6     0.010418      0
-0.585714     0.01056      0
-0.571429     0.010652      0
-0.557143     0.010892      0
-0.542857     0.011228      0
-0.528571     0.011146      0
-0.514286     0.011502      0
-0.5     0.011658      0
-0.485714     0.011866      0
-0.471429     0.01216      0
-0.457143     0.012562      0
-0.442857     0.01291      0
-0.428571     0.013332      0
-0.414286     0.013846      0
-0.4     0.014626      0
-0.385714     0.01566      0
-0.371429     0.0186305      0
-0.357143     0.039426      0
-0.342857     0.030552      0
-0.328571     0.021726      0
-0.314286     0.018166      0
-0.3     0.015884      0
-0.285714     0.014362      0
-0.271429     0.013138      0
-0.257143     0.012138      0
-0.242857     0.01133      0
-0.228571     0.010614      0
-0.214286     0.009976      0
-0.2     0.00949      0
-0.185714     0.008898      0
-0.171429     0.008514      0
-0.157143     0.008096      0
-0.142857     0.007694      0
-0.128571     0.007344      0
-0.114286     0.007014      0
-0.1     0.006644      0
-0.0857143     0.00639      0
-0.0714286     0.006084      0
-0.0571429     0.005824      0
-0.0428571     0.005546      0
-0.0285714     0.00531      0.0034325
-0.0142857     0.005062      0.009858
0     0.004794      0.008908
0.0142857     0.004582      0.008214
0.0285714     0.003861      0.007972
0.0428571     0      0.007682
0.0571429     0      0.007472
0.0714286     0      0.007328
0.0857143     0      0.00725
0.1     0      0.007224
0.114286     0      0.007162
0.128571     0      0.007162
0.142857     0      0.007168
0.157143     0      0.0072
0.171429     0      0.007234
0.185714     0      0.007282
0.2     0      0.00736
0.214286     0      0.007446
0.228571     0      0.007558
0.242857     0      0.007642
0.257143     0      0.0078
0.271429     0      0.00798
0.285714     0      0.008138
0.3     0      0.008394
0.314286     0      0.008664
0.328571     0      0.009014
0.342857     0      0.00961
0.357143     0      0.010376
0.371429     0      0.012747
0.385714     0      0.011068
0.4     0      0.009906
0.414286     0      0.0094
0.428571     0      0.008992
0.442857     0      0.008626
0.457143     0      0.008474
0.471429     0      0.008186
0.485714     0      0.008046
0.5     0      0.007904
0.514286     0      0.007758
0.528571     0      0.007606
0.542857     0      0.0075
0.557143     0      0.007386
0.571429     0      0.007238
0.585714     0      0.007136
0.6     0      0.007074
0.614286     0      0.007036
0.628571     0      0.006906
0.642857     0      0.00677
0.657143     0      0.006804
0.671429     0      0.006618
0.685714     0      0.006618
0.7     0      0.006554
0.714286     0      0.006452
0.728571     0      0.006442
0.742857     0      0.006342
0.757143     0      0.006304
0.771429     0      0.006174
0.785714     0      0.006258
0.8     0      0.006034
0.814286     0      0.006108
0.828571     0      0.005998
0.842857     0      0.006004
0.857143     0      0.005884
0.871429     0      0.005854
0.885714     0      0.005852
0.9     0      0.005758
0.914286     0      0.005776
0.928571     0      0.005704
0.942857     0      0.005606
0.957143     0      0.00562
0.971429     0      0.005562
0.985714     0      0.005514
1     0      0.005496
1.01429     0      0.005456
1.02857     0      0.005438
1.04286     0      0.005396
1.05714     0      0.005294
1.07143     0      0.005298
1.08571     0      0.005306
1.1     0      0.005222
1.11429     0      0.005158
1.12857     0      0.005222
1.14286     0      0.005108
1.15714     0      0.00509
1.17143     0      0.005096
1.18571     0      0.00504
1.2     0      0.00505
1.21429     0      0.004946
1.22857     0      0.004954
1.24286     0      0.00495
1.25714     0      0.004866
1.27143     0      0.004878
1.28571     0      0.004848
1.3     0      0.004778
1.31429     0      0.004784
1.32857     0      0.004778
1.34286     0      0.004744
1.35714     0      0.00467
1.37143     0      0.004708
1.38571     0      0.004648
1.4     0      0.004622
1.41429     0      0.004594
1.42857     0      0.00462
1.44286     0      0.004516
1.45714     0      0.004538
1.47143     0      0.004544
1.48571     0      0.004464
1.5     0      0.004446
1.51429     0      0.004484
1.52857     0      0.004394
1.54286     0      0.004364
1.55714     0      0.00444
1.57143     0      0.004282
1.58571     0      0.004352
1.6     0      0.004328
1.61429     0      0.004258
1.62857     0      0.004318
1.64286     0      0.004238
1.65714     0      0.004226
1.67143     0      0.004202
1.68571     0      0.004194
1.7     0      0.004186
1.71429     0      0.004162
1.72857     0      0.004108
1.74286     0      0.004116
1.75714     0      0.004096
1.77143     0      0.004094
1.78571     0      0.004054
1.8     0      0.00407
1.81429     0      0.003982
1.82857     0      0.004014
1.84286     0      0.004004
1.85714     0      0.003956
1.87143     0      0.003944
1.88571     0      0.00397
1.9     0      0.003908
1.91429     0      0.0039
1.92857     0      0.003882
1.94286     0      0.00391
1.95714     0      0.003836
1.97143     0      0.003854
1.98571     0      0.003808
2     0      0.0038
2.01429     0      0.003798
2.02857     0      0.003794
2.04286     0      0.003758
2.05714     0      0.003768
2.07143     0      0.003726
2.08571     0      0.003706
2.1     0      0.003692
2.11429     0      0.003682
2.12857     0      0.003708
2.14286     0      0.00366
2.15714     0      0.003626
2.17143     0      0.00364
2.18571     0      0.003614
2.2     0      0.003616
2.21429     0      0.003596
2.22857     0      0.003572
2.24286     0      0.003544
2.25714     0      0.003566
2.27143     0      0.00354
2.28571     0      0.003534
2.3     0      0.003488
2.31429     0      0.00354
2.32857     0      0.003462
2.34286     0      0.003492
2.35714     0      0.003442
2.37143     0      0.003448
2.38571     0      0.003448
2.4     0      0.00342
2.41429     0      0.00342
2.42857     0      0.003388
2.44286     0      0.003396
2.45714     0      0.003376
2.47143     0      0.003384
2.48571     0      0.003348
2.5     0      0.00335
2.51429     0      0.00333
2.52857     0      0.003312
2.54286     0      0.003314
2.55714     0      0.0033
2.57143     0      0.003286
2.58571     0      0.00328
2.6     0      0.00326
2.61429     0      0.0009465
2.62857     0      1.80328e-49
2.64286     0      4.71573e-56
2.65714     0      1.25427e-62
2.67143     0      1.25122e-62
2.68571     0      3.62587e-63
2.7     0      1.91546e-69
2.71429     0      7.82967e-76
2.72857     0      3.49283e-77
2.74286     0      0
2.75714     0      0
2.77143     0      0
2.78571     0      0
2.8     0      0
2.81429     0      0
2.82857     0      0
2.84286     0      0
2.85714     0      0
2.87143     0      0
2.88571     0      0
2.9     0      0
2.91429     0      0
2.92857     0      0
2.94286     0      0
2.95714     0      0
2.97143     0      0
2.98571     0      0
3     0      0
3.01429     0      0
3.02857     0      0
3.04286     0      0
3.05714     0      0
3.07143     0      0
3.08571     0      0
3.1     0      0
3.11429     0      0
3.12857     0      0
3.14286     0      0
3.15714     0      0
3.17143     0      0
3.18571     0      0
3.2     0      0
3.21429     0      0
3.22857     0      0
3.24286     0      0
3.25714     0      0
3.27143     0      0
3.28571     0      0
3.3     0      0
3.31429     0      0
3.32857     0      0
3.34286     0      0
3.35714     0      0
3.37143     0      0
3.38571     0      0
3.4     0      0
3.41429     0      0
3.42857     0      0
3.44286     0      0
3.45714     0      0
3.47143     0      0
3.48571     0      0
3.5     0      0
3.51429     0      0
3.52857     0      0
3.54286     0      0
3.55714     0      0
3.57143     0      0
3.58571     0      0
3.6     0      0
3.61429     0      0
3.62857     0      0
3.64286     0      0
3.65714     0      0
3.67143     0      0
3.68571     0      0
3.7     0      0
3.71429     0      0
3.72857     0      0
3.74286     0      0
3.75714     0      0
3.77143     0      0
3.78571     0      0
3.8     0      0
3.81429     0      0
3.82857     0      0
3.84286     0      0
3.85714     0      0
3.87143     0      0
3.88571     0      0
3.9     0      0
3.91429     0      0
3.92857     0      0
3.94286     0      0
3.95714     0      0
3.97143     0      0
3.98571     0      0
4     0      0
4.01429     0      0
4.02857     0      0
4.04286     0      0
4.05714     0      0
4.07143     0      0
4.08571     0      0
4.1     0      0
4.11429     0      0
4.12857     0      0
4.14286     0      0
4.15714     0      0
4.17143     0      0
4.18571     0      0
4.2     0      0
4.21429     0      0
4.22857     0      0
4.24286     0      0
4.25714     0      0
4.27143     0      0
4.28571     0      0
4.3     0      0
4.31429     0      0
4.32857     0      0
4.34286     0      0
4.35714     0      0
4.37143     0      0
4.38571     0      0
4.4     0      0
4.41429     0      0
4.42857     0      0
4.44286     0      0
4.45714     0      0
4.47143     0      0
4.48571     0      0
4.5     0      0
4.51429     0      0
4.52857     0      0
4.54286     0      0
4.55714     0      0
4.57143     0      0
4.58571     0      0
4.6     0      0
4.61429     0      0
4.62857     0      0
4.64286     0      0
4.65714     0      0
4.67143     0      0
4.68571     0      0
4.7     0      0
4.71429     0      0
4.72857     0      0
4.74286     0      0
4.75714     0      0
4.77143     0      0
4.78571     0      0
4.8     0      0
4.81429     0      0
4.82857     0      0
4.84286     0      0
4.85714     0      0
4.87143     0      0
4.88571     0      0
4.9     0      0
4.91429     0      0
4.92857     0      0
4.94286     0      0
4.95714     0      0
4.97143     0      0
4.98571     0      0
