# U,mu,nA_up, nA_dn, nB_up, nB_dn, ms, mf, ntotal,mu,cint
#energy    dos_upn   dos_upp   dos_dnn  dos_dnp GRID=1000 bin=700
-5     0      0
-4.98571     0      0
-4.97143     0      0
-4.95714     0      0
-4.94286     0      0
-4.92857     0      0
-4.91429     0      0
-4.9     0      0
-4.88571     0      0
-4.87143     0      0
-4.85714     0      0
-4.84286     0      0
-4.82857     0      0
-4.81429     0      0
-4.8     0      0
-4.78571     0      0
-4.77143     0      0
-4.75714     0      0
-4.74286     0      0
-4.72857     0      0
-4.71429     0      0
-4.7     0      0
-4.68571     0      0
-4.67143     0      0
-4.65714     0      0
-4.64286     0      0
-4.62857     0      0
-4.61429     0      0
-4.6     0      0
-4.58571     0      0
-4.57143     0      0
-4.55714     0      0
-4.54286     0      0
-4.52857     0      0
-4.51429     0      0
-4.5     0      0
-4.48571     0      0
-4.47143     0      0
-4.45714     0      0
-4.44286     0      0
-4.42857     0      0
-4.41429     0      0
-4.4     0      0
-4.38571     0      0
-4.37143     0      0
-4.35714     0      0
-4.34286     0      0
-4.32857     0      0
-4.31429     0      0
-4.3     0      0
-4.28571     0      0
-4.27143     0      0
-4.25714     0      0
-4.24286     0      0
-4.22857     0      0
-4.21429     0      0
-4.2     0      0
-4.18571     0      0
-4.17143     0      0
-4.15714     0      0
-4.14286     0      0
-4.12857     0      0
-4.11429     0      0
-4.1     0      0
-4.08571     0      0
-4.07143     0      0
-4.05714     0      0
-4.04286     0      0
-4.02857     0      0
-4.01429     0      0
-4     0      0
-3.98571     0      0
-3.97143     0      0
-3.95714     0      0
-3.94286     0      0
-3.92857     0      0
-3.91429     0      0
-3.9     0      0
-3.88571     0      0
-3.87143     0      0
-3.85714     0      0
-3.84286     0      0
-3.82857     0      0
-3.81429     0      0
-3.8     0      0
-3.78571     0      0
-3.77143     0      0
-3.75714     0      0
-3.74286     0      0
-3.72857     0      0
-3.71429     0      0
-3.7     0      0
-3.68571     0      0
-3.67143     0      0
-3.65714     0      0
-3.64286     0      0
-3.62857     0      0
-3.61429     0      0
-3.6     0      0
-3.58571     0      0
-3.57143     0      0
-3.55714     0      0
-3.54286     0      0
-3.52857     0      0
-3.51429     0      0
-3.5     0      0
-3.48571     0      0
-3.47143     0      0
-3.45714     0      0
-3.44286     0      0
-3.42857     0      0
-3.41429     0      0
-3.4     0      0
-3.38571     0      0
-3.37143     0      0
-3.35714     0      0
-3.34286     0      0
-3.32857     0      0
-3.31429     0      0
-3.3     0      0
-3.28571     0      0
-3.27143     0      0
-3.25714     0      0
-3.24286     0      0
-3.22857     0      0
-3.21429     0      0
-3.2     0      0
-3.18571     0      0
-3.17143     0      0
-3.15714     0      0
-3.14286     0      0
-3.12857     0      0
-3.11429     0      0
-3.1     0      0
-3.08571     0      0
-3.07143     0      0
-3.05714     0      0
-3.04286     0      0
-3.02857     0      0
-3.01429     0      0
-3     0      0
-2.98571     0      0
-2.97143     0      0
-2.95714     0      0
-2.94286     0      0
-2.92857     0      0
-2.91429     0      0
-2.9     0      0
-2.88571     0      0
-2.87143     0      0
-2.85714     0      0
-2.84286     0      0
-2.82857     0      0
-2.81429     0      0
-2.8     0      0
-2.78571     0      0
-2.77143     0      0
-2.75714     0      0
-2.74286     0      0
-2.72857     0      0
-2.71429     0      0
-2.7     0      0
-2.68571     0      0
-2.67143     0      0
-2.65714     0      0
-2.64286     0      0
-2.62857     0      0
-2.61429     0      0
-2.6     0      0
-2.58571     0      0
-2.57143     0      0
-2.55714     0      0
-2.54286     0      0
-2.52857     0      0
-2.51429     0      0
-2.5     0      0
-2.48571     0      0
-2.47143     0      0
-2.45714     0      0
-2.44286     0      0
-2.42857     0      0
-2.41429     0      0
-2.4     0      0
-2.38571     0      0
-2.37143     0      0
-2.35714     0      0
-2.34286     0      0
-2.32857     0      0
-2.31429     0      0
-2.3     0      0
-2.28571     0      0
-2.27143     0      0
-2.25714     0      0
-2.24286     0      0
-2.22857     0      0
-2.21429     0      0
-2.2     0      0
-2.18571     0      0
-2.17143     0      0
-2.15714     0      0
-2.14286     0      0
-2.12857     0      0
-2.11429     0      0
-2.1     0      0
-2.08571     0      0
-2.07143     0      0
-2.05714     0      0
-2.04286     0      0
-2.02857     0      0
-2.01429     0      0
-2     0      0
-1.98571     0      0
-1.97143     0      0
-1.95714     0      0
-1.94286     0      0
-1.92857     0      0
-1.91429     0      0
-1.9     0      0
-1.88571     0      0
-1.87143     0      0
-1.85714     0      0
-1.84286     0      0
-1.82857     0      0
-1.81429     0      0
-1.8     0      0
-1.78571     0      0
-1.77143     0      0
-1.75714     0      0
-1.74286     0      0
-1.72857     0      0
-1.71429     0      0
-1.7     0      0
-1.68571     0      0
-1.67143     0      0
-1.65714     1.62562e-09      0
-1.64286     1.995e-09      0
-1.62857     1.9965e-09      0
-1.61429     2.0015e-09      0
-1.6     0.0069705      0
-1.58571     0.007936      0
-1.57143     0.00794      0
-1.55714     0.00795      0
-1.54286     0.00802      0
-1.52857     0.008032      0
-1.51429     0.008046      0
-1.5     0.008072      0
-1.48571     0.008132      0
-1.47143     0.008162      0
-1.45714     0.008162      0
-1.44286     0.00823      0
-1.42857     0.008264      0
-1.41429     0.00829      0
-1.4     0.008338      0
-1.38571     0.008366      0
-1.37143     0.00842      0
-1.35714     0.00845      0
-1.34286     0.008512      0
-1.32857     0.00855      0
-1.31429     0.008616      0
-1.3     0.008674      0
-1.28571     0.008704      0
-1.27143     0.00876      0
-1.25714     0.008844      0
-1.24286     0.008904      0
-1.22857     0.008934      0
-1.21429     0.00897      0
-1.2     0.009082      0
-1.18571     0.009192      0
-1.17143     0.009228      0
-1.15714     0.009344      0
-1.14286     0.009386      0
-1.12857     0.009504      0
-1.11429     0.009586      0
-1.1     0.009646      0
-1.08571     0.00976      0
-1.07143     0.009906      0
-1.05714     0.010034      0
-1.04286     0.010142      0
-1.02857     0.010258      0
-1.01429     0.010406      0
-1     0.01055      0
-0.985714     0.01075      0
-0.971429     0.01089      0
-0.957143     0.01103      0
-0.942857     0.011364      0
-0.928571     0.01154      0
-0.914286     0.01176      0
-0.9     0.012044      0
-0.885714     0.012494      0
-0.871429     0.0129      0
-0.857143     0.013128      0
-0.842857     0.013754      0
-0.828571     0.01444      0
-0.814286     0.01518      0
-0.8     0.0218365      0
-0.785714     0.031214      0
-0.771429     0.039698      0
-0.757143     0.044696      0
-0.742857     0.029532      0
-0.728571     0.024524      0
-0.714286     0.021584      0
-0.7     0.01936      0
-0.685714     0.01781      0
-0.671429     0.016402      0
-0.657143     0.015388      0
-0.642857     0.01439      0
-0.628571     0.013622      0
-0.614286     0.012872      0
-0.6     0.012276      0
-0.585714     0.011712      0
-0.571429     0.011172      0
-0.557143     0.010706      0
-0.542857     0.01022      0
-0.528571     0.009852      0
-0.514286     0.00951      0
-0.5     0.009078      0
-0.485714     0.008738      0
-0.471429     0.008468      0
-0.457143     0.008166      0
-0.442857     0.007848      0
-0.428571     0.007614      0
-0.414286     0.00733      0
-0.4     0.003835      0
-0.385714     0      0
-0.371429     0      0
-0.357143     0      0
-0.342857     0      0
-0.328571     0      0
-0.314286     0      0
-0.3     0      0
-0.285714     0      0
-0.271429     0      0
-0.257143     0      0
-0.242857     0      0
-0.228571     0      0
-0.214286     0      0
-0.2     0      0
-0.185714     0      0
-0.171429     0      0
-0.157143     0      0
-0.142857     0      0
-0.128571     0      0
-0.114286     0      0
-0.1     0      0
-0.0857143     0      0
-0.0714286     0      0
-0.0571429     0      0
-0.0428571     0      0
-0.0285714     0      0
-0.0142857     0      0
0     0      0
0.0142857     0      0
0.0285714     0      0
0.0428571     0      0
0.0571429     0      2.06125e-10
0.0714286     0      2.735e-09
0.0857143     0      0.0059645
0.1     0      0.010604
0.114286     0      0.010068
0.128571     0      0.009738
0.142857     0      0.009456
0.157143     0      0.009224
0.171429     0      0.009096
0.185714     0      0.008984
0.2     0      0.008942
0.214286     0      0.008854
0.228571     0      0.00874
0.242857     0      0.008838
0.257143     0      0.00882
0.271429     0      0.008848
0.285714     0      0.008882
0.3     0      0.008934
0.314286     0      0.009022
0.328571     0      0.009154
0.342857     0      0.00926
0.357143     0      0.009418
0.371429     0      0.009602
0.385714     0      0.009788
0.4     0      0.0101
0.414286     0      0.010372
0.428571     0      0.01081
0.442857     0      0.011372
0.457143     0      0.012162
0.471429     0      0.013664
0.485714     0      0.016861
0.5     0      0.013396
0.514286     0      0.01182
0.528571     0      0.011046
0.542857     0      0.010328
0.557143     0      0.009914
0.571429     0      0.009472
0.585714     0      0.009188
0.6     0      0.008876
0.614286     0      0.008644
0.628571     0      0.008386
0.642857     0      0.00819
0.657143     0      0.008016
0.671429     0      0.007826
0.685714     0      0.0077
0.7     0      0.007538
0.714286     0      0.007398
0.728571     0      0.00728
0.742857     0      0.007118
0.757143     0      0.007048
0.771429     0      0.006954
0.785714     0      0.006878
0.8     0      0.006682
0.814286     0      0.006674
0.828571     0      0.00661
0.842857     0      0.006462
0.857143     0      0.006402
0.871429     0      0.006308
0.885714     0      0.006256
0.9     0      0.006184
0.914286     0      0.006138
0.928571     0      0.00605
0.942857     0      0.005952
0.957143     0      0.005928
0.971429     0      0.005872
0.985714     0      0.005836
1     0      0.005728
1.01429     0      0.00574
1.02857     0      0.005636
1.04286     0      0.00561
1.05714     0      0.005534
1.07143     0      0.00553
1.08571     0      0.005456
1.1     0      0.005408
1.11429     0      0.005356
1.12857     0      0.005348
1.14286     0      0.005296
1.15714     0      0.00523
1.17143     0      0.005206
1.18571     0      0.005174
1.2     0      0.00514
1.21429     0      0.005068
1.22857     0      0.005094
1.24286     0      0.004968
1.25714     0      0.005004
1.27143     0      0.004944
1.28571     0      0.004934
1.3     0      0.004858
1.31429     0      0.004862
1.32857     0      0.00485
1.34286     0      0.004766
1.35714     0      0.004784
1.37143     0      0.004688
1.38571     0      0.004714
1.4     0      0.004656
1.41429     0      0.004644
1.42857     0      0.004612
1.44286     0      0.004592
1.45714     0      0.004576
1.47143     0      0.004526
1.48571     0      0.004486
1.5     0      0.004478
1.51429     0      0.004466
1.52857     0      0.004458
1.54286     0      0.004398
1.55714     0      0.00438
1.57143     0      0.00436
1.58571     0      0.004324
1.6     0      0.004324
1.61429     0      0.004276
1.62857     0      0.00428
1.64286     0      0.004232
1.65714     0      0.004214
1.67143     0      0.00421
1.68571     0      0.00417
1.7     0      0.00418
1.71429     0      0.004146
1.72857     0      0.004104
1.74286     0      0.004088
1.75714     0      0.004082
1.77143     0      0.004056
1.78571     0      0.004048
1.8     0      0.003998
1.81429     0      0.004008
1.82857     0      0.003998
1.84286     0      0.003942
1.85714     0      0.003958
1.87143     0      0.003938
1.88571     0      0.003896
1.9     0      0.003902
1.91429     0      0.003878
1.92857     0      0.003838
1.94286     0      0.003854
1.95714     0      0.003832
1.97143     0      0.003794
1.98571     0      0.003782
2     0      0.003804
2.01429     0      0.003726
2.02857     0      0.003766
2.04286     0      0.003728
2.05714     0      0.003698
2.07143     0      0.003698
2.08571     0      0.003684
2.1     0      0.003662
2.11429     0      0.00365
2.12857     0      0.003632
2.14286     0      0.003618
2.15714     0      0.003612
2.17143     0      0.003594
2.18571     0      0.003592
2.2     0      0.003544
2.21429     0      0.00356
2.22857     0      0.003518
2.24286     0      0.00352
2.25714     0      0.00352
2.27143     0      0.00349
2.28571     0      0.0035
2.3     0      0.003452
2.31429     0      0.003484
2.32857     0      0.00344
2.34286     0      0.003408
2.35714     0      0.003434
2.37143     0      0.003396
2.38571     0      0.003384
2.4     0      0.003392
2.41429     0      0.003376
2.42857     0      0.003348
2.44286     0      0.003338
2.45714     0      0.003332
2.47143     0      0.00332
2.48571     0      0.0029225
2.5     0      0
2.51429     0      0
2.52857     0      0
2.54286     0      0
2.55714     0      0
2.57143     0      0
2.58571     0      0
2.6     0      0
2.61429     0      0
2.62857     0      0
2.64286     0      0
2.65714     0      0
2.67143     0      0
2.68571     0      0
2.7     0      0
2.71429     0      0
2.72857     0      0
2.74286     0      0
2.75714     0      0
2.77143     0      0
2.78571     0      0
2.8     0      0
2.81429     0      0
2.82857     0      0
2.84286     0      0
2.85714     0      0
2.87143     0      0
2.88571     0      0
2.9     0      0
2.91429     0      0
2.92857     0      0
2.94286     0      0
2.95714     0      0
2.97143     0      0
2.98571     0      0
3     0      0
3.01429     0      0
3.02857     0      0
3.04286     0      0
3.05714     0      0
3.07143     0      0
3.08571     0      0
3.1     0      0
3.11429     0      0
3.12857     0      0
3.14286     0      0
3.15714     0      0
3.17143     0      0
3.18571     0      0
3.2     0      0
3.21429     0      0
3.22857     0      0
3.24286     0      0
3.25714     0      0
3.27143     0      0
3.28571     0      0
3.3     0      0
3.31429     0      0
3.32857     0      0
3.34286     0      0
3.35714     0      0
3.37143     0      0
3.38571     0      0
3.4     0      0
3.41429     0      0
3.42857     0      0
3.44286     0      0
3.45714     0      0
3.47143     0      0
3.48571     0      0
3.5     0      0
3.51429     0      0
3.52857     0      0
3.54286     0      0
3.55714     0      0
3.57143     0      0
3.58571     0      0
3.6     0      0
3.61429     0      0
3.62857     0      0
3.64286     0      0
3.65714     0      0
3.67143     0      0
3.68571     0      0
3.7     0      0
3.71429     0      0
3.72857     0      0
3.74286     0      0
3.75714     0      0
3.77143     0      0
3.78571     0      0
3.8     0      0
3.81429     0      0
3.82857     0      0
3.84286     0      0
3.85714     0      0
3.87143     0      0
3.88571     0      0
3.9     0      0
3.91429     0      0
3.92857     0      0
3.94286     0      0
3.95714     0      0
3.97143     0      0
3.98571     0      0
4     0      0
4.01429     0      0
4.02857     0      0
4.04286     0      0
4.05714     0      0
4.07143     0      0
4.08571     0      0
4.1     0      0
4.11429     0      0
4.12857     0      0
4.14286     0      0
4.15714     0      0
4.17143     0      0
4.18571     0      0
4.2     0      0
4.21429     0      0
4.22857     0      0
4.24286     0      0
4.25714     0      0
4.27143     0      0
4.28571     0      0
4.3     0      0
4.31429     0      0
4.32857     0      0
4.34286     0      0
4.35714     0      0
4.37143     0      0
4.38571     0      0
4.4     0      0
4.41429     0      0
4.42857     0      0
4.44286     0      0
4.45714     0      0
4.47143     0      0
4.48571     0      0
4.5     0      0
4.51429     0      0
4.52857     0      0
4.54286     0      0
4.55714     0      0
4.57143     0      0
4.58571     0      0
4.6     0      0
4.61429     0      0
4.62857     0      0
4.64286     0      0
4.65714     0      0
4.67143     0      0
4.68571     0      0
4.7     0      0
4.71429     0      0
4.72857     0      0
4.74286     0      0
4.75714     0      0
4.77143     0      0
4.78571     0      0
4.8     0      0
4.81429     0      0
4.82857     0      0
4.84286     0      0
4.85714     0      0
4.87143     0      0
4.88571     0      0
4.9     0      0
4.91429     0      0
4.92857     0      0
4.94286     0      0
4.95714     0      0
4.97143     0      0
4.98571     0      0
