# U,mu,nA_up, nA_dn, nB_up, nB_dn, ms, mf, ntotal,mu,cint
#energy    dos_upn   dos_upp   dos_dnn  dos_dnp GRID=1000 bin=700
-5     0      0
-4.98571     0      0
-4.97143     0      0
-4.95714     0      0
-4.94286     0      0
-4.92857     0      0
-4.91429     0      0
-4.9     0      0
-4.88571     0      0
-4.87143     0      0
-4.85714     0      0
-4.84286     0      0
-4.82857     0      0
-4.81429     0      0
-4.8     0      0
-4.78571     0      0
-4.77143     0      0
-4.75714     0      0
-4.74286     0      0
-4.72857     0      0
-4.71429     0      0
-4.7     0      0
-4.68571     0      0
-4.67143     0      0
-4.65714     0      0
-4.64286     0      0
-4.62857     0      0
-4.61429     0      0
-4.6     0      0
-4.58571     0      0
-4.57143     0      0
-4.55714     0      0
-4.54286     0      0
-4.52857     0      0
-4.51429     0      0
-4.5     0      0
-4.48571     0      0
-4.47143     0      0
-4.45714     0      0
-4.44286     0      0
-4.42857     0      0
-4.41429     0      0
-4.4     0      0
-4.38571     0      0
-4.37143     0      0
-4.35714     0      0
-4.34286     0      0
-4.32857     0      0
-4.31429     0      0
-4.3     0      0
-4.28571     0      0
-4.27143     0      0
-4.25714     0      0
-4.24286     0      0
-4.22857     0      0
-4.21429     0      0
-4.2     0      0
-4.18571     0      0
-4.17143     0      0
-4.15714     0      0
-4.14286     0      0
-4.12857     0      0
-4.11429     0      0
-4.1     0      0
-4.08571     0      0
-4.07143     0      0
-4.05714     0      0
-4.04286     0      0
-4.02857     0      0
-4.01429     0      0
-4     0      0
-3.98571     0      0
-3.97143     0      0
-3.95714     0      0
-3.94286     0      0
-3.92857     0      0
-3.91429     0      0
-3.9     0      0
-3.88571     0      0
-3.87143     0      0
-3.85714     0      0
-3.84286     0      0
-3.82857     0      0
-3.81429     0      0
-3.8     0      0
-3.78571     0      0
-3.77143     0      0
-3.75714     0      0
-3.74286     0      0
-3.72857     0      0
-3.71429     0      0
-3.7     0      0
-3.68571     0      0
-3.67143     0      0
-3.65714     0      0
-3.64286     0      0
-3.62857     0      0
-3.61429     0      0
-3.6     0      0
-3.58571     0      0
-3.57143     0      0
-3.55714     0      0
-3.54286     0      0
-3.52857     0      0
-3.51429     0      0
-3.5     0      0
-3.48571     0      0
-3.47143     0      0
-3.45714     0      0
-3.44286     0      0
-3.42857     0      0
-3.41429     0      0
-3.4     0      0
-3.38571     0      0
-3.37143     0      0
-3.35714     0      0
-3.34286     0      0
-3.32857     0      0
-3.31429     0      0
-3.3     0      0
-3.28571     0      0
-3.27143     0      0
-3.25714     0      0
-3.24286     0      0
-3.22857     0      0
-3.21429     0      0
-3.2     0      0
-3.18571     0      0
-3.17143     0      0
-3.15714     0      0
-3.14286     0      0
-3.12857     0      0
-3.11429     0      0
-3.1     0      0
-3.08571     0      0
-3.07143     0      0
-3.05714     0      0
-3.04286     0      0
-3.02857     0      0
-3.01429     0      0
-3     0      0
-2.98571     0      0
-2.97143     0      0
-2.95714     0      0
-2.94286     0      0
-2.92857     0      0
-2.91429     0      0
-2.9     0      0
-2.88571     0      0
-2.87143     0      0
-2.85714     0      0
-2.84286     0      0
-2.82857     0      0
-2.81429     0      0
-2.8     0      0
-2.78571     0      0
-2.77143     0      0
-2.75714     0      0
-2.74286     0      0
-2.72857     0      0
-2.71429     0      0
-2.7     0      0
-2.68571     0      0
-2.67143     0      0
-2.65714     0      0
-2.64286     0      0
-2.62857     0      0
-2.61429     0      0
-2.6     0      0
-2.58571     0      0
-2.57143     0      0
-2.55714     0      0
-2.54286     0      0
-2.52857     0      0
-2.51429     0      0
-2.5     0      0
-2.48571     0      0
-2.47143     0      0
-2.45714     0      0
-2.44286     0      0
-2.42857     0      0
-2.41429     0      0
-2.4     0      0
-2.38571     0      0
-2.37143     0      0
-2.35714     0      0
-2.34286     0      0
-2.32857     0      0
-2.31429     0      0
-2.3     0      0
-2.28571     0      0
-2.27143     0      0
-2.25714     0      0
-2.24286     0      0
-2.22857     0      0
-2.21429     0      0
-2.2     0      0
-2.18571     0      0
-2.17143     0      0
-2.15714     0      0
-2.14286     0      0
-2.12857     0      0
-2.11429     0      0
-2.1     0      0
-2.08571     0      0
-2.07143     0      0
-2.05714     0      0
-2.04286     6.47052e-196      0
-2.02857     2.05322e-194      0
-2.01429     3.58743e-189      0
-2     8.17402e-188      0
-1.98571     8.20455e-188      0
-1.97143     8.27671e-188      0
-1.95714     3.51109e-182      0
-1.94286     3.25851e-181      0
-1.92857     3.26961e-181      0
-1.91429     3.2907e-181      0
-1.9     2.84328e-175      0
-1.88571     1.29941e-174      0
-1.87143     1.30695e-174      0
-1.85714     1.30518e-174      0
-1.84286     1.942e-168      0
-1.82857     5.17275e-168      0
-1.81429     5.22071e-168      0
-1.8     5.22071e-168      0
-1.78571     1.17186e-161      0
-1.77143     2.07621e-161      0
-1.75714     2.07052e-161      0
-1.74286     2.09113e-161      0
-1.72857     6.59455e-155      0
-1.71429     3.45e-05      0
-1.7     0.005714      0
-1.68571     0.005718      0
-1.67143     0.005728      0
-1.65714     0.005786      0
-1.64286     0.005772      0
-1.62857     0.005788      0
-1.61429     0.005846      0
-1.6     0.00585      0
-1.58571     0.005848      0
-1.57143     0.005898      0
-1.55714     0.005926      0
-1.54286     0.005918      0
-1.52857     0.00595      0
-1.51429     0.005982      0
-1.5     0.005984      0
-1.48571     0.006032      0
-1.47143     0.006056      0
-1.45714     0.00606      0
-1.44286     0.006102      0
-1.42857     0.006126      0
-1.41429     0.006144      0
-1.4     0.006178      0
-1.38571     0.006184      0
-1.37143     0.006222      0
-1.35714     0.006248      0
-1.34286     0.006258      0
-1.32857     0.006322      0
-1.31429     0.006324      0
-1.3     0.006378      0
-1.28571     0.006344      0
-1.27143     0.006458      0
-1.25714     0.006436      0
-1.24286     0.006468      0
-1.22857     0.006518      0
-1.21429     0.006524      0
-1.2     0.006594      0
-1.18571     0.006584      0
-1.17143     0.006662      0
-1.15714     0.006644      0
-1.14286     0.006694      0
-1.12857     0.006732      0
-1.11429     0.00679      0
-1.1     0.006812      0
-1.08571     0.006816      0
-1.07143     0.006854      0
-1.05714     0.006956      0
-1.04286     0.006954      0
-1.02857     0.006994      0
-1.01429     0.007004      0
-1     0.007072      0
-0.985714     0.00715      0
-0.971429     0.007138      0
-0.957143     0.007188      0
-0.942857     0.007234      0
-0.928571     0.007294      0
-0.914286     0.007326      0
-0.9     0.007392      0
-0.885714     0.00741      0
-0.871429     0.00751      0
-0.857143     0.00751      0
-0.842857     0.007612      0
-0.828571     0.007638      0
-0.814286     0.00769      0
-0.8     0.007708      0
-0.785714     0.007784      0
-0.771429     0.007878      0
-0.757143     0.007926      0
-0.742857     0.007994      0
-0.728571     0.008028      0
-0.714286     0.008118      0
-0.7     0.008146      0
-0.685714     0.008258      0
-0.671429     0.008296      0
-0.657143     0.008406      0
-0.642857     0.008486      0
-0.628571     0.008504      0
-0.614286     0.008626      0
-0.6     0.008744      0
-0.585714     0.008772      0
-0.571429     0.008858      0
-0.557143     0.00902      0
-0.542857     0.009114      0
-0.528571     0.009162      0
-0.514286     0.009306      0
-0.5     0.009408      0
-0.485714     0.009552      0
-0.471429     0.009702      0
-0.457143     0.009804      0
-0.442857     0.00993      0
-0.428571     0.01011      0
-0.414286     0.010226      0
-0.4     0.010474      0
-0.385714     0.010636      0
-0.371429     0.010852      0
-0.357143     0.011048      0
-0.342857     0.011324      0
-0.328571     0.011628      0
-0.314286     0.011882      0
-0.3     0.012448      0
-0.285714     0.012684      0
-0.271429     0.01336      0
-0.257143     0.01423      0
-0.242857     0.015236      0
-0.228571     0.016944      0
-0.214286     0.0215605      0
-0.2     0.038748      0
-0.185714     0.018874      0
-0.171429     0.014742      0
-0.157143     0.012448      0
-0.142857     0.01089      0
-0.128571     0.00971      0
-0.114286     0.008802      0
-0.1     0.00805      0
-0.0857143     0.007342      0
-0.0714286     0.00677      0
-0.0571429     0.00625      0
-0.0428571     0.00571      0
-0.0285714     0.005296      0
-0.0142857     0.004817      0
0     0      0.0111585
0.0142857     0      0.012964
0.0285714     0      0.011248
0.0428571     0      0.010462
0.0571429     0      0.01007
0.0714286     0      0.009846
0.0857143     0      0.009816
0.1     0      0.009828
0.114286     0      0.00987
0.128571     0      0.010084
0.142857     0      0.010354
0.157143     0      0.010774
0.171429     0      0.011346
0.185714     0      0.012582
0.2     0      0.014703
0.214286     0      0.01216
0.228571     0      0.011244
0.242857     0      0.010622
0.257143     0      0.010292
0.271429     0      0.009908
0.285714     0      0.009686
0.3     0      0.009416
0.314286     0      0.009214
0.328571     0      0.009032
0.342857     0      0.008906
0.357143     0      0.0087
0.371429     0      0.008602
0.385714     0      0.008438
0.4     0      0.008328
0.414286     0      0.008258
0.428571     0      0.008098
0.442857     0      0.007962
0.457143     0      0.007946
0.471429     0      0.007856
0.485714     0      0.007672
0.5     0      0.007656
0.514286     0      0.007546
0.528571     0      0.00749
0.542857     0      0.00742
0.557143     0      0.007298
0.571429     0      0.007238
0.585714     0      0.007168
0.6     0      0.007146
0.614286     0      0.007064
0.628571     0      0.006942
0.642857     0      0.006928
0.657143     0      0.006872
0.671429     0      0.006806
0.685714     0      0.006712
0.7     0      0.00674
0.714286     0      0.006628
0.728571     0      0.006596
0.742857     0      0.006512
0.757143     0      0.006484
0.771429     0      0.006436
0.785714     0      0.00634
0.8     0      0.006348
0.814286     0      0.006272
0.828571     0      0.006242
0.842857     0      0.006196
0.857143     0      0.006172
0.871429     0      0.00613
0.885714     0      0.006044
0.9     0      0.006028
0.914286     0      0.005964
0.928571     0      0.005924
0.942857     0      0.00594
0.957143     0      0.005848
0.971429     0      0.005858
0.985714     0      0.005792
1     0      0.005772
1.01429     0      0.005676
1.02857     0      0.005668
1.04286     0      0.005656
1.05714     0      0.005626
1.07143     0      0.005592
1.08571     0      0.005552
1.1     0      0.005476
1.11429     0      0.005476
1.12857     0      0.005478
1.14286     0      0.005424
1.15714     0      0.005394
1.17143     0      0.005314
1.18571     0      0.005336
1.2     0      0.005306
1.21429     0      0.005268
1.22857     0      0.00525
1.24286     0      0.005186
1.25714     0      0.005184
1.27143     0      0.00513
1.28571     0      0.005136
1.3     0      0.005114
1.31429     0      0.0051
1.32857     0      0.005036
1.34286     0      0.004984
1.35714     0      0.005026
1.37143     0      0.00495
1.38571     0      0.00494
1.4     0      0.004922
1.41429     0      0.004896
1.42857     0      0.004866
1.44286     0      0.004868
1.45714     0      0.004822
1.47143     0      0.004774
1.48571     0      0.004804
1.5     0      0.004762
1.51429     0      0.004718
1.52857     0      0.004704
1.54286     0      0.004706
1.55714     0      0.004666
1.57143     0      0.004642
1.58571     0      0.004632
1.6     0      0.004604
1.61429     0      0.004598
1.62857     0      0.004542
1.64286     0      0.004522
1.65714     0      0.004544
1.67143     0      0.004506
1.68571     0      0.004466
1.7     0      0.004504
1.71429     0      0.004402
1.72857     0      0.004464
1.74286     0      0.004358
1.75714     0      0.004416
1.77143     0      0.00433
1.78571     0      0.004376
1.8     0      0.004336
1.81429     0      0.00431
1.82857     0      0.004266
1.84286     0      0.004304
1.85714     0      0.004256
1.87143     0      0.004246
1.88571     0      0.004236
1.9     0      0.00421
1.91429     0      0.004164
1.92857     0      0.00421
1.94286     0      0.00416
1.95714     0      0.004128
1.97143     0      0.004136
1.98571     0      0.004094
2     0      0.004116
2.01429     0      0.004076
2.02857     0      0.00406
2.04286     0      0.004046
2.05714     0      0.004024
2.07143     0      0.004036
2.08571     0      0.004
2.1     0      0.003968
2.11429     0      0.004006
2.12857     0      0.003948
2.14286     0      0.003952
2.15714     0      0.003918
2.17143     0      0.003912
2.18571     0      0.003896
2.2     0      0.003888
2.21429     0      0.003872
2.22857     0      0.003866
2.24286     0      0.003848
2.25714     0      0.003834
2.27143     0      0.003806
2.28571     0      0.003812
2.3     0      0.0013705
2.31429     0      1.83828e-23
2.32857     0      2.89551e-37
2.34286     0      2.56119e-56
2.35714     0      1.87731e-69
2.37143     0      1.11222e-76
2.38571     0      2.677e-89
2.4     0      3.28757e-96
2.41429     0      1.66242e-103
2.42857     0      1.98867e-115
2.44286     0      5.23942e-122
2.45714     0      1.39044e-128
2.47143     0      1.39917e-128
2.48571     0      4.04725e-129
2.5     0      0
2.51429     0      0
2.52857     0      0
2.54286     0      0
2.55714     0      0
2.57143     0      0
2.58571     0      0
2.6     0      0
2.61429     0      0
2.62857     0      0
2.64286     0      0
2.65714     0      0
2.67143     0      0
2.68571     0      0
2.7     0      0
2.71429     0      0
2.72857     0      0
2.74286     0      0
2.75714     0      0
2.77143     0      0
2.78571     0      0
2.8     0      0
2.81429     0      0
2.82857     0      0
2.84286     0      0
2.85714     0      0
2.87143     0      0
2.88571     0      0
2.9     0      0
2.91429     0      0
2.92857     0      0
2.94286     0      0
2.95714     0      0
2.97143     0      0
2.98571     0      0
3     0      0
3.01429     0      0
3.02857     0      0
3.04286     0      0
3.05714     0      0
3.07143     0      0
3.08571     0      0
3.1     0      0
3.11429     0      0
3.12857     0      0
3.14286     0      0
3.15714     0      0
3.17143     0      0
3.18571     0      0
3.2     0      0
3.21429     0      0
3.22857     0      0
3.24286     0      0
3.25714     0      0
3.27143     0      0
3.28571     0      0
3.3     0      0
3.31429     0      0
3.32857     0      0
3.34286     0      0
3.35714     0      0
3.37143     0      0
3.38571     0      0
3.4     0      0
3.41429     0      0
3.42857     0      0
3.44286     0      0
3.45714     0      0
3.47143     0      0
3.48571     0      0
3.5     0      0
3.51429     0      0
3.52857     0      0
3.54286     0      0
3.55714     0      0
3.57143     0      0
3.58571     0      0
3.6     0      0
3.61429     0      0
3.62857     0      0
3.64286     0      0
3.65714     0      0
3.67143     0      0
3.68571     0      0
3.7     0      0
3.71429     0      0
3.72857     0      0
3.74286     0      0
3.75714     0      0
3.77143     0      0
3.78571     0      0
3.8     0      0
3.81429     0      0
3.82857     0      0
3.84286     0      0
3.85714     0      0
3.87143     0      0
3.88571     0      0
3.9     0      0
3.91429     0      0
3.92857     0      0
3.94286     0      0
3.95714     0      0
3.97143     0      0
3.98571     0      0
4     0      0
4.01429     0      0
4.02857     0      0
4.04286     0      0
4.05714     0      0
4.07143     0      0
4.08571     0      0
4.1     0      0
4.11429     0      0
4.12857     0      0
4.14286     0      0
4.15714     0      0
4.17143     0      0
4.18571     0      0
4.2     0      0
4.21429     0      0
4.22857     0      0
4.24286     0      0
4.25714     0      0
4.27143     0      0
4.28571     0      0
4.3     0      0
4.31429     0      0
4.32857     0      0
4.34286     0      0
4.35714     0      0
4.37143     0      0
4.38571     0      0
4.4     0      0
4.41429     0      0
4.42857     0      0
4.44286     0      0
4.45714     0      0
4.47143     0      0
4.48571     0      0
4.5     0      0
4.51429     0      0
4.52857     0      0
4.54286     0      0
4.55714     0      0
4.57143     0      0
4.58571     0      0
4.6     0      0
4.61429     0      0
4.62857     0      0
4.64286     0      0
4.65714     0      0
4.67143     0      0
4.68571     0      0
4.7     0      0
4.71429     0      0
4.72857     0      0
4.74286     0      0
4.75714     0      0
4.77143     0      0
4.78571     0      0
4.8     0      0
4.81429     0      0
4.82857     0      0
4.84286     0      0
4.85714     0      0
4.87143     0      0
4.88571     0      0
4.9     0      0
4.91429     0      0
4.92857     0      0
4.94286     0      0
4.95714     0      0
4.97143     0      0
4.98571     0      0
