# U,mu,nA_up, nA_dn, nB_up, nB_dn, ms, mf, ntotal,mu,cint
#energy    dos_upn   dos_upp   dos_dnn  dos_dnp GRID=1000 bin=700
-5     0      0
-4.98571     0      0
-4.97143     0      0
-4.95714     0      0
-4.94286     0      0
-4.92857     0      0
-4.91429     0      0
-4.9     0      0
-4.88571     0      0
-4.87143     0      0
-4.85714     0      0
-4.84286     0      0
-4.82857     0      0
-4.81429     0      0
-4.8     0      0
-4.78571     0      0
-4.77143     0      0
-4.75714     0      0
-4.74286     0      0
-4.72857     0      0
-4.71429     0      0
-4.7     0      0
-4.68571     0      0
-4.67143     0      0
-4.65714     0      0
-4.64286     0      0
-4.62857     0      0
-4.61429     0      0
-4.6     0      0
-4.58571     0      0
-4.57143     0      0
-4.55714     0      0
-4.54286     0      0
-4.52857     0      0
-4.51429     0      0
-4.5     0      0
-4.48571     0      0
-4.47143     0      0
-4.45714     0      0
-4.44286     0      0
-4.42857     0      0
-4.41429     0      0
-4.4     0      0
-4.38571     0      0
-4.37143     0      0
-4.35714     0      0
-4.34286     0      0
-4.32857     0      0
-4.31429     0      0
-4.3     0      0
-4.28571     0      0
-4.27143     0      0
-4.25714     0      0
-4.24286     0      0
-4.22857     0      0
-4.21429     0      0
-4.2     0      0
-4.18571     0      0
-4.17143     0      0
-4.15714     0      0
-4.14286     0      0
-4.12857     0      0
-4.11429     0      0
-4.1     0      0
-4.08571     0      0
-4.07143     0      0
-4.05714     0      0
-4.04286     0      0
-4.02857     0      0
-4.01429     0      0
-4     0      0
-3.98571     0      0
-3.97143     0      0
-3.95714     0      0
-3.94286     0      0
-3.92857     0      0
-3.91429     0      0
-3.9     0      0
-3.88571     0      0
-3.87143     0      0
-3.85714     0      0
-3.84286     0      0
-3.82857     0      0
-3.81429     0      0
-3.8     0      0
-3.78571     0      0
-3.77143     0      0
-3.75714     0      0
-3.74286     0      0
-3.72857     0      0
-3.71429     0      0
-3.7     0      0
-3.68571     0      0
-3.67143     0      0
-3.65714     0      0
-3.64286     0      0
-3.62857     0      0
-3.61429     0      0
-3.6     0      0
-3.58571     0      0
-3.57143     0      0
-3.55714     0      0
-3.54286     0      0
-3.52857     0      0
-3.51429     0      0
-3.5     0      0
-3.48571     0      0
-3.47143     0      0
-3.45714     0      0
-3.44286     0      0
-3.42857     0      0
-3.41429     0      0
-3.4     0      0
-3.38571     0      0
-3.37143     0      0
-3.35714     0      0
-3.34286     0      0
-3.32857     0      0
-3.31429     0      0
-3.3     0      0
-3.28571     0      0
-3.27143     0      0
-3.25714     0      0
-3.24286     0      0
-3.22857     0      0
-3.21429     0      0
-3.2     0      0
-3.18571     0      0
-3.17143     0      0
-3.15714     0      0
-3.14286     0      0
-3.12857     0      0
-3.11429     0      0
-3.1     0      0
-3.08571     0      0
-3.07143     0      0
-3.05714     0      0
-3.04286     0      0
-3.02857     0      0
-3.01429     0      0
-3     0      0
-2.98571     0      0
-2.97143     0      0
-2.95714     0      0
-2.94286     0      0
-2.92857     0      0
-2.91429     0      0
-2.9     0      0
-2.88571     0      0
-2.87143     0      0
-2.85714     0      0
-2.84286     0      0
-2.82857     0      0
-2.81429     0      0
-2.8     0      0
-2.78571     0      0
-2.77143     0      0
-2.75714     0      0
-2.74286     0      0
-2.72857     0      0
-2.71429     0      0
-2.7     0      0
-2.68571     0      0
-2.67143     0      0
-2.65714     0      0
-2.64286     0      0
-2.62857     0      0
-2.61429     0      0
-2.6     0      0
-2.58571     0      0
-2.57143     0      0
-2.55714     0      0
-2.54286     0      0
-2.52857     0      0
-2.51429     0      0
-2.5     0      0
-2.48571     0      0
-2.47143     0      0
-2.45714     0      0
-2.44286     0      0
-2.42857     0      0
-2.41429     0      0
-2.4     0      0
-2.38571     0      0
-2.37143     0      0
-2.35714     0      0
-2.34286     0      0
-2.32857     0      0
-2.31429     0      0
-2.3     0      0
-2.28571     0      0
-2.27143     0      0
-2.25714     0      0
-2.24286     0      0
-2.22857     0      0
-2.21429     0      0
-2.2     0      0
-2.18571     0      0
-2.17143     0      0
-2.15714     0      0
-2.14286     0      0
-2.12857     0      0
-2.11429     0      0
-2.1     0      0
-2.08571     0      0
-2.07143     0      0
-2.05714     0      0
-2.04286     1.13831e-50      0
-2.02857     3.61206e-49      0
-2.01429     6.31107e-44      0
-2     1.43799e-42      0
-1.98571     1.44336e-42      0
-1.97143     1.45606e-42      0
-1.95714     6.17677e-37      0
-1.94286     5.73242e-36      0
-1.92857     5.75195e-36      0
-1.91429     5.78906e-36      0
-1.9     5.00196e-30      0
-1.88571     2.28594e-29      0
-1.87143     2.29922e-29      0
-1.85714     2.29609e-29      0
-1.84286     3.41641e-23      0
-1.82857     9.1e-23      0
-1.81429     9.18438e-23      0
-1.8     9.18438e-23      0
-1.78571     2.06156e-16      0
-1.77143     3.6525e-16      0
-1.75714     3.6425e-16      0
-1.74286     3.67875e-16      0
-1.72857     1.16013e-09      0
-1.71429     1.456e-09      0
-1.7     1.4585e-09      0
-1.68571     0.000362501      0
-1.67143     0.005786      0
-1.65714     0.005824      0
-1.64286     0.005826      0
-1.62857     0.005852      0
-1.61429     0.005888      0
-1.6     0.005892      0
-1.58571     0.005928      0
-1.57143     0.005946      0
-1.55714     0.005972      0
-1.54286     0.005994      0
-1.52857     0.006022      0
-1.51429     0.006022      0
-1.5     0.006104      0
-1.48571     0.006068      0
-1.47143     0.006146      0
-1.45714     0.006134      0
-1.44286     0.006172      0
-1.42857     0.006222      0
-1.41429     0.006226      0
-1.4     0.006254      0
-1.38571     0.006284      0
-1.37143     0.00633      0
-1.35714     0.006362      0
-1.34286     0.006366      0
-1.32857     0.00642      0
-1.31429     0.006438      0
-1.3     0.00645      0
-1.28571     0.006538      0
-1.27143     0.006518      0
-1.25714     0.006586      0
-1.24286     0.006632      0
-1.22857     0.006638      0
-1.21429     0.00668      0
-1.2     0.006696      0
-1.18571     0.006772      0
-1.17143     0.0068      0
-1.15714     0.006848      0
-1.14286     0.006838      0
-1.12857     0.006966      0
-1.11429     0.006964      0
-1.1     0.006998      0
-1.08571     0.007032      0
-1.07143     0.00711      0
-1.05714     0.007156      0
-1.04286     0.007154      0
-1.02857     0.007246      0
-1.01429     0.007288      0
-1     0.007338      0
-0.985714     0.007394      0
-0.971429     0.007444      0
-0.957143     0.007514      0
-0.942857     0.007566      0
-0.928571     0.007614      0
-0.914286     0.00767      0
-0.9     0.00777      0
-0.885714     0.007814      0
-0.871429     0.007906      0
-0.857143     0.007946      0
-0.842857     0.008006      0
-0.828571     0.00811      0
-0.814286     0.008186      0
-0.8     0.008284      0
-0.785714     0.008374      0
-0.771429     0.008422      0
-0.757143     0.008548      0
-0.742857     0.008622      0
-0.728571     0.008748      0
-0.714286     0.00887      0
-0.7     0.008992      0
-0.685714     0.009084      0
-0.671429     0.009226      0
-0.657143     0.009348      0
-0.642857     0.009524      0
-0.628571     0.009624      0
-0.614286     0.009872      0
-0.6     0.01      0
-0.585714     0.010234      0
-0.571429     0.010406      0
-0.557143     0.010634      0
-0.542857     0.010946      0
-0.528571     0.011236      0
-0.514286     0.01154      0
-0.5     0.011868      0
-0.485714     0.012236      0
-0.471429     0.012856      0
-0.457143     0.013446      0
-0.442857     0.014174      0
-0.428571     0.01505      0
-0.414286     0.016516      0
-0.4     0.018308      0
-0.385714     0.022508      0
-0.371429     0.0581545      0
-0.357143     0.031688      0
-0.342857     0.023502      0
-0.328571     0.019372      0
-0.314286     0.016948      0
-0.3     0.01512      0
-0.285714     0.013758      0
-0.271429     0.012632      0
-0.257143     0.011722      0
-0.242857     0.01092      0
-0.228571     0.010224      0
-0.214286     0.009624      0
-0.2     0.009096      0
-0.185714     0.008568      0
-0.171429     0.000147      0
-0.157143     0      0
-0.142857     0      0
-0.128571     0      0
-0.114286     0      0
-0.1     0      0
-0.0857143     0      0
-0.0714286     0      0
-0.0571429     0      0
-0.0428571     0      0
-0.0285714     0      0
-0.0142857     0      0
0     0      0
0.0142857     0      0
0.0285714     0      0
0.0428571     0      0
0.0571429     0      0
0.0714286     0      0
0.0857143     0      0
0.1     0      3.40881e-50
0.114286     0      1.57825e-42
0.128571     0      4.66016e-42
0.142857     0      1.5231e-35
0.157143     0      9.85353e-30
0.171429     0      7.57813e-29
0.185714     0      1.19508e-22
0.2     0      2.86031e-22
0.214286     0      6.46657e-16
0.228571     0      1.10875e-15
0.242857     0      2.74163e-09
0.257143     0      4.3475e-09
0.271429     0      0.0096605
0.285714     0      0.017368
0.3     0      0.015428
0.314286     0      0.014298
0.328571     0      0.013662
0.342857     0      0.013316
0.357143     0      0.013092
0.371429     0      0.013062
0.385714     0      0.01309
0.4     0      0.01329
0.414286     0      0.01359
0.428571     0      0.014112
0.442857     0      0.014862
0.457143     0      0.016564
0.471429     0      0.020587
0.485714     0      0.016246
0.5     0      0.014144
0.514286     0      0.013058
0.528571     0      0.012164
0.542857     0      0.01156
0.557143     0      0.011068
0.571429     0      0.010584
0.585714     0      0.010272
0.6     0      0.009886
0.614286     0      0.009682
0.628571     0      0.009364
0.642857     0      0.009172
0.657143     0      0.008906
0.671429     0      0.008744
0.685714     0      0.0086
0.7     0      0.008388
0.714286     0      0.00829
0.728571     0      0.008074
0.742857     0      0.007996
0.757143     0      0.007854
0.771429     0      0.00773
0.785714     0      0.007618
0.8     0      0.00753
0.814286     0      0.00741
0.828571     0      0.007334
0.842857     0      0.007218
0.857143     0      0.007166
0.871429     0      0.00711
0.885714     0      0.006946
0.9     0      0.006884
0.914286     0      0.006806
0.928571     0      0.006792
0.942857     0      0.006696
0.957143     0      0.006628
0.971429     0      0.0065
0.985714     0      0.006474
1     0      0.006472
1.01429     0      0.006318
1.02857     0      0.006324
1.04286     0      0.006278
1.05714     0      0.0062
1.07143     0      0.006142
1.08571     0      0.00612
1.1     0      0.006034
1.11429     0      0.006
1.12857     0      0.005986
1.14286     0      0.005932
1.15714     0      0.005854
1.17143     0      0.005828
1.18571     0      0.00579
1.2     0      0.005728
1.21429     0      0.0057
1.22857     0      0.00565
1.24286     0      0.00564
1.25714     0      0.005582
1.27143     0      0.005528
1.28571     0      0.00551
1.3     0      0.005502
1.31429     0      0.005414
1.32857     0      0.00537
1.34286     0      0.005392
1.35714     0      0.005302
1.37143     0      0.005316
1.38571     0      0.005246
1.4     0      0.005228
1.41429     0      0.005238
1.42857     0      0.005166
1.44286     0      0.005152
1.45714     0      0.005082
1.47143     0      0.005092
1.48571     0      0.00507
1.5     0      0.00503
1.51429     0      0.004988
1.52857     0      0.00499
1.54286     0      0.00491
1.55714     0      0.004936
1.57143     0      0.00492
1.58571     0      0.00485
1.6     0      0.004846
1.61429     0      0.004792
1.62857     0      0.004794
1.64286     0      0.004758
1.65714     0      0.00478
1.67143     0      0.004698
1.68571     0      0.004692
1.7     0      0.004654
1.71429     0      0.004664
1.72857     0      0.004594
1.74286     0      0.004638
1.75714     0      0.004584
1.77143     0      0.004526
1.78571     0      0.004584
1.8     0      0.00449
1.81429     0      0.004508
1.82857     0      0.00447
1.84286     0      0.004458
1.85714     0      0.004424
1.87143     0      0.004414
1.88571     0      0.004376
1.9     0      0.004382
1.91429     0      0.004364
1.92857     0      0.004348
1.94286     0      0.00431
1.95714     0      0.004304
1.97143     0      0.004258
1.98571     0      0.004276
2     0      0.004258
2.01429     0      0.0042
2.02857     0      0.004232
2.04286     0      0.004168
2.05714     0      0.00419
2.07143     0      0.004152
2.08571     0      0.004136
2.1     0      0.004122
2.11429     0      0.004108
2.12857     0      0.004114
2.14286     0      0.004046
2.15714     0      0.00407
2.17143     0      0.004044
2.18571     0      0.00402
2.2     0      0.003984
2.21429     0      0.004012
2.22857     0      0.003974
2.24286     0      0.00396
2.25714     0      0.00396
2.27143     0      0.003936
2.28571     0      0.003926
2.3     0      0.00389
2.31429     0      0.003882
2.32857     0      0.003896
2.34286     0      0.003848
2.35714     0      0.003846
2.37143     0      0.0023545
2.38571     0      0
2.4     0      0
2.41429     0      0
2.42857     0      0
2.44286     0      0
2.45714     0      0
2.47143     0      0
2.48571     0      0
2.5     0      0
2.51429     0      0
2.52857     0      0
2.54286     0      0
2.55714     0      0
2.57143     0      0
2.58571     0      0
2.6     0      0
2.61429     0      0
2.62857     0      0
2.64286     0      0
2.65714     0      0
2.67143     0      0
2.68571     0      0
2.7     0      0
2.71429     0      0
2.72857     0      0
2.74286     0      0
2.75714     0      0
2.77143     0      0
2.78571     0      0
2.8     0      0
2.81429     0      0
2.82857     0      0
2.84286     0      0
2.85714     0      0
2.87143     0      0
2.88571     0      0
2.9     0      0
2.91429     0      0
2.92857     0      0
2.94286     0      0
2.95714     0      0
2.97143     0      0
2.98571     0      0
3     0      0
3.01429     0      0
3.02857     0      0
3.04286     0      0
3.05714     0      0
3.07143     0      0
3.08571     0      0
3.1     0      0
3.11429     0      0
3.12857     0      0
3.14286     0      0
3.15714     0      0
3.17143     0      0
3.18571     0      0
3.2     0      0
3.21429     0      0
3.22857     0      0
3.24286     0      0
3.25714     0      0
3.27143     0      0
3.28571     0      0
3.3     0      0
3.31429     0      0
3.32857     0      0
3.34286     0      0
3.35714     0      0
3.37143     0      0
3.38571     0      0
3.4     0      0
3.41429     0      0
3.42857     0      0
3.44286     0      0
3.45714     0      0
3.47143     0      0
3.48571     0      0
3.5     0      0
3.51429     0      0
3.52857     0      0
3.54286     0      0
3.55714     0      0
3.57143     0      0
3.58571     0      0
3.6     0      0
3.61429     0      0
3.62857     0      0
3.64286     0      0
3.65714     0      0
3.67143     0      0
3.68571     0      0
3.7     0      0
3.71429     0      0
3.72857     0      0
3.74286     0      0
3.75714     0      0
3.77143     0      0
3.78571     0      0
3.8     0      0
3.81429     0      0
3.82857     0      0
3.84286     0      0
3.85714     0      0
3.87143     0      0
3.88571     0      0
3.9     0      0
3.91429     0      0
3.92857     0      0
3.94286     0      0
3.95714     0      0
3.97143     0      0
3.98571     0      0
4     0      0
4.01429     0      0
4.02857     0      0
4.04286     0      0
4.05714     0      0
4.07143     0      0
4.08571     0      0
4.1     0      0
4.11429     0      0
4.12857     0      0
4.14286     0      0
4.15714     0      0
4.17143     0      0
4.18571     0      0
4.2     0      0
4.21429     0      0
4.22857     0      0
4.24286     0      0
4.25714     0      0
4.27143     0      0
4.28571     0      0
4.3     0      0
4.31429     0      0
4.32857     0      0
4.34286     0      0
4.35714     0      0
4.37143     0      0
4.38571     0      0
4.4     0      0
4.41429     0      0
4.42857     0      0
4.44286     0      0
4.45714     0      0
4.47143     0      0
4.48571     0      0
4.5     0      0
4.51429     0      0
4.52857     0      0
4.54286     0      0
4.55714     0      0
4.57143     0      0
4.58571     0      0
4.6     0      0
4.61429     0      0
4.62857     0      0
4.64286     0      0
4.65714     0      0
4.67143     0      0
4.68571     0      0
4.7     0      0
4.71429     0      0
4.72857     0      0
4.74286     0      0
4.75714     0      0
4.77143     0      0
4.78571     0      0
4.8     0      0
4.81429     0      0
4.82857     0      0
4.84286     0      0
4.85714     0      0
4.87143     0      0
4.88571     0      0
4.9     0      0
4.91429     0      0
4.92857     0      0
4.94286     0      0
4.95714     0      0
4.97143     0      0
4.98571     0      0
