# U,mu,nA_up, nA_dn, nB_up, nB_dn, ms, mf, ntotal,mu,cint
#energy    dos_upn   dos_upp   dos_dnn  dos_dnp GRID=1000 bin=700
-5     0      0
-4.98571     0      0
-4.97143     0      0
-4.95714     0      0
-4.94286     0      0
-4.92857     0      0
-4.91429     0      0
-4.9     0      0
-4.88571     0      0
-4.87143     0      0
-4.85714     0      0
-4.84286     0      0
-4.82857     0      0
-4.81429     0      0
-4.8     0      0
-4.78571     0      0
-4.77143     0      0
-4.75714     0      0
-4.74286     0      0
-4.72857     0      0
-4.71429     0      0
-4.7     0      0
-4.68571     0      0
-4.67143     0      0
-4.65714     0      0
-4.64286     0      0
-4.62857     0      0
-4.61429     0      0
-4.6     0      0
-4.58571     0      0
-4.57143     0      0
-4.55714     0      0
-4.54286     0      0
-4.52857     0      0
-4.51429     0      0
-4.5     0      0
-4.48571     0      0
-4.47143     0      0
-4.45714     0      0
-4.44286     0      0
-4.42857     0      0
-4.41429     0      0
-4.4     0      0
-4.38571     0      0
-4.37143     0      0
-4.35714     0      0
-4.34286     0      0
-4.32857     0      0
-4.31429     0      0
-4.3     0      0
-4.28571     0      0
-4.27143     0      0
-4.25714     0      0
-4.24286     0      0
-4.22857     0      0
-4.21429     0      0
-4.2     0      0
-4.18571     0      0
-4.17143     0      0
-4.15714     0      0
-4.14286     0      0
-4.12857     0      0
-4.11429     0      0
-4.1     0      0
-4.08571     0      0
-4.07143     0      0
-4.05714     0      0
-4.04286     0      0
-4.02857     0      0
-4.01429     0      0
-4     0      0
-3.98571     0      0
-3.97143     0      0
-3.95714     0      0
-3.94286     0      0
-3.92857     0      0
-3.91429     0      0
-3.9     0      0
-3.88571     0      0
-3.87143     0      0
-3.85714     0      0
-3.84286     0      0
-3.82857     0      0
-3.81429     0      0
-3.8     0      0
-3.78571     0      0
-3.77143     0      0
-3.75714     0      0
-3.74286     0      0
-3.72857     0      0
-3.71429     0      0
-3.7     0      0
-3.68571     0      0
-3.67143     0      0
-3.65714     0      0
-3.64286     0      0
-3.62857     0      0
-3.61429     0      0
-3.6     0      0
-3.58571     0      0
-3.57143     0      0
-3.55714     0      0
-3.54286     0      0
-3.52857     0      0
-3.51429     0      0
-3.5     0      0
-3.48571     0      0
-3.47143     0      0
-3.45714     0      0
-3.44286     0      0
-3.42857     0      0
-3.41429     0      0
-3.4     0      0
-3.38571     0      0
-3.37143     0      0
-3.35714     0      0
-3.34286     0      0
-3.32857     0      0
-3.31429     0      0
-3.3     0      0
-3.28571     0      0
-3.27143     0      0
-3.25714     0      0
-3.24286     0      0
-3.22857     0      0
-3.21429     0      0
-3.2     0      0
-3.18571     0      0
-3.17143     0      0
-3.15714     0      0
-3.14286     0      0
-3.12857     0      0
-3.11429     0      0
-3.1     0      0
-3.08571     0      0
-3.07143     0      0
-3.05714     0      0
-3.04286     0      0
-3.02857     0      0
-3.01429     0      0
-3     0      0
-2.98571     0      0
-2.97143     0      0
-2.95714     0      0
-2.94286     0      0
-2.92857     0      0
-2.91429     0      0
-2.9     0      0
-2.88571     0      0
-2.87143     0      0
-2.85714     0      0
-2.84286     0      0
-2.82857     0      0
-2.81429     0      0
-2.8     0      0
-2.78571     0      0
-2.77143     0      0
-2.75714     0      0
-2.74286     0      0
-2.72857     0      0
-2.71429     0      0
-2.7     0      0
-2.68571     0      0
-2.67143     0      0
-2.65714     0      0
-2.64286     0      0
-2.62857     0      0
-2.61429     0      0
-2.6     0      0
-2.58571     0      0
-2.57143     0      0
-2.55714     0      0
-2.54286     0      0
-2.52857     0      0
-2.51429     0      0
-2.5     0      0
-2.48571     0      0
-2.47143     0      0
-2.45714     0      0
-2.44286     0      0
-2.42857     0      0
-2.41429     0      0
-2.4     0      0
-2.38571     0      0
-2.37143     0      0
-2.35714     0      0
-2.34286     0      0
-2.32857     0      0
-2.31429     0      0
-2.3     0      0
-2.28571     0      0
-2.27143     0      0
-2.25714     0      0
-2.24286     0      0
-2.22857     0      0
-2.21429     0      0
-2.2     0      0
-2.18571     0      0
-2.17143     0      0
-2.15714     0      0
-2.14286     0      0
-2.12857     0      0
-2.11429     0      0
-2.1     0      0
-2.08571     0      0
-2.07143     0      0
-2.05714     0      0
-2.04286     2.91406e-24      0
-2.02857     9.24687e-23      0
-2.01429     1.61563e-17      0
-2     3.68125e-16      0
-1.98571     3.695e-16      0
-1.97143     3.7275e-16      0
-1.95714     1.58125e-10      0
-1.94286     1.4675e-09      0
-1.92857     1.4725e-09      0
-1.91429     1.482e-09      0
-1.9     0.0012805      0
-1.88571     0.005852      0
-1.87143     0.005886      0
-1.85714     0.005878      0
-1.84286     0.005936      0
-1.82857     0.005952      0
-1.81429     0.005972      0
-1.8     0.005998      0
-1.78571     0.006014      0
-1.77143     0.006054      0
-1.75714     0.006094      0
-1.74286     0.006076      0
-1.72857     0.006144      0
-1.71429     0.006138      0
-1.7     0.00621      0
-1.68571     0.006186      0
-1.67143     0.006262      0
-1.65714     0.006242      0
-1.64286     0.006328      0
-1.62857     0.006358      0
-1.61429     0.006366      0
-1.6     0.006364      0
-1.58571     0.006448      0
-1.57143     0.006456      0
-1.55714     0.006482      0
-1.54286     0.006544      0
-1.52857     0.006554      0
-1.51429     0.00662      0
-1.5     0.006646      0
-1.48571     0.006666      0
-1.47143     0.00672      0
-1.45714     0.00677      0
-1.44286     0.006782      0
-1.42857     0.006844      0
-1.41429     0.00685      0
-1.4     0.006952      0
-1.38571     0.006956      0
-1.37143     0.007012      0
-1.35714     0.007056      0
-1.34286     0.0071      0
-1.32857     0.007144      0
-1.31429     0.007232      0
-1.3     0.007242      0
-1.28571     0.007316      0
-1.27143     0.007382      0
-1.25714     0.00743      0
-1.24286     0.007454      0
-1.22857     0.007576      0
-1.21429     0.007596      0
-1.2     0.007668      0
-1.18571     0.007766      0
-1.17143     0.007806      0
-1.15714     0.007834      0
-1.14286     0.007994      0
-1.12857     0.008042      0
-1.11429     0.008098      0
-1.1     0.0082      0
-1.08571     0.008308      0
-1.07143     0.008364      0
-1.05714     0.008462      0
-1.04286     0.00858      0
-1.02857     0.008678      0
-1.01429     0.008812      0
-1     0.008884      0
-0.985714     0.009002      0
-0.971429     0.009222      0
-0.957143     0.009276      0
-0.942857     0.009464      0
-0.928571     0.00959      0
-0.914286     0.009812      0
-0.9     0.00992      0
-0.885714     0.01019      0
-0.871429     0.010414      0
-0.857143     0.010602      0
-0.842857     0.010886      0
-0.828571     0.01116      0
-0.814286     0.011464      0
-0.8     0.011792      0
-0.785714     0.012328      0
-0.771429     0.012738      0
-0.757143     0.013242      0
-0.742857     0.013978      0
-0.728571     0.014884      0
-0.714286     0.01578      0
-0.7     0.017568      0
-0.685714     0.019764      0
-0.671429     0.0335725      0
-0.657143     0.05881      0
-0.642857     0.031846      0
-0.628571     0.024554      0
-0.614286     0.020724      0
-0.6     0.018172      0
-0.585714     0.016386      0
-0.571429     0.014938      0
-0.557143     0.013782      0
-0.542857     0.012832      0
-0.528571     0.011992      0
-0.514286     0.011278      0
-0.5     0.010638      0
-0.485714     0.01008      0
-0.471429     0.006403      0
-0.457143     0      0
-0.442857     0      0
-0.428571     0      0
-0.414286     0      0
-0.4     0      0
-0.385714     0      0
-0.371429     0      0
-0.357143     0      0
-0.342857     0      0
-0.328571     0      0
-0.314286     0      0
-0.3     0      0
-0.285714     0      0
-0.271429     0      0
-0.257143     0      0
-0.242857     0      0
-0.228571     0      0
-0.214286     0      0
-0.2     0      0
-0.185714     0      0
-0.171429     0      0
-0.157143     0      0
-0.142857     0      0
-0.128571     0      0
-0.114286     0      0
-0.1     0      0
-0.0857143     0      0
-0.0714286     0      0
-0.0571429     0      0
-0.0428571     0      0
-0.0285714     0      0
-0.0142857     0      0
0     0      0
0.0142857     0      0
0.0285714     0      0
0.0428571     0      0
0.0571429     0      0
0.0714286     0      0
0.0857143     0      0
0.1     0      8.72656e-24
0.114286     0      4.04032e-16
0.128571     0      1.193e-15
0.142857     0      3.89913e-09
0.157143     0      0.0025225
0.171429     0      0.0194
0.185714     0      0.016796
0.2     0      0.015506
0.214286     0      0.014806
0.228571     0      0.014304
0.242857     0      0.014112
0.257143     0      0.013968
0.271429     0      0.014014
0.285714     0      0.014206
0.3     0      0.01443
0.314286     0      0.014954
0.328571     0      0.01567
0.342857     0      0.017052
0.357143     0      0.021529
0.371429     0      0.01914
0.385714     0      0.015808
0.4     0      0.014226
0.414286     0      0.013182
0.428571     0      0.012366
0.442857     0      0.011756
0.457143     0      0.01125
0.471429     0      0.010808
0.485714     0      0.010426
0.5     0      0.010122
0.514286     0      0.00972
0.528571     0      0.009516
0.542857     0      0.00927
0.557143     0      0.009048
0.571429     0      0.008836
0.585714     0      0.008688
0.6     0      0.008442
0.614286     0      0.00836
0.628571     0      0.008192
0.642857     0      0.00799
0.657143     0      0.007904
0.671429     0      0.007764
0.685714     0      0.007664
0.7     0      0.007522
0.714286     0      0.007434
0.728571     0      0.007326
0.742857     0      0.007224
0.757143     0      0.00714
0.771429     0      0.007074
0.785714     0      0.006964
0.8     0      0.006864
0.814286     0      0.00679
0.828571     0      0.006782
0.842857     0      0.006686
0.857143     0      0.006526
0.871429     0      0.006528
0.885714     0      0.00647
0.9     0      0.00638
0.914286     0      0.006376
0.928571     0      0.00624
0.942857     0      0.006226
0.957143     0      0.006164
0.971429     0      0.006126
0.985714     0      0.006014
1     0      0.006024
1.01429     0      0.005942
1.02857     0      0.005904
1.04286     0      0.005858
1.05714     0      0.005824
1.07143     0      0.00575
1.08571     0      0.005778
1.1     0      0.005644
1.11429     0      0.005646
1.12857     0      0.005596
1.14286     0      0.005558
1.15714     0      0.005508
1.17143     0      0.005538
1.18571     0      0.005424
1.2     0      0.005404
1.21429     0      0.005358
1.22857     0      0.00534
1.24286     0      0.005322
1.25714     0      0.005234
1.27143     0      0.005228
1.28571     0      0.005226
1.3     0      0.005138
1.31429     0      0.005164
1.32857     0      0.005094
1.34286     0      0.00509
1.35714     0      0.005042
1.37143     0      0.005024
1.38571     0      0.004988
1.4     0      0.004914
1.41429     0      0.004958
1.42857     0      0.004884
1.44286     0      0.00491
1.45714     0      0.004872
1.47143     0      0.004798
1.48571     0      0.004778
1.5     0      0.004794
1.51429     0      0.004752
1.52857     0      0.004722
1.54286     0      0.004726
1.55714     0      0.00463
1.57143     0      0.004662
1.58571     0      0.004646
1.6     0      0.00461
1.61429     0      0.004568
1.62857     0      0.004554
1.64286     0      0.004544
1.65714     0      0.00452
1.67143     0      0.004466
1.68571     0      0.00449
1.7     0      0.004452
1.71429     0      0.004428
1.72857     0      0.004416
1.74286     0      0.004374
1.75714     0      0.004372
1.77143     0      0.004342
1.78571     0      0.004336
1.8     0      0.004314
1.81429     0      0.00429
1.82857     0      0.004258
1.84286     0      0.004274
1.85714     0      0.00424
1.87143     0      0.004228
1.88571     0      0.004182
1.9     0      0.004192
1.91429     0      0.00416
1.92857     0      0.004162
1.94286     0      0.004114
1.95714     0      0.004102
1.97143     0      0.00409
1.98571     0      0.004092
2     0      0.004056
2.01429     0      0.004036
2.02857     0      0.004038
2.04286     0      0.004016
2.05714     0      0.003992
2.07143     0      0.003978
2.08571     0      0.00397
2.1     0      0.00395
2.11429     0      0.003942
2.12857     0      0.003912
2.14286     0      0.003916
2.15714     0      0.003884
2.17143     0      0.003866
2.18571     0      0.0029785
2.2     0      0
2.21429     0      0
2.22857     0      0
2.24286     0      0
2.25714     0      0
2.27143     0      0
2.28571     0      0
2.3     0      0
2.31429     0      0
2.32857     0      0
2.34286     0      0
2.35714     0      0
2.37143     0      0
2.38571     0      0
2.4     0      0
2.41429     0      0
2.42857     0      0
2.44286     0      0
2.45714     0      0
2.47143     0      0
2.48571     0      0
2.5     0      0
2.51429     0      0
2.52857     0      0
2.54286     0      0
2.55714     0      0
2.57143     0      0
2.58571     0      0
2.6     0      0
2.61429     0      0
2.62857     0      0
2.64286     0      0
2.65714     0      0
2.67143     0      0
2.68571     0      0
2.7     0      0
2.71429     0      0
2.72857     0      0
2.74286     0      0
2.75714     0      0
2.77143     0      0
2.78571     0      0
2.8     0      0
2.81429     0      0
2.82857     0      0
2.84286     0      0
2.85714     0      0
2.87143     0      0
2.88571     0      0
2.9     0      0
2.91429     0      0
2.92857     0      0
2.94286     0      0
2.95714     0      0
2.97143     0      0
2.98571     0      0
3     0      0
3.01429     0      0
3.02857     0      0
3.04286     0      0
3.05714     0      0
3.07143     0      0
3.08571     0      0
3.1     0      0
3.11429     0      0
3.12857     0      0
3.14286     0      0
3.15714     0      0
3.17143     0      0
3.18571     0      0
3.2     0      0
3.21429     0      0
3.22857     0      0
3.24286     0      0
3.25714     0      0
3.27143     0      0
3.28571     0      0
3.3     0      0
3.31429     0      0
3.32857     0      0
3.34286     0      0
3.35714     0      0
3.37143     0      0
3.38571     0      0
3.4     0      0
3.41429     0      0
3.42857     0      0
3.44286     0      0
3.45714     0      0
3.47143     0      0
3.48571     0      0
3.5     0      0
3.51429     0      0
3.52857     0      0
3.54286     0      0
3.55714     0      0
3.57143     0      0
3.58571     0      0
3.6     0      0
3.61429     0      0
3.62857     0      0
3.64286     0      0
3.65714     0      0
3.67143     0      0
3.68571     0      0
3.7     0      0
3.71429     0      0
3.72857     0      0
3.74286     0      0
3.75714     0      0
3.77143     0      0
3.78571     0      0
3.8     0      0
3.81429     0      0
3.82857     0      0
3.84286     0      0
3.85714     0      0
3.87143     0      0
3.88571     0      0
3.9     0      0
3.91429     0      0
3.92857     0      0
3.94286     0      0
3.95714     0      0
3.97143     0      0
3.98571     0      0
4     0      0
4.01429     0      0
4.02857     0      0
4.04286     0      0
4.05714     0      0
4.07143     0      0
4.08571     0      0
4.1     0      0
4.11429     0      0
4.12857     0      0
4.14286     0      0
4.15714     0      0
4.17143     0      0
4.18571     0      0
4.2     0      0
4.21429     0      0
4.22857     0      0
4.24286     0      0
4.25714     0      0
4.27143     0      0
4.28571     0      0
4.3     0      0
4.31429     0      0
4.32857     0      0
4.34286     0      0
4.35714     0      0
4.37143     0      0
4.38571     0      0
4.4     0      0
4.41429     0      0
4.42857     0      0
4.44286     0      0
4.45714     0      0
4.47143     0      0
4.48571     0      0
4.5     0      0
4.51429     0      0
4.52857     0      0
4.54286     0      0
4.55714     0      0
4.57143     0      0
4.58571     0      0
4.6     0      0
4.61429     0      0
4.62857     0      0
4.64286     0      0
4.65714     0      0
4.67143     0      0
4.68571     0      0
4.7     0      0
4.71429     0      0
4.72857     0      0
4.74286     0      0
4.75714     0      0
4.77143     0      0
4.78571     0      0
4.8     0      0
4.81429     0      0
4.82857     0      0
4.84286     0      0
4.85714     0      0
4.87143     0      0
4.88571     0      0
4.9     0      0
4.91429     0      0
4.92857     0      0
4.94286     0      0
4.95714     0      0
4.97143     0      0
4.98571     0      0
