# U,mu,nA_up, nA_dn, nB_up, nB_dn, ms, mf, ntotal,mu,cint
#energy    dos_upn   dos_upp   dos_dnn  dos_dnp GRID=1000 bin=700
-5     0      0
-4.98571     0      0
-4.97143     0      0
-4.95714     0      0
-4.94286     0      0
-4.92857     0      0
-4.91429     0      0
-4.9     0      0
-4.88571     0      0
-4.87143     0      0
-4.85714     0      0
-4.84286     0      0
-4.82857     0      0
-4.81429     0      0
-4.8     0      0
-4.78571     0      0
-4.77143     0      0
-4.75714     0      0
-4.74286     0      0
-4.72857     0      0
-4.71429     0      0
-4.7     0      0
-4.68571     0      0
-4.67143     0      0
-4.65714     0      0
-4.64286     0      0
-4.62857     0      0
-4.61429     0      0
-4.6     0      0
-4.58571     0      0
-4.57143     0      0
-4.55714     0      0
-4.54286     0      0
-4.52857     0      0
-4.51429     0      0
-4.5     0      0
-4.48571     0      0
-4.47143     0      0
-4.45714     0      0
-4.44286     0      0
-4.42857     0      0
-4.41429     0      0
-4.4     0      0
-4.38571     0      0
-4.37143     0      0
-4.35714     0      0
-4.34286     0      0
-4.32857     0      0
-4.31429     0      0
-4.3     0      0
-4.28571     0      0
-4.27143     0      0
-4.25714     0      0
-4.24286     0      0
-4.22857     0      0
-4.21429     0      0
-4.2     0      0
-4.18571     0      0
-4.17143     0      0
-4.15714     0      0
-4.14286     0      0
-4.12857     0      0
-4.11429     0      0
-4.1     0      0
-4.08571     0      0
-4.07143     0      0
-4.05714     0      0
-4.04286     0      0
-4.02857     0      0
-4.01429     0      0
-4     0      0
-3.98571     0      0
-3.97143     0      0
-3.95714     0      0
-3.94286     0      0
-3.92857     0      0
-3.91429     0      0
-3.9     0      0
-3.88571     0      0
-3.87143     0      0
-3.85714     0      0
-3.84286     0      0
-3.82857     0      0
-3.81429     0      0
-3.8     0      0
-3.78571     0      0
-3.77143     0      0
-3.75714     0      0
-3.74286     0      0
-3.72857     0      0
-3.71429     0      0
-3.7     0      0
-3.68571     0      0
-3.67143     0      0
-3.65714     0      0
-3.64286     0      0
-3.62857     0      0
-3.61429     0      0
-3.6     0      0
-3.58571     0      0
-3.57143     0      0
-3.55714     0      0
-3.54286     0      0
-3.52857     0      0
-3.51429     0      0
-3.5     0      0
-3.48571     0      0
-3.47143     0      0
-3.45714     0      0
-3.44286     0      0
-3.42857     0      0
-3.41429     0      0
-3.4     0      0
-3.38571     0      0
-3.37143     0      0
-3.35714     0      0
-3.34286     0      0
-3.32857     0      0
-3.31429     0      0
-3.3     0      0
-3.28571     0      0
-3.27143     0      0
-3.25714     0      0
-3.24286     0      0
-3.22857     0      0
-3.21429     0      0
-3.2     0      0
-3.18571     0      0
-3.17143     0      0
-3.15714     0      0
-3.14286     0      0
-3.12857     0      0
-3.11429     0      0
-3.1     0      0
-3.08571     0      0
-3.07143     0      0
-3.05714     0      0
-3.04286     0      0
-3.02857     0      0
-3.01429     0      0
-3     0      0
-2.98571     0      0
-2.97143     0      0
-2.95714     0      0
-2.94286     0      0
-2.92857     0      0
-2.91429     0      0
-2.9     0      0
-2.88571     0      0
-2.87143     0      0
-2.85714     0      0
-2.84286     0      0
-2.82857     0      0
-2.81429     0      0
-2.8     0      0
-2.78571     0      0
-2.77143     0      0
-2.75714     0      0
-2.74286     0      0
-2.72857     0      0
-2.71429     0      0
-2.7     0      0
-2.68571     0      0
-2.67143     0      0
-2.65714     0      0
-2.64286     0      0
-2.62857     0      0
-2.61429     0      0
-2.6     0      0
-2.58571     0      0
-2.57143     0      0
-2.55714     0      0
-2.54286     0      0
-2.52857     0      0
-2.51429     0      0
-2.5     0      0
-2.48571     0      0
-2.47143     0      0
-2.45714     0      0
-2.44286     0      0
-2.42857     0      0
-2.41429     0      0
-2.4     0      0
-2.38571     0      0
-2.37143     0      0
-2.35714     0      0
-2.34286     0      0
-2.32857     0      0
-2.31429     0      0
-2.3     0      0
-2.28571     0      0
-2.27143     0      0
-2.25714     0      0
-2.24286     0      0
-2.22857     0      0
-2.21429     0      0
-2.2     0      0
-2.18571     0      0
-2.17143     0      0
-2.15714     0      0
-2.14286     0      0
-2.12857     0      0
-2.11429     0      0
-2.1     0      0
-2.08571     0      0
-2.07143     0      0
-2.05714     0      0
-2.04286     4.44651e-77      0
-2.02857     1.41096e-75      0
-2.01429     2.46526e-70      0
-2     5.61714e-69      0
-1.98571     5.63812e-69      0
-1.97143     5.68772e-69      0
-1.95714     2.4128e-63      0
-1.94286     2.23923e-62      0
-1.92857     2.24686e-62      0
-1.91429     2.26135e-62      0
-1.9     1.95389e-56      0
-1.88571     8.92945e-56      0
-1.87143     8.98133e-56      0
-1.85714     8.96912e-56      0
-1.84286     1.33453e-49      0
-1.82857     3.55469e-49      0
-1.81429     3.58765e-49      0
-1.8     3.58765e-49      0
-1.78571     8.05298e-43      0
-1.77143     1.42676e-42      0
-1.75714     1.42285e-42      0
-1.74286     1.43701e-42      0
-1.72857     4.53174e-36      0
-1.71429     5.6875e-36      0
-1.7     5.69727e-36      0
-1.68571     1.41602e-30      0
-1.67143     2.26016e-29      0
-1.65714     2.275e-29      0
-1.64286     2.27578e-29      0
-1.62857     3.17266e-23      0
-1.61429     9.0625e-23      0
-1.6     9.08438e-23      0
-1.58571     0.0005425      0
-1.57143     0.005748      0
-1.55714     0.005766      0
-1.54286     0.005786      0
-1.52857     0.005812      0
-1.51429     0.005836      0
-1.5     0.005856      0
-1.48571     0.005852      0
-1.47143     0.005928      0
-1.45714     0.005912      0
-1.44286     0.005956      0
-1.42857     0.00595      0
-1.41429     0.006006      0
-1.4     0.005998      0
-1.38571     0.006048      0
-1.37143     0.006064      0
-1.35714     0.006068      0
-1.34286     0.006118      0
-1.32857     0.006146      0
-1.31429     0.006174      0
-1.3     0.006186      0
-1.28571     0.006236      0
-1.27143     0.0062      0
-1.25714     0.00629      0
-1.24286     0.006312      0
-1.22857     0.006326      0
-1.21429     0.006382      0
-1.2     0.006388      0
-1.18571     0.006422      0
-1.17143     0.00644      0
-1.15714     0.006502      0
-1.14286     0.0065      0
-1.12857     0.006562      0
-1.11429     0.00656      0
-1.1     0.006606      0
-1.08571     0.006674      0
-1.07143     0.0067      0
-1.05714     0.006696      0
-1.04286     0.006766      0
-1.02857     0.006784      0
-1.01429     0.00685      0
-1     0.006868      0
-0.985714     0.006922      0
-0.971429     0.006944      0
-0.957143     0.00699      0
-0.942857     0.007034      0
-0.928571     0.007096      0
-0.914286     0.007126      0
-0.9     0.00715      0
-0.885714     0.00722      0
-0.871429     0.007274      0
-0.857143     0.007274      0
-0.842857     0.00736      0
-0.828571     0.00745      0
-0.814286     0.007418      0
-0.8     0.00755      0
-0.785714     0.007572      0
-0.771429     0.007638      0
-0.757143     0.007714      0
-0.742857     0.007718      0
-0.728571     0.007834      0
-0.714286     0.007858      0
-0.7     0.007966      0
-0.685714     0.008004      0
-0.671429     0.008086      0
-0.657143     0.008186      0
-0.642857     0.008246      0
-0.628571     0.008318      0
-0.614286     0.008362      0
-0.6     0.00852      0
-0.585714     0.008582      0
-0.571429     0.008652      0
-0.557143     0.008808      0
-0.542857     0.008874      0
-0.528571     0.008992      0
-0.514286     0.00909      0
-0.5     0.009202      0
-0.485714     0.009412      0
-0.471429     0.009476      0
-0.457143     0.009644      0
-0.442857     0.0098      0
-0.428571     0.01      0
-0.414286     0.01014      0
-0.4     0.010374      0
-0.385714     0.010578      0
-0.371429     0.010812      0
-0.357143     0.011096      0
-0.342857     0.011424      0
-0.328571     0.01172      0
-0.314286     0.012144      0
-0.3     0.012612      0
-0.285714     0.013136      0
-0.271429     0.013966      0
-0.257143     0.014668      0
-0.242857     0.015944      0
-0.228571     0.018084      0
-0.214286     0.0221705      0
-0.2     0.052948      0
-0.185714     0.02702      0
-0.171429     0.020346      0
-0.157143     0.01705      0
-0.142857     0.014834      0
-0.128571     0.013338      0
-0.114286     0.012052      0
-0.1     0.011084      0
-0.0857143     0.01025      0
-0.0714286     0.00958      0
-0.0571429     0.008876      0
-0.0428571     0.00837      0
-0.0285714     0.007822      0
-0.0142857     0.007383      0
0     0      0
0.0142857     0      0
0.0285714     0      0
0.0428571     0      0
0.0571429     0      0
0.0714286     0      0
0.0857143     0      0
0.1     0      1.33157e-76
0.114286     0      6.16503e-69
0.128571     0      1.82037e-68
0.142857     0      5.94959e-62
0.157143     0      3.84904e-56
0.171429     0      2.96021e-55
0.185714     0      4.66828e-49
0.2     0      1.11731e-48
0.214286     0      2.526e-42
0.228571     0      4.33106e-42
0.242857     0      1.07095e-35
0.257143     0      1.69824e-35
0.271429     0      0.0032445
0.285714     0      0.017748
0.3     0      0.014768
0.314286     0      0.013488
0.328571     0      0.012774
0.342857     0      0.012378
0.357143     0      0.012108
0.371429     0      0.012046
0.385714     0      0.012068
0.4     0      0.012196
0.414286     0      0.012418
0.428571     0      0.012754
0.442857     0      0.013512
0.457143     0      0.01454
0.471429     0      0.018131
0.485714     0      0.016082
0.5     0      0.013632
0.514286     0      0.012482
0.528571     0      0.011716
0.542857     0      0.01108
0.557143     0      0.010712
0.571429     0      0.010264
0.585714     0      0.009962
0.6     0      0.009648
0.614286     0      0.009376
0.628571     0      0.009188
0.642857     0      0.00897
0.657143     0      0.008788
0.671429     0      0.008624
0.685714     0      0.00843
0.7     0      0.008352
0.714286     0      0.008122
0.728571     0      0.008038
0.742857     0      0.00793
0.757143     0      0.007782
0.771429     0      0.007666
0.785714     0      0.00759
0.8     0      0.007478
0.814286     0      0.007462
0.828571     0      0.007278
0.842857     0      0.00722
0.857143     0      0.00718
0.871429     0      0.00702
0.885714     0      0.006988
0.9     0      0.006918
0.914286     0      0.006828
0.928571     0      0.006806
0.942857     0      0.00677
0.957143     0      0.006584
0.971429     0      0.006566
0.985714     0      0.006552
1     0      0.006506
1.01429     0      0.0064
1.02857     0      0.006336
1.04286     0      0.006302
1.05714     0      0.006272
1.07143     0      0.006202
1.08571     0      0.006148
1.1     0      0.006116
1.11429     0      0.00609
1.12857     0      0.006036
1.14286     0      0.005948
1.15714     0      0.005904
1.17143     0      0.005852
1.18571     0      0.00587
1.2     0      0.005816
1.21429     0      0.005754
1.22857     0      0.005692
1.24286     0      0.005708
1.25714     0      0.005638
1.27143     0      0.005624
1.28571     0      0.005596
1.3     0      0.00552
1.31429     0      0.005514
1.32857     0      0.005456
1.34286     0      0.005416
1.35714     0      0.005398
1.37143     0      0.005376
1.38571     0      0.005354
1.4     0      0.005308
1.41429     0      0.005236
1.42857     0      0.00524
1.44286     0      0.005234
1.45714     0      0.005164
1.47143     0      0.005154
1.48571     0      0.005174
1.5     0      0.00508
1.51429     0      0.005062
1.52857     0      0.005072
1.54286     0      0.004978
1.55714     0      0.005004
1.57143     0      0.004958
1.58571     0      0.00493
1.6     0      0.0049
1.61429     0      0.00491
1.62857     0      0.00485
1.64286     0      0.004844
1.65714     0      0.004778
1.67143     0      0.004782
1.68571     0      0.004798
1.7     0      0.004732
1.71429     0      0.004722
1.72857     0      0.004684
1.74286     0      0.004674
1.75714     0      0.004632
1.77143     0      0.004626
1.78571     0      0.00464
1.8     0      0.00455
1.81429     0      0.004562
1.82857     0      0.004576
1.84286     0      0.004498
1.85714     0      0.004482
1.87143     0      0.0045
1.88571     0      0.004458
1.9     0      0.004436
1.91429     0      0.004442
1.92857     0      0.004372
1.94286     0      0.00439
1.95714     0      0.004366
1.97143     0      0.004344
1.98571     0      0.004314
2     0      0.0043
2.01429     0      0.004292
2.02857     0      0.00427
2.04286     0      0.004244
2.05714     0      0.004262
2.07143     0      0.004204
2.08571     0      0.004228
2.1     0      0.004158
2.11429     0      0.004188
2.12857     0      0.004124
2.14286     0      0.00414
2.15714     0      0.004136
2.17143     0      0.004094
2.18571     0      0.00408
2.2     0      0.004064
2.21429     0      0.004058
2.22857     0      0.004034
2.24286     0      0.004032
2.25714     0      0.004008
2.27143     0      0.003984
2.28571     0      0.003986
2.3     0      0.003964
2.31429     0      0.003948
2.32857     0      0.003924
2.34286     0      0.003912
2.35714     0      0.003918
2.37143     0      0.003884
2.38571     0      0.003864
2.4     0      0.003856
2.41429     0      0.003854
2.42857     0      0.003832
2.44286     0      0.0036005
2.45714     0      9.555e-10
2.47143     0      9.615e-10
2.48571     0      2.78125e-10
2.5     0      0
2.51429     0      0
2.52857     0      0
2.54286     0      0
2.55714     0      0
2.57143     0      0
2.58571     0      0
2.6     0      0
2.61429     0      0
2.62857     0      0
2.64286     0      0
2.65714     0      0
2.67143     0      0
2.68571     0      0
2.7     0      0
2.71429     0      0
2.72857     0      0
2.74286     0      0
2.75714     0      0
2.77143     0      0
2.78571     0      0
2.8     0      0
2.81429     0      0
2.82857     0      0
2.84286     0      0
2.85714     0      0
2.87143     0      0
2.88571     0      0
2.9     0      0
2.91429     0      0
2.92857     0      0
2.94286     0      0
2.95714     0      0
2.97143     0      0
2.98571     0      0
3     0      0
3.01429     0      0
3.02857     0      0
3.04286     0      0
3.05714     0      0
3.07143     0      0
3.08571     0      0
3.1     0      0
3.11429     0      0
3.12857     0      0
3.14286     0      0
3.15714     0      0
3.17143     0      0
3.18571     0      0
3.2     0      0
3.21429     0      0
3.22857     0      0
3.24286     0      0
3.25714     0      0
3.27143     0      0
3.28571     0      0
3.3     0      0
3.31429     0      0
3.32857     0      0
3.34286     0      0
3.35714     0      0
3.37143     0      0
3.38571     0      0
3.4     0      0
3.41429     0      0
3.42857     0      0
3.44286     0      0
3.45714     0      0
3.47143     0      0
3.48571     0      0
3.5     0      0
3.51429     0      0
3.52857     0      0
3.54286     0      0
3.55714     0      0
3.57143     0      0
3.58571     0      0
3.6     0      0
3.61429     0      0
3.62857     0      0
3.64286     0      0
3.65714     0      0
3.67143     0      0
3.68571     0      0
3.7     0      0
3.71429     0      0
3.72857     0      0
3.74286     0      0
3.75714     0      0
3.77143     0      0
3.78571     0      0
3.8     0      0
3.81429     0      0
3.82857     0      0
3.84286     0      0
3.85714     0      0
3.87143     0      0
3.88571     0      0
3.9     0      0
3.91429     0      0
3.92857     0      0
3.94286     0      0
3.95714     0      0
3.97143     0      0
3.98571     0      0
4     0      0
4.01429     0      0
4.02857     0      0
4.04286     0      0
4.05714     0      0
4.07143     0      0
4.08571     0      0
4.1     0      0
4.11429     0      0
4.12857     0      0
4.14286     0      0
4.15714     0      0
4.17143     0      0
4.18571     0      0
4.2     0      0
4.21429     0      0
4.22857     0      0
4.24286     0      0
4.25714     0      0
4.27143     0      0
4.28571     0      0
4.3     0      0
4.31429     0      0
4.32857     0      0
4.34286     0      0
4.35714     0      0
4.37143     0      0
4.38571     0      0
4.4     0      0
4.41429     0      0
4.42857     0      0
4.44286     0      0
4.45714     0      0
4.47143     0      0
4.48571     0      0
4.5     0      0
4.51429     0      0
4.52857     0      0
4.54286     0      0
4.55714     0      0
4.57143     0      0
4.58571     0      0
4.6     0      0
4.61429     0      0
4.62857     0      0
4.64286     0      0
4.65714     0      0
4.67143     0      0
4.68571     0      0
4.7     0      0
4.71429     0      0
4.72857     0      0
4.74286     0      0
4.75714     0      0
4.77143     0      0
4.78571     0      0
4.8     0      0
4.81429     0      0
4.82857     0      0
4.84286     0      0
4.85714     0      0
4.87143     0      0
4.88571     0      0
4.9     0      0
4.91429     0      0
4.92857     0      0
4.94286     0      0
4.95714     0      0
4.97143     0      0
4.98571     0      0
