# U,mu,nA_up, nA_dn, nB_up, nB_dn, ms, mf, ntotal,mu,cint
#energy    dos_upn   dos_upp   dos_dnn  dos_dnp GRID=1000 bin=700
-5     0      0
-4.98571     0      0
-4.97143     0      0
-4.95714     0      0
-4.94286     0      0
-4.92857     0      0
-4.91429     0      0
-4.9     0      0
-4.88571     0      0
-4.87143     0      0
-4.85714     0      0
-4.84286     0      0
-4.82857     0      0
-4.81429     0      0
-4.8     0      0
-4.78571     0      0
-4.77143     0      0
-4.75714     0      0
-4.74286     0      0
-4.72857     0      0
-4.71429     0      0
-4.7     0      0
-4.68571     0      0
-4.67143     0      0
-4.65714     0      0
-4.64286     0      0
-4.62857     0      0
-4.61429     0      0
-4.6     0      0
-4.58571     0      0
-4.57143     0      0
-4.55714     0      0
-4.54286     0      0
-4.52857     0      0
-4.51429     0      0
-4.5     0      0
-4.48571     0      0
-4.47143     0      0
-4.45714     0      0
-4.44286     0      0
-4.42857     0      0
-4.41429     0      0
-4.4     0      0
-4.38571     0      0
-4.37143     0      0
-4.35714     0      0
-4.34286     0      0
-4.32857     0      0
-4.31429     0      0
-4.3     0      0
-4.28571     0      0
-4.27143     0      0
-4.25714     0      0
-4.24286     0      0
-4.22857     0      0
-4.21429     0      0
-4.2     0      0
-4.18571     0      0
-4.17143     0      0
-4.15714     0      0
-4.14286     0      0
-4.12857     0      0
-4.11429     0      0
-4.1     0      0
-4.08571     0      0
-4.07143     0      0
-4.05714     0      0
-4.04286     0      0
-4.02857     0      0
-4.01429     0      0
-4     0      0
-3.98571     0      0
-3.97143     0      0
-3.95714     0      0
-3.94286     0      0
-3.92857     0      0
-3.91429     0      0
-3.9     0      0
-3.88571     0      0
-3.87143     0      0
-3.85714     0      0
-3.84286     0      0
-3.82857     0      0
-3.81429     0      0
-3.8     0      0
-3.78571     0      0
-3.77143     0      0
-3.75714     0      0
-3.74286     0      0
-3.72857     0      0
-3.71429     0      0
-3.7     0      0
-3.68571     0      0
-3.67143     0      0
-3.65714     0      0
-3.64286     0      0
-3.62857     0      0
-3.61429     0      0
-3.6     0      0
-3.58571     0      0
-3.57143     0      0
-3.55714     0      0
-3.54286     0      0
-3.52857     0      0
-3.51429     0      0
-3.5     0      0
-3.48571     0      0
-3.47143     0      0
-3.45714     0      0
-3.44286     0      0
-3.42857     0      0
-3.41429     0      0
-3.4     0      0
-3.38571     0      0
-3.37143     0      0
-3.35714     0      0
-3.34286     0      0
-3.32857     0      0
-3.31429     0      0
-3.3     0      0
-3.28571     0      0
-3.27143     0      0
-3.25714     0      0
-3.24286     0      0
-3.22857     0      0
-3.21429     0      0
-3.2     0      0
-3.18571     0      0
-3.17143     0      0
-3.15714     0      0
-3.14286     0      0
-3.12857     0      0
-3.11429     0      0
-3.1     0      0
-3.08571     0      0
-3.07143     0      0
-3.05714     0      0
-3.04286     0      0
-3.02857     0      0
-3.01429     0      0
-3     0      0
-2.98571     0      0
-2.97143     0      0
-2.95714     0      0
-2.94286     0      0
-2.92857     0      0
-2.91429     0      0
-2.9     0      0
-2.88571     0      0
-2.87143     0      0
-2.85714     0      0
-2.84286     0      0
-2.82857     0      0
-2.81429     0      0
-2.8     0      0
-2.78571     0      0
-2.77143     0      0
-2.75714     0      0
-2.74286     0      0
-2.72857     0      0
-2.71429     0      0
-2.7     0      0
-2.68571     0      0
-2.67143     0      0
-2.65714     0      0
-2.64286     0      0
-2.62857     0      0
-2.61429     0      0
-2.6     0      0
-2.58571     0      0
-2.57143     0      0
-2.55714     0      0
-2.54286     0      0
-2.52857     0      0
-2.51429     0      0
-2.5     0      0
-2.48571     0      0
-2.47143     0      0
-2.45714     0      0
-2.44286     0      0
-2.42857     0      0
-2.41429     0      0
-2.4     0      0
-2.38571     0      0
-2.37143     0      0
-2.35714     0      0
-2.34286     0      0
-2.32857     0      0
-2.31429     0      0
-2.3     0      0
-2.28571     0      0
-2.27143     0      0
-2.25714     0      0
-2.24286     0      0
-2.22857     0      0
-2.21429     0      0
-2.2     0      0
-2.18571     0      0
-2.17143     0      0
-2.15714     0      0
-2.14286     0      0
-2.12857     0      0
-2.11429     0      0
-2.1     0      0
-2.08571     0      0
-2.07143     0      0
-2.05714     0      0
-2.04286     1.16562e-17      0
-2.02857     3.69875e-16      0
-2.01429     6.46254e-11      0
-2     1.4725e-09      0
-1.98571     1.478e-09      0
-1.97143     1.491e-09      0
-1.95714     0.000632501      0
-1.94286     0.00587      0
-1.92857     0.00589      0
-1.91429     0.005928      0
-1.9     0.005946      0
-1.88571     0.005962      0
-1.87143     0.005984      0
-1.85714     0.00603      0
-1.84286     0.006056      0
-1.82857     0.00608      0
-1.81429     0.006074      0
-1.8     0.006126      0
-1.78571     0.006148      0
-1.77143     0.006196      0
-1.75714     0.0062      0
-1.74286     0.006228      0
-1.72857     0.00629      0
-1.71429     0.006302      0
-1.7     0.006306      0
-1.68571     0.006372      0
-1.67143     0.006382      0
-1.65714     0.006426      0
-1.64286     0.006474      0
-1.62857     0.006504      0
-1.61429     0.006534      0
-1.6     0.006548      0
-1.58571     0.006606      0
-1.57143     0.006648      0
-1.55714     0.006662      0
-1.54286     0.006738      0
-1.52857     0.006758      0
-1.51429     0.006808      0
-1.5     0.006842      0
-1.48571     0.00686      0
-1.47143     0.006946      0
-1.45714     0.00696      0
-1.44286     0.007026      0
-1.42857     0.007076      0
-1.41429     0.007108      0
-1.4     0.007168      0
-1.38571     0.0072      0
-1.37143     0.007276      0
-1.35714     0.007332      0
-1.34286     0.007354      0
-1.32857     0.007422      0
-1.31429     0.00753      0
-1.3     0.007568      0
-1.28571     0.007626      0
-1.27143     0.007686      0
-1.25714     0.007762      0
-1.24286     0.007814      0
-1.22857     0.00789      0
-1.21429     0.008022      0
-1.2     0.008018      0
-1.18571     0.008186      0
-1.17143     0.008194      0
-1.15714     0.00833      0
-1.14286     0.008412      0
-1.12857     0.00849      0
-1.11429     0.008654      0
-1.1     0.00868      0
-1.08571     0.008842      0
-1.07143     0.008984      0
-1.05714     0.009092      0
-1.04286     0.009216      0
-1.02857     0.009374      0
-1.01429     0.00954      0
-1     0.009702      0
-0.985714     0.009832      0
-0.971429     0.010118      0
-0.957143     0.010208      0
-0.942857     0.010498      0
-0.928571     0.010744      0
-0.914286     0.011048      0
-0.9     0.011336      0
-0.885714     0.01162      0
-0.871429     0.012054      0
-0.857143     0.012498      0
-0.842857     0.012918      0
-0.828571     0.01366      0
-0.814286     0.014314      0
-0.8     0.015286      0
-0.785714     0.01643      0
-0.771429     0.018276      0
-0.757143     0.021302      0
-0.742857     0.0524805      0
-0.728571     0.046398      0
-0.714286     0.029542      0
-0.7     0.02373      0
-0.685714     0.020294      0
-0.671429     0.018056      0
-0.657143     0.016292      0
-0.642857     0.014926      0
-0.628571     0.013834      0
-0.614286     0.012882      0
-0.6     0.012102      0
-0.585714     0.0114      0
-0.571429     0.010756      0
-0.557143     0.010208      0
-0.542857     0.003067      0
-0.528571     0      0
-0.514286     0      0
-0.5     0      0
-0.485714     0      0
-0.471429     0      0
-0.457143     0      0
-0.442857     0      0
-0.428571     0      0
-0.414286     0      0
-0.4     0      0
-0.385714     0      0
-0.371429     0      0
-0.357143     0      0
-0.342857     0      0
-0.328571     0      0
-0.314286     0      0
-0.3     0      0
-0.285714     0      0
-0.271429     0      0
-0.257143     0      0
-0.242857     0      0
-0.228571     0      0
-0.214286     0      0
-0.2     0      0
-0.185714     0      0
-0.171429     0      0
-0.157143     0      0
-0.142857     0      0
-0.128571     0      0
-0.114286     0      0
-0.1     0      0
-0.0857143     0      0
-0.0714286     0      0
-0.0571429     0      0
-0.0428571     0      0
-0.0285714     0      0
-0.0142857     0      0
0     0      0
0.0142857     0      0
0.0285714     0      0
0.0428571     0      0
0.0571429     0      0
0.0714286     0      0
0.0857143     0      0
0.1     0      3.49063e-17
0.114286     0      1.61613e-09
0.128571     0      4.772e-09
0.142857     0      0.0155965
0.157143     0      0.017718
0.171429     0      0.016058
0.185714     0      0.015268
0.2     0      0.014696
0.214286     0      0.014418
0.228571     0      0.014224
0.242857     0      0.014248
0.257143     0      0.014318
0.271429     0      0.014602
0.285714     0      0.015018
0.3     0      0.015678
0.314286     0      0.016774
0.328571     0      0.01927
0.342857     0      0.022367
0.357143     0      0.016934
0.371429     0      0.014872
0.385714     0      0.01375
0.4     0      0.01284
0.414286     0      0.012124
0.428571     0      0.011582
0.442857     0      0.011004
0.457143     0      0.01072
0.471429     0      0.010252
0.485714     0      0.010016
0.5     0      0.00968
0.514286     0      0.009416
0.528571     0      0.009196
0.542857     0      0.00898
0.557143     0      0.008792
0.571429     0      0.00858
0.585714     0      0.00844
0.6     0      0.00828
0.614286     0      0.008094
0.628571     0      0.00798
0.642857     0      0.0079
0.657143     0      0.00766
0.671429     0      0.007656
0.685714     0      0.007482
0.7     0      0.007374
0.714286     0      0.007286
0.728571     0      0.007204
0.742857     0      0.007072
0.757143     0      0.007038
0.771429     0      0.006936
0.785714     0      0.006844
0.8     0      0.006746
0.814286     0      0.006752
0.828571     0      0.006608
0.842857     0      0.006534
0.857143     0      0.006464
0.871429     0      0.006422
0.885714     0      0.006406
0.9     0      0.006274
0.914286     0      0.006242
0.928571     0      0.006148
0.942857     0      0.006154
0.957143     0      0.006048
0.971429     0      0.006046
0.985714     0      0.005966
1     0      0.005912
1.01429     0      0.005878
1.02857     0      0.005812
1.04286     0      0.005824
1.05714     0      0.005722
1.07143     0      0.005692
1.08571     0      0.00563
1.1     0      0.0056
1.11429     0      0.005578
1.12857     0      0.005522
1.14286     0      0.005484
1.15714     0      0.005446
1.17143     0      0.0054
1.18571     0      0.005394
1.2     0      0.005314
1.21429     0      0.005304
1.22857     0      0.005294
1.24286     0      0.00523
1.25714     0      0.005224
1.27143     0      0.00516
1.28571     0      0.005126
1.3     0      0.00513
1.31429     0      0.005052
1.32857     0      0.005066
1.34286     0      0.005002
1.35714     0      0.005012
1.37143     0      0.004956
1.38571     0      0.004914
1.4     0      0.004906
1.41429     0      0.004854
1.42857     0      0.004868
1.44286     0      0.004814
1.45714     0      0.004802
1.47143     0      0.004818
1.48571     0      0.00467
1.5     0      0.004754
1.51429     0      0.004676
1.52857     0      0.00467
1.54286     0      0.004672
1.55714     0      0.004632
1.57143     0      0.004568
1.58571     0      0.004574
1.6     0      0.004568
1.61429     0      0.004548
1.62857     0      0.004494
1.64286     0      0.004494
1.65714     0      0.00444
1.67143     0      0.004456
1.68571     0      0.004458
1.7     0      0.004388
1.71429     0      0.00438
1.72857     0      0.004354
1.74286     0      0.004342
1.75714     0      0.004328
1.77143     0      0.004304
1.78571     0      0.004274
1.8     0      0.00431
1.81429     0      0.004214
1.82857     0      0.004224
1.84286     0      0.004216
1.85714     0      0.0042
1.87143     0      0.00419
1.88571     0      0.004128
1.9     0      0.004136
1.91429     0      0.00414
1.92857     0      0.00411
1.94286     0      0.00407
1.95714     0      0.00407
1.97143     0      0.004078
1.98571     0      0.004018
2     0      0.004036
2.01429     0      0.003988
2.02857     0      0.00399
2.04286     0      0.003996
2.05714     0      0.003932
2.07143     0      0.003952
2.08571     0      0.003922
2.1     0      0.003908
2.11429     0      0.003914
2.12857     0      0.003878
2.14286     0      0.0025485
2.15714     0      0
2.17143     0      0
2.18571     0      0
2.2     0      0
2.21429     0      0
2.22857     0      0
2.24286     0      0
2.25714     0      0
2.27143     0      0
2.28571     0      0
2.3     0      0
2.31429     0      0
2.32857     0      0
2.34286     0      0
2.35714     0      0
2.37143     0      0
2.38571     0      0
2.4     0      0
2.41429     0      0
2.42857     0      0
2.44286     0      0
2.45714     0      0
2.47143     0      0
2.48571     0      0
2.5     0      0
2.51429     0      0
2.52857     0      0
2.54286     0      0
2.55714     0      0
2.57143     0      0
2.58571     0      0
2.6     0      0
2.61429     0      0
2.62857     0      0
2.64286     0      0
2.65714     0      0
2.67143     0      0
2.68571     0      0
2.7     0      0
2.71429     0      0
2.72857     0      0
2.74286     0      0
2.75714     0      0
2.77143     0      0
2.78571     0      0
2.8     0      0
2.81429     0      0
2.82857     0      0
2.84286     0      0
2.85714     0      0
2.87143     0      0
2.88571     0      0
2.9     0      0
2.91429     0      0
2.92857     0      0
2.94286     0      0
2.95714     0      0
2.97143     0      0
2.98571     0      0
3     0      0
3.01429     0      0
3.02857     0      0
3.04286     0      0
3.05714     0      0
3.07143     0      0
3.08571     0      0
3.1     0      0
3.11429     0      0
3.12857     0      0
3.14286     0      0
3.15714     0      0
3.17143     0      0
3.18571     0      0
3.2     0      0
3.21429     0      0
3.22857     0      0
3.24286     0      0
3.25714     0      0
3.27143     0      0
3.28571     0      0
3.3     0      0
3.31429     0      0
3.32857     0      0
3.34286     0      0
3.35714     0      0
3.37143     0      0
3.38571     0      0
3.4     0      0
3.41429     0      0
3.42857     0      0
3.44286     0      0
3.45714     0      0
3.47143     0      0
3.48571     0      0
3.5     0      0
3.51429     0      0
3.52857     0      0
3.54286     0      0
3.55714     0      0
3.57143     0      0
3.58571     0      0
3.6     0      0
3.61429     0      0
3.62857     0      0
3.64286     0      0
3.65714     0      0
3.67143     0      0
3.68571     0      0
3.7     0      0
3.71429     0      0
3.72857     0      0
3.74286     0      0
3.75714     0      0
3.77143     0      0
3.78571     0      0
3.8     0      0
3.81429     0      0
3.82857     0      0
3.84286     0      0
3.85714     0      0
3.87143     0      0
3.88571     0      0
3.9     0      0
3.91429     0      0
3.92857     0      0
3.94286     0      0
3.95714     0      0
3.97143     0      0
3.98571     0      0
4     0      0
4.01429     0      0
4.02857     0      0
4.04286     0      0
4.05714     0      0
4.07143     0      0
4.08571     0      0
4.1     0      0
4.11429     0      0
4.12857     0      0
4.14286     0      0
4.15714     0      0
4.17143     0      0
4.18571     0      0
4.2     0      0
4.21429     0      0
4.22857     0      0
4.24286     0      0
4.25714     0      0
4.27143     0      0
4.28571     0      0
4.3     0      0
4.31429     0      0
4.32857     0      0
4.34286     0      0
4.35714     0      0
4.37143     0      0
4.38571     0      0
4.4     0      0
4.41429     0      0
4.42857     0      0
4.44286     0      0
4.45714     0      0
4.47143     0      0
4.48571     0      0
4.5     0      0
4.51429     0      0
4.52857     0      0
4.54286     0      0
4.55714     0      0
4.57143     0      0
4.58571     0      0
4.6     0      0
4.61429     0      0
4.62857     0      0
4.64286     0      0
4.65714     0      0
4.67143     0      0
4.68571     0      0
4.7     0      0
4.71429     0      0
4.72857     0      0
4.74286     0      0
4.75714     0      0
4.77143     0      0
4.78571     0      0
4.8     0      0
4.81429     0      0
4.82857     0      0
4.84286     0      0
4.85714     0      0
4.87143     0      0
4.88571     0      0
4.9     0      0
4.91429     0      0
4.92857     0      0
4.94286     0      0
4.95714     0      0
4.97143     0      0
4.98571     0      0
