# U,mu,nA_up, nA_dn, nB_up, nB_dn, ms, mf, ntotal,mu,cint
#energy    dos_upn   dos_upp   dos_dnn  dos_dnp GRID=1000 bin=700
-5     0      0
-4.98571     0      0
-4.97143     0      0
-4.95714     0      0
-4.94286     0      0
-4.92857     0      0
-4.91429     0      0
-4.9     0      0
-4.88571     0      0
-4.87143     0      0
-4.85714     0      0
-4.84286     0      0
-4.82857     0      0
-4.81429     0      0
-4.8     0      0
-4.78571     0      0
-4.77143     0      0
-4.75714     0      0
-4.74286     0      0
-4.72857     0      0
-4.71429     0      0
-4.7     0      0
-4.68571     0      0
-4.67143     0      0
-4.65714     0      0
-4.64286     0      0
-4.62857     0      0
-4.61429     0      0
-4.6     0      0
-4.58571     0      0
-4.57143     0      0
-4.55714     0      0
-4.54286     0      0
-4.52857     0      0
-4.51429     0      0
-4.5     0      0
-4.48571     0      0
-4.47143     0      0
-4.45714     0      0
-4.44286     0      0
-4.42857     0      0
-4.41429     0      0
-4.4     0      0
-4.38571     0      0
-4.37143     0      0
-4.35714     0      0
-4.34286     0      0
-4.32857     0      0
-4.31429     0      0
-4.3     0      0
-4.28571     0      0
-4.27143     0      0
-4.25714     0      0
-4.24286     0      0
-4.22857     0      0
-4.21429     0      0
-4.2     0      0
-4.18571     0      0
-4.17143     0      0
-4.15714     0      0
-4.14286     0      0
-4.12857     0      0
-4.11429     0      0
-4.1     0      0
-4.08571     0      0
-4.07143     0      0
-4.05714     0      0
-4.04286     0      0
-4.02857     0      0
-4.01429     0      0
-4     0      0
-3.98571     0      0
-3.97143     0      0
-3.95714     0      0
-3.94286     0      0
-3.92857     0      0
-3.91429     0      0
-3.9     0      0
-3.88571     0      0
-3.87143     0      0
-3.85714     0      0
-3.84286     0      0
-3.82857     0      0
-3.81429     0      0
-3.8     0      0
-3.78571     0      0
-3.77143     0      0
-3.75714     0      0
-3.74286     0      0
-3.72857     0      0
-3.71429     0      0
-3.7     0      0
-3.68571     0      0
-3.67143     0      0
-3.65714     0      0
-3.64286     0      0
-3.62857     0      0
-3.61429     0      0
-3.6     0      0
-3.58571     0      0
-3.57143     0      0
-3.55714     0      0
-3.54286     0      0
-3.52857     0      0
-3.51429     0      0
-3.5     0      0
-3.48571     0      0
-3.47143     0      0
-3.45714     0      0
-3.44286     0      0
-3.42857     0      0
-3.41429     0      0
-3.4     0      0
-3.38571     0      0
-3.37143     0      0
-3.35714     0      0
-3.34286     0      0
-3.32857     0      0
-3.31429     0      0
-3.3     0      0
-3.28571     0      0
-3.27143     0      0
-3.25714     0      0
-3.24286     0      0
-3.22857     0      0
-3.21429     0      0
-3.2     0      0
-3.18571     0      0
-3.17143     0      0
-3.15714     0      0
-3.14286     0      0
-3.12857     0      0
-3.11429     0      0
-3.1     0      0
-3.08571     0      0
-3.07143     0      0
-3.05714     0      0
-3.04286     0      0
-3.02857     0      0
-3.01429     0      0
-3     0      0
-2.98571     0      0
-2.97143     0      0
-2.95714     0      0
-2.94286     0      0
-2.92857     0      0
-2.91429     0      0
-2.9     0      0
-2.88571     0      0
-2.87143     0      0
-2.85714     0      0
-2.84286     0      0
-2.82857     0      0
-2.81429     0      0
-2.8     0      0
-2.78571     0      0
-2.77143     0      0
-2.75714     0      0
-2.74286     0      0
-2.72857     0      0
-2.71429     0      0
-2.7     0      0
-2.68571     0      0
-2.67143     0      0
-2.65714     0      0
-2.64286     0      0
-2.62857     0      0
-2.61429     0      0
-2.6     0      0
-2.58571     0      0
-2.57143     0      0
-2.55714     0      0
-2.54286     0      0
-2.52857     0      0
-2.51429     0      0
-2.5     0      0
-2.48571     0      0
-2.47143     0      0
-2.45714     0      0
-2.44286     0      0
-2.42857     0      0
-2.41429     0      0
-2.4     0      0
-2.38571     0      0
-2.37143     0      0
-2.35714     0      0
-2.34286     0      0
-2.32857     0      0
-2.31429     0      0
-2.3     0      0
-2.28571     0      0
-2.27143     0      0
-2.25714     0      0
-2.24286     0      0
-2.22857     0      0
-2.21429     0      0
-2.2     0      0
-2.18571     0      0
-2.17143     0      0
-2.15714     0      0
-2.14286     0      0
-2.12857     0      0
-2.11429     0      0
-2.1     0      0
-2.08571     0      0
-2.07143     0      0
-2.05714     0      0
-2.04286     4.24052e-143      0
-2.02857     1.3456e-141      0
-2.01429     2.35106e-136      0
-2     5.35693e-135      0
-1.98571     5.37693e-135      0
-1.97143     5.42423e-135      0
-1.95714     2.30103e-129      0
-1.94286     2.13549e-128      0
-1.92857     2.14277e-128      0
-1.91429     2.15659e-128      0
-1.9     1.86337e-122      0
-1.88571     8.51578e-122      0
-1.87143     8.56526e-122      0
-1.85714     8.55362e-122      0
-1.84286     1.27271e-115      0
-1.82857     3.39002e-115      0
-1.81429     3.42145e-115      0
-1.8     3.42145e-115      0
-1.78571     7.67992e-109      0
-1.77143     1.36066e-108      0
-1.75714     1.35694e-108      0
-1.74286     1.37044e-108      0
-1.72857     4.3218e-102      0
-1.71429     5.42402e-102      0
-1.7     5.43334e-102      0
-1.68571     1.35042e-96      0
-1.67143     0.0016205      0
-1.65714     0.00572      0
-1.64286     0.005734      0
-1.62857     0.005758      0
-1.61429     0.005786      0
-1.6     0.005788      0
-1.58571     0.005814      0
-1.57143     0.005866      0
-1.55714     0.005844      0
-1.54286     0.005902      0
-1.52857     0.005884      0
-1.51429     0.005926      0
-1.5     0.005966      0
-1.48571     0.005962      0
-1.47143     0.005988      0
-1.45714     0.006026      0
-1.44286     0.006062      0
-1.42857     0.006054      0
-1.41429     0.006094      0
-1.4     0.006092      0
-1.38571     0.006182      0
-1.37143     0.00614      0
-1.35714     0.006196      0
-1.34286     0.006232      0
-1.32857     0.00622      0
-1.31429     0.006276      0
-1.3     0.00631      0
-1.28571     0.006322      0
-1.27143     0.006362      0
-1.25714     0.006394      0
-1.24286     0.006412      0
-1.22857     0.006458      0
-1.21429     0.006444      0
-1.2     0.006498      0
-1.18571     0.006586      0
-1.17143     0.006568      0
-1.15714     0.006588      0
-1.14286     0.006638      0
-1.12857     0.00668      0
-1.11429     0.006698      0
-1.1     0.00674      0
-1.08571     0.006766      0
-1.07143     0.006824      0
-1.05714     0.006834      0
-1.04286     0.006866      0
-1.02857     0.00694      0
-1.01429     0.00692      0
-1     0.00705      0
-0.985714     0.006994      0
-0.971429     0.007152      0
-0.957143     0.00707      0
-0.942857     0.00714      0
-0.928571     0.007274      0
-0.914286     0.007218      0
-0.9     0.007326      0
-0.885714     0.007324      0
-0.871429     0.007394      0
-0.857143     0.007474      0
-0.842857     0.007486      0
-0.828571     0.007538      0
-0.814286     0.00762      0
-0.8     0.00765      0
-0.785714     0.007694      0
-0.771429     0.007782      0
-0.757143     0.00783      0
-0.742857     0.007868      0
-0.728571     0.007964      0
-0.714286     0.008014      0
-0.7     0.008094      0
-0.685714     0.008162      0
-0.671429     0.008198      0
-0.657143     0.008304      0
-0.642857     0.008382      0
-0.628571     0.008436      0
-0.614286     0.008562      0
-0.6     0.008608      0
-0.585714     0.008658      0
-0.571429     0.008844      0
-0.557143     0.008884      0
-0.542857     0.008944      0
-0.528571     0.009162      0
-0.514286     0.009198      0
-0.5     0.009296      0
-0.485714     0.009448      0
-0.471429     0.009606      0
-0.457143     0.009688      0
-0.442857     0.00987      0
-0.428571     0.009992      0
-0.414286     0.010226      0
-0.4     0.010392      0
-0.385714     0.01059      0
-0.371429     0.010756      0
-0.357143     0.011016      0
-0.342857     0.01126      0
-0.328571     0.01157      0
-0.314286     0.012118      0
-0.3     0.012416      0
-0.285714     0.012696      0
-0.271429     0.013528      0
-0.257143     0.014306      0
-0.242857     0.015504      0
-0.228571     0.017284      0
-0.214286     0.0218145      0
-0.2     0.043874      0
-0.185714     0.021468      0
-0.171429     0.016542      0
-0.157143     0.013888      0
-0.142857     0.01221      0
-0.128571     0.010846      0
-0.114286     0.009892      0
-0.1     0.009034      0
-0.0857143     0.008326      0
-0.0714286     0.007674      0
-0.0571429     0.007138      0
-0.0428571     0.006592      0
-0.0285714     0.006156      0
-0.0142857     0.005705      0
0     0      0
0.0142857     0      0
0.0285714     0      0
0.0428571     0      0
0.0571429     0      0
0.0714286     0      0
0.0857143     0      0.0147965
0.1     0      0.013572
0.114286     0      0.012088
0.128571     0      0.011314
0.142857     0      0.010866
0.157143     0      0.010672
0.171429     0      0.010566
0.185714     0      0.010554
0.2     0      0.010664
0.214286     0      0.010874
0.228571     0      0.011164
0.242857     0      0.01162
0.257143     0      0.012376
0.271429     0      0.014108
0.285714     0      0.015593
0.3     0      0.012638
0.314286     0      0.011604
0.328571     0      0.010994
0.342857     0      0.010498
0.357143     0      0.010112
0.371429     0      0.009858
0.385714     0      0.009536
0.4     0      0.009376
0.414286     0      0.00911
0.428571     0      0.008932
0.442857     0      0.00877
0.457143     0      0.008596
0.471429     0      0.008462
0.485714     0      0.008352
0.5     0      0.008222
0.514286     0      0.008088
0.528571     0      0.007948
0.542857     0      0.007926
0.557143     0      0.007774
0.571429     0      0.007706
0.585714     0      0.007532
0.6     0      0.00755
0.614286     0      0.007426
0.628571     0      0.007298
0.642857     0      0.007288
0.657143     0      0.007218
0.671429     0      0.007084
0.685714     0      0.007074
0.7     0      0.006976
0.714286     0      0.006924
0.728571     0      0.006872
0.742857     0      0.006804
0.757143     0      0.006708
0.771429     0      0.006674
0.785714     0      0.006616
0.8     0      0.006552
0.814286     0      0.006528
0.828571     0      0.006454
0.842857     0      0.006404
0.857143     0      0.006332
0.871429     0      0.006326
0.885714     0      0.006312
0.9     0      0.006184
0.914286     0      0.006158
0.928571     0      0.006168
0.942857     0      0.006054
0.957143     0      0.006034
0.971429     0      0.00598
0.985714     0      0.005972
1     0      0.005914
1.01429     0      0.005868
1.02857     0      0.00582
1.04286     0      0.005812
1.05714     0      0.005748
1.07143     0      0.0057
1.08571     0      0.005706
1.1     0      0.005672
1.11429     0      0.005632
1.12857     0      0.005552
1.14286     0      0.005536
1.15714     0      0.005522
1.17143     0      0.005496
1.18571     0      0.00544
1.2     0      0.005446
1.21429     0      0.005342
1.22857     0      0.005358
1.24286     0      0.005328
1.25714     0      0.00531
1.27143     0      0.005268
1.28571     0      0.005236
1.3     0      0.005164
1.31429     0      0.00518
1.32857     0      0.005174
1.34286     0      0.005108
1.35714     0      0.005106
1.37143     0      0.005064
1.38571     0      0.005038
1.4     0      0.00504
1.41429     0      0.00498
1.42857     0      0.004958
1.44286     0      0.00492
1.45714     0      0.00491
1.47143     0      0.0049
1.48571     0      0.004858
1.5     0      0.004858
1.51429     0      0.004796
1.52857     0      0.004786
1.54286     0      0.004782
1.55714     0      0.00476
1.57143     0      0.00473
1.58571     0      0.004686
1.6     0      0.004718
1.61429     0      0.004638
1.62857     0      0.004654
1.64286     0      0.004594
1.65714     0      0.004602
1.67143     0      0.004582
1.68571     0      0.004554
1.7     0      0.004502
1.71429     0      0.004526
1.72857     0      0.004516
1.74286     0      0.00445
1.75714     0      0.00448
1.77143     0      0.004418
1.78571     0      0.004442
1.8     0      0.004372
1.81429     0      0.004404
1.82857     0      0.00434
1.84286     0      0.00434
1.85714     0      0.00434
1.87143     0      0.004282
1.88571     0      0.004278
1.9     0      0.004284
1.91429     0      0.004248
1.92857     0      0.004238
1.94286     0      0.00422
1.95714     0      0.00421
1.97143     0      0.004192
1.98571     0      0.004152
2     0      0.004174
2.01429     0      0.0041
2.02857     0      0.004148
2.04286     0      0.004086
2.05714     0      0.004072
2.07143     0      0.004092
2.08571     0      0.004044
2.1     0      0.004044
2.11429     0      0.004028
2.12857     0      0.004016
2.14286     0      0.003992
2.15714     0      0.003988
2.17143     0      0.00394
2.18571     0      0.003954
2.2     0      0.003944
2.21429     0      0.00392
2.22857     0      0.003914
2.24286     0      0.00389
2.25714     0      0.003878
2.27143     0      0.003866
2.28571     0      0.00384
2.3     0      0.003852
2.31429     0      0.003814
2.32857     0      0.003814
2.34286     0      0.0016785
2.35714     0      1.23031e-16
2.37143     0      7.28907e-24
2.38571     0      1.7544e-36
2.4     0      2.15454e-43
2.41429     0      1.08948e-50
2.42857     0      1.30329e-62
2.44286     0      3.43371e-69
2.45714     0      9.11236e-76
2.47143     0      9.16958e-76
2.48571     0      2.65241e-76
2.5     0      0
2.51429     0      0
2.52857     0      0
2.54286     0      0
2.55714     0      0
2.57143     0      0
2.58571     0      0
2.6     0      0
2.61429     0      0
2.62857     0      0
2.64286     0      0
2.65714     0      0
2.67143     0      0
2.68571     0      0
2.7     0      0
2.71429     0      0
2.72857     0      0
2.74286     0      0
2.75714     0      0
2.77143     0      0
2.78571     0      0
2.8     0      0
2.81429     0      0
2.82857     0      0
2.84286     0      0
2.85714     0      0
2.87143     0      0
2.88571     0      0
2.9     0      0
2.91429     0      0
2.92857     0      0
2.94286     0      0
2.95714     0      0
2.97143     0      0
2.98571     0      0
3     0      0
3.01429     0      0
3.02857     0      0
3.04286     0      0
3.05714     0      0
3.07143     0      0
3.08571     0      0
3.1     0      0
3.11429     0      0
3.12857     0      0
3.14286     0      0
3.15714     0      0
3.17143     0      0
3.18571     0      0
3.2     0      0
3.21429     0      0
3.22857     0      0
3.24286     0      0
3.25714     0      0
3.27143     0      0
3.28571     0      0
3.3     0      0
3.31429     0      0
3.32857     0      0
3.34286     0      0
3.35714     0      0
3.37143     0      0
3.38571     0      0
3.4     0      0
3.41429     0      0
3.42857     0      0
3.44286     0      0
3.45714     0      0
3.47143     0      0
3.48571     0      0
3.5     0      0
3.51429     0      0
3.52857     0      0
3.54286     0      0
3.55714     0      0
3.57143     0      0
3.58571     0      0
3.6     0      0
3.61429     0      0
3.62857     0      0
3.64286     0      0
3.65714     0      0
3.67143     0      0
3.68571     0      0
3.7     0      0
3.71429     0      0
3.72857     0      0
3.74286     0      0
3.75714     0      0
3.77143     0      0
3.78571     0      0
3.8     0      0
3.81429     0      0
3.82857     0      0
3.84286     0      0
3.85714     0      0
3.87143     0      0
3.88571     0      0
3.9     0      0
3.91429     0      0
3.92857     0      0
3.94286     0      0
3.95714     0      0
3.97143     0      0
3.98571     0      0
4     0      0
4.01429     0      0
4.02857     0      0
4.04286     0      0
4.05714     0      0
4.07143     0      0
4.08571     0      0
4.1     0      0
4.11429     0      0
4.12857     0      0
4.14286     0      0
4.15714     0      0
4.17143     0      0
4.18571     0      0
4.2     0      0
4.21429     0      0
4.22857     0      0
4.24286     0      0
4.25714     0      0
4.27143     0      0
4.28571     0      0
4.3     0      0
4.31429     0      0
4.32857     0      0
4.34286     0      0
4.35714     0      0
4.37143     0      0
4.38571     0      0
4.4     0      0
4.41429     0      0
4.42857     0      0
4.44286     0      0
4.45714     0      0
4.47143     0      0
4.48571     0      0
4.5     0      0
4.51429     0      0
4.52857     0      0
4.54286     0      0
4.55714     0      0
4.57143     0      0
4.58571     0      0
4.6     0      0
4.61429     0      0
4.62857     0      0
4.64286     0      0
4.65714     0      0
4.67143     0      0
4.68571     0      0
4.7     0      0
4.71429     0      0
4.72857     0      0
4.74286     0      0
4.75714     0      0
4.77143     0      0
4.78571     0      0
4.8     0      0
4.81429     0      0
4.82857     0      0
4.84286     0      0
4.85714     0      0
4.87143     0      0
4.88571     0      0
4.9     0      0
4.91429     0      0
4.92857     0      0
4.94286     0      0
4.95714     0      0
4.97143     0      0
4.98571     0      0
