# U,mu,nA_up, nA_dn, nB_up, nB_dn, ms, mf, ntotal,mu,cint
#energy    dos_upn   dos_upp   dos_dnn  dos_dnp GRID=1000 bin=700
-5     0      0
-4.98571     0      0
-4.97143     0      0
-4.95714     0      0
-4.94286     0      0
-4.92857     0      0
-4.91429     0      0
-4.9     0      0
-4.88571     0      0
-4.87143     0      0
-4.85714     0      0
-4.84286     0      0
-4.82857     0      0
-4.81429     0      0
-4.8     0      0
-4.78571     0      0
-4.77143     0      0
-4.75714     0      0
-4.74286     0      0
-4.72857     0      0
-4.71429     0      0
-4.7     0      0
-4.68571     0      0
-4.67143     0      0
-4.65714     0      0
-4.64286     0      0
-4.62857     0      0
-4.61429     0      0
-4.6     0      0
-4.58571     0      0
-4.57143     0      0
-4.55714     0      0
-4.54286     0      0
-4.52857     0      0
-4.51429     0      0
-4.5     0      0
-4.48571     0      0
-4.47143     0      0
-4.45714     0      0
-4.44286     0      0
-4.42857     0      0
-4.41429     0      0
-4.4     0      0
-4.38571     0      0
-4.37143     0      0
-4.35714     0      0
-4.34286     0      0
-4.32857     0      0
-4.31429     0      0
-4.3     0      0
-4.28571     0      0
-4.27143     0      0
-4.25714     0      0
-4.24286     0      0
-4.22857     0      0
-4.21429     0      0
-4.2     0      0
-4.18571     0      0
-4.17143     0      0
-4.15714     0      0
-4.14286     0      0
-4.12857     0      0
-4.11429     0      0
-4.1     0      0
-4.08571     0      0
-4.07143     0      0
-4.05714     0      0
-4.04286     0      0
-4.02857     0      0
-4.01429     0      0
-4     0      0
-3.98571     0      0
-3.97143     0      0
-3.95714     0      0
-3.94286     0      0
-3.92857     0      0
-3.91429     0      0
-3.9     0      0
-3.88571     0      0
-3.87143     0      0
-3.85714     0      0
-3.84286     0      0
-3.82857     0      0
-3.81429     0      0
-3.8     0      0
-3.78571     0      0
-3.77143     0      0
-3.75714     0      0
-3.74286     0      0
-3.72857     0      0
-3.71429     0      0
-3.7     0      0
-3.68571     0      0
-3.67143     0      0
-3.65714     0      0
-3.64286     0      0
-3.62857     0      0
-3.61429     0      0
-3.6     0      0
-3.58571     0      0
-3.57143     0      0
-3.55714     0      0
-3.54286     0      0
-3.52857     0      0
-3.51429     0      0
-3.5     0      0
-3.48571     0      0
-3.47143     0      0
-3.45714     0      0
-3.44286     0      0
-3.42857     0      0
-3.41429     0      0
-3.4     0      0
-3.38571     0      0
-3.37143     0      0
-3.35714     0      0
-3.34286     0      0
-3.32857     0      0
-3.31429     0      0
-3.3     0      0
-3.28571     0      0
-3.27143     0      0
-3.25714     0      0
-3.24286     0      0
-3.22857     0      0
-3.21429     0      0
-3.2     0      0
-3.18571     0      0
-3.17143     0      0
-3.15714     0      0
-3.14286     0      0
-3.12857     0      0
-3.11429     0      0
-3.1     0      0
-3.08571     0      0
-3.07143     0      0
-3.05714     0      0
-3.04286     0      0
-3.02857     0      0
-3.01429     0      0
-3     0      0
-2.98571     0      0
-2.97143     0      0
-2.95714     0      0
-2.94286     0      0
-2.92857     0      0
-2.91429     0      0
-2.9     0      0
-2.88571     0      0
-2.87143     0      0
-2.85714     0      0
-2.84286     0      0
-2.82857     0      0
-2.81429     0      0
-2.8     0      0
-2.78571     0      0
-2.77143     0      0
-2.75714     0      0
-2.74286     0      0
-2.72857     0      0
-2.71429     0      0
-2.7     0      0
-2.68571     0      0
-2.67143     0      0
-2.65714     0      0
-2.64286     0      0
-2.62857     0      0
-2.61429     0      0
-2.6     0      0
-2.58571     0      0
-2.57143     0      0
-2.55714     0      0
-2.54286     0      0
-2.52857     0      0
-2.51429     0      0
-2.5     0      0
-2.48571     0      0
-2.47143     0      0
-2.45714     0      0
-2.44286     0      0
-2.42857     0      0
-2.41429     0      0
-2.4     0      0
-2.38571     0      0
-2.37143     0      0
-2.35714     0      0
-2.34286     0      0
-2.32857     0      0
-2.31429     0      0
-2.3     0      0
-2.28571     0      0
-2.27143     0      0
-2.25714     0      0
-2.24286     0      0
-2.22857     0      0
-2.21429     0      0
-2.2     0      0
-2.18571     0      0
-2.17143     0      0
-2.15714     0      0
-2.14286     0      0
-2.12857     0      0
-2.11429     0      0
-2.1     0      0
-2.08571     0      0
-2.07143     0      0
-2.05714     0      0
-2.04286     0.0001865      0
-2.02857     0.005918      0
-2.01429     0.005924      0
-2     0.005948      0
-1.98571     0.00596      0
-1.97143     0.006026      0
-1.95714     0.00603      0
-1.94286     0.006066      0
-1.92857     0.006072      0
-1.91429     0.006104      0
-1.9     0.006158      0
-1.88571     0.00617      0
-1.87143     0.006196      0
-1.85714     0.00624      0
-1.84286     0.00625      0
-1.82857     0.006272      0
-1.81429     0.006316      0
-1.8     0.006334      0
-1.78571     0.006396      0
-1.77143     0.00643      0
-1.75714     0.00645      0
-1.74286     0.006498      0
-1.72857     0.0065      0
-1.71429     0.006556      0
-1.7     0.006588      0
-1.68571     0.006638      0
-1.67143     0.006672      0
-1.65714     0.006722      0
-1.64286     0.00673      0
-1.62857     0.006808      0
-1.61429     0.006826      0
-1.6     0.006844      0
-1.58571     0.00695      0
-1.57143     0.006974      0
-1.55714     0.007      0
-1.54286     0.007086      0
-1.52857     0.007116      0
-1.51429     0.00714      0
-1.5     0.007228      0
-1.48571     0.007266      0
-1.47143     0.007344      0
-1.45714     0.007372      0
-1.44286     0.00746      0
-1.42857     0.00747      0
-1.41429     0.007582      0
-1.4     0.00764      0
-1.38571     0.00769      0
-1.37143     0.007766      0
-1.35714     0.007838      0
-1.34286     0.00796      0
-1.32857     0.007972      0
-1.31429     0.008108      0
-1.3     0.008142      0
-1.28571     0.008226      0
-1.27143     0.008386      0
-1.25714     0.008424      0
-1.24286     0.008576      0
-1.22857     0.00862      0
-1.21429     0.008784      0
-1.2     0.00887      0
-1.18571     0.009018      0
-1.17143     0.009108      0
-1.15714     0.009332      0
-1.14286     0.00941      0
-1.12857     0.009626      0
-1.11429     0.009752      0
-1.1     0.00995      0
-1.08571     0.010174      0
-1.07143     0.01034      0
-1.05714     0.010642      0
-1.04286     0.010838      0
-1.02857     0.01114      0
-1.01429     0.011498      0
-1     0.011802      0
-0.985714     0.012264      0
-0.971429     0.012662      0
-0.957143     0.013284      0
-0.942857     0.013892      0
-0.928571     0.014614      0
-0.914286     0.01572      0
-0.9     0.017042      0
-0.885714     0.018982      0
-0.871429     0.022288      0
-0.857143     0.0623545      0
-0.842857     0.042048      0
-0.828571     0.02922      0
-0.814286     0.0239      0
-0.8     0.020666      0
-0.785714     0.018358      0
-0.771429     0.016686      0
-0.757143     0.015336      0
-0.742857     0.014198      0
-0.728571     0.013298      0
-0.714286     0.012464      0
-0.7     0.011784      0
-0.685714     0.011132      0
-0.671429     0.010582      0
-0.657143     0.000777      0
-0.642857     0      0
-0.628571     0      0
-0.614286     0      0
-0.6     0      0
-0.585714     0      0
-0.571429     0      0
-0.557143     0      0
-0.542857     0      0
-0.528571     0      0
-0.514286     0      0
-0.5     0      0
-0.485714     0      0
-0.471429     0      0
-0.457143     0      0
-0.442857     0      0
-0.428571     0      0
-0.414286     0      0
-0.4     0      0
-0.385714     0      0
-0.371429     0      0
-0.357143     0      0
-0.342857     0      0
-0.328571     0      0
-0.314286     0      0
-0.3     0      0
-0.285714     0      0
-0.271429     0      0
-0.257143     0      0
-0.242857     0      0
-0.228571     0      0
-0.214286     0      0
-0.2     0      0
-0.185714     0      0
-0.171429     0      0
-0.157143     0      0
-0.142857     0      0
-0.128571     0      0
-0.114286     0      0
-0.1     0      0
-0.0857143     0      0
-0.0714286     0      0
-0.0571429     0      0
-0.0428571     0      0
-0.0285714     0      0
-0.0142857     0      0
0     0      0
0.0142857     0      0
0.0285714     0      0
0.0428571     0      0
0.0571429     0      0
0.0714286     0      0
0.0857143     0      0
0.1     0      0.0005585
0.114286     0      0.02013
0.128571     0      0.01755
0.142857     0      0.016132
0.157143     0      0.015414
0.171429     0      0.01499
0.185714     0      0.014688
0.2     0      0.014594
0.214286     0      0.014662
0.228571     0      0.014774
0.242857     0      0.015096
0.257143     0      0.015594
0.271429     0      0.016356
0.285714     0      0.017686
0.3     0      0.022041
0.314286     0      0.020978
0.328571     0      0.016682
0.342857     0      0.01495
0.357143     0      0.013734
0.371429     0      0.01293
0.385714     0      0.01218
0.4     0      0.011664
0.414286     0      0.011156
0.428571     0      0.01074
0.442857     0      0.01039
0.457143     0      0.010046
0.471429     0      0.00974
0.485714     0      0.009458
0.5     0      0.009244
0.514286     0      0.00904
0.528571     0      0.00884
0.542857     0      0.008608
0.557143     0      0.008464
0.571429     0      0.008292
0.585714     0      0.00816
0.6     0      0.008042
0.614286     0      0.007842
0.628571     0      0.007752
0.642857     0      0.00763
0.657143     0      0.007492
0.671429     0      0.007402
0.685714     0      0.007314
0.7     0      0.007182
0.714286     0      0.00712
0.728571     0      0.006992
0.742857     0      0.006942
0.757143     0      0.00684
0.771429     0      0.006776
0.785714     0      0.00671
0.8     0      0.00662
0.814286     0      0.00656
0.828571     0      0.00645
0.842857     0      0.006406
0.857143     0      0.00636
0.871429     0      0.00634
0.885714     0      0.006198
0.9     0      0.006172
0.914286     0      0.006106
0.928571     0      0.00604
0.942857     0      0.006046
0.957143     0      0.005946
0.971429     0      0.005906
0.985714     0      0.005858
1     0      0.005814
1.01429     0      0.00574
1.02857     0      0.005694
1.04286     0      0.005704
1.05714     0      0.005626
1.07143     0      0.005578
1.08571     0      0.005564
1.1     0      0.005528
1.11429     0      0.005438
1.12857     0      0.005444
1.14286     0      0.005386
1.15714     0      0.00535
1.17143     0      0.005326
1.18571     0      0.00526
1.2     0      0.005238
1.21429     0      0.005248
1.22857     0      0.00518
1.24286     0      0.005126
1.25714     0      0.005134
1.27143     0      0.005066
1.28571     0      0.005086
1.3     0      0.005002
1.31429     0      0.004974
1.32857     0      0.004978
1.34286     0      0.004946
1.35714     0      0.004916
1.37143     0      0.004854
1.38571     0      0.004882
1.4     0      0.004822
1.41429     0      0.004786
1.42857     0      0.004776
1.44286     0      0.004742
1.45714     0      0.00473
1.47143     0      0.004684
1.48571     0      0.00468
1.5     0      0.004624
1.51429     0      0.004636
1.52857     0      0.004574
1.54286     0      0.004604
1.55714     0      0.004548
1.57143     0      0.004524
1.58571     0      0.004496
1.6     0      0.004492
1.61429     0      0.004466
1.62857     0      0.004448
1.64286     0      0.004404
1.65714     0      0.00441
1.67143     0      0.004382
1.68571     0      0.004368
1.7     0      0.00432
1.71429     0      0.004318
1.72857     0      0.00431
1.74286     0      0.004282
1.75714     0      0.00426
1.77143     0      0.004272
1.78571     0      0.00422
1.8     0      0.004188
1.81429     0      0.004186
1.82857     0      0.004164
1.84286     0      0.004172
1.85714     0      0.004104
1.87143     0      0.00412
1.88571     0      0.004092
1.9     0      0.004092
1.91429     0      0.004054
1.92857     0      0.004036
1.94286     0      0.004044
1.95714     0      0.004002
1.97143     0      0.003998
1.98571     0      0.003982
2     0      0.003974
2.01429     0      0.003964
2.02857     0      0.00393
2.04286     0      0.003918
2.05714     0      0.003908
2.07143     0      0.003878
2.08571     0      0.0003285
2.1     0      0
2.11429     0      0
2.12857     0      0
2.14286     0      0
2.15714     0      0
2.17143     0      0
2.18571     0      0
2.2     0      0
2.21429     0      0
2.22857     0      0
2.24286     0      0
2.25714     0      0
2.27143     0      0
2.28571     0      0
2.3     0      0
2.31429     0      0
2.32857     0      0
2.34286     0      0
2.35714     0      0
2.37143     0      0
2.38571     0      0
2.4     0      0
2.41429     0      0
2.42857     0      0
2.44286     0      0
2.45714     0      0
2.47143     0      0
2.48571     0      0
2.5     0      0
2.51429     0      0
2.52857     0      0
2.54286     0      0
2.55714     0      0
2.57143     0      0
2.58571     0      0
2.6     0      0
2.61429     0      0
2.62857     0      0
2.64286     0      0
2.65714     0      0
2.67143     0      0
2.68571     0      0
2.7     0      0
2.71429     0      0
2.72857     0      0
2.74286     0      0
2.75714     0      0
2.77143     0      0
2.78571     0      0
2.8     0      0
2.81429     0      0
2.82857     0      0
2.84286     0      0
2.85714     0      0
2.87143     0      0
2.88571     0      0
2.9     0      0
2.91429     0      0
2.92857     0      0
2.94286     0      0
2.95714     0      0
2.97143     0      0
2.98571     0      0
3     0      0
3.01429     0      0
3.02857     0      0
3.04286     0      0
3.05714     0      0
3.07143     0      0
3.08571     0      0
3.1     0      0
3.11429     0      0
3.12857     0      0
3.14286     0      0
3.15714     0      0
3.17143     0      0
3.18571     0      0
3.2     0      0
3.21429     0      0
3.22857     0      0
3.24286     0      0
3.25714     0      0
3.27143     0      0
3.28571     0      0
3.3     0      0
3.31429     0      0
3.32857     0      0
3.34286     0      0
3.35714     0      0
3.37143     0      0
3.38571     0      0
3.4     0      0
3.41429     0      0
3.42857     0      0
3.44286     0      0
3.45714     0      0
3.47143     0      0
3.48571     0      0
3.5     0      0
3.51429     0      0
3.52857     0      0
3.54286     0      0
3.55714     0      0
3.57143     0      0
3.58571     0      0
3.6     0      0
3.61429     0      0
3.62857     0      0
3.64286     0      0
3.65714     0      0
3.67143     0      0
3.68571     0      0
3.7     0      0
3.71429     0      0
3.72857     0      0
3.74286     0      0
3.75714     0      0
3.77143     0      0
3.78571     0      0
3.8     0      0
3.81429     0      0
3.82857     0      0
3.84286     0      0
3.85714     0      0
3.87143     0      0
3.88571     0      0
3.9     0      0
3.91429     0      0
3.92857     0      0
3.94286     0      0
3.95714     0      0
3.97143     0      0
3.98571     0      0
4     0      0
4.01429     0      0
4.02857     0      0
4.04286     0      0
4.05714     0      0
4.07143     0      0
4.08571     0      0
4.1     0      0
4.11429     0      0
4.12857     0      0
4.14286     0      0
4.15714     0      0
4.17143     0      0
4.18571     0      0
4.2     0      0
4.21429     0      0
4.22857     0      0
4.24286     0      0
4.25714     0      0
4.27143     0      0
4.28571     0      0
4.3     0      0
4.31429     0      0
4.32857     0      0
4.34286     0      0
4.35714     0      0
4.37143     0      0
4.38571     0      0
4.4     0      0
4.41429     0      0
4.42857     0      0
4.44286     0      0
4.45714     0      0
4.47143     0      0
4.48571     0      0
4.5     0      0
4.51429     0      0
4.52857     0      0
4.54286     0      0
4.55714     0      0
4.57143     0      0
4.58571     0      0
4.6     0      0
4.61429     0      0
4.62857     0      0
4.64286     0      0
4.65714     0      0
4.67143     0      0
4.68571     0      0
4.7     0      0
4.71429     0      0
4.72857     0      0
4.74286     0      0
4.75714     0      0
4.77143     0      0
4.78571     0      0
4.8     0      0
4.81429     0      0
4.82857     0      0
4.84286     0      0
4.85714     0      0
4.87143     0      0
4.88571     0      0
4.9     0      0
4.91429     0      0
4.92857     0      0
4.94286     0      0
4.95714     0      0
4.97143     0      0
4.98571     0      0
