# U,mu,nA_up, nA_dn, nB_up, nB_dn, ms, mf, ntotal,mu,cint
#energy    dos_upn   dos_upp   dos_dnn  dos_dnp GRID=1000 bin=700
-5     0      0
-4.98571     0      0
-4.97143     0      0
-4.95714     0      0
-4.94286     0      0
-4.92857     0      0
-4.91429     0      0
-4.9     0      0
-4.88571     0      0
-4.87143     0      0
-4.85714     0      0
-4.84286     0      0
-4.82857     0      0
-4.81429     0      0
-4.8     0      0
-4.78571     0      0
-4.77143     0      0
-4.75714     0      0
-4.74286     0      0
-4.72857     0      0
-4.71429     0      0
-4.7     0      0
-4.68571     0      0
-4.67143     0      0
-4.65714     0      0
-4.64286     0      0
-4.62857     0      0
-4.61429     0      0
-4.6     0      0
-4.58571     0      0
-4.57143     0      0
-4.55714     0      0
-4.54286     0      0
-4.52857     0      0
-4.51429     0      0
-4.5     0      0
-4.48571     0      0
-4.47143     0      0
-4.45714     0      0
-4.44286     0      0
-4.42857     0      0
-4.41429     0      0
-4.4     0      0
-4.38571     0      0
-4.37143     0      0
-4.35714     0      0
-4.34286     0      0
-4.32857     0      0
-4.31429     0      0
-4.3     0      0
-4.28571     0      0
-4.27143     0      0
-4.25714     0      0
-4.24286     0      0
-4.22857     0      0
-4.21429     0      0
-4.2     0      0
-4.18571     0      0
-4.17143     0      0
-4.15714     0      0
-4.14286     0      0
-4.12857     0      0
-4.11429     0      0
-4.1     0      0
-4.08571     0      0
-4.07143     0      0
-4.05714     0      0
-4.04286     0      0
-4.02857     0      0
-4.01429     0      0
-4     0      0
-3.98571     0      0
-3.97143     0      0
-3.95714     0      0
-3.94286     0      0
-3.92857     0      0
-3.91429     0      0
-3.9     0      0
-3.88571     0      0
-3.87143     0      0
-3.85714     0      0
-3.84286     0      0
-3.82857     0      0
-3.81429     0      0
-3.8     0      0
-3.78571     0      0
-3.77143     0      0
-3.75714     0      0
-3.74286     0      0
-3.72857     0      0
-3.71429     0      0
-3.7     0      0
-3.68571     0      0
-3.67143     0      0
-3.65714     0      0
-3.64286     0      0
-3.62857     0      0
-3.61429     0      0
-3.6     0      0
-3.58571     0      0
-3.57143     0      0
-3.55714     0      0
-3.54286     0      0
-3.52857     0      0
-3.51429     0      0
-3.5     0      0
-3.48571     0      0
-3.47143     0      0
-3.45714     0      0
-3.44286     0      0
-3.42857     0      0
-3.41429     0      0
-3.4     0      0
-3.38571     0      0
-3.37143     0      0
-3.35714     0      0
-3.34286     0      0
-3.32857     0      0
-3.31429     0      0
-3.3     0      0
-3.28571     0      0
-3.27143     0      0
-3.25714     0      0
-3.24286     0      0
-3.22857     0      0
-3.21429     0      0
-3.2     0      0
-3.18571     0      0
-3.17143     0      0
-3.15714     0      0
-3.14286     0      0
-3.12857     0      0
-3.11429     0      0
-3.1     0      0
-3.08571     0      0
-3.07143     0      0
-3.05714     0      0
-3.04286     0      0
-3.02857     0      0
-3.01429     0      0
-3     0      0
-2.98571     0      0
-2.97143     0      0
-2.95714     0      0
-2.94286     0      0
-2.92857     0      0
-2.91429     0      0
-2.9     0      0
-2.88571     0      0
-2.87143     0      0
-2.85714     0      0
-2.84286     0      0
-2.82857     0      0
-2.81429     0      0
-2.8     0      0
-2.78571     0      0
-2.77143     0      0
-2.75714     0      0
-2.74286     0      0
-2.72857     0      0
-2.71429     0      0
-2.7     0      0
-2.68571     0      0
-2.67143     0      0
-2.65714     0      0
-2.64286     0      0
-2.62857     0      0
-2.61429     0      0
-2.6     0      0
-2.58571     0      0
-2.57143     0      0
-2.55714     0      0
-2.54286     0      0
-2.52857     0      0
-2.51429     0      0
-2.5     0      0
-2.48571     0      0
-2.47143     0      0
-2.45714     0      0
-2.44286     0      0
-2.42857     0      0
-2.41429     0      0
-2.4     0      0
-2.38571     0      0
-2.37143     0      0
-2.35714     0      0
-2.34286     0      0
-2.32857     0      0
-2.31429     0      0
-2.3     0      0
-2.28571     0      0
-2.27143     0      0
-2.25714     0      0
-2.24286     0      0
-2.22857     0      0
-2.21429     0      0
-2.2     0      0
-2.18571     0      0
-2.17143     0      0
-2.15714     0      0
-2.14286     0      0
-2.12857     0      0
-2.11429     0      0
-2.1     0      0
-2.08571     0      0
-2.07143     0      0
-2.05714     0      0
-2.04286     6.62581e-163      0
-2.02857     2.1025e-161      0
-2.01429     3.67353e-156      0
-2     8.3702e-155      0
-1.98571     8.40146e-155      0
-1.97143     8.47536e-155      0
-1.95714     3.59535e-149      0
-1.94286     3.33671e-148      0
-1.92857     3.34808e-148      0
-1.91429     3.36968e-148      0
-1.9     2.91152e-142      0
-1.88571     1.33059e-141      0
-1.87143     1.33832e-141      0
-1.85714     1.3365e-141      0
-1.84286     1.98861e-135      0
-1.82857     5.2969e-135      0
-1.81429     5.34601e-135      0
-1.8     5.34601e-135      0
-1.78571     1.19999e-128      0
-1.77143     2.12604e-128      0
-1.75714     2.12021e-128      0
-1.74286     2.14131e-128      0
-1.72857     6.75282e-122      0
-1.71429     8.47504e-122      0
-1.7     8.48959e-122      0
-1.68571     0.0027085      0
-1.67143     0.00572      0
-1.65714     0.005744      0
-1.64286     0.005738      0
-1.62857     0.00579      0
-1.61429     0.00581      0
-1.6     0.00581      0
-1.58571     0.005844      0
-1.57143     0.005862      0
-1.55714     0.005888      0
-1.54286     0.005902      0
-1.52857     0.00591      0
-1.51429     0.005946      0
-1.5     0.005974      0
-1.48571     0.006006      0
-1.47143     0.005996      0
-1.45714     0.006026      0
-1.44286     0.00609      0
-1.42857     0.006102      0
-1.41429     0.006122      0
-1.4     0.006124      0
-1.38571     0.006162      0
-1.37143     0.00619      0
-1.35714     0.006216      0
-1.34286     0.006258      0
-1.32857     0.006264      0
-1.31429     0.006264      0
-1.3     0.006366      0
-1.28571     0.00633      0
-1.27143     0.006412      0
-1.25714     0.006386      0
-1.24286     0.006456      0
-1.22857     0.006476      0
-1.21429     0.006464      0
-1.2     0.006586      0
-1.18571     0.006558      0
-1.17143     0.006584      0
-1.15714     0.006652      0
-1.14286     0.006646      0
-1.12857     0.006688      0
-1.11429     0.006742      0
-1.1     0.00676      0
-1.08571     0.006798      0
-1.07143     0.006828      0
-1.05714     0.006878      0
-1.04286     0.006936      0
-1.02857     0.006906      0
-1.01429     0.007048      0
-1     0.007006      0
-0.985714     0.007062      0
-0.971429     0.007116      0
-0.957143     0.007158      0
-0.942857     0.007182      0
-0.928571     0.00728      0
-0.914286     0.007272      0
-0.9     0.00735      0
-0.885714     0.007394      0
-0.871429     0.007402      0
-0.857143     0.007472      0
-0.842857     0.007554      0
-0.828571     0.007552      0
-0.814286     0.007654      0
-0.8     0.007684      0
-0.785714     0.007758      0
-0.771429     0.007814      0
-0.757143     0.007842      0
-0.742857     0.00795      0
-0.728571     0.007956      0
-0.714286     0.008082      0
-0.7     0.008098      0
-0.685714     0.008194      0
-0.671429     0.008274      0
-0.657143     0.00834      0
-0.642857     0.008374      0
-0.628571     0.008522      0
-0.614286     0.00854      0
-0.6     0.008674      0
-0.585714     0.008752      0
-0.571429     0.008812      0
-0.557143     0.008912      0
-0.542857     0.00909      0
-0.528571     0.009122      0
-0.514286     0.00919      0
-0.5     0.009396      0
-0.485714     0.009494      0
-0.471429     0.009612      0
-0.457143     0.009738      0
-0.442857     0.009878      0
-0.428571     0.010038      0
-0.414286     0.010214      0
-0.4     0.010448      0
-0.385714     0.010584      0
-0.371429     0.010836      0
-0.357143     0.011036      0
-0.342857     0.011276      0
-0.328571     0.011616      0
-0.314286     0.011904      0
-0.3     0.012214      0
-0.285714     0.013076      0
-0.271429     0.013452      0
-0.257143     0.014254      0
-0.242857     0.015354      0
-0.228571     0.017126      0
-0.214286     0.0219685      0
-0.2     0.041506      0
-0.185714     0.0203      0
-0.171429     0.015756      0
-0.157143     0.013258      0
-0.142857     0.011604      0
-0.128571     0.010448      0
-0.114286     0.009354      0
-0.1     0.00862      0
-0.0857143     0.00792      0
-0.0714286     0.00727      0
-0.0571429     0.006756      0
-0.0428571     0.00623      0
-0.0285714     0.005774      0
-0.0142857     0.005289      0
0     0      0
0.0142857     0      0
0.0285714     0      0
0.0428571     0      0.0074405
0.0571429     0      0.014456
0.0714286     0      0.012198
0.0857143     0      0.011206
0.1     0      0.010678
0.114286     0      0.010374
0.128571     0      0.010274
0.142857     0      0.010246
0.157143     0      0.010254
0.171429     0      0.010496
0.185714     0      0.010676
0.2     0      0.01104
0.214286     0      0.011666
0.228571     0      0.012664
0.242857     0      0.015469
0.257143     0      0.013064
0.271429     0      0.011768
0.285714     0      0.011024
0.3     0      0.010546
0.314286     0      0.010198
0.328571     0      0.009826
0.342857     0      0.009588
0.357143     0      0.009358
0.371429     0      0.00913
0.385714     0      0.00898
0.4     0      0.008802
0.414286     0      0.008648
0.428571     0      0.008534
0.442857     0      0.008404
0.457143     0      0.008248
0.471429     0      0.00813
0.485714     0      0.008004
0.5     0      0.007888
0.514286     0      0.007884
0.528571     0      0.00772
0.542857     0      0.007622
0.557143     0      0.007578
0.571429     0      0.007458
0.585714     0      0.007392
0.6     0      0.007326
0.614286     0      0.007234
0.628571     0      0.00718
0.642857     0      0.007084
0.657143     0      0.007022
0.671429     0      0.006992
0.685714     0      0.006922
0.7     0      0.006838
0.714286     0      0.006764
0.728571     0      0.006708
0.742857     0      0.00669
0.757143     0      0.006596
0.771429     0      0.006564
0.785714     0      0.00648
0.8     0      0.006466
0.814286     0      0.006448
0.828571     0      0.006292
0.842857     0      0.006338
0.857143     0      0.006276
0.871429     0      0.006212
0.885714     0      0.006182
0.9     0      0.006116
0.914286     0      0.00607
0.928571     0      0.006044
0.942857     0      0.005994
0.957143     0      0.005948
0.971429     0      0.005916
0.985714     0      0.005894
1     0      0.005864
1.01429     0      0.00577
1.02857     0      0.005758
1.04286     0      0.00574
1.05714     0      0.005712
1.07143     0      0.005654
1.08571     0      0.005648
1.1     0      0.00554
1.11429     0      0.005552
1.12857     0      0.005508
1.14286     0      0.005494
1.15714     0      0.005488
1.17143     0      0.0054
1.18571     0      0.00536
1.2     0      0.005384
1.21429     0      0.005318
1.22857     0      0.005324
1.24286     0      0.005294
1.25714     0      0.005222
1.27143     0      0.005198
1.28571     0      0.005212
1.3     0      0.00514
1.31429     0      0.005142
1.32857     0      0.005116
1.34286     0      0.00506
1.35714     0      0.005052
1.37143     0      0.005002
1.38571     0      0.005006
1.4     0      0.00498
1.41429     0      0.004938
1.42857     0      0.00492
1.44286     0      0.004898
1.45714     0      0.004872
1.47143     0      0.004858
1.48571     0      0.00481
1.5     0      0.004784
1.51429     0      0.004842
1.52857     0      0.004706
1.54286     0      0.004744
1.55714     0      0.00471
1.57143     0      0.004682
1.58571     0      0.004674
1.6     0      0.004652
1.61429     0      0.00468
1.62857     0      0.004562
1.64286     0      0.004566
1.65714     0      0.004538
1.67143     0      0.00457
1.68571     0      0.004518
1.7     0      0.004474
1.71429     0      0.004506
1.72857     0      0.004464
1.74286     0      0.004426
1.75714     0      0.004448
1.77143     0      0.004378
1.78571     0      0.004418
1.8     0      0.004342
1.81429     0      0.004376
1.82857     0      0.00432
1.84286     0      0.004314
1.85714     0      0.00429
1.87143     0      0.004288
1.88571     0      0.004236
1.9     0      0.004242
1.91429     0      0.00422
1.92857     0      0.004218
1.94286     0      0.004196
1.95714     0      0.004204
1.97143     0      0.004146
1.98571     0      0.004164
2     0      0.004084
2.01429     0      0.004124
2.02857     0      0.004092
2.04286     0      0.004074
2.05714     0      0.004084
2.07143     0      0.004036
2.08571     0      0.004028
2.1     0      0.00402
2.11429     0      0.003994
2.12857     0      0.004004
2.14286     0      0.003978
2.15714     0      0.003924
2.17143     0      0.003954
2.18571     0      0.003936
2.2     0      0.003922
2.21429     0      0.003888
2.22857     0      0.003888
2.24286     0      0.00386
2.25714     0      0.003864
2.27143     0      0.003828
2.28571     0      0.003848
2.3     0      0.003804
2.31429     0      0.00381
2.32857     0      0.0002965
2.34286     0      2.62266e-23
2.35714     0      1.92236e-36
2.37143     0      1.13892e-43
2.38571     0      2.74124e-56
2.4     0      3.36647e-63
2.41429     0      1.70232e-70
2.42857     0      2.03639e-82
2.44286     0      5.36516e-89
2.45714     0      1.42381e-95
2.47143     0      1.43275e-95
2.48571     0      4.14439e-96
2.5     0      0
2.51429     0      0
2.52857     0      0
2.54286     0      0
2.55714     0      0
2.57143     0      0
2.58571     0      0
2.6     0      0
2.61429     0      0
2.62857     0      0
2.64286     0      0
2.65714     0      0
2.67143     0      0
2.68571     0      0
2.7     0      0
2.71429     0      0
2.72857     0      0
2.74286     0      0
2.75714     0      0
2.77143     0      0
2.78571     0      0
2.8     0      0
2.81429     0      0
2.82857     0      0
2.84286     0      0
2.85714     0      0
2.87143     0      0
2.88571     0      0
2.9     0      0
2.91429     0      0
2.92857     0      0
2.94286     0      0
2.95714     0      0
2.97143     0      0
2.98571     0      0
3     0      0
3.01429     0      0
3.02857     0      0
3.04286     0      0
3.05714     0      0
3.07143     0      0
3.08571     0      0
3.1     0      0
3.11429     0      0
3.12857     0      0
3.14286     0      0
3.15714     0      0
3.17143     0      0
3.18571     0      0
3.2     0      0
3.21429     0      0
3.22857     0      0
3.24286     0      0
3.25714     0      0
3.27143     0      0
3.28571     0      0
3.3     0      0
3.31429     0      0
3.32857     0      0
3.34286     0      0
3.35714     0      0
3.37143     0      0
3.38571     0      0
3.4     0      0
3.41429     0      0
3.42857     0      0
3.44286     0      0
3.45714     0      0
3.47143     0      0
3.48571     0      0
3.5     0      0
3.51429     0      0
3.52857     0      0
3.54286     0      0
3.55714     0      0
3.57143     0      0
3.58571     0      0
3.6     0      0
3.61429     0      0
3.62857     0      0
3.64286     0      0
3.65714     0      0
3.67143     0      0
3.68571     0      0
3.7     0      0
3.71429     0      0
3.72857     0      0
3.74286     0      0
3.75714     0      0
3.77143     0      0
3.78571     0      0
3.8     0      0
3.81429     0      0
3.82857     0      0
3.84286     0      0
3.85714     0      0
3.87143     0      0
3.88571     0      0
3.9     0      0
3.91429     0      0
3.92857     0      0
3.94286     0      0
3.95714     0      0
3.97143     0      0
3.98571     0      0
4     0      0
4.01429     0      0
4.02857     0      0
4.04286     0      0
4.05714     0      0
4.07143     0      0
4.08571     0      0
4.1     0      0
4.11429     0      0
4.12857     0      0
4.14286     0      0
4.15714     0      0
4.17143     0      0
4.18571     0      0
4.2     0      0
4.21429     0      0
4.22857     0      0
4.24286     0      0
4.25714     0      0
4.27143     0      0
4.28571     0      0
4.3     0      0
4.31429     0      0
4.32857     0      0
4.34286     0      0
4.35714     0      0
4.37143     0      0
4.38571     0      0
4.4     0      0
4.41429     0      0
4.42857     0      0
4.44286     0      0
4.45714     0      0
4.47143     0      0
4.48571     0      0
4.5     0      0
4.51429     0      0
4.52857     0      0
4.54286     0      0
4.55714     0      0
4.57143     0      0
4.58571     0      0
4.6     0      0
4.61429     0      0
4.62857     0      0
4.64286     0      0
4.65714     0      0
4.67143     0      0
4.68571     0      0
4.7     0      0
4.71429     0      0
4.72857     0      0
4.74286     0      0
4.75714     0      0
4.77143     0      0
4.78571     0      0
4.8     0      0
4.81429     0      0
4.82857     0      0
4.84286     0      0
4.85714     0      0
4.87143     0      0
4.88571     0      0
4.9     0      0
4.91429     0      0
4.92857     0      0
4.94286     0      0
4.95714     0      0
4.97143     0      0
4.98571     0      0
