# U,mu,nA_up, nA_dn, nB_up, nB_dn, ms, mf, ntotal,mu,cint
#energy    dos_upn   dos_upp   dos_dnn  dos_dnp GRID=1000 bin=700
-5     0      0
-4.98571     0      0
-4.97143     0      0
-4.95714     0      0
-4.94286     0      0
-4.92857     0      0
-4.91429     0      0
-4.9     0      0
-4.88571     0      0
-4.87143     0      0
-4.85714     0      0
-4.84286     0      0
-4.82857     0      0
-4.81429     0      0
-4.8     0      0
-4.78571     0      0
-4.77143     0      0
-4.75714     0      0
-4.74286     0      0
-4.72857     0      0
-4.71429     0      0
-4.7     0      0
-4.68571     0      0
-4.67143     0      0
-4.65714     0      0
-4.64286     0      0
-4.62857     0      0
-4.61429     0      0
-4.6     0      0
-4.58571     0      0
-4.57143     0      0
-4.55714     0      0
-4.54286     0      0
-4.52857     0      0
-4.51429     0      0
-4.5     0      0
-4.48571     0      0
-4.47143     0      0
-4.45714     0      0
-4.44286     0      0
-4.42857     0      0
-4.41429     0      0
-4.4     0      0
-4.38571     0      0
-4.37143     0      0
-4.35714     0      0
-4.34286     0      0
-4.32857     0      0
-4.31429     0      0
-4.3     0      0
-4.28571     0      0
-4.27143     0      0
-4.25714     0      0
-4.24286     0      0
-4.22857     0      0
-4.21429     0      0
-4.2     0      0
-4.18571     0      0
-4.17143     0      0
-4.15714     0      0
-4.14286     0      0
-4.12857     0      0
-4.11429     0      0
-4.1     0      0
-4.08571     0      0
-4.07143     0      0
-4.05714     0      0
-4.04286     0      0
-4.02857     0      0
-4.01429     0      0
-4     0      0
-3.98571     0      0
-3.97143     0      0
-3.95714     0      0
-3.94286     0      0
-3.92857     0      0
-3.91429     0      0
-3.9     0      0
-3.88571     0      0
-3.87143     0      0
-3.85714     0      0
-3.84286     0      0
-3.82857     0      0
-3.81429     0      0
-3.8     0      0
-3.78571     0      0
-3.77143     0      0
-3.75714     0      0
-3.74286     0      0
-3.72857     0      0
-3.71429     0      0
-3.7     0      0
-3.68571     0      0
-3.67143     0      0
-3.65714     0      0
-3.64286     0      0
-3.62857     0      0
-3.61429     0      0
-3.6     0      0
-3.58571     0      0
-3.57143     0      0
-3.55714     0      0
-3.54286     0      0
-3.52857     0      0
-3.51429     0      0
-3.5     0      0
-3.48571     0      0
-3.47143     0      0
-3.45714     0      0
-3.44286     0      0
-3.42857     0      0
-3.41429     0      0
-3.4     0      0
-3.38571     0      0
-3.37143     0      0
-3.35714     0      0
-3.34286     0      0
-3.32857     0      0
-3.31429     0      0
-3.3     0      0
-3.28571     0      0
-3.27143     0      0
-3.25714     0      0
-3.24286     0      0
-3.22857     0      0
-3.21429     0      0
-3.2     0      0
-3.18571     0      0
-3.17143     0      0
-3.15714     0      0
-3.14286     0      0
-3.12857     0      0
-3.11429     0      0
-3.1     0      0
-3.08571     0      0
-3.07143     0      0
-3.05714     0      0
-3.04286     0      0
-3.02857     0      0
-3.01429     0      0
-3     0      0
-2.98571     0      0
-2.97143     0      0
-2.95714     0      0
-2.94286     0      0
-2.92857     0      0
-2.91429     0      0
-2.9     0      0
-2.88571     0      0
-2.87143     0      0
-2.85714     0      0
-2.84286     0      0
-2.82857     0      0
-2.81429     0      0
-2.8     0      0
-2.78571     0      0
-2.77143     0      0
-2.75714     0      0
-2.74286     0      0
-2.72857     0      0
-2.71429     0      0
-2.7     0      0
-2.68571     0      0
-2.67143     0      0
-2.65714     0      0
-2.64286     0      0
-2.62857     0      0
-2.61429     0      0
-2.6     0      0
-2.58571     0      0
-2.57143     0      0
-2.55714     0      0
-2.54286     0      0
-2.52857     0      0
-2.51429     0      0
-2.5     0      0
-2.48571     0      0
-2.47143     0      0
-2.45714     0      0
-2.44286     0      0
-2.42857     0      0
-2.41429     0      0
-2.4     0      0
-2.38571     0      0
-2.37143     0      0
-2.35714     0      0
-2.34286     0      0
-2.32857     0      0
-2.31429     0      0
-2.3     0      0
-2.28571     0      0
-2.27143     0      0
-2.25714     0      0
-2.24286     0      0
-2.22857     0      0
-2.21429     0      0
-2.2     0      0
-2.18571     0      0
-2.17143     0      0
-2.15714     0      0
-2.14286     0      0
-2.12857     0      0
-2.11429     0      0
-2.1     0      0
-2.08571     0      0
-2.07143     0      0
-2.05714     0      0
-2.04286     1.61763e-202      0
-2.02857     5.13305e-201      0
-2.01429     8.96857e-196      0
-2     2.0435e-194      0
-1.98571     2.05114e-194      0
-1.97143     2.06918e-194      0
-1.95714     8.77772e-189      0
-1.94286     8.14626e-188      0
-1.92857     8.17402e-188      0
-1.91429     8.22675e-188      0
-1.9     7.10821e-182      0
-1.88571     3.24851e-181      0
-1.87143     3.26739e-181      0
-1.85714     3.26295e-181      0
-1.84286     4.85501e-175      0
-1.82857     1.29319e-174      0
-1.81429     1.30518e-174      0
-1.8     1.30518e-174      0
-1.78571     2.92966e-168      0
-1.77143     5.19052e-168      0
-1.75714     5.17631e-168      0
-1.74286     5.22782e-168      0
-1.72857     1.64864e-161      0
-1.71429     0.0007405      0
-1.7     0.005718      0
-1.68571     0.005726      0
-1.67143     0.005728      0
-1.65714     0.005782      0
-1.64286     0.005772      0
-1.62857     0.005816      0
-1.61429     0.005832      0
-1.6     0.005834      0
-1.58571     0.005864      0
-1.57143     0.005898      0
-1.55714     0.005898      0
-1.54286     0.00593      0
-1.52857     0.005966      0
-1.51429     0.005974      0
-1.5     0.006      0
-1.48571     0.006044      0
-1.47143     0.006046      0
-1.45714     0.006048      0
-1.44286     0.006118      0
-1.42857     0.006102      0
-1.41429     0.006168      0
-1.4     0.006184      0
-1.38571     0.00619      0
-1.37143     0.006224      0
-1.35714     0.006254      0
-1.34286     0.006278      0
-1.32857     0.00629      0
-1.31429     0.006346      0
-1.3     0.006382      0
-1.28571     0.006376      0
-1.27143     0.006388      0
-1.25714     0.006478      0
-1.24286     0.006454      0
-1.22857     0.006512      0
-1.21429     0.006536      0
-1.2     0.00659      0
-1.18571     0.006626      0
-1.17143     0.006612      0
-1.15714     0.006658      0
-1.14286     0.006732      0
-1.12857     0.006718      0
-1.11429     0.00677      0
-1.1     0.006798      0
-1.08571     0.006838      0
-1.07143     0.006908      0
-1.05714     0.006922      0
-1.04286     0.00695      0
-1.02857     0.006982      0
-1.01429     0.007054      0
-1     0.007058      0
-0.985714     0.00713      0
-0.971429     0.00714      0
-0.957143     0.007218      0
-0.942857     0.007246      0
-0.928571     0.007278      0
-0.914286     0.007352      0
-0.9     0.007398      0
-0.885714     0.007422      0
-0.871429     0.007456      0
-0.857143     0.007566      0
-0.842857     0.007578      0
-0.828571     0.007602      0
-0.814286     0.00768      0
-0.8     0.007766      0
-0.785714     0.007798      0
-0.771429     0.007864      0
-0.757143     0.007918      0
-0.742857     0.007966      0
-0.728571     0.008044      0
-0.714286     0.008072      0
-0.7     0.008242      0
-0.685714     0.008214      0
-0.671429     0.00835      0
-0.657143     0.008356      0
-0.642857     0.00846      0
-0.628571     0.008586      0
-0.614286     0.008604      0
-0.6     0.00867      0
-0.585714     0.008844      0
-0.571429     0.008884      0
-0.557143     0.009008      0
-0.542857     0.009044      0
-0.528571     0.009216      0
-0.514286     0.009302      0
-0.5     0.009406      0
-0.485714     0.00956      0
-0.471429     0.009642      0
-0.457143     0.009782      0
-0.442857     0.009946      0
-0.428571     0.010064      0
-0.414286     0.010252      0
-0.4     0.01043      0
-0.385714     0.010662      0
-0.371429     0.010812      0
-0.357143     0.011092      0
-0.342857     0.011326      0
-0.328571     0.01166      0
-0.314286     0.01206      0
-0.3     0.01225      0
-0.285714     0.012746      0
-0.271429     0.013246      0
-0.257143     0.013948      0
-0.242857     0.015092      0
-0.228571     0.016666      0
-0.214286     0.020562      0
-0.2     0.0387625      0
-0.185714     0.019372      0
-0.171429     0.01484      0
-0.157143     0.012458      0
-0.142857     0.010922      0
-0.128571     0.00972      0
-0.114286     0.008802      0
-0.1     0.008048      0
-0.0857143     0.007312      0
-0.0714286     0.006734      0
-0.0571429     0.006216      0
-0.0428571     0.005692      0
-0.0285714     0.00526      0
-0.0142857     0.004796      0.0004525
0     0.000475      0.0158
0.0142857     0      0.011992
0.0285714     0      0.01082
0.0428571     0      0.010208
0.0571429     0      0.009886
0.0714286     0      0.009762
0.0857143     0      0.009716
0.1     0      0.009766
0.114286     0      0.009898
0.128571     0      0.010098
0.142857     0      0.010438
0.157143     0      0.010898
0.171429     0      0.011616
0.185714     0      0.013737
0.2     0      0.013522
0.214286     0      0.011672
0.228571     0      0.010968
0.242857     0      0.010478
0.257143     0      0.0101
0.271429     0      0.009776
0.285714     0      0.009582
0.3     0      0.009302
0.314286     0      0.009164
0.328571     0      0.008966
0.342857     0      0.00884
0.357143     0      0.008658
0.371429     0      0.00852
0.385714     0      0.00841
0.4     0      0.008278
0.414286     0      0.008192
0.428571     0      0.008112
0.442857     0      0.00793
0.457143     0      0.007916
0.471429     0      0.007756
0.485714     0      0.00769
0.5     0      0.007598
0.514286     0      0.007556
0.528571     0      0.007434
0.542857     0      0.007368
0.557143     0      0.007324
0.571429     0      0.00726
0.585714     0      0.0071
0.6     0      0.00713
0.614286     0      0.007
0.628571     0      0.006986
0.642857     0      0.006912
0.657143     0      0.006842
0.671429     0      0.006776
0.685714     0      0.006716
0.7     0      0.00671
0.714286     0      0.006596
0.728571     0      0.006584
0.742857     0      0.006484
0.757143     0      0.00649
0.771429     0      0.00642
0.785714     0      0.006388
0.8     0      0.006312
0.814286     0      0.006246
0.828571     0      0.006236
0.842857     0      0.006176
0.857143     0      0.006166
0.871429     0      0.006108
0.885714     0      0.006034
0.9     0      0.006038
0.914286     0      0.005932
0.928571     0      0.005956
0.942857     0      0.005904
0.957143     0      0.005846
0.971429     0      0.005836
0.985714     0      0.005758
1     0      0.005754
1.01429     0      0.005716
1.02857     0      0.005676
1.04286     0      0.005642
1.05714     0      0.005598
1.07143     0      0.00557
1.08571     0      0.005504
1.1     0      0.00552
1.11429     0      0.005518
1.12857     0      0.00543
1.14286     0      0.005368
1.15714     0      0.005406
1.17143     0      0.005332
1.18571     0      0.00535
1.2     0      0.005296
1.21429     0      0.005248
1.22857     0      0.005232
1.24286     0      0.005184
1.25714     0      0.005162
1.27143     0      0.00516
1.28571     0      0.005166
1.3     0      0.005074
1.31429     0      0.00505
1.32857     0      0.005032
1.34286     0      0.005022
1.35714     0      0.005004
1.37143     0      0.004978
1.38571     0      0.004938
1.4     0      0.004924
1.41429     0      0.004874
1.42857     0      0.004876
1.44286     0      0.00484
1.45714     0      0.00483
1.47143     0      0.004752
1.48571     0      0.004802
1.5     0      0.004778
1.51429     0      0.004706
1.52857     0      0.004694
1.54286     0      0.004694
1.55714     0      0.004656
1.57143     0      0.00465
1.58571     0      0.004606
1.6     0      0.004594
1.61429     0      0.004616
1.62857     0      0.004536
1.64286     0      0.004514
1.65714     0      0.004538
1.67143     0      0.004504
1.68571     0      0.00449
1.7     0      0.004446
1.71429     0      0.004444
1.72857     0      0.004418
1.74286     0      0.004412
1.75714     0      0.004362
1.77143     0      0.004372
1.78571     0      0.004374
1.8     0      0.004294
1.81429     0      0.004308
1.82857     0      0.0043
1.84286     0      0.004298
1.85714     0      0.00424
1.87143     0      0.004246
1.88571     0      0.00422
1.9     0      0.004204
1.91429     0      0.00419
1.92857     0      0.004162
1.94286     0      0.004152
1.95714     0      0.004164
1.97143     0      0.004114
1.98571     0      0.0041
2     0      0.004096
2.01429     0      0.004088
2.02857     0      0.004052
2.04286     0      0.004052
2.05714     0      0.004026
2.07143     0      0.004014
2.08571     0      0.004028
2.1     0      0.003978
2.11429     0      0.003962
2.12857     0      0.00394
2.14286     0      0.003952
2.15714     0      0.003918
2.17143     0      0.003924
2.18571     0      0.00391
2.2     0      0.003866
2.21429     0      0.003882
2.22857     0      0.003842
2.24286     0      0.003844
2.25714     0      0.003832
2.27143     0      0.003812
2.28571     0      0.003812
2.3     0      0.0008045
2.31429     0      4.59571e-30
2.32857     0      7.23878e-44
2.34286     0      6.40297e-63
2.35714     0      4.69327e-76
2.37143     0      2.78056e-83
2.38571     0      6.69249e-96
2.4     0      8.21893e-103
2.41429     0      4.15605e-110
2.42857     0      4.97166e-122
2.44286     0      1.30985e-128
2.45714     0      3.47609e-135
2.47143     0      3.49792e-135
2.48571     0      1.01181e-135
2.5     0      0
2.51429     0      0
2.52857     0      0
2.54286     0      0
2.55714     0      0
2.57143     0      0
2.58571     0      0
2.6     0      0
2.61429     0      0
2.62857     0      0
2.64286     0      0
2.65714     0      0
2.67143     0      0
2.68571     0      0
2.7     0      0
2.71429     0      0
2.72857     0      0
2.74286     0      0
2.75714     0      0
2.77143     0      0
2.78571     0      0
2.8     0      0
2.81429     0      0
2.82857     0      0
2.84286     0      0
2.85714     0      0
2.87143     0      0
2.88571     0      0
2.9     0      0
2.91429     0      0
2.92857     0      0
2.94286     0      0
2.95714     0      0
2.97143     0      0
2.98571     0      0
3     0      0
3.01429     0      0
3.02857     0      0
3.04286     0      0
3.05714     0      0
3.07143     0      0
3.08571     0      0
3.1     0      0
3.11429     0      0
3.12857     0      0
3.14286     0      0
3.15714     0      0
3.17143     0      0
3.18571     0      0
3.2     0      0
3.21429     0      0
3.22857     0      0
3.24286     0      0
3.25714     0      0
3.27143     0      0
3.28571     0      0
3.3     0      0
3.31429     0      0
3.32857     0      0
3.34286     0      0
3.35714     0      0
3.37143     0      0
3.38571     0      0
3.4     0      0
3.41429     0      0
3.42857     0      0
3.44286     0      0
3.45714     0      0
3.47143     0      0
3.48571     0      0
3.5     0      0
3.51429     0      0
3.52857     0      0
3.54286     0      0
3.55714     0      0
3.57143     0      0
3.58571     0      0
3.6     0      0
3.61429     0      0
3.62857     0      0
3.64286     0      0
3.65714     0      0
3.67143     0      0
3.68571     0      0
3.7     0      0
3.71429     0      0
3.72857     0      0
3.74286     0      0
3.75714     0      0
3.77143     0      0
3.78571     0      0
3.8     0      0
3.81429     0      0
3.82857     0      0
3.84286     0      0
3.85714     0      0
3.87143     0      0
3.88571     0      0
3.9     0      0
3.91429     0      0
3.92857     0      0
3.94286     0      0
3.95714     0      0
3.97143     0      0
3.98571     0      0
4     0      0
4.01429     0      0
4.02857     0      0
4.04286     0      0
4.05714     0      0
4.07143     0      0
4.08571     0      0
4.1     0      0
4.11429     0      0
4.12857     0      0
4.14286     0      0
4.15714     0      0
4.17143     0      0
4.18571     0      0
4.2     0      0
4.21429     0      0
4.22857     0      0
4.24286     0      0
4.25714     0      0
4.27143     0      0
4.28571     0      0
4.3     0      0
4.31429     0      0
4.32857     0      0
4.34286     0      0
4.35714     0      0
4.37143     0      0
4.38571     0      0
4.4     0      0
4.41429     0      0
4.42857     0      0
4.44286     0      0
4.45714     0      0
4.47143     0      0
4.48571     0      0
4.5     0      0
4.51429     0      0
4.52857     0      0
4.54286     0      0
4.55714     0      0
4.57143     0      0
4.58571     0      0
4.6     0      0
4.61429     0      0
4.62857     0      0
4.64286     0      0
4.65714     0      0
4.67143     0      0
4.68571     0      0
4.7     0      0
4.71429     0      0
4.72857     0      0
4.74286     0      0
4.75714     0      0
4.77143     0      0
4.78571     0      0
4.8     0      0
4.81429     0      0
4.82857     0      0
4.84286     0      0
4.85714     0      0
4.87143     0      0
4.88571     0      0
4.9     0      0
4.91429     0      0
4.92857     0      0
4.94286     0      0
4.95714     0      0
4.97143     0      0
4.98571     0      0
