# U,mu,nA_up, nA_dn, nB_up, nB_dn, ms, mf, ntotal,mu,cint
#energy    dos_upn   dos_upp   dos_dnn  dos_dnp GRID=1000 bin=700
-5     0      0
-4.98571     0      0
-4.97143     0      0
-4.95714     0      0
-4.94286     0      0
-4.92857     0      0
-4.91429     0      0
-4.9     0      0
-4.88571     0      0
-4.87143     0      0
-4.85714     0      0
-4.84286     0      0
-4.82857     0      0
-4.81429     0      0
-4.8     0      0
-4.78571     0      0
-4.77143     0      0
-4.75714     0      0
-4.74286     0      0
-4.72857     0      0
-4.71429     0      0
-4.7     0      0
-4.68571     0      0
-4.67143     0      0
-4.65714     0      0
-4.64286     0      0
-4.62857     0      0
-4.61429     0      0
-4.6     0      0
-4.58571     0      0
-4.57143     0      0
-4.55714     0      0
-4.54286     0      0
-4.52857     0      0
-4.51429     0      0
-4.5     0      0
-4.48571     0      0
-4.47143     0      0
-4.45714     0      0
-4.44286     0      0
-4.42857     0      0
-4.41429     0      0
-4.4     0      0
-4.38571     0      0
-4.37143     0      0
-4.35714     0      0
-4.34286     0      0
-4.32857     0      0
-4.31429     0      0
-4.3     0      0
-4.28571     0      0
-4.27143     0      0
-4.25714     0      0
-4.24286     0      0
-4.22857     0      0
-4.21429     0      0
-4.2     0      0
-4.18571     0      0
-4.17143     0      0
-4.15714     0      0
-4.14286     0      0
-4.12857     0      0
-4.11429     0      0
-4.1     0      0
-4.08571     0      0
-4.07143     0      0
-4.05714     0      0
-4.04286     0      0
-4.02857     0      0
-4.01429     0      0
-4     0      0
-3.98571     0      0
-3.97143     0      0
-3.95714     0      0
-3.94286     0      0
-3.92857     0      0
-3.91429     0      0
-3.9     0      0
-3.88571     0      0
-3.87143     0      0
-3.85714     0      0
-3.84286     0      0
-3.82857     0      0
-3.81429     0      0
-3.8     0      0
-3.78571     0      0
-3.77143     0      0
-3.75714     0      0
-3.74286     0      0
-3.72857     0      0
-3.71429     0      0
-3.7     0      0
-3.68571     0      0
-3.67143     0      0
-3.65714     0      0
-3.64286     0      0
-3.62857     0      0
-3.61429     0      0
-3.6     0      0
-3.58571     0      0
-3.57143     0      0
-3.55714     0      0
-3.54286     0      0
-3.52857     0      0
-3.51429     0      0
-3.5     0      0
-3.48571     0      0
-3.47143     0      0
-3.45714     0      0
-3.44286     0      0
-3.42857     0      0
-3.41429     0      0
-3.4     0      0
-3.38571     0      0
-3.37143     0      0
-3.35714     0      0
-3.34286     0      0
-3.32857     0      0
-3.31429     0      0
-3.3     0      0
-3.28571     0      0
-3.27143     0      0
-3.25714     0      0
-3.24286     0      0
-3.22857     0      0
-3.21429     0      0
-3.2     0      0
-3.18571     0      0
-3.17143     0      0
-3.15714     0      0
-3.14286     0      0
-3.12857     0      0
-3.11429     0      0
-3.1     0      0
-3.08571     0      0
-3.07143     0      0
-3.05714     0      0
-3.04286     0      0
-3.02857     0      0
-3.01429     0      0
-3     0      0
-2.98571     0      0
-2.97143     0      0
-2.95714     0      0
-2.94286     0      0
-2.92857     0      0
-2.91429     0      0
-2.9     0      0
-2.88571     0      0
-2.87143     0      0
-2.85714     0      0
-2.84286     0      0
-2.82857     0      0
-2.81429     0      0
-2.8     0      0
-2.78571     0      0
-2.77143     0      0
-2.75714     0      0
-2.74286     0      0
-2.72857     0      0
-2.71429     0      0
-2.7     0      0
-2.68571     0      0
-2.67143     0      0
-2.65714     0      0
-2.64286     0      0
-2.62857     0      0
-2.61429     0      0
-2.6     0      0
-2.58571     0      0
-2.57143     0      0
-2.55714     0      0
-2.54286     0      0
-2.52857     0      0
-2.51429     0      0
-2.5     0      0
-2.48571     0      0
-2.47143     0      0
-2.45714     0      0
-2.44286     0      0
-2.42857     0      0
-2.41429     0      0
-2.4     0      0
-2.38571     0      0
-2.37143     0      0
-2.35714     0      0
-2.34286     0      0
-2.32857     0      0
-2.31429     0      0
-2.3     0      0
-2.28571     0      0
-2.27143     0      0
-2.25714     0      0
-2.24286     0      0
-2.22857     0      0
-2.21429     0      0
-2.2     0      0
-2.18571     0      0
-2.17143     0      0
-2.15714     0      0
-2.14286     0      0
-2.12857     0      0
-2.11429     0      0
-2.1     0      0
-2.08571     0      0
-2.07143     0      0
-2.05714     0      0
-2.04286     4.55322e-44      0
-2.02857     1.44482e-42      0
-2.01429     2.52443e-37      0
-2     5.75195e-36      0
-1.98571     5.77344e-36      0
-1.97143     5.82422e-36      0
-1.95714     2.47071e-30      0
-1.94286     2.29297e-29      0
-1.92857     2.30078e-29      0
-1.91429     2.31563e-29      0
-1.9     2.00078e-23      0
-1.88571     9.14375e-23      0
-1.87143     9.19688e-23      0
-1.85714     9.18438e-23      0
-1.84286     1.36656e-16      0
-1.82857     3.64e-16      0
-1.81429     3.67375e-16      0
-1.8     3.67375e-16      0
-1.78571     8.24625e-10      0
-1.77143     1.461e-09      0
-1.75714     1.457e-09      0
-1.74286     1.4715e-09      0
-1.72857     0.0046405      0
-1.71429     0.005824      0
-1.7     0.005834      0
-1.68571     0.005866      0
-1.67143     0.005876      0
-1.65714     0.005916      0
-1.64286     0.005928      0
-1.62857     0.005962      0
-1.61429     0.005988      0
-1.6     0.005996      0
-1.58571     0.006014      0
-1.57143     0.006046      0
-1.55714     0.006092      0
-1.54286     0.006106      0
-1.52857     0.00614      0
-1.51429     0.00614      0
-1.5     0.006216      0
-1.48571     0.006224      0
-1.47143     0.006228      0
-1.45714     0.006278      0
-1.44286     0.00629      0
-1.42857     0.006354      0
-1.41429     0.006344      0
-1.4     0.006378      0
-1.38571     0.006436      0
-1.37143     0.006442      0
-1.35714     0.006512      0
-1.34286     0.006538      0
-1.32857     0.006554      0
-1.31429     0.006604      0
-1.3     0.00663      0
-1.28571     0.006652      0
-1.27143     0.006722      0
-1.25714     0.006712      0
-1.24286     0.00679      0
-1.22857     0.00682      0
-1.21429     0.00687      0
-1.2     0.006902      0
-1.18571     0.006948      0
-1.17143     0.006998      0
-1.15714     0.006996      0
-1.14286     0.00709      0
-1.12857     0.007116      0
-1.11429     0.007162      0
-1.1     0.007246      0
-1.08571     0.007266      0
-1.07143     0.007322      0
-1.05714     0.007396      0
-1.04286     0.007434      0
-1.02857     0.007474      0
-1.01429     0.007564      0
-1     0.007606      0
-0.985714     0.007646      0
-0.971429     0.007766      0
-0.957143     0.007786      0
-0.942857     0.007826      0
-0.928571     0.008006      0
-0.914286     0.008022      0
-0.9     0.008082      0
-0.885714     0.00817      0
-0.871429     0.008218      0
-0.857143     0.008364      0
-0.842857     0.00845      0
-0.828571     0.00854      0
-0.814286     0.008626      0
-0.8     0.008744      0
-0.785714     0.008846      0
-0.771429     0.008984      0
-0.757143     0.009044      0
-0.742857     0.009214      0
-0.728571     0.00936      0
-0.714286     0.009508      0
-0.7     0.009698      0
-0.685714     0.00982      0
-0.671429     0.010012      0
-0.657143     0.01023      0
-0.642857     0.01041      0
-0.628571     0.010628      0
-0.614286     0.010962      0
-0.6     0.011248      0
-0.585714     0.011532      0
-0.571429     0.011938      0
-0.557143     0.012362      0
-0.542857     0.012838      0
-0.528571     0.013482      0
-0.514286     0.014178      0
-0.5     0.015094      0
-0.485714     0.016196      0
-0.471429     0.018564      0
-0.457143     0.022098      0
-0.442857     0.0581025      0
-0.428571     0.03381      0
-0.414286     0.024486      0
-0.4     0.020242      0
-0.385714     0.017574      0
-0.371429     0.01564      0
-0.357143     0.014196      0
-0.342857     0.013088      0
-0.328571     0.01208      0
-0.314286     0.011292      0
-0.3     0.010566      0
-0.285714     0.009962      0
-0.271429     0.009396      0
-0.257143     0.008874      0
-0.242857     0.000717      0
-0.228571     0      0
-0.214286     0      0
-0.2     0      0
-0.185714     0      0
-0.171429     0      0
-0.157143     0      0
-0.142857     0      0
-0.128571     0      0
-0.114286     0      0
-0.1     0      0
-0.0857143     0      0
-0.0714286     0      0
-0.0571429     0      0
-0.0428571     0      0
-0.0285714     0      0
-0.0142857     0      0
0     0      0
0.0142857     0      0
0.0285714     0      0
0.0428571     0      0
0.0571429     0      0
0.0714286     0      0
0.0857143     0      0
0.1     0      1.36353e-43
0.114286     0      6.31299e-36
0.128571     0      1.86406e-35
0.142857     0      6.09238e-29
0.157143     0      3.94141e-23
0.171429     0      3.03125e-22
0.185714     0      4.78032e-16
0.2     0      1.14413e-15
0.214286     0      2.58663e-09
0.228571     0      4.435e-09
0.242857     0      0.0109665
0.257143     0      0.01739
0.271429     0      0.015502
0.285714     0      0.014526
0.3     0      0.01386
0.314286     0      0.013482
0.328571     0      0.01332
0.342857     0      0.013262
0.357143     0      0.013362
0.371429     0      0.013532
0.385714     0      0.013844
0.4     0      0.014396
0.414286     0      0.015224
0.428571     0      0.017062
0.442857     0      0.020993
0.457143     0      0.016378
0.471429     0      0.01426
0.485714     0      0.013154
0.5     0      0.012308
0.514286     0      0.011652
0.528571     0      0.01114
0.542857     0      0.010718
0.557143     0      0.010274
0.571429     0      0.00998
0.585714     0      0.009738
0.6     0      0.009388
0.614286     0      0.009204
0.628571     0      0.009
0.642857     0      0.008776
0.657143     0      0.008608
0.671429     0      0.008462
0.685714     0      0.008254
0.7     0      0.008156
0.714286     0      0.008006
0.728571     0      0.00783
0.742857     0      0.007812
0.757143     0      0.007586
0.771429     0      0.007554
0.785714     0      0.007406
0.8     0      0.007356
0.814286     0      0.00726
0.828571     0      0.007118
0.842857     0      0.007056
0.857143     0      0.007004
0.871429     0      0.006872
0.885714     0      0.00683
0.9     0      0.006744
0.914286     0      0.006706
0.928571     0      0.006618
0.942857     0      0.006566
0.957143     0      0.006444
0.971429     0      0.006466
0.985714     0      0.006324
1     0      0.006326
1.01429     0      0.00626
1.02857     0      0.006198
1.04286     0      0.006152
1.05714     0      0.006078
1.07143     0      0.006052
1.08571     0      0.006006
1.1     0      0.005944
1.11429     0      0.005906
1.12857     0      0.005856
1.14286     0      0.005814
1.15714     0      0.005752
1.17143     0      0.005738
1.18571     0      0.005704
1.2     0      0.005622
1.21429     0      0.00562
1.22857     0      0.005586
1.24286     0      0.005516
1.25714     0      0.005482
1.27143     0      0.005464
1.28571     0      0.005426
1.3     0      0.005388
1.31429     0      0.005358
1.32857     0      0.005312
1.34286     0      0.005322
1.35714     0      0.005246
1.37143     0      0.005212
1.38571     0      0.005174
1.4     0      0.005176
1.41429     0      0.005114
1.42857     0      0.00509
1.44286     0      0.005084
1.45714     0      0.005038
1.47143     0      0.005014
1.48571     0      0.004968
1.5     0      0.004966
1.51429     0      0.00491
1.52857     0      0.004914
1.54286     0      0.004868
1.55714     0      0.004878
1.57143     0      0.004816
1.58571     0      0.004798
1.6     0      0.004756
1.61429     0      0.004746
1.62857     0      0.00478
1.64286     0      0.004674
1.65714     0      0.004662
1.67143     0      0.00467
1.68571     0      0.00464
1.7     0      0.004598
1.71429     0      0.004608
1.72857     0      0.004554
1.74286     0      0.004588
1.75714     0      0.004478
1.77143     0      0.004512
1.78571     0      0.004498
1.8     0      0.004444
1.81429     0      0.004456
1.82857     0      0.004396
1.84286     0      0.004396
1.85714     0      0.004388
1.87143     0      0.004366
1.88571     0      0.004344
1.9     0      0.004316
1.91429     0      0.004314
1.92857     0      0.004274
1.94286     0      0.004268
1.95714     0      0.004248
1.97143     0      0.004238
1.98571     0      0.004208
2     0      0.004184
2.01429     0      0.004192
2.02857     0      0.00418
2.04286     0      0.004126
2.05714     0      0.004128
2.07143     0      0.004104
2.08571     0      0.00408
2.1     0      0.004092
2.11429     0      0.004054
2.12857     0      0.004038
2.14286     0      0.004046
2.15714     0      0.003986
2.17143     0      0.004014
2.18571     0      0.003972
2.2     0      0.003968
2.21429     0      0.003954
2.22857     0      0.00393
2.24286     0      0.00394
2.25714     0      0.003882
2.27143     0      0.003908
2.28571     0      0.00388
2.3     0      0.003846
2.31429     0      0.003848
2.32857     0      0.0013505
2.34286     0      0
2.35714     0      0
2.37143     0      0
2.38571     0      0
2.4     0      0
2.41429     0      0
2.42857     0      0
2.44286     0      0
2.45714     0      0
2.47143     0      0
2.48571     0      0
2.5     0      0
2.51429     0      0
2.52857     0      0
2.54286     0      0
2.55714     0      0
2.57143     0      0
2.58571     0      0
2.6     0      0
2.61429     0      0
2.62857     0      0
2.64286     0      0
2.65714     0      0
2.67143     0      0
2.68571     0      0
2.7     0      0
2.71429     0      0
2.72857     0      0
2.74286     0      0
2.75714     0      0
2.77143     0      0
2.78571     0      0
2.8     0      0
2.81429     0      0
2.82857     0      0
2.84286     0      0
2.85714     0      0
2.87143     0      0
2.88571     0      0
2.9     0      0
2.91429     0      0
2.92857     0      0
2.94286     0      0
2.95714     0      0
2.97143     0      0
2.98571     0      0
3     0      0
3.01429     0      0
3.02857     0      0
3.04286     0      0
3.05714     0      0
3.07143     0      0
3.08571     0      0
3.1     0      0
3.11429     0      0
3.12857     0      0
3.14286     0      0
3.15714     0      0
3.17143     0      0
3.18571     0      0
3.2     0      0
3.21429     0      0
3.22857     0      0
3.24286     0      0
3.25714     0      0
3.27143     0      0
3.28571     0      0
3.3     0      0
3.31429     0      0
3.32857     0      0
3.34286     0      0
3.35714     0      0
3.37143     0      0
3.38571     0      0
3.4     0      0
3.41429     0      0
3.42857     0      0
3.44286     0      0
3.45714     0      0
3.47143     0      0
3.48571     0      0
3.5     0      0
3.51429     0      0
3.52857     0      0
3.54286     0      0
3.55714     0      0
3.57143     0      0
3.58571     0      0
3.6     0      0
3.61429     0      0
3.62857     0      0
3.64286     0      0
3.65714     0      0
3.67143     0      0
3.68571     0      0
3.7     0      0
3.71429     0      0
3.72857     0      0
3.74286     0      0
3.75714     0      0
3.77143     0      0
3.78571     0      0
3.8     0      0
3.81429     0      0
3.82857     0      0
3.84286     0      0
3.85714     0      0
3.87143     0      0
3.88571     0      0
3.9     0      0
3.91429     0      0
3.92857     0      0
3.94286     0      0
3.95714     0      0
3.97143     0      0
3.98571     0      0
4     0      0
4.01429     0      0
4.02857     0      0
4.04286     0      0
4.05714     0      0
4.07143     0      0
4.08571     0      0
4.1     0      0
4.11429     0      0
4.12857     0      0
4.14286     0      0
4.15714     0      0
4.17143     0      0
4.18571     0      0
4.2     0      0
4.21429     0      0
4.22857     0      0
4.24286     0      0
4.25714     0      0
4.27143     0      0
4.28571     0      0
4.3     0      0
4.31429     0      0
4.32857     0      0
4.34286     0      0
4.35714     0      0
4.37143     0      0
4.38571     0      0
4.4     0      0
4.41429     0      0
4.42857     0      0
4.44286     0      0
4.45714     0      0
4.47143     0      0
4.48571     0      0
4.5     0      0
4.51429     0      0
4.52857     0      0
4.54286     0      0
4.55714     0      0
4.57143     0      0
4.58571     0      0
4.6     0      0
4.61429     0      0
4.62857     0      0
4.64286     0      0
4.65714     0      0
4.67143     0      0
4.68571     0      0
4.7     0      0
4.71429     0      0
4.72857     0      0
4.74286     0      0
4.75714     0      0
4.77143     0      0
4.78571     0      0
4.8     0      0
4.81429     0      0
4.82857     0      0
4.84286     0      0
4.85714     0      0
4.87143     0      0
4.88571     0      0
4.9     0      0
4.91429     0      0
4.92857     0      0
4.94286     0      0
4.95714     0      0
4.97143     0      0
4.98571     0      0
