# U,mu,nA_up, nA_dn, nB_up, nB_dn, ms, mf, ntotal,mu,cint
#energy    dos_upn   dos_upp   dos_dnn  dos_dnp GRID=1000 bin=700
-5     0      0
-4.98571     0      0
-4.97143     0      0
-4.95714     0      0
-4.94286     0      0
-4.92857     0      0
-4.91429     0      0
-4.9     0      0
-4.88571     0      0
-4.87143     0      0
-4.85714     0      0
-4.84286     0      0
-4.82857     0      0
-4.81429     0      0
-4.8     0      0
-4.78571     0      0
-4.77143     0      0
-4.75714     0      0
-4.74286     0      0
-4.72857     0      0
-4.71429     0      0
-4.7     0      0
-4.68571     0      0
-4.67143     0      0
-4.65714     0      0
-4.64286     0      0
-4.62857     0      0
-4.61429     0      0
-4.6     0      0
-4.58571     0      0
-4.57143     0      0
-4.55714     0      0
-4.54286     0      0
-4.52857     0      0
-4.51429     0      0
-4.5     0      0
-4.48571     0      0
-4.47143     0      0
-4.45714     0      0
-4.44286     0      0
-4.42857     0      0
-4.41429     0      0
-4.4     0      0
-4.38571     0      0
-4.37143     0      0
-4.35714     0      0
-4.34286     0      0
-4.32857     0      0
-4.31429     0      0
-4.3     0      0
-4.28571     0      0
-4.27143     0      0
-4.25714     0      0
-4.24286     0      0
-4.22857     0      0
-4.21429     0      0
-4.2     0      0
-4.18571     0      0
-4.17143     0      0
-4.15714     0      0
-4.14286     0      0
-4.12857     0      0
-4.11429     0      0
-4.1     0      0
-4.08571     0      0
-4.07143     0      0
-4.05714     0      0
-4.04286     0      0
-4.02857     0      0
-4.01429     0      0
-4     0      0
-3.98571     0      0
-3.97143     0      0
-3.95714     0      0
-3.94286     0      0
-3.92857     0      0
-3.91429     0      0
-3.9     0      0
-3.88571     0      0
-3.87143     0      0
-3.85714     0      0
-3.84286     0      0
-3.82857     0      0
-3.81429     0      0
-3.8     0      0
-3.78571     0      0
-3.77143     0      0
-3.75714     0      0
-3.74286     0      0
-3.72857     0      0
-3.71429     0      0
-3.7     0      0
-3.68571     0      0
-3.67143     0      0
-3.65714     0      0
-3.64286     0      0
-3.62857     0      0
-3.61429     0      0
-3.6     0      0
-3.58571     0      0
-3.57143     0      0
-3.55714     0      0
-3.54286     0      0
-3.52857     0      0
-3.51429     0      0
-3.5     0      0
-3.48571     0      0
-3.47143     0      0
-3.45714     0      0
-3.44286     0      0
-3.42857     0      0
-3.41429     0      0
-3.4     0      0
-3.38571     0      0
-3.37143     0      0
-3.35714     0      0
-3.34286     0      0
-3.32857     0      0
-3.31429     0      0
-3.3     0      0
-3.28571     0      0
-3.27143     0      0
-3.25714     0      0
-3.24286     0      0
-3.22857     0      0
-3.21429     0      0
-3.2     0      0
-3.18571     0      0
-3.17143     0      0
-3.15714     0      0
-3.14286     0      0
-3.12857     0      0
-3.11429     0      0
-3.1     0      0
-3.08571     0      0
-3.07143     0      0
-3.05714     0      0
-3.04286     0      0
-3.02857     0      0
-3.01429     0      0
-3     0      0
-2.98571     0      0
-2.97143     0      0
-2.95714     0      0
-2.94286     0      0
-2.92857     0      0
-2.91429     0      0
-2.9     0      0
-2.88571     0      0
-2.87143     0      0
-2.85714     0      0
-2.84286     0      0
-2.82857     0      0
-2.81429     0      0
-2.8     0      0
-2.78571     0      0
-2.77143     0      0
-2.75714     0      0
-2.74286     0      0
-2.72857     0      0
-2.71429     0      0
-2.7     0      0
-2.68571     0      0
-2.67143     0      0
-2.65714     0      0
-2.64286     0      0
-2.62857     0      0
-2.61429     0      0
-2.6     0      0
-2.58571     0      0
-2.57143     0      0
-2.55714     0      0
-2.54286     0      0
-2.52857     0      0
-2.51429     0      0
-2.5     0      0
-2.48571     0      0
-2.47143     0      0
-2.45714     0      0
-2.44286     0      0
-2.42857     0      0
-2.41429     0      0
-2.4     0      0
-2.38571     0      0
-2.37143     0      0
-2.35714     0      0
-2.34286     0      0
-2.32857     0      0
-2.31429     0      0
-2.3     0      0
-2.28571     0      0
-2.27143     0      0
-2.25714     0      0
-2.24286     0      0
-2.22857     0      0
-2.21429     0      0
-2.2     0      0
-2.18571     0      0
-2.17143     0      0
-2.15714     0      0
-2.14286     0      0
-2.12857     0      0
-2.11429     0      0
-2.1     0      0
-2.08571     0      0
-2.07143     0      0
-2.05714     0      0
-2.04286     1.06013e-149      0
-2.02857     3.36399e-148      0
-2.01429     5.87764e-143      0
-2     1.33923e-141      0
-1.98571     1.34423e-141      0
-1.97143     1.35606e-141      0
-1.95714     5.75257e-136      0
-1.94286     5.33874e-135      0
-1.92857     5.35693e-135      0
-1.91429     5.39149e-135      0
-1.9     4.65844e-129      0
-1.88571     2.12895e-128      0
-1.87143     2.14131e-128      0
-1.85714     2.1384e-128      0
-1.84286     3.18178e-122      0
-1.82857     8.47504e-122      0
-1.81429     8.55362e-122      0
-1.8     8.55362e-122      0
-1.78571     1.91998e-115      0
-1.77143     3.40166e-115      0
-1.75714     3.39234e-115      0
-1.74286     3.4261e-115      0
-1.72857     1.08045e-108      0
-1.71429     1.35601e-108      0
-1.7     1.35833e-108      0
-1.68571     3.37606e-103      0
-1.67143     0.0041105      0
-1.65714     0.005714      0
-1.64286     0.00575      0
-1.62857     0.005766      0
-1.61429     0.005778      0
-1.6     0.005814      0
-1.58571     0.005822      0
-1.57143     0.005848      0
-1.55714     0.005866      0
-1.54286     0.005886      0
-1.52857     0.005932      0
-1.51429     0.005926      0
-1.5     0.005946      0
-1.48571     0.00599      0
-1.47143     0.006006      0
-1.45714     0.006008      0
-1.44286     0.006044      0
-1.42857     0.00609      0
-1.41429     0.006114      0
-1.4     0.006142      0
-1.38571     0.00615      0
-1.37143     0.006152      0
-1.35714     0.006206      0
-1.34286     0.006238      0
-1.32857     0.006226      0
-1.31429     0.00631      0
-1.3     0.006326      0
-1.28571     0.006342      0
-1.27143     0.006336      0
-1.25714     0.006394      0
-1.24286     0.006432      0
-1.22857     0.006474      0
-1.21429     0.0065      0
-1.2     0.00648      0
-1.18571     0.00656      0
-1.17143     0.006534      0
-1.15714     0.006666      0
-1.14286     0.006648      0
-1.12857     0.006666      0
-1.11429     0.00672      0
-1.1     0.00675      0
-1.08571     0.006792      0
-1.07143     0.006796      0
-1.05714     0.00685      0
-1.04286     0.006884      0
-1.02857     0.006962      0
-1.01429     0.00695      0
-1     0.007016      0
-0.985714     0.00706      0
-0.971429     0.007054      0
-0.957143     0.007178      0
-0.942857     0.007182      0
-0.928571     0.007202      0
-0.914286     0.007276      0
-0.9     0.007294      0
-0.885714     0.00738      0
-0.871429     0.007394      0
-0.857143     0.007448      0
-0.842857     0.007512      0
-0.828571     0.007578      0
-0.814286     0.00761      0
-0.8     0.007652      0
-0.785714     0.007766      0
-0.771429     0.007762      0
-0.757143     0.00785      0
-0.742857     0.007938      0
-0.728571     0.00793      0
-0.714286     0.008012      0
-0.7     0.008106      0
-0.685714     0.008122      0
-0.671429     0.008302      0
-0.657143     0.008268      0
-0.642857     0.008426      0
-0.628571     0.008442      0
-0.614286     0.008566      0
-0.6     0.008592      0
-0.585714     0.008696      0
-0.571429     0.00885      0
-0.557143     0.0089      0
-0.542857     0.009004      0
-0.528571     0.009116      0
-0.514286     0.009232      0
-0.5     0.00934      0
-0.485714     0.009426      0
-0.471429     0.009636      0
-0.457143     0.009728      0
-0.442857     0.009862      0
-0.428571     0.010006      0
-0.414286     0.010166      0
-0.4     0.010422      0
-0.385714     0.010634      0
-0.371429     0.010772      0
-0.357143     0.011084      0
-0.342857     0.01129      0
-0.328571     0.011556      0
-0.314286     0.011896      0
-0.3     0.012314      0
-0.285714     0.013182      0
-0.271429     0.013404      0
-0.257143     0.014126      0
-0.242857     0.015516      0
-0.228571     0.017204      0
-0.214286     0.0223005      0
-0.2     0.042822      0
-0.185714     0.020936      0
-0.171429     0.016188      0
-0.157143     0.013698      0
-0.142857     0.011928      0
-0.128571     0.010722      0
-0.114286     0.0097      0
-0.1     0.00886      0
-0.0857143     0.00818      0
-0.0714286     0.007518      0
-0.0571429     0.006986      0
-0.0428571     0.006504      0
-0.0285714     0.005982      0
-0.0142857     0.005499      0
0     0      0
0.0142857     0      0
0.0285714     0      0
0.0428571     0      0
0.0571429     0      0
0.0714286     0      0.0135305
0.0857143     0      0.01357
0.1     0      0.012004
0.114286     0      0.011206
0.128571     0      0.010798
0.142857     0      0.010556
0.157143     0      0.010456
0.171429     0      0.010464
0.185714     0      0.010556
0.2     0      0.010698
0.214286     0      0.011052
0.228571     0      0.011448
0.242857     0      0.0122
0.257143     0      0.01368
0.271429     0      0.015639
0.285714     0      0.01259
0.3     0      0.011616
0.314286     0      0.01095
0.328571     0      0.010548
0.342857     0      0.0101
0.357143     0      0.009776
0.371429     0      0.009568
0.385714     0      0.009308
0.4     0      0.009124
0.414286     0      0.00894
0.428571     0      0.008754
0.442857     0      0.008638
0.457143     0      0.008442
0.471429     0      0.00834
0.485714     0      0.008234
0.5     0      0.008124
0.514286     0      0.007984
0.528571     0      0.007882
0.542857     0      0.007746
0.557143     0      0.007718
0.571429     0      0.007576
0.585714     0      0.007544
0.6     0      0.007456
0.614286     0      0.007312
0.628571     0      0.007284
0.642857     0      0.007236
0.657143     0      0.0071
0.671429     0      0.007046
0.685714     0      0.007048
0.7     0      0.006918
0.714286     0      0.006862
0.728571     0      0.006796
0.742857     0      0.006728
0.757143     0      0.006722
0.771429     0      0.0066
0.785714     0      0.006592
0.8     0      0.006528
0.814286     0      0.006446
0.828571     0      0.006452
0.842857     0      0.006352
0.857143     0      0.006326
0.871429     0      0.006284
0.885714     0      0.006188
0.9     0      0.006214
0.914286     0      0.00612
0.928571     0      0.006108
0.942857     0      0.006078
0.957143     0      0.005962
0.971429     0      0.00598
0.985714     0      0.005918
1     0      0.0059
1.01429     0      0.00586
1.02857     0      0.00583
1.04286     0      0.005744
1.05714     0      0.005722
1.07143     0      0.005686
1.08571     0      0.00568
1.1     0      0.005608
1.11429     0      0.005602
1.12857     0      0.00557
1.14286     0      0.005518
1.15714     0      0.005492
1.17143     0      0.005448
1.18571     0      0.00545
1.2     0      0.005392
1.21429     0      0.00536
1.22857     0      0.005328
1.24286     0      0.005284
1.25714     0      0.005282
1.27143     0      0.005264
1.28571     0      0.005234
1.3     0      0.00515
1.31429     0      0.005174
1.32857     0      0.005136
1.34286     0      0.005094
1.35714     0      0.005088
1.37143     0      0.005066
1.38571     0      0.005032
1.4     0      0.004994
1.41429     0      0.004946
1.42857     0      0.004962
1.44286     0      0.004906
1.45714     0      0.004908
1.47143     0      0.004866
1.48571     0      0.004856
1.5     0      0.00481
1.51429     0      0.00483
1.52857     0      0.004764
1.54286     0      0.004762
1.55714     0      0.004726
1.57143     0      0.004724
1.58571     0      0.004732
1.6     0      0.004642
1.61429     0      0.004646
1.62857     0      0.004608
1.64286     0      0.004598
1.65714     0      0.00459
1.67143     0      0.004576
1.68571     0      0.004526
1.7     0      0.004526
1.71429     0      0.004508
1.72857     0      0.004482
1.74286     0      0.004442
1.75714     0      0.004452
1.77143     0      0.004422
1.78571     0      0.004408
1.8     0      0.004398
1.81429     0      0.004376
1.82857     0      0.004356
1.84286     0      0.004298
1.85714     0      0.004326
1.87143     0      0.004304
1.88571     0      0.004264
1.9     0      0.004282
1.91429     0      0.004244
1.92857     0      0.004226
1.94286     0      0.004184
1.95714     0      0.00419
1.97143     0      0.004168
1.98571     0      0.004172
2     0      0.004122
2.01429     0      0.004156
2.02857     0      0.004104
2.04286     0      0.004078
2.05714     0      0.004088
2.07143     0      0.004084
2.08571     0      0.00404
2.1     0      0.004032
2.11429     0      0.00401
2.12857     0      0.003974
2.14286     0      0.004004
2.15714     0      0.003986
2.17143     0      0.003942
2.18571     0      0.003934
2.2     0      0.003928
2.21429     0      0.003922
2.22857     0      0.00389
2.24286     0      0.00389
2.25714     0      0.003878
2.27143     0      0.00387
2.28571     0      0.003824
2.3     0      0.003834
2.31429     0      0.00382
2.32857     0      0.0035805
2.34286     0      4.19625e-10
2.35714     0      3.07578e-23
2.37143     0      1.82227e-30
2.38571     0      4.38599e-43
2.4     0      5.38636e-50
2.41429     0      2.72371e-57
2.42857     0      3.25823e-69
2.44286     0      8.58426e-76
2.45714     0      2.27809e-82
2.47143     0      2.29239e-82
2.48571     0      6.63102e-83
2.5     0      0
2.51429     0      0
2.52857     0      0
2.54286     0      0
2.55714     0      0
2.57143     0      0
2.58571     0      0
2.6     0      0
2.61429     0      0
2.62857     0      0
2.64286     0      0
2.65714     0      0
2.67143     0      0
2.68571     0      0
2.7     0      0
2.71429     0      0
2.72857     0      0
2.74286     0      0
2.75714     0      0
2.77143     0      0
2.78571     0      0
2.8     0      0
2.81429     0      0
2.82857     0      0
2.84286     0      0
2.85714     0      0
2.87143     0      0
2.88571     0      0
2.9     0      0
2.91429     0      0
2.92857     0      0
2.94286     0      0
2.95714     0      0
2.97143     0      0
2.98571     0      0
3     0      0
3.01429     0      0
3.02857     0      0
3.04286     0      0
3.05714     0      0
3.07143     0      0
3.08571     0      0
3.1     0      0
3.11429     0      0
3.12857     0      0
3.14286     0      0
3.15714     0      0
3.17143     0      0
3.18571     0      0
3.2     0      0
3.21429     0      0
3.22857     0      0
3.24286     0      0
3.25714     0      0
3.27143     0      0
3.28571     0      0
3.3     0      0
3.31429     0      0
3.32857     0      0
3.34286     0      0
3.35714     0      0
3.37143     0      0
3.38571     0      0
3.4     0      0
3.41429     0      0
3.42857     0      0
3.44286     0      0
3.45714     0      0
3.47143     0      0
3.48571     0      0
3.5     0      0
3.51429     0      0
3.52857     0      0
3.54286     0      0
3.55714     0      0
3.57143     0      0
3.58571     0      0
3.6     0      0
3.61429     0      0
3.62857     0      0
3.64286     0      0
3.65714     0      0
3.67143     0      0
3.68571     0      0
3.7     0      0
3.71429     0      0
3.72857     0      0
3.74286     0      0
3.75714     0      0
3.77143     0      0
3.78571     0      0
3.8     0      0
3.81429     0      0
3.82857     0      0
3.84286     0      0
3.85714     0      0
3.87143     0      0
3.88571     0      0
3.9     0      0
3.91429     0      0
3.92857     0      0
3.94286     0      0
3.95714     0      0
3.97143     0      0
3.98571     0      0
4     0      0
4.01429     0      0
4.02857     0      0
4.04286     0      0
4.05714     0      0
4.07143     0      0
4.08571     0      0
4.1     0      0
4.11429     0      0
4.12857     0      0
4.14286     0      0
4.15714     0      0
4.17143     0      0
4.18571     0      0
4.2     0      0
4.21429     0      0
4.22857     0      0
4.24286     0      0
4.25714     0      0
4.27143     0      0
4.28571     0      0
4.3     0      0
4.31429     0      0
4.32857     0      0
4.34286     0      0
4.35714     0      0
4.37143     0      0
4.38571     0      0
4.4     0      0
4.41429     0      0
4.42857     0      0
4.44286     0      0
4.45714     0      0
4.47143     0      0
4.48571     0      0
4.5     0      0
4.51429     0      0
4.52857     0      0
4.54286     0      0
4.55714     0      0
4.57143     0      0
4.58571     0      0
4.6     0      0
4.61429     0      0
4.62857     0      0
4.64286     0      0
4.65714     0      0
4.67143     0      0
4.68571     0      0
4.7     0      0
4.71429     0      0
4.72857     0      0
4.74286     0      0
4.75714     0      0
4.77143     0      0
4.78571     0      0
4.8     0      0
4.81429     0      0
4.82857     0      0
4.84286     0      0
4.85714     0      0
4.87143     0      0
4.88571     0      0
4.9     0      0
4.91429     0      0
4.92857     0      0
4.94286     0      0
4.95714     0      0
4.97143     0      0
4.98571     0      0
