# U,mu,nA_up, nA_dn, nB_up, nB_dn, ms, mf, ntotal,mu,cint
#energy    dos_upn   dos_upp   dos_dnn  dos_dnp GRID=1000 bin=700
-5     0      0
-4.98571     0      0
-4.97143     0      0
-4.95714     0      0
-4.94286     0      0
-4.92857     0      0
-4.91429     0      0
-4.9     0      0
-4.88571     0      0
-4.87143     0      0
-4.85714     0      0
-4.84286     0      0
-4.82857     0      0
-4.81429     0      0
-4.8     0      0
-4.78571     0      0
-4.77143     0      0
-4.75714     0      0
-4.74286     0      0
-4.72857     0      0
-4.71429     0      0
-4.7     0      0
-4.68571     0      0
-4.67143     0      0
-4.65714     0      0
-4.64286     0      0
-4.62857     0      0
-4.61429     0      0
-4.6     0      0
-4.58571     0      0
-4.57143     0      0
-4.55714     0      0
-4.54286     0      0
-4.52857     0      0
-4.51429     0      0
-4.5     0      0
-4.48571     0      0
-4.47143     0      0
-4.45714     0      0
-4.44286     0      0
-4.42857     0      0
-4.41429     0      0
-4.4     0      0
-4.38571     0      0
-4.37143     0      0
-4.35714     0      0
-4.34286     0      0
-4.32857     0      0
-4.31429     0      0
-4.3     0      0
-4.28571     0      0
-4.27143     0      0
-4.25714     0      0
-4.24286     0      0
-4.22857     0      0
-4.21429     0      0
-4.2     0      0
-4.18571     0      0
-4.17143     0      0
-4.15714     0      0
-4.14286     0      0
-4.12857     0      0
-4.11429     0      0
-4.1     0      0
-4.08571     0      0
-4.07143     0      0
-4.05714     0      0
-4.04286     0      0
-4.02857     0      0
-4.01429     0      0
-4     0      0
-3.98571     0      0
-3.97143     0      0
-3.95714     0      0
-3.94286     0      0
-3.92857     0      0
-3.91429     0      0
-3.9     0      0
-3.88571     0      0
-3.87143     0      0
-3.85714     0      0
-3.84286     0      0
-3.82857     0      0
-3.81429     0      0
-3.8     0      0
-3.78571     0      0
-3.77143     0      0
-3.75714     0      0
-3.74286     0      0
-3.72857     0      0
-3.71429     0      0
-3.7     0      0
-3.68571     0      0
-3.67143     0      0
-3.65714     0      0
-3.64286     0      0
-3.62857     0      0
-3.61429     0      0
-3.6     0      0
-3.58571     0      0
-3.57143     0      0
-3.55714     0      0
-3.54286     0      0
-3.52857     0      0
-3.51429     0      0
-3.5     0      0
-3.48571     0      0
-3.47143     0      0
-3.45714     0      0
-3.44286     0      0
-3.42857     0      0
-3.41429     0      0
-3.4     0      0
-3.38571     0      0
-3.37143     0      0
-3.35714     0      0
-3.34286     0      0
-3.32857     0      0
-3.31429     0      0
-3.3     0      0
-3.28571     0      0
-3.27143     0      0
-3.25714     0      0
-3.24286     0      0
-3.22857     0      0
-3.21429     0      0
-3.2     0      0
-3.18571     0      0
-3.17143     0      0
-3.15714     0      0
-3.14286     0      0
-3.12857     0      0
-3.11429     0      0
-3.1     0      0
-3.08571     0      0
-3.07143     0      0
-3.05714     0      0
-3.04286     0      0
-3.02857     0      0
-3.01429     0      0
-3     0      0
-2.98571     0      0
-2.97143     0      0
-2.95714     0      0
-2.94286     0      0
-2.92857     0      0
-2.91429     0      0
-2.9     0      0
-2.88571     0      0
-2.87143     0      0
-2.85714     0      0
-2.84286     0      0
-2.82857     0      0
-2.81429     0      0
-2.8     0      0
-2.78571     0      0
-2.77143     0      0
-2.75714     0      0
-2.74286     0      0
-2.72857     0      0
-2.71429     0      0
-2.7     0      0
-2.68571     0      0
-2.67143     0      0
-2.65714     0      0
-2.64286     0      0
-2.62857     0      0
-2.61429     0      0
-2.6     0      0
-2.58571     0      0
-2.57143     0      0
-2.55714     0      0
-2.54286     0      0
-2.52857     0      0
-2.51429     0      0
-2.5     0      0
-2.48571     0      0
-2.47143     0      0
-2.45714     0      0
-2.44286     0      0
-2.42857     0      0
-2.41429     0      0
-2.4     0      0
-2.38571     0      0
-2.37143     0      0
-2.35714     0      0
-2.34286     0      0
-2.32857     0      0
-2.31429     0      0
-2.3     0      0
-2.28571     0      0
-2.27143     0      0
-2.25714     0      0
-2.24286     0      0
-2.22857     0      0
-2.21429     0      0
-2.2     0      0
-2.18571     0      0
-2.17143     0      0
-2.15714     0      0
-2.14286     0      0
-2.12857     0      0
-2.11429     0      0
-2.1     0      0
-2.08571     0      0
-2.07143     0      0
-2.05714     0      0
-2.04286     1.82129e-37      0
-2.02857     5.7793e-36      0
-2.01429     1.00977e-30      0
-2     2.30078e-29      0
-1.98571     2.30938e-29      0
-1.97143     2.32969e-29      0
-1.95714     9.88284e-24      0
-1.94286     9.17188e-23      0
-1.92857     9.20313e-23      0
-1.91429     9.2625e-23      0
-1.9     8.00313e-17      0
-1.88571     3.6575e-16      0
-1.87143     3.67875e-16      0
-1.85714     3.67375e-16      0
-1.84286     5.46625e-10      0
-1.82857     1.456e-09      0
-1.81429     1.4695e-09      0
-1.8     1.4695e-09      0
-1.78571     0.0032985      0
-1.77143     0.005844      0
-1.75714     0.005828      0
-1.74286     0.005886      0
-1.72857     0.005882      0
-1.71429     0.005928      0
-1.7     0.005948      0
-1.68571     0.005972      0
-1.67143     0.005994      0
-1.65714     0.006008      0
-1.64286     0.006042      0
-1.62857     0.006058      0
-1.61429     0.006092      0
-1.6     0.006118      0
-1.58571     0.006152      0
-1.57143     0.006186      0
-1.55714     0.006198      0
-1.54286     0.006228      0
-1.52857     0.006274      0
-1.51429     0.006274      0
-1.5     0.006316      0
-1.48571     0.006356      0
-1.47143     0.00638      0
-1.45714     0.00642      0
-1.44286     0.006418      0
-1.42857     0.006488      0
-1.41429     0.00651      0
-1.4     0.00655      0
-1.38571     0.006586      0
-1.37143     0.00662      0
-1.35714     0.006652      0
-1.34286     0.006694      0
-1.32857     0.006708      0
-1.31429     0.006764      0
-1.3     0.006824      0
-1.28571     0.006848      0
-1.27143     0.00691      0
-1.25714     0.00692      0
-1.24286     0.006982      0
-1.22857     0.006984      0
-1.21429     0.007068      0
-1.2     0.007136      0
-1.18571     0.007146      0
-1.17143     0.007196      0
-1.15714     0.007282      0
-1.14286     0.007304      0
-1.12857     0.007366      0
-1.11429     0.007434      0
-1.1     0.00749      0
-1.08571     0.007566      0
-1.07143     0.007574      0
-1.05714     0.007672      0
-1.04286     0.007722      0
-1.02857     0.00779      0
-1.01429     0.007854      0
-1     0.007944      0
-0.985714     0.008032      0
-0.971429     0.008082      0
-0.957143     0.008146      0
-0.942857     0.008284      0
-0.928571     0.008354      0
-0.914286     0.008418      0
-0.9     0.008576      0
-0.885714     0.008602      0
-0.871429     0.008764      0
-0.857143     0.00878      0
-0.842857     0.009022      0
-0.828571     0.009088      0
-0.814286     0.009232      0
-0.8     0.009372      0
-0.785714     0.009528      0
-0.771429     0.009656      0
-0.757143     0.009878      0
-0.742857     0.010052      0
-0.728571     0.010222      0
-0.714286     0.010486      0
-0.7     0.010698      0
-0.685714     0.010982      0
-0.671429     0.011288      0
-0.657143     0.011596      0
-0.642857     0.011986      0
-0.628571     0.01241      0
-0.614286     0.012926      0
-0.6     0.013566      0
-0.585714     0.014244      0
-0.571429     0.015198      0
-0.557143     0.016812      0
-0.542857     0.01834      0
-0.528571     0.022242      0
-0.514286     0.0598625      0
-0.5     0.034436      0
-0.485714     0.025088      0
-0.471429     0.020696      0
-0.457143     0.017976      0
-0.442857     0.016042      0
-0.428571     0.014604      0
-0.414286     0.013378      0
-0.4     0.012446      0
-0.385714     0.011604      0
-0.371429     0.010878      0
-0.357143     0.010202      0
-0.342857     0.00967      0
-0.328571     0.009148      0
-0.314286     0.000423      0
-0.3     0      0
-0.285714     0      0
-0.271429     0      0
-0.257143     0      0
-0.242857     0      0
-0.228571     0      0
-0.214286     0      0
-0.2     0      0
-0.185714     0      0
-0.171429     0      0
-0.157143     0      0
-0.142857     0      0
-0.128571     0      0
-0.114286     0      0
-0.1     0      0
-0.0857143     0      0
-0.0714286     0      0
-0.0571429     0      0
-0.0428571     0      0
-0.0285714     0      0
-0.0142857     0      0
0     0      0
0.0142857     0      0
0.0285714     0      0
0.0428571     0      0
0.0571429     0      0
0.0714286     0      0
0.0857143     0      0
0.1     0      5.4541e-37
0.114286     0      2.5252e-29
0.128571     0      7.45625e-29
0.142857     0      2.43695e-22
0.157143     0      1.57657e-16
0.171429     0      1.2125e-15
0.185714     0      1.91213e-09
0.2     0      4.5765e-09
0.214286     0      0.0103465
0.228571     0      0.01774
0.242857     0      0.01578
0.257143     0      0.014734
0.271429     0      0.014048
0.285714     0      0.013778
0.3     0      0.01357
0.314286     0      0.01349
0.328571     0      0.01357
0.342857     0      0.013754
0.357143     0      0.014082
0.371429     0      0.01462
0.385714     0      0.015524
0.4     0      0.017242
0.414286     0      0.021449
0.428571     0      0.016774
0.442857     0      0.01458
0.457143     0      0.013366
0.471429     0      0.012474
0.485714     0      0.01184
0.5     0      0.011284
0.514286     0      0.010822
0.528571     0      0.010446
0.542857     0      0.010092
0.557143     0      0.009774
0.571429     0      0.009504
0.585714     0      0.009274
0.6     0      0.009046
0.614286     0      0.008848
0.628571     0      0.00868
0.642857     0      0.00852
0.657143     0      0.00829
0.671429     0      0.008184
0.685714     0      0.008042
0.7     0      0.00789
0.714286     0      0.007768
0.728571     0      0.00773
0.742857     0      0.007522
0.757143     0      0.007442
0.771429     0      0.007362
0.785714     0      0.007218
0.8     0      0.007224
0.814286     0      0.00706
0.828571     0      0.00699
0.842857     0      0.006892
0.857143     0      0.00684
0.871429     0      0.006776
0.885714     0      0.006678
0.9     0      0.00662
0.914286     0      0.006538
0.928571     0      0.006534
0.942857     0      0.006414
0.957143     0      0.006384
0.971429     0      0.00629
0.985714     0      0.00624
1     0      0.00619
1.01429     0      0.00614
1.02857     0      0.006106
1.04286     0      0.006032
1.05714     0      0.005982
1.07143     0      0.005984
1.08571     0      0.005878
1.1     0      0.00586
1.11429     0      0.005822
1.12857     0      0.00574
1.14286     0      0.005758
1.15714     0      0.005658
1.17143     0      0.005632
1.18571     0      0.005598
1.2     0      0.005564
1.21429     0      0.005502
1.22857     0      0.005508
1.24286     0      0.005434
1.25714     0      0.00542
1.27143     0      0.005378
1.28571     0      0.005374
1.3     0      0.005264
1.31429     0      0.00529
1.32857     0      0.005232
1.34286     0      0.005226
1.35714     0      0.005198
1.37143     0      0.005124
1.38571     0      0.005114
1.4     0      0.005086
1.41429     0      0.00506
1.42857     0      0.005034
1.44286     0      0.005018
1.45714     0      0.004952
1.47143     0      0.00497
1.48571     0      0.004908
1.5     0      0.004906
1.51429     0      0.004836
1.52857     0      0.004858
1.54286     0      0.00479
1.55714     0      0.00482
1.57143     0      0.00475
1.58571     0      0.004724
1.6     0      0.004722
1.61429     0      0.004688
1.62857     0      0.00469
1.64286     0      0.004618
1.65714     0      0.004644
1.67143     0      0.004598
1.68571     0      0.00458
1.7     0      0.004526
1.71429     0      0.00454
1.72857     0      0.004498
1.74286     0      0.004514
1.75714     0      0.004472
1.77143     0      0.004442
1.78571     0      0.004416
1.8     0      0.004436
1.81429     0      0.004358
1.82857     0      0.004388
1.84286     0      0.004342
1.85714     0      0.004336
1.87143     0      0.004298
1.88571     0      0.004296
1.9     0      0.004274
1.91429     0      0.004268
1.92857     0      0.004204
1.94286     0      0.004272
1.95714     0      0.004162
1.97143     0      0.004176
1.98571     0      0.004204
2     0      0.004132
2.01429     0      0.004128
2.02857     0      0.004102
2.04286     0      0.0041
2.05714     0      0.004076
2.07143     0      0.004092
2.08571     0      0.004022
2.1     0      0.004034
2.11429     0      0.004018
2.12857     0      0.003996
2.14286     0      0.003998
2.15714     0      0.003956
2.17143     0      0.003982
2.18571     0      0.003916
2.2     0      0.003924
2.21429     0      0.003908
2.22857     0      0.00391
2.24286     0      0.003866
2.25714     0      0.003864
2.27143     0      0.003848
2.28571     0      0.0004665
2.3     0      0
2.31429     0      0
2.32857     0      0
2.34286     0      0
2.35714     0      0
2.37143     0      0
2.38571     0      0
2.4     0      0
2.41429     0      0
2.42857     0      0
2.44286     0      0
2.45714     0      0
2.47143     0      0
2.48571     0      0
2.5     0      0
2.51429     0      0
2.52857     0      0
2.54286     0      0
2.55714     0      0
2.57143     0      0
2.58571     0      0
2.6     0      0
2.61429     0      0
2.62857     0      0
2.64286     0      0
2.65714     0      0
2.67143     0      0
2.68571     0      0
2.7     0      0
2.71429     0      0
2.72857     0      0
2.74286     0      0
2.75714     0      0
2.77143     0      0
2.78571     0      0
2.8     0      0
2.81429     0      0
2.82857     0      0
2.84286     0      0
2.85714     0      0
2.87143     0      0
2.88571     0      0
2.9     0      0
2.91429     0      0
2.92857     0      0
2.94286     0      0
2.95714     0      0
2.97143     0      0
2.98571     0      0
3     0      0
3.01429     0      0
3.02857     0      0
3.04286     0      0
3.05714     0      0
3.07143     0      0
3.08571     0      0
3.1     0      0
3.11429     0      0
3.12857     0      0
3.14286     0      0
3.15714     0      0
3.17143     0      0
3.18571     0      0
3.2     0      0
3.21429     0      0
3.22857     0      0
3.24286     0      0
3.25714     0      0
3.27143     0      0
3.28571     0      0
3.3     0      0
3.31429     0      0
3.32857     0      0
3.34286     0      0
3.35714     0      0
3.37143     0      0
3.38571     0      0
3.4     0      0
3.41429     0      0
3.42857     0      0
3.44286     0      0
3.45714     0      0
3.47143     0      0
3.48571     0      0
3.5     0      0
3.51429     0      0
3.52857     0      0
3.54286     0      0
3.55714     0      0
3.57143     0      0
3.58571     0      0
3.6     0      0
3.61429     0      0
3.62857     0      0
3.64286     0      0
3.65714     0      0
3.67143     0      0
3.68571     0      0
3.7     0      0
3.71429     0      0
3.72857     0      0
3.74286     0      0
3.75714     0      0
3.77143     0      0
3.78571     0      0
3.8     0      0
3.81429     0      0
3.82857     0      0
3.84286     0      0
3.85714     0      0
3.87143     0      0
3.88571     0      0
3.9     0      0
3.91429     0      0
3.92857     0      0
3.94286     0      0
3.95714     0      0
3.97143     0      0
3.98571     0      0
4     0      0
4.01429     0      0
4.02857     0      0
4.04286     0      0
4.05714     0      0
4.07143     0      0
4.08571     0      0
4.1     0      0
4.11429     0      0
4.12857     0      0
4.14286     0      0
4.15714     0      0
4.17143     0      0
4.18571     0      0
4.2     0      0
4.21429     0      0
4.22857     0      0
4.24286     0      0
4.25714     0      0
4.27143     0      0
4.28571     0      0
4.3     0      0
4.31429     0      0
4.32857     0      0
4.34286     0      0
4.35714     0      0
4.37143     0      0
4.38571     0      0
4.4     0      0
4.41429     0      0
4.42857     0      0
4.44286     0      0
4.45714     0      0
4.47143     0      0
4.48571     0      0
4.5     0      0
4.51429     0      0
4.52857     0      0
4.54286     0      0
4.55714     0      0
4.57143     0      0
4.58571     0      0
4.6     0      0
4.61429     0      0
4.62857     0      0
4.64286     0      0
4.65714     0      0
4.67143     0      0
4.68571     0      0
4.7     0      0
4.71429     0      0
4.72857     0      0
4.74286     0      0
4.75714     0      0
4.77143     0      0
4.78571     0      0
4.8     0      0
4.81429     0      0
4.82857     0      0
4.84286     0      0
4.85714     0      0
4.87143     0      0
4.88571     0      0
4.9     0      0
4.91429     0      0
4.92857     0      0
4.94286     0      0
4.95714     0      0
4.97143     0      0
4.98571     0      0
