# U,mu,nA_up, nA_dn, nB_up, nB_dn, ms, mf, ntotal,mu,cint
#energy    dos_upn   dos_upp   dos_dnn  dos_dnp GRID=1000 bin=700
-5     0      0
-4.98571     0      0
-4.97143     0      0
-4.95714     0      0
-4.94286     0      0
-4.92857     0      0
-4.91429     0      0
-4.9     0      0
-4.88571     0      0
-4.87143     0      0
-4.85714     0      0
-4.84286     0      0
-4.82857     0      0
-4.81429     0      0
-4.8     0      0
-4.78571     0      0
-4.77143     0      0
-4.75714     0      0
-4.74286     0      0
-4.72857     0      0
-4.71429     0      0
-4.7     0      0
-4.68571     0      0
-4.67143     0      0
-4.65714     0      0
-4.64286     0      0
-4.62857     0      0
-4.61429     0      0
-4.6     0      0
-4.58571     0      0
-4.57143     0      0
-4.55714     0      0
-4.54286     0      0
-4.52857     0      0
-4.51429     0      0
-4.5     0      0
-4.48571     0      0
-4.47143     0      0
-4.45714     0      0
-4.44286     0      0
-4.42857     0      0
-4.41429     0      0
-4.4     0      0
-4.38571     0      0
-4.37143     0      0
-4.35714     0      0
-4.34286     0      0
-4.32857     0      0
-4.31429     0      0
-4.3     0      0
-4.28571     0      0
-4.27143     0      0
-4.25714     0      0
-4.24286     0      0
-4.22857     0      0
-4.21429     0      0
-4.2     0      0
-4.18571     0      0
-4.17143     0      0
-4.15714     0      0
-4.14286     0      0
-4.12857     0      0
-4.11429     0      0
-4.1     0      0
-4.08571     0      0
-4.07143     0      0
-4.05714     0      0
-4.04286     0      0
-4.02857     0      0
-4.01429     0      0
-4     0      0
-3.98571     0      0
-3.97143     0      0
-3.95714     0      0
-3.94286     0      0
-3.92857     0      0
-3.91429     0      0
-3.9     0      0
-3.88571     0      0
-3.87143     0      0
-3.85714     0      0
-3.84286     0      0
-3.82857     0      0
-3.81429     0      0
-3.8     0      0
-3.78571     0      0
-3.77143     0      0
-3.75714     0      0
-3.74286     0      0
-3.72857     0      0
-3.71429     0      0
-3.7     0      0
-3.68571     0      0
-3.67143     0      0
-3.65714     0      0
-3.64286     0      0
-3.62857     0      0
-3.61429     0      0
-3.6     0      0
-3.58571     0      0
-3.57143     0      0
-3.55714     0      0
-3.54286     0      0
-3.52857     0      0
-3.51429     0      0
-3.5     0      0
-3.48571     0      0
-3.47143     0      0
-3.45714     0      0
-3.44286     0      0
-3.42857     0      0
-3.41429     0      0
-3.4     0      0
-3.38571     0      0
-3.37143     0      0
-3.35714     0      0
-3.34286     0      0
-3.32857     0      0
-3.31429     0      0
-3.3     0      0
-3.28571     0      0
-3.27143     0      0
-3.25714     0      0
-3.24286     0      0
-3.22857     0      0
-3.21429     0      0
-3.2     0      0
-3.18571     0      0
-3.17143     0      0
-3.15714     0      0
-3.14286     0      0
-3.12857     0      0
-3.11429     0      0
-3.1     0      0
-3.08571     0      0
-3.07143     0      0
-3.05714     0      0
-3.04286     0      0
-3.02857     0      0
-3.01429     0      0
-3     0      0
-2.98571     0      0
-2.97143     0      0
-2.95714     0      0
-2.94286     0      0
-2.92857     0      0
-2.91429     0      0
-2.9     0      0
-2.88571     0      0
-2.87143     0      0
-2.85714     0      0
-2.84286     0      0
-2.82857     0      0
-2.81429     0      0
-2.8     0      0
-2.78571     0      0
-2.77143     0      0
-2.75714     0      0
-2.74286     0      0
-2.72857     0      0
-2.71429     0      0
-2.7     0      0
-2.68571     0      0
-2.67143     0      0
-2.65714     0      0
-2.64286     0      0
-2.62857     0      0
-2.61429     0      0
-2.6     0      0
-2.58571     0      0
-2.57143     0      0
-2.55714     0      0
-2.54286     0      0
-2.52857     0      0
-2.51429     0      0
-2.5     0      0
-2.48571     0      0
-2.47143     0      0
-2.45714     0      0
-2.44286     0      0
-2.42857     0      0
-2.41429     0      0
-2.4     0      0
-2.38571     0      0
-2.37143     0      0
-2.35714     0      0
-2.34286     0      0
-2.32857     0      0
-2.31429     0      0
-2.3     0      0
-2.28571     0      0
-2.27143     0      0
-2.25714     0      0
-2.24286     0      0
-2.22857     0      0
-2.21429     0      0
-2.2     0      0
-2.18571     0      0
-2.17143     0      0
-2.15714     0      0
-2.14286     0      0
-2.12857     0      0
-2.11429     0      0
-2.1     0      0
-2.08571     0      0
-2.07143     0      0
-2.05714     0      0
-2.04286     4.14113e-176      0
-2.02857     1.31406e-174      0
-2.01429     2.29595e-169      0
-2     5.23137e-168      0
-1.98571     5.25091e-168      0
-1.97143     5.2971e-168      0
-1.95714     2.2471e-162      0
-1.94286     2.08544e-161      0
-1.92857     2.09255e-161      0
-1.91429     2.10605e-161      0
-1.9     1.8197e-155      0
-1.88571     8.31619e-155      0
-1.87143     8.36451e-155      0
-1.85714     8.35314e-155      0
-1.84286     1.24288e-148      0
-1.82857     3.31056e-148      0
-1.81429     3.34126e-148      0
-1.8     3.34126e-148      0
-1.78571     7.49992e-142      0
-1.77143     1.32877e-141      0
-1.75714     1.32513e-141      0
-1.74286     1.33832e-141      0
-1.72857     4.22051e-135      0
-1.71429     5.2969e-135      0
-1.7     0.0009005      0
-1.68571     0.00571      0
-1.67143     0.005738      0
-1.65714     0.005744      0
-1.64286     0.00577      0
-1.62857     0.005768      0
-1.61429     0.00582      0
-1.6     0.00583      0
-1.58571     0.005862      0
-1.57143     0.00586      0
-1.55714     0.005886      0
-1.54286     0.005936      0
-1.52857     0.00592      0
-1.51429     0.005958      0
-1.5     0.005992      0
-1.48571     0.006026      0
-1.47143     0.00603      0
-1.45714     0.006056      0
-1.44286     0.00607      0
-1.42857     0.006112      0
-1.41429     0.006126      0
-1.4     0.006138      0
-1.38571     0.006164      0
-1.37143     0.006186      0
-1.35714     0.006252      0
-1.34286     0.006286      0
-1.32857     0.006292      0
-1.31429     0.00631      0
-1.3     0.00632      0
-1.28571     0.006386      0
-1.27143     0.006396      0
-1.25714     0.006426      0
-1.24286     0.006452      0
-1.22857     0.006496      0
-1.21429     0.006508      0
-1.2     0.006572      0
-1.18571     0.006568      0
-1.17143     0.006614      0
-1.15714     0.006648      0
-1.14286     0.006676      0
-1.12857     0.006702      0
-1.11429     0.006748      0
-1.1     0.006766      0
-1.08571     0.00685      0
-1.07143     0.006852      0
-1.05714     0.006888      0
-1.04286     0.00691      0
-1.02857     0.007008      0
-1.01429     0.007002      0
-1     0.007002      0
-0.985714     0.007132      0
-0.971429     0.00713      0
-0.957143     0.007182      0
-0.942857     0.007206      0
-0.928571     0.007278      0
-0.914286     0.007314      0
-0.9     0.007366      0
-0.885714     0.007352      0
-0.871429     0.007478      0
-0.857143     0.007494      0
-0.842857     0.007552      0
-0.828571     0.007596      0
-0.814286     0.007666      0
-0.8     0.007726      0
-0.785714     0.007754      0
-0.771429     0.007858      0
-0.757143     0.007874      0
-0.742857     0.007906      0
-0.728571     0.008054      0
-0.714286     0.008034      0
-0.7     0.00819      0
-0.685714     0.008186      0
-0.671429     0.008304      0
-0.657143     0.008302      0
-0.642857     0.00849      0
-0.628571     0.008494      0
-0.614286     0.00861      0
-0.6     0.008682      0
-0.585714     0.008748      0
-0.571429     0.008832      0
-0.557143     0.00901      0
-0.542857     0.009058      0
-0.528571     0.00911      0
-0.514286     0.009286      0
-0.5     0.009416      0
-0.485714     0.009528      0
-0.471429     0.009638      0
-0.457143     0.009748      0
-0.442857     0.009886      0
-0.428571     0.010054      0
-0.414286     0.010236      0
-0.4     0.010392      0
-0.385714     0.01067      0
-0.371429     0.010866      0
-0.357143     0.01107      0
-0.342857     0.011338      0
-0.328571     0.011638      0
-0.314286     0.011954      0
-0.3     0.012248      0
-0.285714     0.012906      0
-0.271429     0.013406      0
-0.257143     0.014088      0
-0.242857     0.015374      0
-0.228571     0.017094      0
-0.214286     0.0222865      0
-0.2     0.039966      0
-0.185714     0.019632      0
-0.171429     0.015232      0
-0.157143     0.012874      0
-0.142857     0.011246      0
-0.128571     0.010148      0
-0.114286     0.009106      0
-0.1     0.008388      0
-0.0857143     0.007628      0
-0.0714286     0.007036      0
-0.0571429     0.006534      0
-0.0428571     0.005992      0
-0.0285714     0.005578      0
-0.0142857     0.005017      0
0     0      0
0.0142857     0      0
0.0285714     0      0.0141025
0.0428571     0      0.012904
0.0571429     0      0.01138
0.0714286     0      0.01071
0.0857143     0      0.0103
0.1     0      0.010116
0.114286     0      0.01004
0.128571     0      0.010074
0.142857     0      0.010148
0.157143     0      0.010408
0.171429     0      0.010626
0.185714     0      0.011084
0.2     0      0.011868
0.214286     0      0.013288
0.228571     0      0.014843
0.242857     0      0.012174
0.257143     0      0.011282
0.271429     0      0.01067
0.285714     0      0.010286
0.3     0      0.010008
0.314286     0      0.009666
0.328571     0      0.009382
0.342857     0      0.009248
0.357143     0      0.009048
0.371429     0      0.00888
0.385714     0      0.008742
0.4     0      0.008568
0.414286     0      0.0084
0.428571     0      0.008332
0.442857     0      0.008202
0.457143     0      0.008078
0.471429     0      0.007994
0.485714     0      0.00787
0.5     0      0.00778
0.514286     0      0.007712
0.528571     0      0.00762
0.542857     0      0.007522
0.557143     0      0.007442
0.571429     0      0.007404
0.585714     0      0.007246
0.6     0      0.00725
0.614286     0      0.007132
0.628571     0      0.00708
0.642857     0      0.007028
0.657143     0      0.006944
0.671429     0      0.0069
0.685714     0      0.006804
0.7     0      0.006778
0.714286     0      0.006712
0.728571     0      0.006664
0.742857     0      0.006634
0.757143     0      0.006516
0.771429     0      0.006532
0.785714     0      0.006424
0.8     0      0.00639
0.814286     0      0.006368
0.828571     0      0.006288
0.842857     0      0.006278
0.857143     0      0.0062
0.871429     0      0.006164
0.885714     0      0.00612
0.9     0      0.006078
0.914286     0      0.006072
0.928571     0      0.00597
0.942857     0      0.005922
0.957143     0      0.00594
0.971429     0      0.005864
0.985714     0      0.005854
1     0      0.00582
1.01429     0      0.005756
1.02857     0      0.005708
1.04286     0      0.005684
1.05714     0      0.005644
1.07143     0      0.005642
1.08571     0      0.0056
1.1     0      0.00556
1.11429     0      0.005488
1.12857     0      0.005464
1.14286     0      0.005506
1.15714     0      0.005424
1.17143     0      0.005406
1.18571     0      0.005322
1.2     0      0.005312
1.21429     0      0.00533
1.22857     0      0.005272
1.24286     0      0.005258
1.25714     0      0.005194
1.27143     0      0.00519
1.28571     0      0.00516
1.3     0      0.005108
1.31429     0      0.005126
1.32857     0      0.005064
1.34286     0      0.00507
1.35714     0      0.005028
1.37143     0      0.004996
1.38571     0      0.004958
1.4     0      0.004924
1.41429     0      0.00495
1.42857     0      0.004868
1.44286     0      0.004918
1.45714     0      0.004838
1.47143     0      0.004852
1.48571     0      0.004774
1.5     0      0.004776
1.51429     0      0.004786
1.52857     0      0.004694
1.54286     0      0.00475
1.55714     0      0.004676
1.57143     0      0.004678
1.58571     0      0.004638
1.6     0      0.00466
1.61429     0      0.004564
1.62857     0      0.004602
1.64286     0      0.004546
1.65714     0      0.004568
1.67143     0      0.00453
1.68571     0      0.004458
1.7     0      0.004522
1.71429     0      0.00446
1.72857     0      0.00443
1.74286     0      0.004436
1.75714     0      0.004398
1.77143     0      0.004396
1.78571     0      0.004362
1.8     0      0.004348
1.81429     0      0.004352
1.82857     0      0.004308
1.84286     0      0.004296
1.85714     0      0.004264
1.87143     0      0.004274
1.88571     0      0.00426
1.9     0      0.00422
1.91429     0      0.004202
1.92857     0      0.00421
1.94286     0      0.004178
1.95714     0      0.004134
1.97143     0      0.004154
1.98571     0      0.004138
2     0      0.004122
2.01429     0      0.004072
2.02857     0      0.004096
2.04286     0      0.004054
2.05714     0      0.004048
2.07143     0      0.004046
2.08571     0      0.004018
2.1     0      0.004008
2.11429     0      0.00399
2.12857     0      0.003968
2.14286     0      0.00395
2.15714     0      0.003962
2.17143     0      0.003912
2.18571     0      0.003934
2.2     0      0.00391
2.21429     0      0.003852
2.22857     0      0.0039
2.24286     0      0.003854
2.25714     0      0.00384
2.27143     0      0.00384
2.28571     0      0.003818
2.3     0      0.003794
2.31429     0      0.0011765
2.32857     0      1.85313e-17
2.34286     0      1.63916e-36
2.35714     0      1.20148e-49
2.37143     0      7.11824e-57
2.38571     0      1.71328e-69
2.4     0      2.10405e-76
2.41429     0      1.06395e-83
2.42857     0      1.27275e-95
2.44286     0      3.35323e-102
2.45714     0      8.89879e-109
2.47143     0      8.95467e-109
2.48571     0      2.59024e-109
2.5     0      0
2.51429     0      0
2.52857     0      0
2.54286     0      0
2.55714     0      0
2.57143     0      0
2.58571     0      0
2.6     0      0
2.61429     0      0
2.62857     0      0
2.64286     0      0
2.65714     0      0
2.67143     0      0
2.68571     0      0
2.7     0      0
2.71429     0      0
2.72857     0      0
2.74286     0      0
2.75714     0      0
2.77143     0      0
2.78571     0      0
2.8     0      0
2.81429     0      0
2.82857     0      0
2.84286     0      0
2.85714     0      0
2.87143     0      0
2.88571     0      0
2.9     0      0
2.91429     0      0
2.92857     0      0
2.94286     0      0
2.95714     0      0
2.97143     0      0
2.98571     0      0
3     0      0
3.01429     0      0
3.02857     0      0
3.04286     0      0
3.05714     0      0
3.07143     0      0
3.08571     0      0
3.1     0      0
3.11429     0      0
3.12857     0      0
3.14286     0      0
3.15714     0      0
3.17143     0      0
3.18571     0      0
3.2     0      0
3.21429     0      0
3.22857     0      0
3.24286     0      0
3.25714     0      0
3.27143     0      0
3.28571     0      0
3.3     0      0
3.31429     0      0
3.32857     0      0
3.34286     0      0
3.35714     0      0
3.37143     0      0
3.38571     0      0
3.4     0      0
3.41429     0      0
3.42857     0      0
3.44286     0      0
3.45714     0      0
3.47143     0      0
3.48571     0      0
3.5     0      0
3.51429     0      0
3.52857     0      0
3.54286     0      0
3.55714     0      0
3.57143     0      0
3.58571     0      0
3.6     0      0
3.61429     0      0
3.62857     0      0
3.64286     0      0
3.65714     0      0
3.67143     0      0
3.68571     0      0
3.7     0      0
3.71429     0      0
3.72857     0      0
3.74286     0      0
3.75714     0      0
3.77143     0      0
3.78571     0      0
3.8     0      0
3.81429     0      0
3.82857     0      0
3.84286     0      0
3.85714     0      0
3.87143     0      0
3.88571     0      0
3.9     0      0
3.91429     0      0
3.92857     0      0
3.94286     0      0
3.95714     0      0
3.97143     0      0
3.98571     0      0
4     0      0
4.01429     0      0
4.02857     0      0
4.04286     0      0
4.05714     0      0
4.07143     0      0
4.08571     0      0
4.1     0      0
4.11429     0      0
4.12857     0      0
4.14286     0      0
4.15714     0      0
4.17143     0      0
4.18571     0      0
4.2     0      0
4.21429     0      0
4.22857     0      0
4.24286     0      0
4.25714     0      0
4.27143     0      0
4.28571     0      0
4.3     0      0
4.31429     0      0
4.32857     0      0
4.34286     0      0
4.35714     0      0
4.37143     0      0
4.38571     0      0
4.4     0      0
4.41429     0      0
4.42857     0      0
4.44286     0      0
4.45714     0      0
4.47143     0      0
4.48571     0      0
4.5     0      0
4.51429     0      0
4.52857     0      0
4.54286     0      0
4.55714     0      0
4.57143     0      0
4.58571     0      0
4.6     0      0
4.61429     0      0
4.62857     0      0
4.64286     0      0
4.65714     0      0
4.67143     0      0
4.68571     0      0
4.7     0      0
4.71429     0      0
4.72857     0      0
4.74286     0      0
4.75714     0      0
4.77143     0      0
4.78571     0      0
4.8     0      0
4.81429     0      0
4.82857     0      0
4.84286     0      0
4.85714     0      0
4.87143     0      0
4.88571     0      0
4.9     0      0
4.91429     0      0
4.92857     0      0
4.94286     0      0
4.95714     0      0
4.97143     0      0
4.98571     0      0
