# U,mu,nA_up, nA_dn, nB_up, nB_dn, ms, mf, ntotal,mu,cint
#energy    dos_upn   dos_upp   dos_dnn  dos_dnp GRID=1000 bin=700
-5     0      0
-4.98571     0      0
-4.97143     0      0
-4.95714     0      0
-4.94286     0      0
-4.92857     0      0
-4.91429     0      0
-4.9     0      0
-4.88571     0      0
-4.87143     0      0
-4.85714     0      0
-4.84286     0      0
-4.82857     0      0
-4.81429     0      0
-4.8     0      0
-4.78571     0      0
-4.77143     0      0
-4.75714     0      0
-4.74286     0      0
-4.72857     0      0
-4.71429     0      0
-4.7     0      0
-4.68571     0      0
-4.67143     0      0
-4.65714     0      0
-4.64286     0      0
-4.62857     0      0
-4.61429     0      0
-4.6     0      0
-4.58571     0      0
-4.57143     0      0
-4.55714     0      0
-4.54286     0      0
-4.52857     0      0
-4.51429     0      0
-4.5     0      0
-4.48571     0      0
-4.47143     0      0
-4.45714     0      0
-4.44286     0      0
-4.42857     0      0
-4.41429     0      0
-4.4     0      0
-4.38571     0      0
-4.37143     0      0
-4.35714     0      0
-4.34286     0      0
-4.32857     0      0
-4.31429     0      0
-4.3     0      0
-4.28571     0      0
-4.27143     0      0
-4.25714     0      0
-4.24286     0      0
-4.22857     0      0
-4.21429     0      0
-4.2     0      0
-4.18571     0      0
-4.17143     0      0
-4.15714     0      0
-4.14286     0      0
-4.12857     0      0
-4.11429     0      0
-4.1     0      0
-4.08571     0      0
-4.07143     0      0
-4.05714     0      0
-4.04286     0      0
-4.02857     0      0
-4.01429     0      0
-4     0      0
-3.98571     0      0
-3.97143     0      0
-3.95714     0      0
-3.94286     0      0
-3.92857     0      0
-3.91429     0      0
-3.9     0      0
-3.88571     0      0
-3.87143     0      0
-3.85714     0      0
-3.84286     0      0
-3.82857     0      0
-3.81429     0      0
-3.8     0      0
-3.78571     0      0
-3.77143     0      0
-3.75714     0      0
-3.74286     0      0
-3.72857     0      0
-3.71429     0      0
-3.7     0      0
-3.68571     0      0
-3.67143     0      0
-3.65714     0      0
-3.64286     0      0
-3.62857     0      0
-3.61429     0      0
-3.6     0      0
-3.58571     0      0
-3.57143     0      0
-3.55714     0      0
-3.54286     0      0
-3.52857     0      0
-3.51429     0      0
-3.5     0      0
-3.48571     0      0
-3.47143     0      0
-3.45714     0      0
-3.44286     0      0
-3.42857     0      0
-3.41429     0      0
-3.4     0      0
-3.38571     0      0
-3.37143     0      0
-3.35714     0      0
-3.34286     0      0
-3.32857     0      0
-3.31429     0      0
-3.3     0      0
-3.28571     0      0
-3.27143     0      0
-3.25714     0      0
-3.24286     0      0
-3.22857     0      0
-3.21429     0      0
-3.2     0      0
-3.18571     0      0
-3.17143     0      0
-3.15714     0      0
-3.14286     0      0
-3.12857     0      0
-3.11429     0      0
-3.1     0      0
-3.08571     0      0
-3.07143     0      0
-3.05714     0      0
-3.04286     0      0
-3.02857     0      0
-3.01429     0      0
-3     0      0
-2.98571     0      0
-2.97143     0      0
-2.95714     0      0
-2.94286     0      0
-2.92857     0      0
-2.91429     0      0
-2.9     0      0
-2.88571     0      0
-2.87143     0      0
-2.85714     0      0
-2.84286     0      0
-2.82857     0      0
-2.81429     0      0
-2.8     0      0
-2.78571     0      0
-2.77143     0      0
-2.75714     0      0
-2.74286     0      0
-2.72857     0      0
-2.71429     0      0
-2.7     0      0
-2.68571     0      0
-2.67143     0      0
-2.65714     0      0
-2.64286     0      0
-2.62857     0      0
-2.61429     0      0
-2.6     0      0
-2.58571     0      0
-2.57143     0      0
-2.55714     0      0
-2.54286     0      0
-2.52857     0      0
-2.51429     0      0
-2.5     0      0
-2.48571     0      0
-2.47143     0      0
-2.45714     0      0
-2.44286     0      0
-2.42857     0      0
-2.41429     0      0
-2.4     0      0
-2.38571     0      0
-2.37143     0      0
-2.35714     0      0
-2.34286     0      0
-2.32857     0      0
-2.31429     0      0
-2.3     0      0
-2.28571     0      0
-2.27143     0      0
-2.25714     0      0
-2.24286     0      0
-2.22857     0      0
-2.21429     0      0
-2.2     0      0
-2.18571     0      0
-2.17143     0      0
-2.15714     0      0
-2.14286     0      0
-2.12857     0      0
-2.11429     0      0
-2.1     0      0
-2.08571     0      0
-2.07143     0      0
-2.05714     0      0
-2.04286     6.78483e-130      0
-2.02857     2.15296e-128      0
-2.01429     3.76169e-123      0
-2     8.57108e-122      0
-1.98571     8.60309e-122      0
-1.97143     8.67876e-122      0
-1.95714     3.68164e-116      0
-1.94286     3.41679e-115      0
-1.92857     3.42843e-115      0
-1.91429     3.45055e-115      0
-1.9     2.9814e-109      0
-1.88571     1.36253e-108      0
-1.87143     1.37044e-108      0
-1.85714     1.36858e-108      0
-1.84286     2.03634e-102      0
-1.82857     5.42402e-102      0
-1.81429     5.47432e-102      0
-1.8     5.47432e-102      0
-1.78571     1.22879e-95      0
-1.77143     2.17706e-95      0
-1.75714     2.1711e-95      0
-1.74286     2.19271e-95      0
-1.72857     6.91489e-89      0
-1.71429     8.67844e-89      0
-1.7     8.69334e-89      0
-1.68571     2.16068e-83      0
-1.67143     3.44873e-82      0
-1.65714     0.0020585      0
-1.64286     0.005724      0
-1.62857     0.005728      0
-1.61429     0.005768      0
-1.6     0.005788      0
-1.58571     0.005814      0
-1.57143     0.005816      0
-1.55714     0.00586      0
-1.54286     0.005846      0
-1.52857     0.005912      0
-1.51429     0.005898      0
-1.5     0.005906      0
-1.48571     0.006002      0
-1.47143     0.005962      0
-1.45714     0.006004      0
-1.44286     0.006048      0
-1.42857     0.006028      0
-1.41429     0.006086      0
-1.4     0.006078      0
-1.38571     0.006136      0
-1.37143     0.006154      0
-1.35714     0.006182      0
-1.34286     0.006204      0
-1.32857     0.006224      0
-1.31429     0.006262      0
-1.3     0.006266      0
-1.28571     0.006332      0
-1.27143     0.00631      0
-1.25714     0.00636      0
-1.24286     0.006426      0
-1.22857     0.006404      0
-1.21429     0.006486      0
-1.2     0.006496      0
-1.18571     0.00652      0
-1.17143     0.00652      0
-1.15714     0.006584      0
-1.14286     0.006628      0
-1.12857     0.006652      0
-1.11429     0.006698      0
-1.1     0.006704      0
-1.08571     0.006742      0
-1.07143     0.006792      0
-1.05714     0.006822      0
-1.04286     0.006854      0
-1.02857     0.006896      0
-1.01429     0.006952      0
-1     0.006942      0
-0.985714     0.007064      0
-0.971429     0.00705      0
-0.957143     0.007094      0
-0.942857     0.007128      0
-0.928571     0.00719      0
-0.914286     0.007252      0
-0.9     0.007282      0
-0.885714     0.007314      0
-0.871429     0.007376      0
-0.857143     0.007426      0
-0.842857     0.007462      0
-0.828571     0.007538      0
-0.814286     0.00756      0
-0.8     0.007622      0
-0.785714     0.007718      0
-0.771429     0.007724      0
-0.757143     0.007806      0
-0.742857     0.00789      0
-0.728571     0.007902      0
-0.714286     0.00796      0
-0.7     0.008066      0
-0.685714     0.008138      0
-0.671429     0.008192      0
-0.657143     0.008282      0
-0.642857     0.00834      0
-0.628571     0.008446      0
-0.614286     0.008484      0
-0.6     0.008606      0
-0.585714     0.008666      0
-0.571429     0.008754      0
-0.557143     0.008906      0
-0.542857     0.008948      0
-0.528571     0.009058      0
-0.514286     0.009206      0
-0.5     0.009296      0
-0.485714     0.009428      0
-0.471429     0.009582      0
-0.457143     0.009684      0
-0.442857     0.00983      0
-0.428571     0.00996      0
-0.414286     0.010226      0
-0.4     0.010392      0
-0.385714     0.010542      0
-0.371429     0.010736      0
-0.357143     0.011084      0
-0.342857     0.011322      0
-0.328571     0.011628      0
-0.314286     0.011912      0
-0.3     0.012298      0
-0.285714     0.013236      0
-0.271429     0.013362      0
-0.257143     0.014368      0
-0.242857     0.015478      0
-0.228571     0.01753      0
-0.214286     0.0219805      0
-0.2     0.045304      0
-0.185714     0.022384      0
-0.171429     0.017024      0
-0.157143     0.014402      0
-0.142857     0.012582      0
-0.128571     0.011266      0
-0.114286     0.01026      0
-0.1     0.00935      0
-0.0857143     0.008586      0
-0.0714286     0.007994      0
-0.0571429     0.007412      0
-0.0428571     0.006888      0
-0.0285714     0.006404      0
-0.0142857     0.005945      0
0     0      0
0.0142857     0      0
0.0285714     0      0
0.0428571     0      0
0.0571429     0      0
0.0714286     0      0
0.0857143     0      0
0.1     0      2.03181e-129
0.114286     0      0.0149585
0.128571     0      0.013966
0.142857     0      0.01234
0.157143     0      0.011592
0.171429     0      0.011146
0.185714     0      0.010928
0.2     0      0.010776
0.214286     0      0.010832
0.228571     0      0.010912
0.242857     0      0.011082
0.257143     0      0.011396
0.271429     0      0.011908
0.285714     0      0.012676
0.3     0      0.014378
0.314286     0      0.016035
0.328571     0      0.012876
0.342857     0      0.011824
0.357143     0      0.011114
0.371429     0      0.010566
0.385714     0      0.010274
0.4     0      0.009884
0.414286     0      0.009652
0.428571     0      0.00939
0.442857     0      0.009174
0.457143     0      0.008948
0.471429     0      0.008864
0.485714     0      0.008614
0.5     0      0.008458
0.514286     0      0.008346
0.528571     0      0.008228
0.542857     0      0.008118
0.557143     0      0.007964
0.571429     0      0.007896
0.585714     0      0.007752
0.6     0      0.007728
0.614286     0      0.007544
0.628571     0      0.007566
0.642857     0      0.00739
0.657143     0      0.00736
0.671429     0      0.007218
0.685714     0      0.007182
0.7     0      0.007136
0.714286     0      0.006996
0.728571     0      0.007006
0.742857     0      0.00693
0.757143     0      0.006816
0.771429     0      0.006758
0.785714     0      0.00674
0.8     0      0.006648
0.814286     0      0.006594
0.828571     0      0.006536
0.842857     0      0.006512
0.857143     0      0.006446
0.871429     0      0.006392
0.885714     0      0.006344
0.9     0      0.006298
0.914286     0      0.006224
0.928571     0      0.0062
0.942857     0      0.006178
0.957143     0      0.006088
0.971429     0      0.00608
0.985714     0      0.006038
1     0      0.00593
1.01429     0      0.005956
1.02857     0      0.00589
1.04286     0      0.005836
1.05714     0      0.005844
1.07143     0      0.00579
1.08571     0      0.005756
1.1     0      0.005678
1.11429     0      0.00565
1.12857     0      0.005676
1.14286     0      0.005588
1.15714     0      0.005562
1.17143     0      0.00554
1.18571     0      0.0055
1.2     0      0.005444
1.21429     0      0.00542
1.22857     0      0.00541
1.24286     0      0.005376
1.25714     0      0.005338
1.27143     0      0.005262
1.28571     0      0.00529
1.3     0      0.005256
1.31429     0      0.005218
1.32857     0      0.005188
1.34286     0      0.005166
1.35714     0      0.005154
1.37143     0      0.005086
1.38571     0      0.00506
1.4     0      0.005058
1.41429     0      0.005036
1.42857     0      0.004978
1.44286     0      0.004972
1.45714     0      0.004958
1.47143     0      0.004928
1.48571     0      0.00491
1.5     0      0.004854
1.51429     0      0.004852
1.52857     0      0.004846
1.54286     0      0.00479
1.55714     0      0.004776
1.57143     0      0.00477
1.58571     0      0.00471
1.6     0      0.004704
1.61429     0      0.004682
1.62857     0      0.004666
1.64286     0      0.004658
1.65714     0      0.004644
1.67143     0      0.004572
1.68571     0      0.00459
1.7     0      0.004582
1.71429     0      0.004544
1.72857     0      0.004494
1.74286     0      0.004502
1.75714     0      0.004488
1.77143     0      0.004438
1.78571     0      0.004476
1.8     0      0.004406
1.81429     0      0.004432
1.82857     0      0.00435
1.84286     0      0.004376
1.85714     0      0.004344
1.87143     0      0.004308
1.88571     0      0.004324
1.9     0      0.004284
1.91429     0      0.004282
1.92857     0      0.004256
1.94286     0      0.004258
1.95714     0      0.004212
1.97143     0      0.004198
1.98571     0      0.004176
2     0      0.0042
2.01429     0      0.004126
2.02857     0      0.004164
2.04286     0      0.004112
2.05714     0      0.004092
2.07143     0      0.004122
2.08571     0      0.004068
2.1     0      0.004048
2.11429     0      0.004028
2.12857     0      0.004048
2.14286     0      0.004006
2.15714     0      0.003986
2.17143     0      0.003984
2.18571     0      0.003994
2.2     0      0.003938
2.21429     0      0.003938
2.22857     0      0.003926
2.24286     0      0.003924
2.25714     0      0.003878
2.27143     0      0.003886
2.28571     0      0.00388
2.3     0      0.003842
2.31429     0      0.00384
2.32857     0      0.00383
2.34286     0      0.003808
2.35714     0      0.0019685
2.37143     0      1.16625e-10
2.38571     0      2.80703e-23
2.4     0      3.44727e-30
2.41429     0      1.74317e-37
2.42857     0      2.08527e-49
2.44286     0      5.49393e-56
2.45714     0      1.45798e-62
2.47143     0      1.46713e-62
2.48571     0      4.24385e-63
2.5     0      0
2.51429     0      0
2.52857     0      0
2.54286     0      0
2.55714     0      0
2.57143     0      0
2.58571     0      0
2.6     0      0
2.61429     0      0
2.62857     0      0
2.64286     0      0
2.65714     0      0
2.67143     0      0
2.68571     0      0
2.7     0      0
2.71429     0      0
2.72857     0      0
2.74286     0      0
2.75714     0      0
2.77143     0      0
2.78571     0      0
2.8     0      0
2.81429     0      0
2.82857     0      0
2.84286     0      0
2.85714     0      0
2.87143     0      0
2.88571     0      0
2.9     0      0
2.91429     0      0
2.92857     0      0
2.94286     0      0
2.95714     0      0
2.97143     0      0
2.98571     0      0
3     0      0
3.01429     0      0
3.02857     0      0
3.04286     0      0
3.05714     0      0
3.07143     0      0
3.08571     0      0
3.1     0      0
3.11429     0      0
3.12857     0      0
3.14286     0      0
3.15714     0      0
3.17143     0      0
3.18571     0      0
3.2     0      0
3.21429     0      0
3.22857     0      0
3.24286     0      0
3.25714     0      0
3.27143     0      0
3.28571     0      0
3.3     0      0
3.31429     0      0
3.32857     0      0
3.34286     0      0
3.35714     0      0
3.37143     0      0
3.38571     0      0
3.4     0      0
3.41429     0      0
3.42857     0      0
3.44286     0      0
3.45714     0      0
3.47143     0      0
3.48571     0      0
3.5     0      0
3.51429     0      0
3.52857     0      0
3.54286     0      0
3.55714     0      0
3.57143     0      0
3.58571     0      0
3.6     0      0
3.61429     0      0
3.62857     0      0
3.64286     0      0
3.65714     0      0
3.67143     0      0
3.68571     0      0
3.7     0      0
3.71429     0      0
3.72857     0      0
3.74286     0      0
3.75714     0      0
3.77143     0      0
3.78571     0      0
3.8     0      0
3.81429     0      0
3.82857     0      0
3.84286     0      0
3.85714     0      0
3.87143     0      0
3.88571     0      0
3.9     0      0
3.91429     0      0
3.92857     0      0
3.94286     0      0
3.95714     0      0
3.97143     0      0
3.98571     0      0
4     0      0
4.01429     0      0
4.02857     0      0
4.04286     0      0
4.05714     0      0
4.07143     0      0
4.08571     0      0
4.1     0      0
4.11429     0      0
4.12857     0      0
4.14286     0      0
4.15714     0      0
4.17143     0      0
4.18571     0      0
4.2     0      0
4.21429     0      0
4.22857     0      0
4.24286     0      0
4.25714     0      0
4.27143     0      0
4.28571     0      0
4.3     0      0
4.31429     0      0
4.32857     0      0
4.34286     0      0
4.35714     0      0
4.37143     0      0
4.38571     0      0
4.4     0      0
4.41429     0      0
4.42857     0      0
4.44286     0      0
4.45714     0      0
4.47143     0      0
4.48571     0      0
4.5     0      0
4.51429     0      0
4.52857     0      0
4.54286     0      0
4.55714     0      0
4.57143     0      0
4.58571     0      0
4.6     0      0
4.61429     0      0
4.62857     0      0
4.64286     0      0
4.65714     0      0
4.67143     0      0
4.68571     0      0
4.7     0      0
4.71429     0      0
4.72857     0      0
4.74286     0      0
4.75714     0      0
4.77143     0      0
4.78571     0      0
4.8     0      0
4.81429     0      0
4.82857     0      0
4.84286     0      0
4.85714     0      0
4.87143     0      0
4.88571     0      0
4.9     0      0
4.91429     0      0
4.92857     0      0
4.94286     0      0
4.95714     0      0
4.97143     0      0
4.98571     0      0
