# U,mu,nA_up, nA_dn, nB_up, nB_dn, ms, mf, ntotal,mu,cint
#energy    dos_upn   dos_upp   dos_dnn  dos_dnp GRID=1000 bin=700
-5     0      0
-4.98571     0      0
-4.97143     0      0
-4.95714     0      0
-4.94286     0      0
-4.92857     0      0
-4.91429     0      0
-4.9     0      0
-4.88571     0      0
-4.87143     0      0
-4.85714     0      0
-4.84286     0      0
-4.82857     0      0
-4.81429     0      0
-4.8     0      0
-4.78571     0      0
-4.77143     0      0
-4.75714     0      0
-4.74286     0      0
-4.72857     0      0
-4.71429     0      0
-4.7     0      0
-4.68571     0      0
-4.67143     0      0
-4.65714     0      0
-4.64286     0      0
-4.62857     0      0
-4.61429     0      0
-4.6     0      0
-4.58571     0      0
-4.57143     0      0
-4.55714     0      0
-4.54286     0      0
-4.52857     0      0
-4.51429     0      0
-4.5     0      0
-4.48571     0      0
-4.47143     0      0
-4.45714     0      0
-4.44286     0      0
-4.42857     0      0
-4.41429     0      0
-4.4     0      0
-4.38571     0      0
-4.37143     0      0
-4.35714     0      0
-4.34286     0      0
-4.32857     0      0
-4.31429     0      0
-4.3     0      0
-4.28571     0      0
-4.27143     0      0
-4.25714     0      0
-4.24286     0      0
-4.22857     0      0
-4.21429     0      0
-4.2     0      0
-4.18571     0      0
-4.17143     0      0
-4.15714     0      0
-4.14286     0      0
-4.12857     0      0
-4.11429     0      0
-4.1     0      0
-4.08571     0      0
-4.07143     0      0
-4.05714     0      0
-4.04286     0      0
-4.02857     0      0
-4.01429     0      0
-4     0      0
-3.98571     0      0
-3.97143     0      0
-3.95714     0      0
-3.94286     0      0
-3.92857     0      0
-3.91429     0      0
-3.9     0      0
-3.88571     0      0
-3.87143     0      0
-3.85714     0      0
-3.84286     0      0
-3.82857     0      0
-3.81429     0      0
-3.8     0      0
-3.78571     0      0
-3.77143     0      0
-3.75714     0      0
-3.74286     0      0
-3.72857     0      0
-3.71429     0      0
-3.7     0      0
-3.68571     0      0
-3.67143     0      0
-3.65714     0      0
-3.64286     0      0
-3.62857     0      0
-3.61429     0      0
-3.6     0      0
-3.58571     0      0
-3.57143     0      0
-3.55714     0      0
-3.54286     0      0
-3.52857     0      0
-3.51429     0      0
-3.5     0      0
-3.48571     0      0
-3.47143     0      0
-3.45714     0      0
-3.44286     0      0
-3.42857     0      0
-3.41429     0      0
-3.4     0      0
-3.38571     0      0
-3.37143     0      0
-3.35714     0      0
-3.34286     0      0
-3.32857     0      0
-3.31429     0      0
-3.3     0      0
-3.28571     0      0
-3.27143     0      0
-3.25714     0      0
-3.24286     0      0
-3.22857     0      0
-3.21429     0      0
-3.2     0      0
-3.18571     0      0
-3.17143     0      0
-3.15714     0      0
-3.14286     0      0
-3.12857     0      0
-3.11429     0      0
-3.1     0      0
-3.08571     0      0
-3.07143     0      0
-3.05714     0      0
-3.04286     0      0
-3.02857     0      0
-3.01429     0      0
-3     0      0
-2.98571     0      0
-2.97143     0      0
-2.95714     0      0
-2.94286     0      0
-2.92857     0      0
-2.91429     0      0
-2.9     0      0
-2.88571     0      0
-2.87143     0      0
-2.85714     0      0
-2.84286     0      0
-2.82857     0      0
-2.81429     0      0
-2.8     0      0
-2.78571     0      0
-2.77143     0      0
-2.75714     0      0
-2.74286     0      0
-2.72857     0      0
-2.71429     0      0
-2.7     0      0
-2.68571     0      0
-2.67143     0      0
-2.65714     0      0
-2.64286     0      0
-2.62857     0      0
-2.61429     0      0
-2.6     0      0
-2.58571     0      0
-2.57143     0      0
-2.55714     0      0
-2.54286     0      0
-2.52857     0      0
-2.51429     0      0
-2.5     0      0
-2.48571     0      0
-2.47143     0      0
-2.45714     0      0
-2.44286     0      0
-2.42857     0      0
-2.41429     0      0
-2.4     0      0
-2.38571     0      0
-2.37143     0      0
-2.35714     0      0
-2.34286     0      0
-2.32857     0      0
-2.31429     0      0
-2.3     0      0
-2.28571     0      0
-2.27143     0      0
-2.25714     0      0
-2.24286     0      0
-2.22857     0      0
-2.21429     0      0
-2.2     0      0
-2.18571     0      0
-2.17143     0      0
-2.15714     0      0
-2.14286     0      0
-2.12857     0      0
-2.11429     0      0
-2.1     0      0
-2.08571     0      0
-2.07143     0      0
-2.05714     0      0
-2.04286     2.65032e-156      0
-2.02857     8.40998e-155      0
-2.01429     1.46941e-149      0
-2     3.34808e-148      0
-1.98571     3.36058e-148      0
-1.97143     3.39014e-148      0
-1.95714     1.43814e-142      0
-1.94286     1.33468e-141      0
-1.92857     1.33923e-141      0
-1.91429     1.34787e-141      0
-1.9     1.16461e-135      0
-1.88571     5.32236e-135      0
-1.87143     5.35329e-135      0
-1.85714     5.34601e-135      0
-1.84286     7.95445e-129      0
-1.82857     2.11876e-128      0
-1.81429     2.1384e-128      0
-1.8     2.1384e-128      0
-1.78571     4.79995e-122      0
-1.77143     8.50414e-122      0
-1.75714     8.48086e-122      0
-1.74286     8.56526e-122      0
-1.72857     2.70113e-115      0
-1.71429     3.39002e-115      0
-1.7     3.39584e-115      0
-1.68571     0.0006085      0
-1.67143     0.00571      0
-1.65714     0.005738      0
-1.64286     0.005746      0
-1.62857     0.005758      0
-1.61429     0.005806      0
-1.6     0.005824      0
-1.58571     0.005824      0
-1.57143     0.00585      0
-1.55714     0.005888      0
-1.54286     0.005906      0
-1.52857     0.005914      0
-1.51429     0.00593      0
-1.5     0.005978      0
-1.48571     0.00597      0
-1.47143     0.00602      0
-1.45714     0.00604      0
-1.44286     0.006046      0
-1.42857     0.00606      0
-1.41429     0.006134      0
-1.4     0.006126      0
-1.38571     0.006164      0
-1.37143     0.006188      0
-1.35714     0.006194      0
-1.34286     0.006252      0
-1.32857     0.006274      0
-1.31429     0.006254      0
-1.3     0.006316      0
-1.28571     0.00636      0
-1.27143     0.006374      0
-1.25714     0.006392      0
-1.24286     0.006454      0
-1.22857     0.006476      0
-1.21429     0.006496      0
-1.2     0.00649      0
-1.18571     0.006586      0
-1.17143     0.006604      0
-1.15714     0.00659      0
-1.14286     0.006664      0
-1.12857     0.006712      0
-1.11429     0.006694      0
-1.1     0.006742      0
-1.08571     0.006808      0
-1.07143     0.006846      0
-1.05714     0.006848      0
-1.04286     0.006892      0
-1.02857     0.006938      0
-1.01429     0.007      0
-1     0.007022      0
-0.985714     0.00703      0
-0.971429     0.007136      0
-0.957143     0.007146      0
-0.942857     0.007182      0
-0.928571     0.00723      0
-0.914286     0.007274      0
-0.9     0.007342      0
-0.885714     0.007378      0
-0.871429     0.007418      0
-0.857143     0.007444      0
-0.842857     0.007546      0
-0.828571     0.007544      0
-0.814286     0.007618      0
-0.8     0.00768      0
-0.785714     0.007766      0
-0.771429     0.007786      0
-0.757143     0.007862      0
-0.742857     0.00793      0
-0.728571     0.007962      0
-0.714286     0.008032      0
-0.7     0.008114      0
-0.685714     0.008166      0
-0.671429     0.008294      0
-0.657143     0.008264      0
-0.642857     0.008434      0
-0.628571     0.008482      0
-0.614286     0.008542      0
-0.6     0.008632      0
-0.585714     0.008704      0
-0.571429     0.00883      0
-0.557143     0.008958      0
-0.542857     0.008986      0
-0.528571     0.009078      0
-0.514286     0.00929      0
-0.5     0.009368      0
-0.485714     0.00945      0
-0.471429     0.009592      0
-0.457143     0.009728      0
-0.442857     0.00991      0
-0.428571     0.010046      0
-0.414286     0.010204      0
-0.4     0.010372      0
-0.385714     0.010568      0
-0.371429     0.01078      0
-0.357143     0.011016      0
-0.342857     0.011404      0
-0.328571     0.011632      0
-0.314286     0.012008      0
-0.3     0.012324      0
-0.285714     0.012746      0
-0.271429     0.013382      0
-0.257143     0.014384      0
-0.242857     0.015322      0
-0.228571     0.017278      0
-0.214286     0.0220905      0
-0.2     0.042146      0
-0.185714     0.020642      0
-0.171429     0.015962      0
-0.157143     0.013498      0
-0.142857     0.011758      0
-0.128571     0.010588      0
-0.114286     0.009532      0
-0.1     0.00874      0
-0.0857143     0.008024      0
-0.0714286     0.007414      0
-0.0571429     0.00686      0
-0.0428571     0.00635      0
-0.0285714     0.005888      0
-0.0142857     0.005407      0
0     0      0
0.0142857     0      0
0.0285714     0      0
0.0428571     0      0
0.0571429     0      0.0109145
0.0714286     0      0.013922
0.0857143     0      0.012042
0.1     0      0.01117
0.114286     0      0.010722
0.128571     0      0.010448
0.142857     0      0.010354
0.157143     0      0.010368
0.171429     0      0.010386
0.185714     0      0.010616
0.2     0      0.010884
0.214286     0      0.01126
0.228571     0      0.011916
0.242857     0      0.013186
0.257143     0      0.015655
0.271429     0      0.012718
0.285714     0      0.011684
0.3     0      0.011008
0.314286     0      0.010474
0.328571     0      0.010148
0.342857     0      0.00984
0.357143     0      0.009552
0.371429     0      0.009312
0.385714     0      0.009122
0.4     0      0.008956
0.414286     0      0.008766
0.428571     0      0.008656
0.442857     0      0.008458
0.457143     0      0.008384
0.471429     0      0.008246
0.485714     0      0.008098
0.5     0      0.008018
0.514286     0      0.00791
0.528571     0      0.007738
0.542857     0      0.007782
0.557143     0      0.007576
0.571429     0      0.007558
0.585714     0      0.007474
0.6     0      0.007324
0.614286     0      0.007302
0.628571     0      0.007274
0.642857     0      0.007096
0.657143     0      0.00707
0.671429     0      0.007036
0.685714     0      0.006938
0.7     0      0.006906
0.714286     0      0.006776
0.728571     0      0.0068
0.742857     0      0.006676
0.757143     0      0.00665
0.771429     0      0.006632
0.785714     0      0.006516
0.8     0      0.00649
0.814286     0      0.00644
0.828571     0      0.006368
0.842857     0      0.006366
0.857143     0      0.006264
0.871429     0      0.00624
0.885714     0      0.006212
0.9     0      0.006154
0.914286     0      0.006128
0.928571     0      0.006048
0.942857     0      0.006
0.957143     0      0.00604
0.971429     0      0.005888
0.985714     0      0.005914
1     0      0.005896
1.01429     0      0.005804
1.02857     0      0.005794
1.04286     0      0.005718
1.05714     0      0.005704
1.07143     0      0.005682
1.08571     0      0.005652
1.1     0      0.005634
1.11429     0      0.00553
1.12857     0      0.00554
1.14286     0      0.005506
1.15714     0      0.0055
1.17143     0      0.005428
1.18571     0      0.005438
1.2     0      0.005326
1.21429     0      0.005354
1.22857     0      0.005324
1.24286     0      0.005318
1.25714     0      0.005276
1.27143     0      0.0052
1.28571     0      0.005152
1.3     0      0.005168
1.31429     0      0.005154
1.32857     0      0.005132
1.34286     0      0.005086
1.35714     0      0.005072
1.37143     0      0.005042
1.38571     0      0.005014
1.4     0      0.004974
1.41429     0      0.004958
1.42857     0      0.00494
1.44286     0      0.004902
1.45714     0      0.0049
1.47143     0      0.004818
1.48571     0      0.004882
1.5     0      0.0048
1.51429     0      0.004782
1.52857     0      0.00479
1.54286     0      0.004724
1.55714     0      0.004722
1.57143     0      0.004718
1.58571     0      0.004676
1.6     0      0.004664
1.61429     0      0.004634
1.62857     0      0.004598
1.64286     0      0.00459
1.65714     0      0.004564
1.67143     0      0.00458
1.68571     0      0.004538
1.7     0      0.004482
1.71429     0      0.004524
1.72857     0      0.00445
1.74286     0      0.004454
1.75714     0      0.004436
1.77143     0      0.004414
1.78571     0      0.004396
1.8     0      0.004362
1.81429     0      0.004368
1.82857     0      0.00435
1.84286     0      0.004322
1.85714     0      0.00428
1.87143     0      0.004298
1.88571     0      0.00426
1.9     0      0.004256
1.91429     0      0.004242
1.92857     0      0.004208
1.94286     0      0.004194
1.95714     0      0.004208
1.97143     0      0.00416
1.98571     0      0.004146
2     0      0.004128
2.01429     0      0.004126
2.02857     0      0.004096
2.04286     0      0.004072
2.05714     0      0.004068
2.07143     0      0.004076
2.08571     0      0.004046
2.1     0      0.00403
2.11429     0      0.004002
2.12857     0      0.003966
2.14286     0      0.004
2.15714     0      0.003968
2.17143     0      0.003946
2.18571     0      0.003936
2.2     0      0.00392
2.21429     0      0.003906
2.22857     0      0.00389
2.24286     0      0.003886
2.25714     0      0.003866
2.27143     0      0.003824
2.28571     0      0.003854
2.3     0      0.003804
2.31429     0      0.003824
2.32857     0      0.0018885
2.34286     0      1.04906e-16
2.35714     0      7.68946e-30
2.37143     0      4.55567e-37
2.38571     0      1.0965e-49
2.4     0      1.34659e-56
2.41429     0      6.80927e-64
2.42857     0      8.14557e-76
2.44286     0      2.14607e-82
2.45714     0      5.69523e-89
2.47143     0      5.73099e-89
2.48571     0      1.65775e-89
2.5     0      0
2.51429     0      0
2.52857     0      0
2.54286     0      0
2.55714     0      0
2.57143     0      0
2.58571     0      0
2.6     0      0
2.61429     0      0
2.62857     0      0
2.64286     0      0
2.65714     0      0
2.67143     0      0
2.68571     0      0
2.7     0      0
2.71429     0      0
2.72857     0      0
2.74286     0      0
2.75714     0      0
2.77143     0      0
2.78571     0      0
2.8     0      0
2.81429     0      0
2.82857     0      0
2.84286     0      0
2.85714     0      0
2.87143     0      0
2.88571     0      0
2.9     0      0
2.91429     0      0
2.92857     0      0
2.94286     0      0
2.95714     0      0
2.97143     0      0
2.98571     0      0
3     0      0
3.01429     0      0
3.02857     0      0
3.04286     0      0
3.05714     0      0
3.07143     0      0
3.08571     0      0
3.1     0      0
3.11429     0      0
3.12857     0      0
3.14286     0      0
3.15714     0      0
3.17143     0      0
3.18571     0      0
3.2     0      0
3.21429     0      0
3.22857     0      0
3.24286     0      0
3.25714     0      0
3.27143     0      0
3.28571     0      0
3.3     0      0
3.31429     0      0
3.32857     0      0
3.34286     0      0
3.35714     0      0
3.37143     0      0
3.38571     0      0
3.4     0      0
3.41429     0      0
3.42857     0      0
3.44286     0      0
3.45714     0      0
3.47143     0      0
3.48571     0      0
3.5     0      0
3.51429     0      0
3.52857     0      0
3.54286     0      0
3.55714     0      0
3.57143     0      0
3.58571     0      0
3.6     0      0
3.61429     0      0
3.62857     0      0
3.64286     0      0
3.65714     0      0
3.67143     0      0
3.68571     0      0
3.7     0      0
3.71429     0      0
3.72857     0      0
3.74286     0      0
3.75714     0      0
3.77143     0      0
3.78571     0      0
3.8     0      0
3.81429     0      0
3.82857     0      0
3.84286     0      0
3.85714     0      0
3.87143     0      0
3.88571     0      0
3.9     0      0
3.91429     0      0
3.92857     0      0
3.94286     0      0
3.95714     0      0
3.97143     0      0
3.98571     0      0
4     0      0
4.01429     0      0
4.02857     0      0
4.04286     0      0
4.05714     0      0
4.07143     0      0
4.08571     0      0
4.1     0      0
4.11429     0      0
4.12857     0      0
4.14286     0      0
4.15714     0      0
4.17143     0      0
4.18571     0      0
4.2     0      0
4.21429     0      0
4.22857     0      0
4.24286     0      0
4.25714     0      0
4.27143     0      0
4.28571     0      0
4.3     0      0
4.31429     0      0
4.32857     0      0
4.34286     0      0
4.35714     0      0
4.37143     0      0
4.38571     0      0
4.4     0      0
4.41429     0      0
4.42857     0      0
4.44286     0      0
4.45714     0      0
4.47143     0      0
4.48571     0      0
4.5     0      0
4.51429     0      0
4.52857     0      0
4.54286     0      0
4.55714     0      0
4.57143     0      0
4.58571     0      0
4.6     0      0
4.61429     0      0
4.62857     0      0
4.64286     0      0
4.65714     0      0
4.67143     0      0
4.68571     0      0
4.7     0      0
4.71429     0      0
4.72857     0      0
4.74286     0      0
4.75714     0      0
4.77143     0      0
4.78571     0      0
4.8     0      0
4.81429     0      0
4.82857     0      0
4.84286     0      0
4.85714     0      0
4.87143     0      0
4.88571     0      0
4.9     0      0
4.91429     0      0
4.92857     0      0
4.94286     0      0
4.95714     0      0
4.97143     0      0
4.98571     0      0
