# U,mu,nA_up, nA_dn, nB_up, nB_dn, ms, mf, ntotal,mu,cint
#energy    dos_upn   dos_upp   dos_dnn  dos_dnp GRID=1000 bin=700
-5     0      0
-4.98571     0      0
-4.97143     0      0
-4.95714     0      0
-4.94286     0      0
-4.92857     0      0
-4.91429     0      0
-4.9     0      0
-4.88571     0      0
-4.87143     0      0
-4.85714     0      0
-4.84286     0      0
-4.82857     0      0
-4.81429     0      0
-4.8     0      0
-4.78571     0      0
-4.77143     0      0
-4.75714     0      0
-4.74286     0      0
-4.72857     0      0
-4.71429     0      0
-4.7     0      0
-4.68571     0      0
-4.67143     0      0
-4.65714     0      0
-4.64286     0      0
-4.62857     0      0
-4.61429     0      0
-4.6     0      0
-4.58571     0      0
-4.57143     0      0
-4.55714     0      0
-4.54286     0      0
-4.52857     0      0
-4.51429     0      0
-4.5     0      0
-4.48571     0      0
-4.47143     0      0
-4.45714     0      0
-4.44286     0      0
-4.42857     0      0
-4.41429     0      0
-4.4     0      0
-4.38571     0      0
-4.37143     0      0
-4.35714     0      0
-4.34286     0      0
-4.32857     0      0
-4.31429     0      0
-4.3     0      0
-4.28571     0      0
-4.27143     0      0
-4.25714     0      0
-4.24286     0      0
-4.22857     0      0
-4.21429     0      0
-4.2     0      0
-4.18571     0      0
-4.17143     0      0
-4.15714     0      0
-4.14286     0      0
-4.12857     0      0
-4.11429     0      0
-4.1     0      0
-4.08571     0      0
-4.07143     0      0
-4.05714     0      0
-4.04286     0      0
-4.02857     0      0
-4.01429     0      0
-4     0      0
-3.98571     0      0
-3.97143     0      0
-3.95714     0      0
-3.94286     0      0
-3.92857     0      0
-3.91429     0      0
-3.9     0      0
-3.88571     0      0
-3.87143     0      0
-3.85714     0      0
-3.84286     0      0
-3.82857     0      0
-3.81429     0      0
-3.8     0      0
-3.78571     0      0
-3.77143     0      0
-3.75714     0      0
-3.74286     0      0
-3.72857     0      0
-3.71429     0      0
-3.7     0      0
-3.68571     0      0
-3.67143     0      0
-3.65714     0      0
-3.64286     0      0
-3.62857     0      0
-3.61429     0      0
-3.6     0      0
-3.58571     0      0
-3.57143     0      0
-3.55714     0      0
-3.54286     0      0
-3.52857     0      0
-3.51429     0      0
-3.5     0      0
-3.48571     0      0
-3.47143     0      0
-3.45714     0      0
-3.44286     0      0
-3.42857     0      0
-3.41429     0      0
-3.4     0      0
-3.38571     0      0
-3.37143     0      0
-3.35714     0      0
-3.34286     0      0
-3.32857     0      0
-3.31429     0      0
-3.3     0      0
-3.28571     0      0
-3.27143     0      0
-3.25714     0      0
-3.24286     0      0
-3.22857     0      0
-3.21429     0      0
-3.2     0      0
-3.18571     0      0
-3.17143     0      0
-3.15714     0      0
-3.14286     0      0
-3.12857     0      0
-3.11429     0      0
-3.1     0      0
-3.08571     0      0
-3.07143     0      0
-3.05714     0      0
-3.04286     0      0
-3.02857     0      0
-3.01429     0      0
-3     0      0
-2.98571     0      0
-2.97143     0      0
-2.95714     0      0
-2.94286     0      0
-2.92857     0      0
-2.91429     0      0
-2.9     0      0
-2.88571     0      0
-2.87143     0      0
-2.85714     0      0
-2.84286     0      0
-2.82857     0      0
-2.81429     0      0
-2.8     0      0
-2.78571     0      0
-2.77143     0      0
-2.75714     0      0
-2.74286     0      0
-2.72857     0      0
-2.71429     0      0
-2.7     0      0
-2.68571     0      0
-2.67143     0      0
-2.65714     0      0
-2.64286     0      0
-2.62857     0      0
-2.61429     0      0
-2.6     0      0
-2.58571     0      0
-2.57143     0      0
-2.55714     0      0
-2.54286     0      0
-2.52857     0      0
-2.51429     0      0
-2.5     0      0
-2.48571     0      0
-2.47143     0      0
-2.45714     0      0
-2.44286     0      0
-2.42857     0      0
-2.41429     0      0
-2.4     0      0
-2.38571     0      0
-2.37143     0      0
-2.35714     0      0
-2.34286     0      0
-2.32857     0      0
-2.31429     0      0
-2.3     0      0
-2.28571     0      0
-2.27143     0      0
-2.25714     0      0
-2.24286     0      0
-2.22857     0      0
-2.21429     0      0
-2.2     0      0
-2.18571     0      0
-2.17143     0      0
-2.15714     0      0
-2.14286     0      0
-2.12857     0      0
-2.11429     0      0
-2.1     0      0
-2.08571     0      0
-2.07143     0      0
-2.05714     0      0
-2.04286     1.08557e-116      0
-2.02857     3.44473e-115      0
-2.01429     6.01871e-110      0
-2     1.37137e-108      0
-1.98571     1.3765e-108      0
-1.97143     1.3886e-108      0
-1.95714     5.89063e-103      0
-1.94286     5.46686e-102      0
-1.92857     5.48549e-102      0
-1.91429     5.52088e-102      0
-1.9     4.77024e-96      0
-1.88571     2.18004e-95      0
-1.87143     2.19271e-95      0
-1.85714     2.18973e-95      0
-1.84286     3.25814e-89      0
-1.82857     8.67844e-89      0
-1.81429     8.7589e-89      0
-1.8     8.7589e-89      0
-1.78571     1.96606e-82      0
-1.77143     3.4833e-82      0
-1.75714     3.47376e-82      0
-1.74286     3.50833e-82      0
-1.72857     1.10638e-75      0
-1.71429     1.38855e-75      0
-1.7     1.39093e-75      0
-1.68571     3.45708e-70      0
-1.67143     5.51796e-69      0
-1.65714     5.5542e-69      0
-1.64286     0.0016945      0
-1.62857     0.005726      0
-1.61429     0.00575      0
-1.6     0.005764      0
-1.58571     0.005784      0
-1.57143     0.005804      0
-1.55714     0.005828      0
-1.54286     0.005852      0
-1.52857     0.005866      0
-1.51429     0.005916      0
-1.5     0.005914      0
-1.48571     0.005928      0
-1.47143     0.00597      0
-1.45714     0.00599      0
-1.44286     0.006014      0
-1.42857     0.006024      0
-1.41429     0.006058      0
-1.4     0.006068      0
-1.38571     0.00611      0
-1.37143     0.006158      0
-1.35714     0.006136      0
-1.34286     0.006188      0
-1.32857     0.006212      0
-1.31429     0.006234      0
-1.3     0.006252      0
-1.28571     0.00631      0
-1.27143     0.006316      0
-1.25714     0.006336      0
-1.24286     0.006382      0
-1.22857     0.006374      0
-1.21429     0.006468      0
-1.2     0.006436      0
-1.18571     0.006506      0
-1.17143     0.006532      0
-1.15714     0.006542      0
-1.14286     0.00662      0
-1.12857     0.00663      0
-1.11429     0.00665      0
-1.1     0.00672      0
-1.08571     0.00674      0
-1.07143     0.006758      0
-1.05714     0.006804      0
-1.04286     0.006818      0
-1.02857     0.006882      0
-1.01429     0.006908      0
-1     0.006952      0
-0.985714     0.006958      0
-0.971429     0.00708      0
-0.957143     0.00707      0
-0.942857     0.007106      0
-0.928571     0.007182      0
-0.914286     0.007152      0
-0.9     0.007296      0
-0.885714     0.007298      0
-0.871429     0.007358      0
-0.857143     0.007356      0
-0.842857     0.007462      0
-0.828571     0.007518      0
-0.814286     0.007526      0
-0.8     0.00763      0
-0.785714     0.007654      0
-0.771429     0.007708      0
-0.757143     0.00779      0
-0.742857     0.007804      0
-0.728571     0.007902      0
-0.714286     0.008002      0
-0.7     0.007998      0
-0.685714     0.008114      0
-0.671429     0.008182      0
-0.657143     0.008226      0
-0.642857     0.008348      0
-0.628571     0.008378      0
-0.614286     0.008462      0
-0.6     0.0086      0
-0.585714     0.008624      0
-0.571429     0.008742      0
-0.557143     0.00884      0
-0.542857     0.008936      0
-0.528571     0.009084      0
-0.514286     0.009114      0
-0.5     0.0093      0
-0.485714     0.009434      0
-0.471429     0.009512      0
-0.457143     0.009672      0
-0.442857     0.009858      0
-0.428571     0.00999      0
-0.414286     0.010114      0
-0.4     0.010406      0
-0.385714     0.010574      0
-0.371429     0.01074      0
-0.357143     0.010988      0
-0.342857     0.011416      0
-0.328571     0.01163      0
-0.314286     0.011934      0
-0.3     0.012288      0
-0.285714     0.013208      0
-0.271429     0.013492      0
-0.257143     0.014492      0
-0.242857     0.015678      0
-0.228571     0.017396      0
-0.214286     0.0221085      0
-0.2     0.047124      0
-0.185714     0.023232      0
-0.171429     0.017794      0
-0.157143     0.014932      0
-0.142857     0.013046      0
-0.128571     0.011702      0
-0.114286     0.010616      0
-0.1     0.00969      0
-0.0857143     0.009036      0
-0.0714286     0.008258      0
-0.0571429     0.00774      0
-0.0428571     0.00718      0
-0.0285714     0.006728      0
-0.0142857     0.006267      0
0     0      0
0.0142857     0      0
0.0285714     0      0
0.0428571     0      0
0.0571429     0      0
0.0714286     0      0
0.0857143     0      0
0.1     0      3.2509e-116
0.114286     0      1.50513e-108
0.128571     0      4.44427e-108
0.142857     0      0.0100585
0.157143     0      0.015138
0.171429     0      0.013076
0.185714     0      0.012088
0.2     0      0.011556
0.214286     0      0.011254
0.228571     0      0.011114
0.242857     0      0.011068
0.257143     0      0.011094
0.271429     0      0.011304
0.285714     0      0.011558
0.3     0      0.011954
0.314286     0      0.012696
0.328571     0      0.013966
0.342857     0      0.016959
0.357143     0      0.013672
0.371429     0      0.012316
0.385714     0      0.011448
0.4     0      0.01093
0.414286     0      0.010456
0.428571     0      0.010114
0.442857     0      0.009772
0.457143     0      0.009572
0.471429     0      0.009306
0.485714     0      0.009076
0.5     0      0.00889
0.514286     0      0.008724
0.528571     0      0.008562
0.542857     0      0.008422
0.557143     0      0.008258
0.571429     0      0.00818
0.585714     0      0.008032
0.6     0      0.007928
0.614286     0      0.007868
0.628571     0      0.007676
0.642857     0      0.007608
0.657143     0      0.007534
0.671429     0      0.007422
0.685714     0      0.007414
0.7     0      0.007252
0.714286     0      0.007198
0.728571     0      0.007112
0.742857     0      0.007076
0.757143     0      0.00696
0.771429     0      0.006904
0.785714     0      0.006842
0.8     0      0.006788
0.814286     0      0.00672
0.828571     0      0.006706
0.842857     0      0.006596
0.857143     0      0.006548
0.871429     0      0.006506
0.885714     0      0.006408
0.9     0      0.006416
0.914286     0      0.006342
0.928571     0      0.006244
0.942857     0      0.006256
0.957143     0      0.006206
0.971429     0      0.006128
0.985714     0      0.006092
1     0      0.006078
1.01429     0      0.006016
1.02857     0      0.005972
1.04286     0      0.005926
1.05714     0      0.005952
1.07143     0      0.005794
1.08571     0      0.005786
1.1     0      0.0058
1.11429     0      0.005708
1.12857     0      0.005722
1.14286     0      0.00566
1.15714     0      0.005678
1.17143     0      0.005542
1.18571     0      0.005528
1.2     0      0.005526
1.21429     0      0.0055
1.22857     0      0.005466
1.24286     0      0.005448
1.25714     0      0.005376
1.27143     0      0.005316
1.28571     0      0.005328
1.3     0      0.005298
1.31429     0      0.005296
1.32857     0      0.005238
1.34286     0      0.00521
1.35714     0      0.005146
1.37143     0      0.00514
1.38571     0      0.00513
1.4     0      0.005088
1.41429     0      0.005078
1.42857     0      0.005032
1.44286     0      0.005054
1.45714     0      0.004992
1.47143     0      0.00497
1.48571     0      0.004954
1.5     0      0.004878
1.51429     0      0.004906
1.52857     0      0.00486
1.54286     0      0.004818
1.55714     0      0.004826
1.57143     0      0.00481
1.58571     0      0.00475
1.6     0      0.00475
1.61429     0      0.004734
1.62857     0      0.004668
1.64286     0      0.00469
1.65714     0      0.004642
1.67143     0      0.00463
1.68571     0      0.004656
1.7     0      0.0046
1.71429     0      0.004526
1.72857     0      0.004546
1.74286     0      0.00458
1.75714     0      0.004482
1.77143     0      0.004498
1.78571     0      0.004476
1.8     0      0.00445
1.81429     0      0.00444
1.82857     0      0.004386
1.84286     0      0.004388
1.85714     0      0.004394
1.87143     0      0.004338
1.88571     0      0.004332
1.9     0      0.004336
1.91429     0      0.004306
1.92857     0      0.004258
1.94286     0      0.004284
1.95714     0      0.004234
1.97143     0      0.004224
1.98571     0      0.004248
2     0      0.004184
2.01429     0      0.004178
2.02857     0      0.004184
2.04286     0      0.004126
2.05714     0      0.00413
2.07143     0      0.004098
2.08571     0      0.004116
2.1     0      0.004062
2.11429     0      0.004084
2.12857     0      0.004048
2.14286     0      0.004032
2.15714     0      0.004028
2.17143     0      0.004012
2.18571     0      0.00398
2.2     0      0.00399
2.21429     0      0.003924
2.22857     0      0.00396
2.24286     0      0.003928
2.25714     0      0.003922
2.27143     0      0.003918
2.28571     0      0.003886
2.3     0      0.003868
2.31429     0      0.003846
2.32857     0      0.003848
2.34286     0      0.003834
2.35714     0      0.00382
2.37143     0      0.0029385
2.38571     0      4.49125e-10
2.4     0      5.51563e-17
2.41429     0      2.78908e-24
2.42857     0      3.33643e-36
2.44286     0      8.79029e-43
2.45714     0      2.33276e-49
2.47143     0      2.34741e-49
2.48571     0      6.79016e-50
2.5     0      0
2.51429     0      0
2.52857     0      0
2.54286     0      0
2.55714     0      0
2.57143     0      0
2.58571     0      0
2.6     0      0
2.61429     0      0
2.62857     0      0
2.64286     0      0
2.65714     0      0
2.67143     0      0
2.68571     0      0
2.7     0      0
2.71429     0      0
2.72857     0      0
2.74286     0      0
2.75714     0      0
2.77143     0      0
2.78571     0      0
2.8     0      0
2.81429     0      0
2.82857     0      0
2.84286     0      0
2.85714     0      0
2.87143     0      0
2.88571     0      0
2.9     0      0
2.91429     0      0
2.92857     0      0
2.94286     0      0
2.95714     0      0
2.97143     0      0
2.98571     0      0
3     0      0
3.01429     0      0
3.02857     0      0
3.04286     0      0
3.05714     0      0
3.07143     0      0
3.08571     0      0
3.1     0      0
3.11429     0      0
3.12857     0      0
3.14286     0      0
3.15714     0      0
3.17143     0      0
3.18571     0      0
3.2     0      0
3.21429     0      0
3.22857     0      0
3.24286     0      0
3.25714     0      0
3.27143     0      0
3.28571     0      0
3.3     0      0
3.31429     0      0
3.32857     0      0
3.34286     0      0
3.35714     0      0
3.37143     0      0
3.38571     0      0
3.4     0      0
3.41429     0      0
3.42857     0      0
3.44286     0      0
3.45714     0      0
3.47143     0      0
3.48571     0      0
3.5     0      0
3.51429     0      0
3.52857     0      0
3.54286     0      0
3.55714     0      0
3.57143     0      0
3.58571     0      0
3.6     0      0
3.61429     0      0
3.62857     0      0
3.64286     0      0
3.65714     0      0
3.67143     0      0
3.68571     0      0
3.7     0      0
3.71429     0      0
3.72857     0      0
3.74286     0      0
3.75714     0      0
3.77143     0      0
3.78571     0      0
3.8     0      0
3.81429     0      0
3.82857     0      0
3.84286     0      0
3.85714     0      0
3.87143     0      0
3.88571     0      0
3.9     0      0
3.91429     0      0
3.92857     0      0
3.94286     0      0
3.95714     0      0
3.97143     0      0
3.98571     0      0
4     0      0
4.01429     0      0
4.02857     0      0
4.04286     0      0
4.05714     0      0
4.07143     0      0
4.08571     0      0
4.1     0      0
4.11429     0      0
4.12857     0      0
4.14286     0      0
4.15714     0      0
4.17143     0      0
4.18571     0      0
4.2     0      0
4.21429     0      0
4.22857     0      0
4.24286     0      0
4.25714     0      0
4.27143     0      0
4.28571     0      0
4.3     0      0
4.31429     0      0
4.32857     0      0
4.34286     0      0
4.35714     0      0
4.37143     0      0
4.38571     0      0
4.4     0      0
4.41429     0      0
4.42857     0      0
4.44286     0      0
4.45714     0      0
4.47143     0      0
4.48571     0      0
4.5     0      0
4.51429     0      0
4.52857     0      0
4.54286     0      0
4.55714     0      0
4.57143     0      0
4.58571     0      0
4.6     0      0
4.61429     0      0
4.62857     0      0
4.64286     0      0
4.65714     0      0
4.67143     0      0
4.68571     0      0
4.7     0      0
4.71429     0      0
4.72857     0      0
4.74286     0      0
4.75714     0      0
4.77143     0      0
4.78571     0      0
4.8     0      0
4.81429     0      0
4.82857     0      0
4.84286     0      0
4.85714     0      0
4.87143     0      0
4.88571     0      0
4.9     0      0
4.91429     0      0
4.92857     0      0
4.94286     0      0
4.95714     0      0
4.97143     0      0
4.98571     0      0
