# U,mu,nA_up, nA_dn, nB_up, nB_dn, ms, mf, ntotal,mu,cint
#energy    dos_upn   dos_upp   dos_dnn  dos_dnp GRID=1000 bin=700
-5     0      0
-4.98571     0      0
-4.97143     0      0
-4.95714     0      0
-4.94286     0      0
-4.92857     0      0
-4.91429     0      0
-4.9     0      0
-4.88571     0      0
-4.87143     0      0
-4.85714     0      0
-4.84286     0      0
-4.82857     0      0
-4.81429     0      0
-4.8     0      0
-4.78571     0      0
-4.77143     0      0
-4.75714     0      0
-4.74286     0      0
-4.72857     0      0
-4.71429     0      0
-4.7     0      0
-4.68571     0      0
-4.67143     0      0
-4.65714     0      0
-4.64286     0      0
-4.62857     0      0
-4.61429     0      0
-4.6     0      0
-4.58571     0      0
-4.57143     0      0
-4.55714     0      0
-4.54286     0      0
-4.52857     0      0
-4.51429     0      0
-4.5     0      0
-4.48571     0      0
-4.47143     0      0
-4.45714     0      0
-4.44286     0      0
-4.42857     0      0
-4.41429     0      0
-4.4     0      0
-4.38571     0      0
-4.37143     0      0
-4.35714     0      0
-4.34286     0      0
-4.32857     0      0
-4.31429     0      0
-4.3     0      0
-4.28571     0      0
-4.27143     0      0
-4.25714     0      0
-4.24286     0      0
-4.22857     0      0
-4.21429     0      0
-4.2     0      0
-4.18571     0      0
-4.17143     0      0
-4.15714     0      0
-4.14286     0      0
-4.12857     0      0
-4.11429     0      0
-4.1     0      0
-4.08571     0      0
-4.07143     0      0
-4.05714     0      0
-4.04286     0      0
-4.02857     0      0
-4.01429     0      0
-4     0      0
-3.98571     0      0
-3.97143     0      0
-3.95714     0      0
-3.94286     0      0
-3.92857     0      0
-3.91429     0      0
-3.9     0      0
-3.88571     0      0
-3.87143     0      0
-3.85714     0      0
-3.84286     0      0
-3.82857     0      0
-3.81429     0      0
-3.8     0      0
-3.78571     0      0
-3.77143     0      0
-3.75714     0      0
-3.74286     0      0
-3.72857     0      0
-3.71429     0      0
-3.7     0      0
-3.68571     0      0
-3.67143     0      0
-3.65714     0      0
-3.64286     0      0
-3.62857     0      0
-3.61429     0      0
-3.6     0      0
-3.58571     0      0
-3.57143     0      0
-3.55714     0      0
-3.54286     0      0
-3.52857     0      0
-3.51429     0      0
-3.5     0      0
-3.48571     0      0
-3.47143     0      0
-3.45714     0      0
-3.44286     0      0
-3.42857     0      0
-3.41429     0      0
-3.4     0      0
-3.38571     0      0
-3.37143     0      0
-3.35714     0      0
-3.34286     0      0
-3.32857     0      0
-3.31429     0      0
-3.3     0      0
-3.28571     0      0
-3.27143     0      0
-3.25714     0      0
-3.24286     0      0
-3.22857     0      0
-3.21429     0      0
-3.2     0      0
-3.18571     0      0
-3.17143     0      0
-3.15714     0      0
-3.14286     0      0
-3.12857     0      0
-3.11429     0      0
-3.1     0      0
-3.08571     0      0
-3.07143     0      0
-3.05714     0      0
-3.04286     0      0
-3.02857     0      0
-3.01429     0      0
-3     0      0
-2.98571     0      0
-2.97143     0      0
-2.95714     0      0
-2.94286     0      0
-2.92857     0      0
-2.91429     0      0
-2.9     0      0
-2.88571     0      0
-2.87143     0      0
-2.85714     0      0
-2.84286     0      0
-2.82857     0      0
-2.81429     0      0
-2.8     0      0
-2.78571     0      0
-2.77143     0      0
-2.75714     0      0
-2.74286     0      0
-2.72857     0      0
-2.71429     0      0
-2.7     0      0
-2.68571     0      0
-2.67143     0      0
-2.65714     0      0
-2.64286     0      0
-2.62857     0      0
-2.61429     0      0
-2.6     0      0
-2.58571     0      0
-2.57143     0      0
-2.55714     0      0
-2.54286     0      0
-2.52857     0      0
-2.51429     0      0
-2.5     0      0
-2.48571     0      0
-2.47143     0      0
-2.45714     0      0
-2.44286     0      0
-2.42857     0      0
-2.41429     0      0
-2.4     0      0
-2.38571     0      0
-2.37143     0      0
-2.35714     0      0
-2.34286     0      0
-2.32857     0      0
-2.31429     0      0
-2.3     0      0
-2.28571     0      0
-2.27143     0      0
-2.25714     0      0
-2.24286     0      0
-2.22857     0      0
-2.21429     0      0
-2.2     0      0
-2.18571     0      0
-2.17143     0      0
-2.15714     0      0
-2.14286     0      0
-2.12857     0      0
-2.11429     0      0
-2.1     0      0
-2.08571     0      0
-2.07143     0      0
-2.05714     0      0
-2.04286     1.03528e-182      0
-2.02857     3.28515e-181      0
-2.01429     5.73989e-176      0
-2     1.30784e-174      0
-1.98571     1.31273e-174      0
-1.97143     1.32427e-174      0
-1.95714     5.61774e-169      0
-1.94286     5.21361e-168      0
-1.92857     5.23137e-168      0
-1.91429     5.26512e-168      0
-1.9     4.54926e-162      0
-1.88571     2.07905e-161      0
-1.87143     2.09113e-161      0
-1.85714     2.08829e-161      0
-1.84286     3.10721e-155      0
-1.82857     8.2764e-155      0
-1.81429     8.35314e-155      0
-1.8     8.35314e-155      0
-1.78571     1.87498e-148      0
-1.77143     3.32193e-148      0
-1.75714     3.31284e-148      0
-1.74286     3.3458e-148      0
-1.72857     1.05513e-141      0
-1.71429     1.32422e-141      0
-1.7     0.0027085      0
-1.68571     0.00572      0
-1.67143     0.00574      0
-1.65714     0.005738      0
-1.64286     0.005794      0
-1.62857     0.00579      0
-1.61429     0.00579      0
-1.6     0.005856      0
-1.58571     0.00587      0
-1.57143     0.005868      0
-1.55714     0.005898      0
-1.54286     0.005914      0
-1.52857     0.005926      0
-1.51429     0.005998      0
-1.5     0.00597      0
-1.48571     0.00602      0
-1.47143     0.006034      0
-1.45714     0.006062      0
-1.44286     0.006086      0
-1.42857     0.006138      0
-1.41429     0.006116      0
-1.4     0.006156      0
-1.38571     0.006184      0
-1.37143     0.00622      0
-1.35714     0.00623      0
-1.34286     0.006258      0
-1.32857     0.006306      0
-1.31429     0.00633      0
-1.3     0.00632      0
-1.28571     0.006378      0
-1.27143     0.006412      0
-1.25714     0.00647      0
-1.24286     0.006428      0
-1.22857     0.00648      0
-1.21429     0.00655      0
-1.2     0.006566      0
-1.18571     0.006564      0
-1.17143     0.006628      0
-1.15714     0.00667      0
-1.14286     0.006692      0
-1.12857     0.006718      0
-1.11429     0.006772      0
-1.1     0.006758      0
-1.08571     0.006814      0
-1.07143     0.006882      0
-1.05714     0.006882      0
-1.04286     0.00697      0
-1.02857     0.006976      0
-1.01429     0.007006      0
-1     0.007052      0
-0.985714     0.007122      0
-0.971429     0.007142      0
-0.957143     0.00719      0
-0.942857     0.0072      0
-0.928571     0.00727      0
-0.914286     0.007306      0
-0.9     0.00735      0
-0.885714     0.007404      0
-0.871429     0.007486      0
-0.857143     0.007538      0
-0.842857     0.007528      0
-0.828571     0.007642      0
-0.814286     0.007662      0
-0.8     0.00773      0
-0.785714     0.007798      0
-0.771429     0.007828      0
-0.757143     0.007852      0
-0.742857     0.008018      0
-0.728571     0.008014      0
-0.714286     0.008082      0
-0.7     0.008166      0
-0.685714     0.008212      0
-0.671429     0.008306      0
-0.657143     0.008382      0
-0.642857     0.008408      0
-0.628571     0.008542      0
-0.614286     0.0086      0
-0.6     0.008688      0
-0.585714     0.008822      0
-0.571429     0.008844      0
-0.557143     0.008956      0
-0.542857     0.009024      0
-0.528571     0.009262      0
-0.514286     0.009266      0
-0.5     0.00938      0
-0.485714     0.009526      0
-0.471429     0.0096      0
-0.457143     0.00977      0
-0.442857     0.009968      0
-0.428571     0.010106      0
-0.414286     0.010246      0
-0.4     0.01045      0
-0.385714     0.010624      0
-0.371429     0.010832      0
-0.357143     0.011076      0
-0.342857     0.011332      0
-0.328571     0.01162      0
-0.314286     0.011884      0
-0.3     0.01219      0
-0.285714     0.013012      0
-0.271429     0.0134      0
-0.257143     0.01425      0
-0.242857     0.015176      0
-0.228571     0.017166      0
-0.214286     0.0226845      0
-0.2     0.039002      0
-0.185714     0.019272      0
-0.171429     0.014992      0
-0.157143     0.012678      0
-0.142857     0.011112      0
-0.128571     0.009948      0
-0.114286     0.009012      0
-0.1     0.008226      0
-0.0857143     0.007552      0
-0.0714286     0.006932      0
-0.0571429     0.006436      0
-0.0428571     0.00591      0
-0.0285714     0.005416      0
-0.0142857     0.004871      0
0     0      0
0.0142857     0      0.0089505
0.0285714     0      0.013698
0.0428571     0      0.01165
0.0571429     0      0.010798
0.0714286     0      0.010294
0.0857143     0      0.010052
0.1     0      0.009978
0.114286     0      0.00992
0.128571     0      0.010094
0.142857     0      0.010186
0.157143     0      0.010474
0.171429     0      0.010844
0.185714     0      0.011412
0.2     0      0.012536
0.214286     0      0.014987
0.228571     0      0.01257
0.242857     0      0.011496
0.257143     0      0.010782
0.271429     0      0.010402
0.285714     0      0.010004
0.3     0      0.009732
0.314286     0      0.0095
0.328571     0      0.009328
0.342857     0      0.00908
0.357143     0      0.008932
0.371429     0      0.008742
0.385714     0      0.00864
0.4     0      0.008478
0.414286     0      0.00832
0.428571     0      0.008248
0.442857     0      0.008126
0.457143     0      0.008046
0.471429     0      0.007846
0.485714     0      0.007882
0.5     0      0.007716
0.514286     0      0.007612
0.528571     0      0.007588
0.542857     0      0.00746
0.557143     0      0.007408
0.571429     0      0.007324
0.585714     0      0.007244
0.6     0      0.007216
0.614286     0      0.00706
0.628571     0      0.007068
0.642857     0      0.00696
0.657143     0      0.00695
0.671429     0      0.00689
0.685714     0      0.006764
0.7     0      0.00675
0.714286     0      0.00666
0.728571     0      0.00664
0.742857     0      0.006564
0.757143     0      0.00653
0.771429     0      0.006496
0.785714     0      0.0064
0.8     0      0.006394
0.814286     0      0.006308
0.828571     0      0.006304
0.842857     0      0.006216
0.857143     0      0.006206
0.871429     0      0.006154
0.885714     0      0.00606
0.9     0      0.006058
0.914286     0      0.006016
0.928571     0      0.005992
0.942857     0      0.00593
0.957143     0      0.005892
0.971429     0      0.005874
0.985714     0      0.005818
1     0      0.00578
1.01429     0      0.005724
1.02857     0      0.005714
1.04286     0      0.005696
1.05714     0      0.00561
1.07143     0      0.005606
1.08571     0      0.005588
1.1     0      0.005524
1.11429     0      0.005526
1.12857     0      0.005474
1.14286     0      0.005442
1.15714     0      0.005408
1.17143     0      0.00536
1.18571     0      0.005378
1.2     0      0.005328
1.21429     0      0.005252
1.22857     0      0.005284
1.24286     0      0.005242
1.25714     0      0.005168
1.27143     0      0.005184
1.28571     0      0.00515
1.3     0      0.005114
1.31429     0      0.005086
1.32857     0      0.00506
1.34286     0      0.005042
1.35714     0      0.005016
1.37143     0      0.004998
1.38571     0      0.004958
1.4     0      0.004948
1.41429     0      0.004926
1.42857     0      0.004866
1.44286     0      0.004866
1.45714     0      0.004812
1.47143     0      0.004858
1.48571     0      0.004754
1.5     0      0.004788
1.51429     0      0.00477
1.52857     0      0.004712
1.54286     0      0.004718
1.55714     0      0.004676
1.57143     0      0.004658
1.58571     0      0.004618
1.6     0      0.004634
1.61429     0      0.00458
1.62857     0      0.004616
1.64286     0      0.00453
1.65714     0      0.004534
1.67143     0      0.004502
1.68571     0      0.004508
1.7     0      0.004462
1.71429     0      0.004502
1.72857     0      0.0044
1.74286     0      0.004418
1.75714     0      0.004408
1.77143     0      0.00439
1.78571     0      0.004344
1.8     0      0.004352
1.81429     0      0.00432
1.82857     0      0.004308
1.84286     0      0.004288
1.85714     0      0.00428
1.87143     0      0.004266
1.88571     0      0.004228
1.9     0      0.004218
1.91429     0      0.004212
1.92857     0      0.004178
1.94286     0      0.004178
1.95714     0      0.004142
1.97143     0      0.004146
1.98571     0      0.004116
2     0      0.004128
2.01429     0      0.004062
2.02857     0      0.004084
2.04286     0      0.004076
2.05714     0      0.00404
2.07143     0      0.004028
2.08571     0      0.00401
2.1     0      0.00397
2.11429     0      0.004
2.12857     0      0.003984
2.14286     0      0.003944
2.15714     0      0.003942
2.17143     0      0.003908
2.18571     0      0.003922
2.2     0      0.003894
2.21429     0      0.00387
2.22857     0      0.003886
2.24286     0      0.003842
2.25714     0      0.003848
2.27143     0      0.003838
2.28571     0      0.003806
2.3     0      0.0036265
2.31429     0      2.94125e-10
2.32857     0      4.63282e-24
2.34286     0      4.0979e-43
2.35714     0      3.00369e-56
2.37143     0      1.77956e-63
2.38571     0      4.28319e-76
2.4     0      5.26012e-83
2.41429     0      2.65987e-90
2.42857     0      3.18186e-102
2.44286     0      8.38307e-109
2.45714     0      2.2247e-115
2.47143     0      2.23867e-115
2.48571     0      6.4756e-116
2.5     0      0
2.51429     0      0
2.52857     0      0
2.54286     0      0
2.55714     0      0
2.57143     0      0
2.58571     0      0
2.6     0      0
2.61429     0      0
2.62857     0      0
2.64286     0      0
2.65714     0      0
2.67143     0      0
2.68571     0      0
2.7     0      0
2.71429     0      0
2.72857     0      0
2.74286     0      0
2.75714     0      0
2.77143     0      0
2.78571     0      0
2.8     0      0
2.81429     0      0
2.82857     0      0
2.84286     0      0
2.85714     0      0
2.87143     0      0
2.88571     0      0
2.9     0      0
2.91429     0      0
2.92857     0      0
2.94286     0      0
2.95714     0      0
2.97143     0      0
2.98571     0      0
3     0      0
3.01429     0      0
3.02857     0      0
3.04286     0      0
3.05714     0      0
3.07143     0      0
3.08571     0      0
3.1     0      0
3.11429     0      0
3.12857     0      0
3.14286     0      0
3.15714     0      0
3.17143     0      0
3.18571     0      0
3.2     0      0
3.21429     0      0
3.22857     0      0
3.24286     0      0
3.25714     0      0
3.27143     0      0
3.28571     0      0
3.3     0      0
3.31429     0      0
3.32857     0      0
3.34286     0      0
3.35714     0      0
3.37143     0      0
3.38571     0      0
3.4     0      0
3.41429     0      0
3.42857     0      0
3.44286     0      0
3.45714     0      0
3.47143     0      0
3.48571     0      0
3.5     0      0
3.51429     0      0
3.52857     0      0
3.54286     0      0
3.55714     0      0
3.57143     0      0
3.58571     0      0
3.6     0      0
3.61429     0      0
3.62857     0      0
3.64286     0      0
3.65714     0      0
3.67143     0      0
3.68571     0      0
3.7     0      0
3.71429     0      0
3.72857     0      0
3.74286     0      0
3.75714     0      0
3.77143     0      0
3.78571     0      0
3.8     0      0
3.81429     0      0
3.82857     0      0
3.84286     0      0
3.85714     0      0
3.87143     0      0
3.88571     0      0
3.9     0      0
3.91429     0      0
3.92857     0      0
3.94286     0      0
3.95714     0      0
3.97143     0      0
3.98571     0      0
4     0      0
4.01429     0      0
4.02857     0      0
4.04286     0      0
4.05714     0      0
4.07143     0      0
4.08571     0      0
4.1     0      0
4.11429     0      0
4.12857     0      0
4.14286     0      0
4.15714     0      0
4.17143     0      0
4.18571     0      0
4.2     0      0
4.21429     0      0
4.22857     0      0
4.24286     0      0
4.25714     0      0
4.27143     0      0
4.28571     0      0
4.3     0      0
4.31429     0      0
4.32857     0      0
4.34286     0      0
4.35714     0      0
4.37143     0      0
4.38571     0      0
4.4     0      0
4.41429     0      0
4.42857     0      0
4.44286     0      0
4.45714     0      0
4.47143     0      0
4.48571     0      0
4.5     0      0
4.51429     0      0
4.52857     0      0
4.54286     0      0
4.55714     0      0
4.57143     0      0
4.58571     0      0
4.6     0      0
4.61429     0      0
4.62857     0      0
4.64286     0      0
4.65714     0      0
4.67143     0      0
4.68571     0      0
4.7     0      0
4.71429     0      0
4.72857     0      0
4.74286     0      0
4.75714     0      0
4.77143     0      0
4.78571     0      0
4.8     0      0
4.81429     0      0
4.82857     0      0
4.84286     0      0
4.85714     0      0
4.87143     0      0
4.88571     0      0
4.9     0      0
4.91429     0      0
4.92857     0      0
4.94286     0      0
4.95714     0      0
4.97143     0      0
4.98571     0      0
