# U,mu,nA_up, nA_dn, nB_up, nB_dn, ms, mf, ntotal,mu,cint
#energy    dos_upn   dos_upp   dos_dnn  dos_dnp GRID=1000 bin=700
-5     0      0
-4.98571     0      0
-4.97143     0      0
-4.95714     0      0
-4.94286     0      0
-4.92857     0      0
-4.91429     0      0
-4.9     0      0
-4.88571     0      0
-4.87143     0      0
-4.85714     0      0
-4.84286     0      0
-4.82857     0      0
-4.81429     0      0
-4.8     0      0
-4.78571     0      0
-4.77143     0      0
-4.75714     0      0
-4.74286     0      0
-4.72857     0      0
-4.71429     0      0
-4.7     0      0
-4.68571     0      0
-4.67143     0      0
-4.65714     0      0
-4.64286     0      0
-4.62857     0      0
-4.61429     0      0
-4.6     0      0
-4.58571     0      0
-4.57143     0      0
-4.55714     0      0
-4.54286     0      0
-4.52857     0      0
-4.51429     0      0
-4.5     0      0
-4.48571     0      0
-4.47143     0      0
-4.45714     0      0
-4.44286     0      0
-4.42857     0      0
-4.41429     0      0
-4.4     0      0
-4.38571     0      0
-4.37143     0      0
-4.35714     0      0
-4.34286     0      0
-4.32857     0      0
-4.31429     0      0
-4.3     0      0
-4.28571     0      0
-4.27143     0      0
-4.25714     0      0
-4.24286     0      0
-4.22857     0      0
-4.21429     0      0
-4.2     0      0
-4.18571     0      0
-4.17143     0      0
-4.15714     0      0
-4.14286     0      0
-4.12857     0      0
-4.11429     0      0
-4.1     0      0
-4.08571     0      0
-4.07143     0      0
-4.05714     0      0
-4.04286     0      0
-4.02857     0      0
-4.01429     0      0
-4     0      0
-3.98571     0      0
-3.97143     0      0
-3.95714     0      0
-3.94286     0      0
-3.92857     0      0
-3.91429     0      0
-3.9     0      0
-3.88571     0      0
-3.87143     0      0
-3.85714     0      0
-3.84286     0      0
-3.82857     0      0
-3.81429     0      0
-3.8     0      0
-3.78571     0      0
-3.77143     0      0
-3.75714     0      0
-3.74286     0      0
-3.72857     0      0
-3.71429     0      0
-3.7     0      0
-3.68571     0      0
-3.67143     0      0
-3.65714     0      0
-3.64286     0      0
-3.62857     0      0
-3.61429     0      0
-3.6     0      0
-3.58571     0      0
-3.57143     0      0
-3.55714     0      0
-3.54286     0      0
-3.52857     0      0
-3.51429     0      0
-3.5     0      0
-3.48571     0      0
-3.47143     0      0
-3.45714     0      0
-3.44286     0      0
-3.42857     0      0
-3.41429     0      0
-3.4     0      0
-3.38571     0      0
-3.37143     0      0
-3.35714     0      0
-3.34286     0      0
-3.32857     0      0
-3.31429     0      0
-3.3     0      0
-3.28571     0      0
-3.27143     0      0
-3.25714     0      0
-3.24286     0      0
-3.22857     0      0
-3.21429     0      0
-3.2     0      0
-3.18571     0      0
-3.17143     0      0
-3.15714     0      0
-3.14286     0      0
-3.12857     0      0
-3.11429     0      0
-3.1     0      0
-3.08571     0      0
-3.07143     0      0
-3.05714     0      0
-3.04286     0      0
-3.02857     0      0
-3.01429     0      0
-3     0      0
-2.98571     0      0
-2.97143     0      0
-2.95714     0      0
-2.94286     0      0
-2.92857     0      0
-2.91429     0      0
-2.9     0      0
-2.88571     0      0
-2.87143     0      0
-2.85714     0      0
-2.84286     0      0
-2.82857     0      0
-2.81429     0      0
-2.8     0      0
-2.78571     0      0
-2.77143     0      0
-2.75714     0      0
-2.74286     0      0
-2.72857     0      0
-2.71429     0      0
-2.7     0      0
-2.68571     0      0
-2.67143     0      0
-2.65714     0      0
-2.64286     0      0
-2.62857     0      0
-2.61429     0      0
-2.6     0      0
-2.58571     0      0
-2.57143     0      0
-2.55714     0      0
-2.54286     0      0
-2.52857     0      0
-2.51429     0      0
-2.5     0      0
-2.48571     0      0
-2.47143     0      0
-2.45714     0      0
-2.44286     0      0
-2.42857     0      0
-2.41429     0      0
-2.4     0      0
-2.38571     0      0
-2.37143     0      0
-2.35714     0      0
-2.34286     0      0
-2.32857     0      0
-2.31429     0      0
-2.3     0      0
-2.28571     0      0
-2.27143     0      0
-2.25714     0      0
-2.24286     0      0
-2.22857     0      0
-2.21429     0      0
-2.2     0      0
-2.18571     0      0
-2.17143     0      0
-2.15714     0      0
-2.14286     0      0
-2.12857     0      0
-2.11429     0      0
-2.1     0      0
-2.08571     0      0
-2.07143     0      0
-2.05714     0      0
-2.04286     1.11163e-83      0
-2.02857     3.5274e-82      0
-2.01429     6.16316e-77      0
-2     1.40429e-75      0
-1.98571     1.40953e-75      0
-1.97143     1.42193e-75      0
-1.95714     6.032e-70      0
-1.94286     5.59807e-69      0
-1.92857     5.61714e-69      0
-1.91429     5.65338e-69      0
-1.9     4.88473e-63      0
-1.88571     2.23236e-62      0
-1.87143     2.24533e-62      0
-1.85714     2.24228e-62      0
-1.84286     3.33634e-56      0
-1.82857     8.88672e-56      0
-1.81429     8.96912e-56      0
-1.8     8.96912e-56      0
-1.78571     2.01325e-49      0
-1.77143     3.5669e-49      0
-1.75714     3.55713e-49      0
-1.74286     3.59253e-49      0
-1.72857     1.13293e-42      0
-1.71429     1.42188e-42      0
-1.7     1.42432e-42      0
-1.68571     3.54005e-37      0
-1.67143     5.65039e-36      0
-1.65714     5.6875e-36      0
-1.64286     5.68945e-36      0
-1.62857     7.93165e-30      0
-1.61429     2.26563e-29      0
-1.6     2.27109e-29      0
-1.58571     0.0053105      0
-1.57143     0.005768      0
-1.55714     0.005766      0
-1.54286     0.005816      0
-1.52857     0.005814      0
-1.51429     0.005854      0
-1.5     0.00586      0
-1.48571     0.005892      0
-1.47143     0.005904      0
-1.45714     0.005942      0
-1.44286     0.005954      0
-1.42857     0.00597      0
-1.41429     0.006      0
-1.4     0.006024      0
-1.38571     0.006058      0
-1.37143     0.006088      0
-1.35714     0.006098      0
-1.34286     0.00611      0
-1.32857     0.006158      0
-1.31429     0.006192      0
-1.3     0.00619      0
-1.28571     0.006248      0
-1.27143     0.00625      0
-1.25714     0.006284      0
-1.24286     0.006326      0
-1.22857     0.006322      0
-1.21429     0.006392      0
-1.2     0.006392      0
-1.18571     0.006438      0
-1.17143     0.006472      0
-1.15714     0.006494      0
-1.14286     0.0065      0
-1.12857     0.006618      0
-1.11429     0.006592      0
-1.1     0.00659      0
-1.08571     0.006668      0
-1.07143     0.006738      0
-1.05714     0.00671      0
-1.04286     0.006796      0
-1.02857     0.006786      0
-1.01429     0.006844      0
-1     0.006878      0
-0.985714     0.006944      0
-0.971429     0.006978      0
-0.957143     0.007004      0
-0.942857     0.00703      0
-0.928571     0.007106      0
-0.914286     0.007146      0
-0.9     0.00717      0
-0.885714     0.007206      0
-0.871429     0.007326      0
-0.857143     0.007314      0
-0.842857     0.00737      0
-0.828571     0.007428      0
-0.814286     0.007488      0
-0.8     0.007518      0
-0.785714     0.007618      0
-0.771429     0.007602      0
-0.757143     0.00775      0
-0.742857     0.007762      0
-0.728571     0.007834      0
-0.714286     0.00791      0
-0.7     0.007934      0
-0.685714     0.008042      0
-0.671429     0.008068      0
-0.657143     0.008206      0
-0.642857     0.008234      0
-0.628571     0.00835      0
-0.614286     0.008374      0
-0.6     0.00854      0
-0.585714     0.008602      0
-0.571429     0.00866      0
-0.557143     0.008828      0
-0.542857     0.008826      0
-0.528571     0.009056      0
-0.514286     0.009042      0
-0.5     0.009286      0
-0.485714     0.009356      0
-0.471429     0.009524      0
-0.457143     0.00959      0
-0.442857     0.00986      0
-0.428571     0.009954      0
-0.414286     0.010188      0
-0.4     0.010328      0
-0.385714     0.010614      0
-0.371429     0.01079      0
-0.357143     0.011108      0
-0.342857     0.011358      0
-0.328571     0.0117      0
-0.314286     0.012142      0
-0.3     0.012492      0
-0.285714     0.013214      0
-0.271429     0.013938      0
-0.257143     0.014526      0
-0.242857     0.015896      0
-0.228571     0.017994      0
-0.214286     0.0224265      0
-0.2     0.05184      0
-0.185714     0.026148      0
-0.171429     0.019794      0
-0.157143     0.016606      0
-0.142857     0.014504      0
-0.128571     0.013052      0
-0.114286     0.011716      0
-0.1     0.010834      0
-0.0857143     0.010008      0
-0.0714286     0.009292      0
-0.0571429     0.008678      0
-0.0428571     0.00816      0
-0.0285714     0.00759      0
-0.0142857     0.007121      0
0     0      0
0.0142857     0      0
0.0285714     0      0
0.0428571     0      0
0.0571429     0      0
0.0714286     0      0
0.0857143     0      0
0.1     0      3.32892e-83
0.114286     0      1.54126e-75
0.128571     0      4.55093e-75
0.142857     0      1.4874e-68
0.157143     0      9.62259e-63
0.171429     0      7.40051e-62
0.185714     0      1.16707e-55
0.2     0      2.79327e-55
0.214286     0      6.315e-49
0.228571     0      1.08276e-48
0.242857     0      0.0004865
0.257143     0      0.01835
0.271429     0      0.014786
0.285714     0      0.013408
0.3     0      0.012652
0.314286     0      0.01223
0.328571     0      0.011956
0.342857     0      0.01185
0.357143     0      0.011888
0.371429     0      0.011984
0.385714     0      0.012194
0.4     0      0.012554
0.414286     0      0.013134
0.428571     0      0.014128
0.442857     0      0.017183
0.457143     0      0.016556
0.471429     0      0.013692
0.485714     0      0.012446
0.5     0      0.011702
0.514286     0      0.01107
0.528571     0      0.01065
0.542857     0      0.010222
0.557143     0      0.009934
0.571429     0      0.009636
0.585714     0      0.00937
0.6     0      0.009124
0.614286     0      0.008972
0.628571     0      0.00878
0.642857     0      0.008586
0.657143     0      0.008448
0.671429     0      0.008318
0.685714     0      0.008154
0.7     0      0.008028
0.714286     0      0.007892
0.728571     0      0.007804
0.742857     0      0.007716
0.757143     0      0.007596
0.771429     0      0.00748
0.785714     0      0.007418
0.8     0      0.007306
0.814286     0      0.007216
0.828571     0      0.007126
0.842857     0      0.007134
0.857143     0      0.006986
0.871429     0      0.006908
0.885714     0      0.006864
0.9     0      0.00675
0.914286     0      0.006748
0.928571     0      0.006732
0.942857     0      0.00658
0.957143     0      0.006504
0.971429     0      0.006498
0.985714     0      0.006424
1     0      0.00638
1.01429     0      0.006318
1.02857     0      0.006272
1.04286     0      0.006226
1.05714     0      0.0062
1.07143     0      0.006096
1.08571     0      0.006056
1.1     0      0.00602
1.11429     0      0.005994
1.12857     0      0.005944
1.14286     0      0.00588
1.15714     0      0.005878
1.17143     0      0.00582
1.18571     0      0.005802
1.2     0      0.005736
1.21429     0      0.005724
1.22857     0      0.005632
1.24286     0      0.00562
1.25714     0      0.005586
1.27143     0      0.005552
1.28571     0      0.00552
1.3     0      0.005466
1.31429     0      0.005468
1.32857     0      0.005414
1.34286     0      0.005382
1.35714     0      0.005362
1.37143     0      0.00532
1.38571     0      0.005278
1.4     0      0.005256
1.41429     0      0.005242
1.42857     0      0.005196
1.44286     0      0.005182
1.45714     0      0.005128
1.47143     0      0.005112
1.48571     0      0.005068
1.5     0      0.00507
1.51429     0      0.005034
1.52857     0      0.004968
1.54286     0      0.004986
1.55714     0      0.004948
1.57143     0      0.004942
1.58571     0      0.00489
1.6     0      0.004872
1.61429     0      0.004858
1.62857     0      0.004834
1.64286     0      0.00478
1.65714     0      0.004802
1.67143     0      0.00476
1.68571     0      0.004738
1.7     0      0.00468
1.71429     0      0.00469
1.72857     0      0.004646
1.74286     0      0.00465
1.75714     0      0.00464
1.77143     0      0.004564
1.78571     0      0.004582
1.8     0      0.00456
1.81429     0      0.004534
1.82857     0      0.004514
1.84286     0      0.004496
1.85714     0      0.004482
1.87143     0      0.00444
1.88571     0      0.00443
1.9     0      0.004442
1.91429     0      0.004382
1.92857     0      0.004364
1.94286     0      0.004364
1.95714     0      0.004348
1.97143     0      0.004308
1.98571     0      0.0043
2     0      0.004292
2.01429     0      0.004246
2.02857     0      0.004252
2.04286     0      0.004248
2.05714     0      0.004226
2.07143     0      0.004184
2.08571     0      0.00421
2.1     0      0.004124
2.11429     0      0.004152
2.12857     0      0.004134
2.14286     0      0.004104
2.15714     0      0.004092
2.17143     0      0.004072
2.18571     0      0.004072
2.2     0      0.004036
2.21429     0      0.004062
2.22857     0      0.003994
2.24286     0      0.004012
2.25714     0      0.004002
2.27143     0      0.003966
2.28571     0      0.003954
2.3     0      0.00394
2.31429     0      0.003934
2.32857     0      0.003924
2.34286     0      0.003882
2.35714     0      0.003884
2.37143     0      0.003874
2.38571     0      0.003868
2.4     0      0.003844
2.41429     0      0.003818
2.42857     0      0.0034165
2.44286     0      9.00125e-10
2.45714     0      2.38875e-16
2.47143     0      2.40375e-16
2.48571     0      6.95313e-17
2.5     0      0
2.51429     0      0
2.52857     0      0
2.54286     0      0
2.55714     0      0
2.57143     0      0
2.58571     0      0
2.6     0      0
2.61429     0      0
2.62857     0      0
2.64286     0      0
2.65714     0      0
2.67143     0      0
2.68571     0      0
2.7     0      0
2.71429     0      0
2.72857     0      0
2.74286     0      0
2.75714     0      0
2.77143     0      0
2.78571     0      0
2.8     0      0
2.81429     0      0
2.82857     0      0
2.84286     0      0
2.85714     0      0
2.87143     0      0
2.88571     0      0
2.9     0      0
2.91429     0      0
2.92857     0      0
2.94286     0      0
2.95714     0      0
2.97143     0      0
2.98571     0      0
3     0      0
3.01429     0      0
3.02857     0      0
3.04286     0      0
3.05714     0      0
3.07143     0      0
3.08571     0      0
3.1     0      0
3.11429     0      0
3.12857     0      0
3.14286     0      0
3.15714     0      0
3.17143     0      0
3.18571     0      0
3.2     0      0
3.21429     0      0
3.22857     0      0
3.24286     0      0
3.25714     0      0
3.27143     0      0
3.28571     0      0
3.3     0      0
3.31429     0      0
3.32857     0      0
3.34286     0      0
3.35714     0      0
3.37143     0      0
3.38571     0      0
3.4     0      0
3.41429     0      0
3.42857     0      0
3.44286     0      0
3.45714     0      0
3.47143     0      0
3.48571     0      0
3.5     0      0
3.51429     0      0
3.52857     0      0
3.54286     0      0
3.55714     0      0
3.57143     0      0
3.58571     0      0
3.6     0      0
3.61429     0      0
3.62857     0      0
3.64286     0      0
3.65714     0      0
3.67143     0      0
3.68571     0      0
3.7     0      0
3.71429     0      0
3.72857     0      0
3.74286     0      0
3.75714     0      0
3.77143     0      0
3.78571     0      0
3.8     0      0
3.81429     0      0
3.82857     0      0
3.84286     0      0
3.85714     0      0
3.87143     0      0
3.88571     0      0
3.9     0      0
3.91429     0      0
3.92857     0      0
3.94286     0      0
3.95714     0      0
3.97143     0      0
3.98571     0      0
4     0      0
4.01429     0      0
4.02857     0      0
4.04286     0      0
4.05714     0      0
4.07143     0      0
4.08571     0      0
4.1     0      0
4.11429     0      0
4.12857     0      0
4.14286     0      0
4.15714     0      0
4.17143     0      0
4.18571     0      0
4.2     0      0
4.21429     0      0
4.22857     0      0
4.24286     0      0
4.25714     0      0
4.27143     0      0
4.28571     0      0
4.3     0      0
4.31429     0      0
4.32857     0      0
4.34286     0      0
4.35714     0      0
4.37143     0      0
4.38571     0      0
4.4     0      0
4.41429     0      0
4.42857     0      0
4.44286     0      0
4.45714     0      0
4.47143     0      0
4.48571     0      0
4.5     0      0
4.51429     0      0
4.52857     0      0
4.54286     0      0
4.55714     0      0
4.57143     0      0
4.58571     0      0
4.6     0      0
4.61429     0      0
4.62857     0      0
4.64286     0      0
4.65714     0      0
4.67143     0      0
4.68571     0      0
4.7     0      0
4.71429     0      0
4.72857     0      0
4.74286     0      0
4.75714     0      0
4.77143     0      0
4.78571     0      0
4.8     0      0
4.81429     0      0
4.82857     0      0
4.84286     0      0
4.85714     0      0
4.87143     0      0
4.88571     0      0
4.9     0      0
4.91429     0      0
4.92857     0      0
4.94286     0      0
4.95714     0      0
4.97143     0      0
4.98571     0      0
