# U,mu,nA_up, nA_dn, nB_up, nB_dn, ms, mf, ntotal,mu,cint
#energy    dos_upn   dos_upp   dos_dnn  dos_dnp GRID=1000 bin=700
-5     0      0
-4.98571     0      0
-4.97143     0      0
-4.95714     0      0
-4.94286     0      0
-4.92857     0      0
-4.91429     0      0
-4.9     0      0
-4.88571     0      0
-4.87143     0      0
-4.85714     0      0
-4.84286     0      0
-4.82857     0      0
-4.81429     0      0
-4.8     0      0
-4.78571     0      0
-4.77143     0      0
-4.75714     0      0
-4.74286     0      0
-4.72857     0      0
-4.71429     0      0
-4.7     0      0
-4.68571     0      0
-4.67143     0      0
-4.65714     0      0
-4.64286     0      0
-4.62857     0      0
-4.61429     0      0
-4.6     0      0
-4.58571     0      0
-4.57143     0      0
-4.55714     0      0
-4.54286     0      0
-4.52857     0      0
-4.51429     0      0
-4.5     0      0
-4.48571     0      0
-4.47143     0      0
-4.45714     0      0
-4.44286     0      0
-4.42857     0      0
-4.41429     0      0
-4.4     0      0
-4.38571     0      0
-4.37143     0      0
-4.35714     0      0
-4.34286     0      0
-4.32857     0      0
-4.31429     0      0
-4.3     0      0
-4.28571     0      0
-4.27143     0      0
-4.25714     0      0
-4.24286     0      0
-4.22857     0      0
-4.21429     0      0
-4.2     0      0
-4.18571     0      0
-4.17143     0      0
-4.15714     0      0
-4.14286     0      0
-4.12857     0      0
-4.11429     0      0
-4.1     0      0
-4.08571     0      0
-4.07143     0      0
-4.05714     0      0
-4.04286     0      0
-4.02857     0      0
-4.01429     0      0
-4     0      0
-3.98571     0      0
-3.97143     0      0
-3.95714     0      0
-3.94286     0      0
-3.92857     0      0
-3.91429     0      0
-3.9     0      0
-3.88571     0      0
-3.87143     0      0
-3.85714     0      0
-3.84286     0      0
-3.82857     0      0
-3.81429     0      0
-3.8     0      0
-3.78571     0      0
-3.77143     0      0
-3.75714     0      0
-3.74286     0      0
-3.72857     0      0
-3.71429     0      0
-3.7     0      0
-3.68571     0      0
-3.67143     0      0
-3.65714     0      0
-3.64286     0      0
-3.62857     0      0
-3.61429     0      0
-3.6     0      0
-3.58571     0      0
-3.57143     0      0
-3.55714     0      0
-3.54286     0      0
-3.52857     0      0
-3.51429     0      0
-3.5     0      0
-3.48571     0      0
-3.47143     0      0
-3.45714     0      0
-3.44286     0      0
-3.42857     0      0
-3.41429     0      0
-3.4     0      0
-3.38571     0      0
-3.37143     0      0
-3.35714     0      0
-3.34286     0      0
-3.32857     0      0
-3.31429     0      0
-3.3     0      0
-3.28571     0      0
-3.27143     0      0
-3.25714     0      0
-3.24286     0      0
-3.22857     0      0
-3.21429     0      0
-3.2     0      0
-3.18571     0      0
-3.17143     0      0
-3.15714     0      0
-3.14286     0      0
-3.12857     0      0
-3.11429     0      0
-3.1     0      0
-3.08571     0      0
-3.07143     0      0
-3.05714     0      0
-3.04286     0      0
-3.02857     0      0
-3.01429     0      0
-3     0      0
-2.98571     0      0
-2.97143     0      0
-2.95714     0      0
-2.94286     0      0
-2.92857     0      0
-2.91429     0      0
-2.9     0      0
-2.88571     0      0
-2.87143     0      0
-2.85714     0      0
-2.84286     0      0
-2.82857     0      0
-2.81429     0      0
-2.8     0      0
-2.78571     0      0
-2.77143     0      0
-2.75714     0      0
-2.74286     0      0
-2.72857     0      0
-2.71429     0      0
-2.7     0      0
-2.68571     0      0
-2.67143     0      0
-2.65714     0      0
-2.64286     0      0
-2.62857     0      0
-2.61429     0      0
-2.6     0      0
-2.58571     0      0
-2.57143     0      0
-2.55714     0      0
-2.54286     0      0
-2.52857     0      0
-2.51429     0      0
-2.5     0      0
-2.48571     0      0
-2.47143     0      0
-2.45714     0      0
-2.44286     0      0
-2.42857     0      0
-2.41429     0      0
-2.4     0      0
-2.38571     0      0
-2.37143     0      0
-2.35714     0      0
-2.34286     0      0
-2.32857     0      0
-2.31429     0      0
-2.3     0      0
-2.28571     0      0
-2.27143     0      0
-2.25714     0      0
-2.24286     0      0
-2.22857     0      0
-2.21429     0      0
-2.2     0      0
-2.18571     0      0
-2.17143     0      0
-2.15714     0      0
-2.14286     0      0
-2.12857     0      0
-2.11429     0      0
-2.1     0      0
-2.08571     0      0
-2.07143     0      0
-2.05714     0      0
-2.04286     2.84576e-57      0
-2.02857     9.03015e-56      0
-2.01429     1.57777e-50      0
-2     3.59497e-49      0
-1.98571     3.6084e-49      0
-1.97143     3.64014e-49      0
-1.95714     1.54419e-43      0
-1.94286     1.43311e-42      0
-1.92857     1.43799e-42      0
-1.91429     1.44727e-42      0
-1.9     1.25049e-36      0
-1.88571     5.71485e-36      0
-1.87143     5.74805e-36      0
-1.85714     5.74024e-36      0
-1.84286     8.54102e-30      0
-1.82857     2.275e-29      0
-1.81429     2.29609e-29      0
-1.8     2.29609e-29      0
-1.78571     5.15391e-23      0
-1.77143     9.13125e-23      0
-1.75714     9.10625e-23      0
-1.74286     9.19688e-23      0
-1.72857     2.90031e-16      0
-1.71429     3.64e-16      0
-1.7     3.64625e-16      0
-1.68571     9.06254e-11      0
-1.67143     1.4465e-09      0
-1.65714     1.456e-09      0
-1.64286     1.4565e-09      0
-1.62857     0.0020305      0
-1.61429     0.0058      0
-1.6     0.005814      0
-1.58571     0.005822      0
-1.57143     0.005838      0
-1.55714     0.005884      0
-1.54286     0.005904      0
-1.52857     0.005908      0
-1.51429     0.00595      0
-1.5     0.005968      0
-1.48571     0.005986      0
-1.47143     0.006008      0
-1.45714     0.006028      0
-1.44286     0.006082      0
-1.42857     0.006084      0
-1.41429     0.006112      0
-1.4     0.006128      0
-1.38571     0.006162      0
-1.37143     0.006198      0
-1.35714     0.006226      0
-1.34286     0.006254      0
-1.32857     0.006304      0
-1.31429     0.006266      0
-1.3     0.006332      0
-1.28571     0.006378      0
-1.27143     0.006416      0
-1.25714     0.006422      0
-1.24286     0.006478      0
-1.22857     0.0065      0
-1.21429     0.006516      0
-1.2     0.006586      0
-1.18571     0.006556      0
-1.17143     0.006678      0
-1.15714     0.006632      0
-1.14286     0.006724      0
-1.12857     0.006736      0
-1.11429     0.006772      0
-1.1     0.006792      0
-1.08571     0.006904      0
-1.07143     0.006872      0
-1.05714     0.006954      0
-1.04286     0.00698      0
-1.02857     0.00703      0
-1.01429     0.007076      0
-1     0.007114      0
-0.985714     0.007156      0
-0.971429     0.007194      0
-0.957143     0.007286      0
-0.942857     0.007296      0
-0.928571     0.00737      0
-0.914286     0.007394      0
-0.9     0.00749      0
-0.885714     0.00753      0
-0.871429     0.007608      0
-0.857143     0.007634      0
-0.842857     0.007702      0
-0.828571     0.00773      0
-0.814286     0.007862      0
-0.8     0.007914      0
-0.785714     0.007986      0
-0.771429     0.008058      0
-0.757143     0.00814      0
-0.742857     0.008202      0
-0.728571     0.008298      0
-0.714286     0.008362      0
-0.7     0.008496      0
-0.685714     0.008546      0
-0.671429     0.008606      0
-0.657143     0.00878      0
-0.642857     0.008872      0
-0.628571     0.009026      0
-0.614286     0.00914      0
-0.6     0.009196      0
-0.585714     0.009358      0
-0.571429     0.00958      0
-0.557143     0.009664      0
-0.542857     0.00984      0
-0.528571     0.010006      0
-0.514286     0.01024      0
-0.5     0.01047      0
-0.485714     0.010646      0
-0.471429     0.010922      0
-0.457143     0.011226      0
-0.442857     0.011568      0
-0.428571     0.011914      0
-0.414286     0.012342      0
-0.4     0.012892      0
-0.385714     0.0135      0
-0.371429     0.014252      0
-0.357143     0.015288      0
-0.342857     0.016364      0
-0.328571     0.018854      0
-0.314286     0.0269085      0
-0.3     0.055168      0
-0.285714     0.028792      0
-0.271429     0.022018      0
-0.257143     0.018418      0
-0.242857     0.016204      0
-0.228571     0.014452      0
-0.214286     0.013218      0
-0.2     0.012116      0
-0.185714     0.011274      0
-0.171429     0.01051      0
-0.157143     0.009854      0
-0.142857     0.009244      0
-0.128571     0.008716      0
-0.114286     0.007103      0
-0.1     0      0
-0.0857143     0      0
-0.0714286     0      0
-0.0571429     0      0
-0.0428571     0      0
-0.0285714     0      0
-0.0142857     0      0
0     0      0
0.0142857     0      0
0.0285714     0      0
0.0428571     0      0
0.0571429     0      0
0.0714286     0      0
0.0857143     0      0
0.1     0      8.52203e-57
0.114286     0      3.94562e-49
0.128571     0      1.16504e-48
0.142857     0      3.80774e-42
0.157143     0      2.46338e-36
0.171429     0      1.89453e-35
0.185714     0      2.9877e-29
0.2     0      7.15078e-29
0.214286     0      1.61664e-22
0.228571     0      2.77188e-22
0.242857     0      6.85406e-16
0.257143     0      1.08688e-15
0.271429     0      2.41513e-09
0.285714     0      4.342e-09
0.3     0      0.0064905
0.314286     0      0.017734
0.328571     0      0.01544
0.342857     0      0.014174
0.357143     0      0.013546
0.371429     0      0.01313
0.385714     0      0.012888
0.4     0      0.01285
0.414286     0      0.012832
0.428571     0      0.013038
0.442857     0      0.013298
0.457143     0      0.013734
0.471429     0      0.014508
0.485714     0      0.015878
0.5     0      0.020041
0.514286     0      0.016534
0.528571     0      0.014168
0.542857     0      0.012998
0.557143     0      0.01212
0.571429     0      0.01156
0.585714     0      0.010992
0.6     0      0.010552
0.614286     0      0.010272
0.628571     0      0.00984
0.642857     0      0.009592
0.657143     0      0.009352
0.671429     0      0.009152
0.685714     0      0.00892
0.7     0      0.008702
0.714286     0      0.008604
0.728571     0      0.008364
0.742857     0      0.008298
0.757143     0      0.008058
0.771429     0      0.007968
0.785714     0      0.00786
0.8     0      0.007752
0.814286     0      0.007606
0.828571     0      0.007538
0.842857     0      0.007398
0.857143     0      0.007358
0.871429     0      0.00719
0.885714     0      0.007128
0.9     0      0.007126
0.914286     0      0.006966
0.928571     0      0.00691
0.942857     0      0.006808
0.957143     0      0.006778
0.971429     0      0.006696
0.985714     0      0.006652
1     0      0.006584
1.01429     0      0.006482
1.02857     0      0.006424
1.04286     0      0.006404
1.05714     0      0.006298
1.07143     0      0.006268
1.08571     0      0.006246
1.1     0      0.006144
1.11429     0      0.006138
1.12857     0      0.006076
1.14286     0      0.006038
1.15714     0      0.005968
1.17143     0      0.005912
1.18571     0      0.005878
1.2     0      0.00584
1.21429     0      0.005814
1.22857     0      0.005752
1.24286     0      0.005722
1.25714     0      0.00565
1.27143     0      0.005642
1.28571     0      0.005592
1.3     0      0.005542
1.31429     0      0.00552
1.32857     0      0.005498
1.34286     0      0.00546
1.35714     0      0.005402
1.37143     0      0.005384
1.38571     0      0.005378
1.4     0      0.0053
1.41429     0      0.005278
1.42857     0      0.005264
1.44286     0      0.005238
1.45714     0      0.005222
1.47143     0      0.005124
1.48571     0      0.005134
1.5     0      0.005086
1.51429     0      0.005078
1.52857     0      0.005054
1.54286     0      0.005038
1.55714     0      0.004942
1.57143     0      0.004994
1.58571     0      0.00492
1.6     0      0.004894
1.61429     0      0.004878
1.62857     0      0.004852
1.64286     0      0.00485
1.65714     0      0.004786
1.67143     0      0.004806
1.68571     0      0.004764
1.7     0      0.004728
1.71429     0      0.004694
1.72857     0      0.004658
1.74286     0      0.004698
1.75714     0      0.004656
1.77143     0      0.00459
1.78571     0      0.00463
1.8     0      0.004558
1.81429     0      0.004538
1.82857     0      0.004564
1.84286     0      0.004488
1.85714     0      0.0045
1.87143     0      0.004458
1.88571     0      0.004452
1.9     0      0.00446
1.91429     0      0.004386
1.92857     0      0.004386
1.94286     0      0.004388
1.95714     0      0.004344
1.97143     0      0.004344
1.98571     0      0.004304
2     0      0.004298
2.01429     0      0.00427
2.02857     0      0.004256
2.04286     0      0.004238
2.05714     0      0.004218
2.07143     0      0.004236
2.08571     0      0.004152
2.1     0      0.0042
2.11429     0      0.004144
2.12857     0      0.004136
2.14286     0      0.004126
2.15714     0      0.004112
2.17143     0      0.004076
2.18571     0      0.004062
2.2     0      0.004062
2.21429     0      0.004048
2.22857     0      0.004016
2.24286     0      0.004
2.25714     0      0.004018
2.27143     0      0.003968
2.28571     0      0.003972
2.3     0      0.00393
2.31429     0      0.003934
2.32857     0      0.003906
2.34286     0      0.00391
2.35714     0      0.003896
2.37143     0      0.003862
2.38571     0      0.003866
2.4     0      0.003854
2.41429     0      0.0034585
2.42857     0      0
2.44286     0      0
2.45714     0      0
2.47143     0      0
2.48571     0      0
2.5     0      0
2.51429     0      0
2.52857     0      0
2.54286     0      0
2.55714     0      0
2.57143     0      0
2.58571     0      0
2.6     0      0
2.61429     0      0
2.62857     0      0
2.64286     0      0
2.65714     0      0
2.67143     0      0
2.68571     0      0
2.7     0      0
2.71429     0      0
2.72857     0      0
2.74286     0      0
2.75714     0      0
2.77143     0      0
2.78571     0      0
2.8     0      0
2.81429     0      0
2.82857     0      0
2.84286     0      0
2.85714     0      0
2.87143     0      0
2.88571     0      0
2.9     0      0
2.91429     0      0
2.92857     0      0
2.94286     0      0
2.95714     0      0
2.97143     0      0
2.98571     0      0
3     0      0
3.01429     0      0
3.02857     0      0
3.04286     0      0
3.05714     0      0
3.07143     0      0
3.08571     0      0
3.1     0      0
3.11429     0      0
3.12857     0      0
3.14286     0      0
3.15714     0      0
3.17143     0      0
3.18571     0      0
3.2     0      0
3.21429     0      0
3.22857     0      0
3.24286     0      0
3.25714     0      0
3.27143     0      0
3.28571     0      0
3.3     0      0
3.31429     0      0
3.32857     0      0
3.34286     0      0
3.35714     0      0
3.37143     0      0
3.38571     0      0
3.4     0      0
3.41429     0      0
3.42857     0      0
3.44286     0      0
3.45714     0      0
3.47143     0      0
3.48571     0      0
3.5     0      0
3.51429     0      0
3.52857     0      0
3.54286     0      0
3.55714     0      0
3.57143     0      0
3.58571     0      0
3.6     0      0
3.61429     0      0
3.62857     0      0
3.64286     0      0
3.65714     0      0
3.67143     0      0
3.68571     0      0
3.7     0      0
3.71429     0      0
3.72857     0      0
3.74286     0      0
3.75714     0      0
3.77143     0      0
3.78571     0      0
3.8     0      0
3.81429     0      0
3.82857     0      0
3.84286     0      0
3.85714     0      0
3.87143     0      0
3.88571     0      0
3.9     0      0
3.91429     0      0
3.92857     0      0
3.94286     0      0
3.95714     0      0
3.97143     0      0
3.98571     0      0
4     0      0
4.01429     0      0
4.02857     0      0
4.04286     0      0
4.05714     0      0
4.07143     0      0
4.08571     0      0
4.1     0      0
4.11429     0      0
4.12857     0      0
4.14286     0      0
4.15714     0      0
4.17143     0      0
4.18571     0      0
4.2     0      0
4.21429     0      0
4.22857     0      0
4.24286     0      0
4.25714     0      0
4.27143     0      0
4.28571     0      0
4.3     0      0
4.31429     0      0
4.32857     0      0
4.34286     0      0
4.35714     0      0
4.37143     0      0
4.38571     0      0
4.4     0      0
4.41429     0      0
4.42857     0      0
4.44286     0      0
4.45714     0      0
4.47143     0      0
4.48571     0      0
4.5     0      0
4.51429     0      0
4.52857     0      0
4.54286     0      0
4.55714     0      0
4.57143     0      0
4.58571     0      0
4.6     0      0
4.61429     0      0
4.62857     0      0
4.64286     0      0
4.65714     0      0
4.67143     0      0
4.68571     0      0
4.7     0      0
4.71429     0      0
4.72857     0      0
4.74286     0      0
4.75714     0      0
4.77143     0      0
4.78571     0      0
4.8     0      0
4.81429     0      0
4.82857     0      0
4.84286     0      0
4.85714     0      0
4.87143     0      0
4.88571     0      0
4.9     0      0
4.91429     0      0
4.92857     0      0
4.94286     0      0
4.95714     0      0
4.97143     0      0
4.98571     0      0
