# U,mu,nA_up, nA_dn, nB_up, nB_dn, ms, mf, ntotal,mu,cint
#energy    dos_upn   dos_upp   dos_dnn  dos_dnp GRID=1000 bin=700
-5     0      0
-4.98571     0      0
-4.97143     0      0
-4.95714     0      0
-4.94286     0      0
-4.92857     0      0
-4.91429     0      0
-4.9     0      0
-4.88571     0      0
-4.87143     0      0
-4.85714     0      0
-4.84286     0      0
-4.82857     0      0
-4.81429     0      0
-4.8     0      0
-4.78571     0      0
-4.77143     0      0
-4.75714     0      0
-4.74286     0      0
-4.72857     0      0
-4.71429     0      0
-4.7     0      0
-4.68571     0      0
-4.67143     0      0
-4.65714     0      0
-4.64286     0      0
-4.62857     0      0
-4.61429     0      0
-4.6     0      0
-4.58571     0      0
-4.57143     0      0
-4.55714     0      0
-4.54286     0      0
-4.52857     0      0
-4.51429     0      0
-4.5     0      0
-4.48571     0      0
-4.47143     0      0
-4.45714     0      0
-4.44286     0      0
-4.42857     0      0
-4.41429     0      0
-4.4     0      0
-4.38571     0      0
-4.37143     0      0
-4.35714     0      0
-4.34286     0      0
-4.32857     0      0
-4.31429     0      0
-4.3     0      0
-4.28571     0      0
-4.27143     0      0
-4.25714     0      0
-4.24286     0      0
-4.22857     0      0
-4.21429     0      0
-4.2     0      0
-4.18571     0      0
-4.17143     0      0
-4.15714     0      0
-4.14286     0      0
-4.12857     0      0
-4.11429     0      0
-4.1     0      0
-4.08571     0      0
-4.07143     0      0
-4.05714     0      0
-4.04286     0      0
-4.02857     0      0
-4.01429     0      0
-4     0      0
-3.98571     0      0
-3.97143     0      0
-3.95714     0      0
-3.94286     0      0
-3.92857     0      0
-3.91429     0      0
-3.9     0      0
-3.88571     0      0
-3.87143     0      0
-3.85714     0      0
-3.84286     0      0
-3.82857     0      0
-3.81429     0      0
-3.8     0      0
-3.78571     0      0
-3.77143     0      0
-3.75714     0      0
-3.74286     0      0
-3.72857     0      0
-3.71429     0      0
-3.7     0      0
-3.68571     0      0
-3.67143     0      0
-3.65714     0      0
-3.64286     0      0
-3.62857     0      0
-3.61429     0      0
-3.6     0      0
-3.58571     0      0
-3.57143     0      0
-3.55714     0      0
-3.54286     0      0
-3.52857     0      0
-3.51429     0      0
-3.5     0      0
-3.48571     0      0
-3.47143     0      0
-3.45714     0      0
-3.44286     0      0
-3.42857     0      0
-3.41429     0      0
-3.4     0      0
-3.38571     0      0
-3.37143     0      0
-3.35714     0      0
-3.34286     0      0
-3.32857     0      0
-3.31429     0      0
-3.3     0      0
-3.28571     0      0
-3.27143     0      0
-3.25714     0      0
-3.24286     0      0
-3.22857     0      0
-3.21429     0      0
-3.2     0      0
-3.18571     0      0
-3.17143     0      0
-3.15714     0      0
-3.14286     0      0
-3.12857     0      0
-3.11429     0      0
-3.1     0      0
-3.08571     0      0
-3.07143     0      0
-3.05714     0      0
-3.04286     0      0
-3.02857     0      0
-3.01429     0      0
-3     0      0
-2.98571     0      0
-2.97143     0      0
-2.95714     0      0
-2.94286     0      0
-2.92857     0      0
-2.91429     0      0
-2.9     0      0
-2.88571     0      0
-2.87143     0      0
-2.85714     0      0
-2.84286     0      0
-2.82857     0      0
-2.81429     0      0
-2.8     0      0
-2.78571     0      0
-2.77143     0      0
-2.75714     0      0
-2.74286     0      0
-2.72857     0      0
-2.71429     0      0
-2.7     0      0
-2.68571     0      0
-2.67143     0      0
-2.65714     0      0
-2.64286     0      0
-2.62857     0      0
-2.61429     0      0
-2.6     0      0
-2.58571     0      0
-2.57143     0      0
-2.55714     0      0
-2.54286     0      0
-2.52857     0      0
-2.51429     0      0
-2.5     0      0
-2.48571     0      0
-2.47143     0      0
-2.45714     0      0
-2.44286     0      0
-2.42857     0      0
-2.41429     0      0
-2.4     0      0
-2.38571     0      0
-2.37143     0      0
-2.35714     0      0
-2.34286     0      0
-2.32857     0      0
-2.31429     0      0
-2.3     0      0
-2.28571     0      0
-2.27143     0      0
-2.25714     0      0
-2.24286     0      0
-2.22857     0      0
-2.21429     0      0
-2.2     0      0
-2.18571     0      0
-2.17143     0      0
-2.15714     0      0
-2.14286     0      0
-2.12857     0      0
-2.11429     0      0
-2.1     0      0
-2.08571     0      0
-2.07143     0      0
-2.05714     0      0
-2.04286     7.28516e-31      0
-2.02857     2.31172e-29      0
-2.01429     4.03909e-24      0
-2     9.20313e-23      0
-1.98571     9.2375e-23      0
-1.97143     9.31875e-23      0
-1.95714     3.95313e-17      0
-1.94286     3.66875e-16      0
-1.92857     3.68125e-16      0
-1.91429     3.705e-16      0
-1.9     3.20125e-10      0
-1.88571     1.463e-09      0
-1.87143     1.4715e-09      0
-1.85714     1.4695e-09      0
-1.84286     0.0021865      0
-1.82857     0.005824      0
-1.81429     0.005878      0
-1.8     0.005878      0
-1.78571     0.00591      0
-1.77143     0.00593      0
-1.75714     0.005956      0
-1.74286     0.005986      0
-1.72857     0.006      0
-1.71429     0.006034      0
-1.7     0.006058      0
-1.68571     0.006092      0
-1.67143     0.00609      0
-1.65714     0.006144      0
-1.64286     0.006164      0
-1.62857     0.006194      0
-1.61429     0.006232      0
-1.6     0.006234      0
-1.58571     0.006274      0
-1.57143     0.006314      0
-1.55714     0.006324      0
-1.54286     0.00639      0
-1.52857     0.0064      0
-1.51429     0.006422      0
-1.5     0.006498      0
-1.48571     0.006502      0
-1.47143     0.006516      0
-1.45714     0.00656      0
-1.44286     0.006626      0
-1.42857     0.006642      0
-1.41429     0.006666      0
-1.4     0.006732      0
-1.38571     0.006754      0
-1.37143     0.00682      0
-1.35714     0.006822      0
-1.34286     0.006892      0
-1.32857     0.006912      0
-1.31429     0.006976      0
-1.3     0.007028      0
-1.28571     0.007028      0
-1.27143     0.007118      0
-1.25714     0.00715      0
-1.24286     0.007202      0
-1.22857     0.00726      0
-1.21429     0.007318      0
-1.2     0.007348      0
-1.18571     0.007432      0
-1.17143     0.0075      0
-1.15714     0.007526      0
-1.14286     0.007602      0
-1.12857     0.00764      0
-1.11429     0.007738      0
-1.1     0.007824      0
-1.08571     0.00787      0
-1.07143     0.00792      0
-1.05714     0.008014      0
-1.04286     0.008064      0
-1.02857     0.008234      0
-1.01429     0.008262      0
-1     0.008344      0
-0.985714     0.008442      0
-0.971429     0.008528      0
-0.957143     0.008696      0
-0.942857     0.008752      0
-0.928571     0.00887      0
-0.914286     0.009004      0
-0.9     0.009116      0
-0.885714     0.009252      0
-0.871429     0.00938      0
-0.857143     0.009564      0
-0.842857     0.009692      0
-0.828571     0.009938      0
-0.814286     0.01008      0
-0.8     0.010318      0
-0.785714     0.010526      0
-0.771429     0.01077      0
-0.757143     0.011072      0
-0.742857     0.01134      0
-0.728571     0.011704      0
-0.714286     0.012088      0
-0.7     0.012528      0
-0.685714     0.013046      0
-0.671429     0.013708      0
-0.657143     0.014564      0
-0.642857     0.015492      0
-0.628571     0.016864      0
-0.614286     0.019016      0
-0.6     0.0253645      0
-0.585714     0.060998      0
-0.571429     0.033694      0
-0.557143     0.025094      0
-0.542857     0.020822      0
-0.528571     0.018182      0
-0.514286     0.01624      0
-0.5     0.014838      0
-0.485714     0.013656      0
-0.471429     0.01267      0
-0.457143     0.011828      0
-0.442857     0.011108      0
-0.428571     0.010476      0
-0.414286     0.009892      0
-0.4     0.008533      0
-0.385714     0      0
-0.371429     0      0
-0.357143     0      0
-0.342857     0      0
-0.328571     0      0
-0.314286     0      0
-0.3     0      0
-0.285714     0      0
-0.271429     0      0
-0.257143     0      0
-0.242857     0      0
-0.228571     0      0
-0.214286     0      0
-0.2     0      0
-0.185714     0      0
-0.171429     0      0
-0.157143     0      0
-0.142857     0      0
-0.128571     0      0
-0.114286     0      0
-0.1     0      0
-0.0857143     0      0
-0.0714286     0      0
-0.0571429     0      0
-0.0428571     0      0
-0.0285714     0      0
-0.0142857     0      0
0     0      0
0.0142857     0      0
0.0285714     0      0
0.0428571     0      0
0.0571429     0      0
0.0714286     0      0
0.0857143     0      0
0.1     0      2.18164e-30
0.114286     0      1.01008e-22
0.128571     0      2.9825e-22
0.142857     0      9.74782e-16
0.157143     0      6.30626e-10
0.171429     0      4.85e-09
0.185714     0      0.0076485
0.2     0      0.018306
0.214286     0      0.016232
0.228571     0      0.015072
0.242857     0      0.014412
0.257143     0      0.014002
0.271429     0      0.013794
0.285714     0      0.013744
0.3     0      0.013802
0.314286     0      0.01396
0.328571     0      0.014328
0.342857     0      0.01477
0.357143     0      0.015692
0.371429     0      0.017184
0.385714     0      0.021845
0.4     0      0.01759
0.414286     0      0.015036
0.428571     0      0.013748
0.442857     0      0.012778
0.457143     0      0.012092
0.471429     0      0.01143
0.485714     0      0.011012
0.5     0      0.010592
0.514286     0      0.010208
0.528571     0      0.009904
0.542857     0      0.009716
0.557143     0      0.009324
0.571429     0      0.00914
0.585714     0      0.008932
0.6     0      0.008736
0.614286     0      0.008578
0.628571     0      0.008374
0.642857     0      0.008228
0.657143     0      0.00812
0.671429     0      0.007956
0.685714     0      0.007832
0.7     0      0.007732
0.714286     0      0.007562
0.728571     0      0.00751
0.742857     0      0.00739
0.757143     0      0.007294
0.771429     0      0.00715
0.785714     0      0.007074
0.8     0      0.007048
0.814286     0      0.006952
0.828571     0      0.006858
0.842857     0      0.006744
0.857143     0      0.006722
0.871429     0      0.006626
0.885714     0      0.006566
0.9     0      0.006512
0.914286     0      0.006406
0.928571     0      0.006412
0.942857     0      0.006302
0.957143     0      0.006288
0.971429     0      0.006214
0.985714     0      0.00618
1     0      0.006068
1.01429     0      0.006034
1.02857     0      0.006008
1.04286     0      0.005938
1.05714     0      0.005892
1.07143     0      0.005834
1.08571     0      0.005824
1.1     0      0.005746
1.11429     0      0.005712
1.12857     0      0.00569
1.14286     0      0.00564
1.15714     0      0.005614
1.17143     0      0.005542
1.18571     0      0.005532
1.2     0      0.00547
1.21429     0      0.005432
1.22857     0      0.005406
1.24286     0      0.005372
1.25714     0      0.005362
1.27143     0      0.005298
1.28571     0      0.005248
1.3     0      0.005234
1.31429     0      0.00523
1.32857     0      0.005156
1.34286     0      0.005154
1.35714     0      0.005098
1.37143     0      0.005072
1.38571     0      0.005038
1.4     0      0.005038
1.41429     0      0.005026
1.42857     0      0.004962
1.44286     0      0.00493
1.45714     0      0.004894
1.47143     0      0.004868
1.48571     0      0.004874
1.5     0      0.004864
1.51429     0      0.004778
1.52857     0      0.004746
1.54286     0      0.004758
1.55714     0      0.004784
1.57143     0      0.004656
1.58571     0      0.004698
1.6     0      0.004656
1.61429     0      0.00463
1.62857     0      0.0046
1.64286     0      0.004586
1.65714     0      0.004604
1.67143     0      0.004528
1.68571     0      0.004524
1.7     0      0.00449
1.71429     0      0.004488
1.72857     0      0.004448
1.74286     0      0.004478
1.75714     0      0.004398
1.77143     0      0.004396
1.78571     0      0.00435
1.8     0      0.004384
1.81429     0      0.00433
1.82857     0      0.004348
1.84286     0      0.004288
1.85714     0      0.004264
1.87143     0      0.004282
1.88571     0      0.004248
1.9     0      0.004206
1.91429     0      0.004212
1.92857     0      0.0042
1.94286     0      0.00418
1.95714     0      0.004132
1.97143     0      0.004148
1.98571     0      0.0041
2     0      0.004118
2.01429     0      0.004088
2.02857     0      0.004062
2.04286     0      0.004052
2.05714     0      0.00404
2.07143     0      0.004016
2.08571     0      0.004026
2.1     0      0.003976
2.11429     0      0.003974
2.12857     0      0.003956
2.14286     0      0.003946
2.15714     0      0.003942
2.17143     0      0.003904
2.18571     0      0.003918
2.2     0      0.003876
2.21429     0      0.00386
2.22857     0      0.0035685
2.24286     0      0
2.25714     0      0
2.27143     0      0
2.28571     0      0
2.3     0      0
2.31429     0      0
2.32857     0      0
2.34286     0      0
2.35714     0      0
2.37143     0      0
2.38571     0      0
2.4     0      0
2.41429     0      0
2.42857     0      0
2.44286     0      0
2.45714     0      0
2.47143     0      0
2.48571     0      0
2.5     0      0
2.51429     0      0
2.52857     0      0
2.54286     0      0
2.55714     0      0
2.57143     0      0
2.58571     0      0
2.6     0      0
2.61429     0      0
2.62857     0      0
2.64286     0      0
2.65714     0      0
2.67143     0      0
2.68571     0      0
2.7     0      0
2.71429     0      0
2.72857     0      0
2.74286     0      0
2.75714     0      0
2.77143     0      0
2.78571     0      0
2.8     0      0
2.81429     0      0
2.82857     0      0
2.84286     0      0
2.85714     0      0
2.87143     0      0
2.88571     0      0
2.9     0      0
2.91429     0      0
2.92857     0      0
2.94286     0      0
2.95714     0      0
2.97143     0      0
2.98571     0      0
3     0      0
3.01429     0      0
3.02857     0      0
3.04286     0      0
3.05714     0      0
3.07143     0      0
3.08571     0      0
3.1     0      0
3.11429     0      0
3.12857     0      0
3.14286     0      0
3.15714     0      0
3.17143     0      0
3.18571     0      0
3.2     0      0
3.21429     0      0
3.22857     0      0
3.24286     0      0
3.25714     0      0
3.27143     0      0
3.28571     0      0
3.3     0      0
3.31429     0      0
3.32857     0      0
3.34286     0      0
3.35714     0      0
3.37143     0      0
3.38571     0      0
3.4     0      0
3.41429     0      0
3.42857     0      0
3.44286     0      0
3.45714     0      0
3.47143     0      0
3.48571     0      0
3.5     0      0
3.51429     0      0
3.52857     0      0
3.54286     0      0
3.55714     0      0
3.57143     0      0
3.58571     0      0
3.6     0      0
3.61429     0      0
3.62857     0      0
3.64286     0      0
3.65714     0      0
3.67143     0      0
3.68571     0      0
3.7     0      0
3.71429     0      0
3.72857     0      0
3.74286     0      0
3.75714     0      0
3.77143     0      0
3.78571     0      0
3.8     0      0
3.81429     0      0
3.82857     0      0
3.84286     0      0
3.85714     0      0
3.87143     0      0
3.88571     0      0
3.9     0      0
3.91429     0      0
3.92857     0      0
3.94286     0      0
3.95714     0      0
3.97143     0      0
3.98571     0      0
4     0      0
4.01429     0      0
4.02857     0      0
4.04286     0      0
4.05714     0      0
4.07143     0      0
4.08571     0      0
4.1     0      0
4.11429     0      0
4.12857     0      0
4.14286     0      0
4.15714     0      0
4.17143     0      0
4.18571     0      0
4.2     0      0
4.21429     0      0
4.22857     0      0
4.24286     0      0
4.25714     0      0
4.27143     0      0
4.28571     0      0
4.3     0      0
4.31429     0      0
4.32857     0      0
4.34286     0      0
4.35714     0      0
4.37143     0      0
4.38571     0      0
4.4     0      0
4.41429     0      0
4.42857     0      0
4.44286     0      0
4.45714     0      0
4.47143     0      0
4.48571     0      0
4.5     0      0
4.51429     0      0
4.52857     0      0
4.54286     0      0
4.55714     0      0
4.57143     0      0
4.58571     0      0
4.6     0      0
4.61429     0      0
4.62857     0      0
4.64286     0      0
4.65714     0      0
4.67143     0      0
4.68571     0      0
4.7     0      0
4.71429     0      0
4.72857     0      0
4.74286     0      0
4.75714     0      0
4.77143     0      0
4.78571     0      0
4.8     0      0
4.81429     0      0
4.82857     0      0
4.84286     0      0
4.85714     0      0
4.87143     0      0
4.88571     0      0
4.9     0      0
4.91429     0      0
4.92857     0      0
4.94286     0      0
4.95714     0      0
4.97143     0      0
4.98571     0      0
