# U,mu,nA_up, nA_dn, nB_up, nB_dn, ms, mf, ntotal,mu,cint
#energy    dos_upn   dos_upp   dos_dnn  dos_dnp GRID=1000 bin=700
-5     0      0
-4.98571     0      0
-4.97143     0      0
-4.95714     0      0
-4.94286     0      0
-4.92857     0      0
-4.91429     0      0
-4.9     0      0
-4.88571     0      0
-4.87143     0      0
-4.85714     0      0
-4.84286     0      0
-4.82857     0      0
-4.81429     0      0
-4.8     0      0
-4.78571     0      0
-4.77143     0      0
-4.75714     0      0
-4.74286     0      0
-4.72857     0      0
-4.71429     0      0
-4.7     0      0
-4.68571     0      0
-4.67143     0      0
-4.65714     0      0
-4.64286     0      0
-4.62857     0      0
-4.61429     0      0
-4.6     0      0
-4.58571     0      0
-4.57143     0      0
-4.55714     0      0
-4.54286     0      0
-4.52857     0      0
-4.51429     0      0
-4.5     0      0
-4.48571     0      0
-4.47143     0      0
-4.45714     0      0
-4.44286     0      0
-4.42857     0      0
-4.41429     0      0
-4.4     0      0
-4.38571     0      0
-4.37143     0      0
-4.35714     0      0
-4.34286     0      0
-4.32857     0      0
-4.31429     0      0
-4.3     0      0
-4.28571     0      0
-4.27143     0      0
-4.25714     0      0
-4.24286     0      0
-4.22857     0      0
-4.21429     0      0
-4.2     0      0
-4.18571     0      0
-4.17143     0      0
-4.15714     0      0
-4.14286     0      0
-4.12857     0      0
-4.11429     0      0
-4.1     0      0
-4.08571     0      0
-4.07143     0      0
-4.05714     0      0
-4.04286     0      0
-4.02857     0      0
-4.01429     0      0
-4     0      0
-3.98571     0      0
-3.97143     0      0
-3.95714     0      0
-3.94286     0      0
-3.92857     0      0
-3.91429     0      0
-3.9     0      0
-3.88571     0      0
-3.87143     0      0
-3.85714     0      0
-3.84286     0      0
-3.82857     0      0
-3.81429     0      0
-3.8     0      0
-3.78571     0      0
-3.77143     0      0
-3.75714     0      0
-3.74286     0      0
-3.72857     0      0
-3.71429     0      0
-3.7     0      0
-3.68571     0      0
-3.67143     0      0
-3.65714     0      0
-3.64286     0      0
-3.62857     0      0
-3.61429     0      0
-3.6     0      0
-3.58571     0      0
-3.57143     0      0
-3.55714     0      0
-3.54286     0      0
-3.52857     0      0
-3.51429     0      0
-3.5     0      0
-3.48571     0      0
-3.47143     0      0
-3.45714     0      0
-3.44286     0      0
-3.42857     0      0
-3.41429     0      0
-3.4     0      0
-3.38571     0      0
-3.37143     0      0
-3.35714     0      0
-3.34286     0      0
-3.32857     0      0
-3.31429     0      0
-3.3     0      0
-3.28571     0      0
-3.27143     0      0
-3.25714     0      0
-3.24286     0      0
-3.22857     0      0
-3.21429     0      0
-3.2     0      0
-3.18571     0      0
-3.17143     0      0
-3.15714     0      0
-3.14286     0      0
-3.12857     0      0
-3.11429     0      0
-3.1     0      0
-3.08571     0      0
-3.07143     0      0
-3.05714     0      0
-3.04286     0      0
-3.02857     0      0
-3.01429     0      0
-3     0      0
-2.98571     0      0
-2.97143     0      0
-2.95714     0      0
-2.94286     0      0
-2.92857     0      0
-2.91429     0      0
-2.9     0      0
-2.88571     0      0
-2.87143     0      0
-2.85714     0      0
-2.84286     0      0
-2.82857     0      0
-2.81429     0      0
-2.8     0      0
-2.78571     0      0
-2.77143     0      0
-2.75714     0      0
-2.74286     0      0
-2.72857     0      0
-2.71429     0      0
-2.7     0      0
-2.68571     0      0
-2.67143     0      0
-2.65714     0      0
-2.64286     0      0
-2.62857     0      0
-2.61429     0      0
-2.6     0      0
-2.58571     0      0
-2.57143     0      0
-2.55714     0      0
-2.54286     0      0
-2.52857     0      0
-2.51429     0      0
-2.5     0      0
-2.48571     0      0
-2.47143     0      0
-2.45714     0      0
-2.44286     0      0
-2.42857     0      0
-2.41429     0      0
-2.4     0      0
-2.38571     0      0
-2.37143     0      0
-2.35714     0      0
-2.34286     0      0
-2.32857     0      0
-2.31429     0      0
-2.3     0      0
-2.28571     0      0
-2.27143     0      0
-2.25714     0      0
-2.24286     0      0
-2.22857     0      0
-2.21429     0      0
-2.2     0      0
-2.18571     0      0
-2.17143     0      0
-2.15714     0      0
-2.14286     0      0
-2.12857     0      0
-2.11429     0      0
-2.1     0      0
-2.08571     0      0
-2.07143     0      0
-2.05714     0      0
-2.04286     4.6625e-11      0
-2.02857     1.4795e-09      0
-2.01429     0.000258501      0
-2     0.00589      0
-1.98571     0.005912      0
-1.97143     0.005964      0
-1.95714     0.005956      0
-1.94286     0.00599      0
-1.92857     0.006014      0
-1.91429     0.006054      0
-1.9     0.006046      0
-1.88571     0.006092      0
-1.87143     0.00616      0
-1.85714     0.006138      0
-1.84286     0.006158      0
-1.82857     0.006212      0
-1.81429     0.006262      0
-1.8     0.006268      0
-1.78571     0.006318      0
-1.77143     0.006314      0
-1.75714     0.00636      0
-1.74286     0.006394      0
-1.72857     0.006474      0
-1.71429     0.006428      0
-1.7     0.006524      0
-1.68571     0.006512      0
-1.67143     0.006564      0
-1.65714     0.006644      0
-1.64286     0.006616      0
-1.62857     0.00669      0
-1.61429     0.006722      0
-1.6     0.00674      0
-1.58571     0.006832      0
-1.57143     0.006842      0
-1.55714     0.006906      0
-1.54286     0.006952      0
-1.52857     0.006986      0
-1.51429     0.006966      0
-1.5     0.007126      0
-1.48571     0.007136      0
-1.47143     0.007186      0
-1.45714     0.007228      0
-1.44286     0.007262      0
-1.42857     0.007358      0
-1.41429     0.007362      0
-1.4     0.00749      0
-1.38571     0.007544      0
-1.37143     0.00755      0
-1.35714     0.007658      0
-1.34286     0.00773      0
-1.32857     0.00775      0
-1.31429     0.007902      0
-1.3     0.007914      0
-1.28571     0.008012      0
-1.27143     0.00808      0
-1.25714     0.008222      0
-1.24286     0.008274      0
-1.22857     0.008326      0
-1.21429     0.008508      0
-1.2     0.00855      0
-1.18571     0.008702      0
-1.17143     0.008788      0
-1.15714     0.008896      0
-1.14286     0.00904      0
-1.12857     0.009092      0
-1.11429     0.00939      0
-1.1     0.009428      0
-1.08571     0.009596      0
-1.07143     0.009828      0
-1.05714     0.009974      0
-1.04286     0.010216      0
-1.02857     0.010426      0
-1.01429     0.010606      0
-1     0.010914      0
-0.985714     0.011208      0
-0.971429     0.011492      0
-0.957143     0.011922      0
-0.942857     0.012266      0
-0.928571     0.012786      0
-0.914286     0.01332      0
-0.9     0.014036      0
-0.885714     0.014766      0
-0.871429     0.015954      0
-0.857143     0.0174      0
-0.842857     0.019466      0
-0.828571     0.0270965      0
-0.814286     0.06418      0
-0.8     0.036784      0
-0.785714     0.027216      0
-0.771429     0.022652      0
-0.757143     0.019768      0
-0.742857     0.017662      0
-0.728571     0.016138      0
-0.714286     0.014818      0
-0.7     0.013832      0
-0.685714     0.012852      0
-0.671429     0.012134      0
-0.657143     0.011436      0
-0.642857     0.010832      0
-0.628571     0.008761      0
-0.614286     0      0
-0.6     0      0
-0.585714     0      0
-0.571429     0      0
-0.557143     0      0
-0.542857     0      0
-0.528571     0      0
-0.514286     0      0
-0.5     0      0
-0.485714     0      0
-0.471429     0      0
-0.457143     0      0
-0.442857     0      0
-0.428571     0      0
-0.414286     0      0
-0.4     0      0
-0.385714     0      0
-0.371429     0      0
-0.357143     0      0
-0.342857     0      0
-0.328571     0      0
-0.314286     0      0
-0.3     0      0
-0.285714     0      0
-0.271429     0      0
-0.257143     0      0
-0.242857     0      0
-0.228571     0      0
-0.214286     0      0
-0.2     0      0
-0.185714     0      0
-0.171429     0      0
-0.157143     0      0
-0.142857     0      0
-0.128571     0      0
-0.114286     0      0
-0.1     0      0
-0.0857143     0      0
-0.0714286     0      0
-0.0571429     0      0
-0.0428571     0      0
-0.0285714     0      0
-0.0142857     0      0
0     0      0
0.0142857     0      0
0.0285714     0      0
0.0428571     0      0
0.0571429     0      0
0.0714286     0      0
0.0857143     0      0
0.1     0      1.39625e-10
0.114286     0      0.00646451
0.128571     0      0.019088
0.142857     0      0.016946
0.157143     0      0.015768
0.171429     0      0.015188
0.185714     0      0.014798
0.2     0      0.014494
0.214286     0      0.014522
0.228571     0      0.014518
0.242857     0      0.014772
0.257143     0      0.015034
0.271429     0      0.015588
0.285714     0      0.01651
0.3     0      0.018114
0.314286     0      0.023233
0.328571     0      0.018876
0.342857     0      0.015926
0.357143     0      0.014498
0.371429     0      0.01341
0.385714     0      0.01257
0.4     0      0.011976
0.414286     0      0.011428
0.428571     0      0.010988
0.442857     0      0.010552
0.457143     0      0.010236
0.471429     0      0.00992
0.485714     0      0.009624
0.5     0      0.009416
0.514286     0      0.009116
0.528571     0      0.008936
0.542857     0      0.008752
0.557143     0      0.00854
0.571429     0      0.008414
0.585714     0      0.00822
0.6     0      0.008128
0.614286     0      0.007918
0.628571     0      0.007814
0.642857     0      0.007672
0.657143     0      0.007578
0.671429     0      0.007486
0.685714     0      0.007342
0.7     0      0.007244
0.714286     0      0.007162
0.728571     0      0.007094
0.742857     0      0.006958
0.757143     0      0.006914
0.771429     0      0.006826
0.785714     0      0.006718
0.8     0      0.006694
0.814286     0      0.006616
0.828571     0      0.006504
0.842857     0      0.006456
0.857143     0      0.00641
0.871429     0      0.00629
0.885714     0      0.006296
0.9     0      0.00622
0.914286     0      0.006152
0.928571     0      0.006106
0.942857     0      0.006022
0.957143     0      0.005988
0.971429     0      0.005918
0.985714     0      0.005942
1     0      0.005816
1.01429     0      0.00581
1.02857     0      0.005786
1.04286     0      0.005674
1.05714     0      0.005686
1.07143     0      0.005592
1.08571     0      0.00557
1.1     0      0.005558
1.11429     0      0.005496
1.12857     0      0.005434
1.14286     0      0.005444
1.15714     0      0.005382
1.17143     0      0.005338
1.18571     0      0.00536
1.2     0      0.005276
1.21429     0      0.005214
1.22857     0      0.005226
1.24286     0      0.00514
1.25714     0      0.005142
1.27143     0      0.005114
1.28571     0      0.00512
1.3     0      0.005036
1.31429     0      0.005002
1.32857     0      0.005006
1.34286     0      0.004958
1.35714     0      0.004952
1.37143     0      0.004882
1.38571     0      0.00486
1.4     0      0.004872
1.41429     0      0.004802
1.42857     0      0.004798
1.44286     0      0.004792
1.45714     0      0.004746
1.47143     0      0.00471
1.48571     0      0.00468
1.5     0      0.004682
1.51429     0      0.004636
1.52857     0      0.004644
1.54286     0      0.00458
1.55714     0      0.00458
1.57143     0      0.004548
1.58571     0      0.00453
1.6     0      0.004488
1.61429     0      0.004502
1.62857     0      0.004488
1.64286     0      0.004432
1.65714     0      0.004414
1.67143     0      0.004392
1.68571     0      0.004394
1.7     0      0.004344
1.71429     0      0.004354
1.72857     0      0.004316
1.74286     0      0.004294
1.75714     0      0.00429
1.77143     0      0.004246
1.78571     0      0.004248
1.8     0      0.004232
1.81429     0      0.004228
1.82857     0      0.004174
1.84286     0      0.004164
1.85714     0      0.004144
1.87143     0      0.004132
1.88571     0      0.004132
1.9     0      0.004106
1.91429     0      0.00409
1.92857     0      0.004036
1.94286     0      0.004066
1.95714     0      0.004016
1.97143     0      0.004024
1.98571     0      0.004006
2     0      0.003982
2.01429     0      0.003966
2.02857     0      0.003954
2.04286     0      0.00394
2.05714     0      0.003912
2.07143     0      0.003916
2.08571     0      0.003882
2.1     0      0.0023185
2.11429     0      0
2.12857     0      0
2.14286     0      0
2.15714     0      0
2.17143     0      0
2.18571     0      0
2.2     0      0
2.21429     0      0
2.22857     0      0
2.24286     0      0
2.25714     0      0
2.27143     0      0
2.28571     0      0
2.3     0      0
2.31429     0      0
2.32857     0      0
2.34286     0      0
2.35714     0      0
2.37143     0      0
2.38571     0      0
2.4     0      0
2.41429     0      0
2.42857     0      0
2.44286     0      0
2.45714     0      0
2.47143     0      0
2.48571     0      0
2.5     0      0
2.51429     0      0
2.52857     0      0
2.54286     0      0
2.55714     0      0
2.57143     0      0
2.58571     0      0
2.6     0      0
2.61429     0      0
2.62857     0      0
2.64286     0      0
2.65714     0      0
2.67143     0      0
2.68571     0      0
2.7     0      0
2.71429     0      0
2.72857     0      0
2.74286     0      0
2.75714     0      0
2.77143     0      0
2.78571     0      0
2.8     0      0
2.81429     0      0
2.82857     0      0
2.84286     0      0
2.85714     0      0
2.87143     0      0
2.88571     0      0
2.9     0      0
2.91429     0      0
2.92857     0      0
2.94286     0      0
2.95714     0      0
2.97143     0      0
2.98571     0      0
3     0      0
3.01429     0      0
3.02857     0      0
3.04286     0      0
3.05714     0      0
3.07143     0      0
3.08571     0      0
3.1     0      0
3.11429     0      0
3.12857     0      0
3.14286     0      0
3.15714     0      0
3.17143     0      0
3.18571     0      0
3.2     0      0
3.21429     0      0
3.22857     0      0
3.24286     0      0
3.25714     0      0
3.27143     0      0
3.28571     0      0
3.3     0      0
3.31429     0      0
3.32857     0      0
3.34286     0      0
3.35714     0      0
3.37143     0      0
3.38571     0      0
3.4     0      0
3.41429     0      0
3.42857     0      0
3.44286     0      0
3.45714     0      0
3.47143     0      0
3.48571     0      0
3.5     0      0
3.51429     0      0
3.52857     0      0
3.54286     0      0
3.55714     0      0
3.57143     0      0
3.58571     0      0
3.6     0      0
3.61429     0      0
3.62857     0      0
3.64286     0      0
3.65714     0      0
3.67143     0      0
3.68571     0      0
3.7     0      0
3.71429     0      0
3.72857     0      0
3.74286     0      0
3.75714     0      0
3.77143     0      0
3.78571     0      0
3.8     0      0
3.81429     0      0
3.82857     0      0
3.84286     0      0
3.85714     0      0
3.87143     0      0
3.88571     0      0
3.9     0      0
3.91429     0      0
3.92857     0      0
3.94286     0      0
3.95714     0      0
3.97143     0      0
3.98571     0      0
4     0      0
4.01429     0      0
4.02857     0      0
4.04286     0      0
4.05714     0      0
4.07143     0      0
4.08571     0      0
4.1     0      0
4.11429     0      0
4.12857     0      0
4.14286     0      0
4.15714     0      0
4.17143     0      0
4.18571     0      0
4.2     0      0
4.21429     0      0
4.22857     0      0
4.24286     0      0
4.25714     0      0
4.27143     0      0
4.28571     0      0
4.3     0      0
4.31429     0      0
4.32857     0      0
4.34286     0      0
4.35714     0      0
4.37143     0      0
4.38571     0      0
4.4     0      0
4.41429     0      0
4.42857     0      0
4.44286     0      0
4.45714     0      0
4.47143     0      0
4.48571     0      0
4.5     0      0
4.51429     0      0
4.52857     0      0
4.54286     0      0
4.55714     0      0
4.57143     0      0
4.58571     0      0
4.6     0      0
4.61429     0      0
4.62857     0      0
4.64286     0      0
4.65714     0      0
4.67143     0      0
4.68571     0      0
4.7     0      0
4.71429     0      0
4.72857     0      0
4.74286     0      0
4.75714     0      0
4.77143     0      0
4.78571     0      0
4.8     0      0
4.81429     0      0
4.82857     0      0
4.84286     0      0
4.85714     0      0
4.87143     0      0
4.88571     0      0
4.9     0      0
4.91429     0      0
4.92857     0      0
4.94286     0      0
4.95714     0      0
4.97143     0      0
4.98571     0      0
