# U,mu,nA_up, nA_dn, nB_up, nB_dn, ms, mf, ntotal,mu,cint
#energy    dos_upn   dos_upp   dos_dnn  dos_dnp GRID=1000 bin=700
-5     0      0
-4.98571     0      0
-4.97143     0      0
-4.95714     0      0
-4.94286     0      0
-4.92857     0      0
-4.91429     0      0
-4.9     0      0
-4.88571     0      0
-4.87143     0      0
-4.85714     0      0
-4.84286     0      0
-4.82857     0      0
-4.81429     0      0
-4.8     0      0
-4.78571     0      0
-4.77143     0      0
-4.75714     0      0
-4.74286     0      0
-4.72857     0      0
-4.71429     0      0
-4.7     0      0
-4.68571     0      0
-4.67143     0      0
-4.65714     0      0
-4.64286     0      0
-4.62857     0      0
-4.61429     0      0
-4.6     0      0
-4.58571     0      0
-4.57143     0      0
-4.55714     0      0
-4.54286     0      0
-4.52857     0      0
-4.51429     0      0
-4.5     0      0
-4.48571     0      0
-4.47143     0      0
-4.45714     0      0
-4.44286     0      0
-4.42857     0      0
-4.41429     0      0
-4.4     0      0
-4.38571     0      0
-4.37143     0      0
-4.35714     0      0
-4.34286     0      0
-4.32857     0      0
-4.31429     0      0
-4.3     0      0
-4.28571     0      0
-4.27143     0      0
-4.25714     0      0
-4.24286     0      0
-4.22857     0      0
-4.21429     0      0
-4.2     0      0
-4.18571     0      0
-4.17143     0      0
-4.15714     0      0
-4.14286     0      0
-4.12857     0      0
-4.11429     0      0
-4.1     0      0
-4.08571     0      0
-4.07143     0      0
-4.05714     0      0
-4.04286     0      0
-4.02857     0      0
-4.01429     0      0
-4     0      0
-3.98571     0      0
-3.97143     0      0
-3.95714     0      0
-3.94286     0      0
-3.92857     0      0
-3.91429     0      0
-3.9     0      0
-3.88571     0      0
-3.87143     0      0
-3.85714     0      0
-3.84286     0      0
-3.82857     0      0
-3.81429     0      0
-3.8     0      0
-3.78571     0      0
-3.77143     0      0
-3.75714     0      0
-3.74286     0      0
-3.72857     0      0
-3.71429     0      0
-3.7     0      0
-3.68571     0      0
-3.67143     0      0
-3.65714     0      0
-3.64286     0      0
-3.62857     0      0
-3.61429     0      0
-3.6     0      0
-3.58571     0      0
-3.57143     0      0
-3.55714     0      0
-3.54286     0      0
-3.52857     0      0
-3.51429     0      0
-3.5     0      0
-3.48571     0      0
-3.47143     0      0
-3.45714     0      0
-3.44286     0      0
-3.42857     0      0
-3.41429     0      0
-3.4     0      0
-3.38571     0      0
-3.37143     0      0
-3.35714     0      0
-3.34286     0      0
-3.32857     0      0
-3.31429     0      0
-3.3     0      0
-3.28571     0      0
-3.27143     0      0
-3.25714     0      0
-3.24286     0      0
-3.22857     0      0
-3.21429     0      0
-3.2     0      0
-3.18571     0      0
-3.17143     0      0
-3.15714     0      0
-3.14286     0      0
-3.12857     0      0
-3.11429     0      0
-3.1     0      0
-3.08571     0      0
-3.07143     0      0
-3.05714     0      0
-3.04286     0      0
-3.02857     0      0
-3.01429     0      0
-3     0      0
-2.98571     0      0
-2.97143     0      0
-2.95714     0      0
-2.94286     0      0
-2.92857     0      0
-2.91429     0      0
-2.9     0      0
-2.88571     0      0
-2.87143     0      0
-2.85714     0      0
-2.84286     0      0
-2.82857     0      0
-2.81429     0      0
-2.8     0      0
-2.78571     0      0
-2.77143     0      0
-2.75714     0      0
-2.74286     0      0
-2.72857     0      0
-2.71429     0      0
-2.7     0      0
-2.68571     0      0
-2.67143     0      0
-2.65714     0      0
-2.64286     0      0
-2.62857     0      0
-2.61429     0      0
-2.6     0      0
-2.58571     0      0
-2.57143     0      0
-2.55714     0      0
-2.54286     0      0
-2.52857     0      0
-2.51429     0      0
-2.5     0      0
-2.48571     0      0
-2.47143     0      0
-2.45714     0      0
-2.44286     0      0
-2.42857     0      0
-2.41429     0      0
-2.4     0      0
-2.38571     0      0
-2.37143     0      0
-2.35714     0      0
-2.34286     0      0
-2.32857     0      0
-2.31429     0      0
-2.3     0      0
-2.28571     0      0
-2.27143     0      0
-2.25714     0      0
-2.24286     0      0
-2.22857     0      0
-2.21429     0      0
-2.2     0      0
-2.18571     0      0
-2.17143     0      0
-2.15714     0      0
-2.14286     0      0
-2.12857     0      0
-2.11429     0      0
-2.1     0      0
-2.08571     0      0
-2.07143     0      0
-2.05714     0      0
-2.04286     4.34229e-110      0
-2.02857     1.37789e-108      0
-2.01429     2.40748e-103      0
-2     5.48549e-102      0
-1.98571     5.50598e-102      0
-1.97143     5.55441e-102      0
-1.95714     2.35625e-96      0
-1.94286     2.18675e-95      0
-1.92857     2.1942e-95      0
-1.91429     2.20835e-95      0
-1.9     1.9081e-89      0
-1.88571     8.72016e-89      0
-1.87143     8.77083e-89      0
-1.85714     8.7589e-89      0
-1.84286     1.30326e-82      0
-1.82857     3.47138e-82      0
-1.81429     3.50356e-82      0
-1.8     3.50356e-82      0
-1.78571     7.86424e-76      0
-1.77143     1.39332e-75      0
-1.75714     1.3895e-75      0
-1.74286     1.40333e-75      0
-1.72857     4.42553e-69      0
-1.71429     5.5542e-69      0
-1.7     5.56374e-69      0
-1.68571     1.38283e-63      0
-1.67143     2.20718e-62      0
-1.65714     2.22168e-62      0
-1.64286     2.22244e-62      0
-1.62857     0.0040545      0
-1.61429     0.005746      0
-1.6     0.005754      0
-1.58571     0.005786      0
-1.57143     0.005786      0
-1.55714     0.005836      0
-1.54286     0.005828      0
-1.52857     0.005884      0
-1.51429     0.005898      0
-1.5     0.005886      0
-1.48571     0.005908      0
-1.47143     0.005982      0
-1.45714     0.005974      0
-1.44286     0.005998      0
-1.42857     0.006004      0
-1.41429     0.006064      0
-1.4     0.006072      0
-1.38571     0.006102      0
-1.37143     0.006084      0
-1.35714     0.006186      0
-1.34286     0.006136      0
-1.32857     0.006228      0
-1.31429     0.006204      0
-1.3     0.006278      0
-1.28571     0.006276      0
-1.27143     0.006314      0
-1.25714     0.006314      0
-1.24286     0.006362      0
-1.22857     0.006434      0
-1.21429     0.00638      0
-1.2     0.006494      0
-1.18571     0.006464      0
-1.17143     0.006486      0
-1.15714     0.006586      0
-1.14286     0.006588      0
-1.12857     0.006588      0
-1.11429     0.006646      0
-1.1     0.00668      0
-1.08571     0.00674      0
-1.07143     0.006734      0
-1.05714     0.006784      0
-1.04286     0.006822      0
-1.02857     0.006852      0
-1.01429     0.006902      0
-1     0.006974      0
-0.985714     0.007      0
-0.971429     0.007014      0
-0.957143     0.00705      0
-0.942857     0.007098      0
-0.928571     0.00715      0
-0.914286     0.007198      0
-0.9     0.007258      0
-0.885714     0.00725      0
-0.871429     0.007358      0
-0.857143     0.007376      0
-0.842857     0.00741      0
-0.828571     0.007526      0
-0.814286     0.007506      0
-0.8     0.007618      0
-0.785714     0.00762      0
-0.771429     0.007714      0
-0.757143     0.007774      0
-0.742857     0.007794      0
-0.728571     0.007894      0
-0.714286     0.007978      0
-0.7     0.00801      0
-0.685714     0.008068      0
-0.671429     0.00817      0
-0.657143     0.008218      0
-0.642857     0.008286      0
-0.628571     0.008414      0
-0.614286     0.008436      0
-0.6     0.008572      0
-0.585714     0.008602      0
-0.571429     0.00875      0
-0.557143     0.008846      0
-0.542857     0.008962      0
-0.528571     0.009004      0
-0.514286     0.009178      0
-0.5     0.009266      0
-0.485714     0.009352      0
-0.471429     0.009576      0
-0.457143     0.00965      0
-0.442857     0.009768      0
-0.428571     0.010062      0
-0.414286     0.01015      0
-0.4     0.010298      0
-0.385714     0.010618      0
-0.371429     0.01078      0
-0.357143     0.011016      0
-0.342857     0.011254      0
-0.328571     0.011756      0
-0.314286     0.01199      0
-0.3     0.012344      0
-0.285714     0.013232      0
-0.271429     0.013352      0
-0.257143     0.014664      0
-0.242857     0.01571      0
-0.228571     0.01754      0
-0.214286     0.0221845      0
-0.2     0.047902      0
-0.185714     0.023828      0
-0.171429     0.018066      0
-0.157143     0.015258      0
-0.142857     0.013362      0
-0.128571     0.011888      0
-0.114286     0.010858      0
-0.1     0.009878      0
-0.0857143     0.009134      0
-0.0714286     0.008486      0
-0.0571429     0.007904      0
-0.0428571     0.007364      0
-0.0285714     0.006896      0
-0.0142857     0.006413      0
0     0      0
0.0142857     0      0
0.0285714     0      0
0.0428571     0      0
0.0571429     0      0
0.0714286     0      0
0.0857143     0      0
0.1     0      1.30036e-109
0.114286     0      6.02054e-102
0.128571     0      1.77771e-101
0.142857     0      5.81015e-95
0.157143     0      0.0048805
0.171429     0      0.016424
0.185714     0      0.01371
0.2     0      0.012464
0.214286     0      0.011844
0.228571     0      0.0115
0.242857     0      0.011246
0.257143     0      0.011218
0.271429     0      0.011234
0.285714     0      0.011376
0.3     0      0.011608
0.314286     0      0.01201
0.328571     0      0.01256
0.342857     0      0.013666
0.357143     0      0.016941
0.371429     0      0.01459
0.385714     0      0.012766
0.4     0      0.011764
0.414286     0      0.011156
0.428571     0      0.010674
0.442857     0      0.010224
0.457143     0      0.009982
0.471429     0      0.009624
0.485714     0      0.009356
0.5     0      0.009208
0.514286     0      0.00897
0.528571     0      0.008776
0.542857     0      0.008658
0.557143     0      0.008484
0.571429     0      0.008368
0.585714     0      0.008168
0.6     0      0.008082
0.614286     0      0.00796
0.628571     0      0.007836
0.642857     0      0.007748
0.657143     0      0.007632
0.671429     0      0.007612
0.685714     0      0.007464
0.7     0      0.007328
0.714286     0      0.007324
0.728571     0      0.00722
0.742857     0      0.007122
0.757143     0      0.00708
0.771429     0      0.007002
0.785714     0      0.006942
0.8     0      0.006836
0.814286     0      0.006796
0.828571     0      0.006738
0.842857     0      0.006688
0.857143     0      0.006564
0.871429     0      0.00659
0.885714     0      0.006536
0.9     0      0.006424
0.914286     0      0.006386
0.928571     0      0.006364
0.942857     0      0.00626
0.957143     0      0.006242
0.971429     0      0.00624
0.985714     0      0.006116
1     0      0.006122
1.01429     0      0.00606
1.02857     0      0.006028
1.04286     0      0.005986
1.05714     0      0.005936
1.07143     0      0.0059
1.08571     0      0.005808
1.1     0      0.005808
1.11429     0      0.00581
1.12857     0      0.005736
1.14286     0      0.005684
1.15714     0      0.005678
1.17143     0      0.005618
1.18571     0      0.00557
1.2     0      0.005564
1.21429     0      0.005512
1.22857     0      0.005478
1.24286     0      0.005464
1.25714     0      0.005432
1.27143     0      0.005364
1.28571     0      0.005358
1.3     0      0.005336
1.31429     0      0.005284
1.32857     0      0.005274
1.34286     0      0.005252
1.35714     0      0.005224
1.37143     0      0.005108
1.38571     0      0.005158
1.4     0      0.005132
1.41429     0      0.005122
1.42857     0      0.005056
1.44286     0      0.005042
1.45714     0      0.005022
1.47143     0      0.004968
1.48571     0      0.004978
1.5     0      0.004924
1.51429     0      0.004922
1.52857     0      0.004902
1.54286     0      0.004852
1.55714     0      0.004822
1.57143     0      0.004842
1.58571     0      0.00476
1.6     0      0.004758
1.61429     0      0.004754
1.62857     0      0.004708
1.64286     0      0.00471
1.65714     0      0.004662
1.67143     0      0.004662
1.68571     0      0.00466
1.7     0      0.004576
1.71429     0      0.004594
1.72857     0      0.004562
1.74286     0      0.004576
1.75714     0      0.004498
1.77143     0      0.004514
1.78571     0      0.004496
1.8     0      0.004442
1.81429     0      0.004492
1.82857     0      0.004418
1.84286     0      0.004432
1.85714     0      0.004354
1.87143     0      0.00438
1.88571     0      0.00437
1.9     0      0.004294
1.91429     0      0.004332
1.92857     0      0.004304
1.94286     0      0.004278
1.95714     0      0.004264
1.97143     0      0.004238
1.98571     0      0.004236
2     0      0.004194
2.01429     0      0.004204
2.02857     0      0.00418
2.04286     0      0.004138
2.05714     0      0.00418
2.07143     0      0.004114
2.08571     0      0.004132
2.1     0      0.004076
2.11429     0      0.004076
2.12857     0      0.004072
2.14286     0      0.004044
2.15714     0      0.004032
2.17143     0      0.004026
2.18571     0      0.003978
2.2     0      0.004004
2.21429     0      0.003968
2.22857     0      0.003978
2.24286     0      0.003924
2.25714     0      0.003924
2.27143     0      0.003902
2.28571     0      0.003924
2.3     0      0.003876
2.31429     0      0.003862
2.32857     0      0.003868
2.34286     0      0.003828
2.35714     0      0.003844
2.37143     0      0.003814
2.38571     0      0.0017965
2.4     0      2.20625e-10
2.41429     0      1.11563e-17
2.42857     0      1.33457e-29
2.44286     0      3.51611e-36
2.45714     0      9.33106e-43
2.47143     0      9.38965e-43
2.48571     0      2.71606e-43
2.5     0      0
2.51429     0      0
2.52857     0      0
2.54286     0      0
2.55714     0      0
2.57143     0      0
2.58571     0      0
2.6     0      0
2.61429     0      0
2.62857     0      0
2.64286     0      0
2.65714     0      0
2.67143     0      0
2.68571     0      0
2.7     0      0
2.71429     0      0
2.72857     0      0
2.74286     0      0
2.75714     0      0
2.77143     0      0
2.78571     0      0
2.8     0      0
2.81429     0      0
2.82857     0      0
2.84286     0      0
2.85714     0      0
2.87143     0      0
2.88571     0      0
2.9     0      0
2.91429     0      0
2.92857     0      0
2.94286     0      0
2.95714     0      0
2.97143     0      0
2.98571     0      0
3     0      0
3.01429     0      0
3.02857     0      0
3.04286     0      0
3.05714     0      0
3.07143     0      0
3.08571     0      0
3.1     0      0
3.11429     0      0
3.12857     0      0
3.14286     0      0
3.15714     0      0
3.17143     0      0
3.18571     0      0
3.2     0      0
3.21429     0      0
3.22857     0      0
3.24286     0      0
3.25714     0      0
3.27143     0      0
3.28571     0      0
3.3     0      0
3.31429     0      0
3.32857     0      0
3.34286     0      0
3.35714     0      0
3.37143     0      0
3.38571     0      0
3.4     0      0
3.41429     0      0
3.42857     0      0
3.44286     0      0
3.45714     0      0
3.47143     0      0
3.48571     0      0
3.5     0      0
3.51429     0      0
3.52857     0      0
3.54286     0      0
3.55714     0      0
3.57143     0      0
3.58571     0      0
3.6     0      0
3.61429     0      0
3.62857     0      0
3.64286     0      0
3.65714     0      0
3.67143     0      0
3.68571     0      0
3.7     0      0
3.71429     0      0
3.72857     0      0
3.74286     0      0
3.75714     0      0
3.77143     0      0
3.78571     0      0
3.8     0      0
3.81429     0      0
3.82857     0      0
3.84286     0      0
3.85714     0      0
3.87143     0      0
3.88571     0      0
3.9     0      0
3.91429     0      0
3.92857     0      0
3.94286     0      0
3.95714     0      0
3.97143     0      0
3.98571     0      0
4     0      0
4.01429     0      0
4.02857     0      0
4.04286     0      0
4.05714     0      0
4.07143     0      0
4.08571     0      0
4.1     0      0
4.11429     0      0
4.12857     0      0
4.14286     0      0
4.15714     0      0
4.17143     0      0
4.18571     0      0
4.2     0      0
4.21429     0      0
4.22857     0      0
4.24286     0      0
4.25714     0      0
4.27143     0      0
4.28571     0      0
4.3     0      0
4.31429     0      0
4.32857     0      0
4.34286     0      0
4.35714     0      0
4.37143     0      0
4.38571     0      0
4.4     0      0
4.41429     0      0
4.42857     0      0
4.44286     0      0
4.45714     0      0
4.47143     0      0
4.48571     0      0
4.5     0      0
4.51429     0      0
4.52857     0      0
4.54286     0      0
4.55714     0      0
4.57143     0      0
4.58571     0      0
4.6     0      0
4.61429     0      0
4.62857     0      0
4.64286     0      0
4.65714     0      0
4.67143     0      0
4.68571     0      0
4.7     0      0
4.71429     0      0
4.72857     0      0
4.74286     0      0
4.75714     0      0
4.77143     0      0
4.78571     0      0
4.8     0      0
4.81429     0      0
4.82857     0      0
4.84286     0      0
4.85714     0      0
4.87143     0      0
4.88571     0      0
4.9     0      0
4.91429     0      0
4.92857     0      0
4.94286     0      0
4.95714     0      0
4.97143     0      0
4.98571     0      0
