# U,mu,nA_up, nA_dn, nB_up, nB_dn, ms, mf, ntotal,mu,cint
#energy    dos_upn   dos_upp   dos_dnn  dos_dnp GRID=1000 bin=700
-5     0      0
-4.98571     0      0
-4.97143     0      0
-4.95714     0      0
-4.94286     0      0
-4.92857     0      0
-4.91429     0      0
-4.9     0      0
-4.88571     0      0
-4.87143     0      0
-4.85714     0      0
-4.84286     0      0
-4.82857     0      0
-4.81429     0      0
-4.8     0      0
-4.78571     0      0
-4.77143     0      0
-4.75714     0      0
-4.74286     0      0
-4.72857     0      0
-4.71429     0      0
-4.7     0      0
-4.68571     0      0
-4.67143     0      0
-4.65714     0      0
-4.64286     0      0
-4.62857     0      0
-4.61429     0      0
-4.6     0      0
-4.58571     0      0
-4.57143     0      0
-4.55714     0      0
-4.54286     0      0
-4.52857     0      0
-4.51429     0      0
-4.5     0      0
-4.48571     0      0
-4.47143     0      0
-4.45714     0      0
-4.44286     0      0
-4.42857     0      0
-4.41429     0      0
-4.4     0      0
-4.38571     0      0
-4.37143     0      0
-4.35714     0      0
-4.34286     0      0
-4.32857     0      0
-4.31429     0      0
-4.3     0      0
-4.28571     0      0
-4.27143     0      0
-4.25714     0      0
-4.24286     0      0
-4.22857     0      0
-4.21429     0      0
-4.2     0      0
-4.18571     0      0
-4.17143     0      0
-4.15714     0      0
-4.14286     0      0
-4.12857     0      0
-4.11429     0      0
-4.1     0      0
-4.08571     0      0
-4.07143     0      0
-4.05714     0      0
-4.04286     0      0
-4.02857     0      0
-4.01429     0      0
-4     0      0
-3.98571     0      0
-3.97143     0      0
-3.95714     0      0
-3.94286     0      0
-3.92857     0      0
-3.91429     0      0
-3.9     0      0
-3.88571     0      0
-3.87143     0      0
-3.85714     0      0
-3.84286     0      0
-3.82857     0      0
-3.81429     0      0
-3.8     0      0
-3.78571     0      0
-3.77143     0      0
-3.75714     0      0
-3.74286     0      0
-3.72857     0      0
-3.71429     0      0
-3.7     0      0
-3.68571     0      0
-3.67143     0      0
-3.65714     0      0
-3.64286     0      0
-3.62857     0      0
-3.61429     0      0
-3.6     0      0
-3.58571     0      0
-3.57143     0      0
-3.55714     0      0
-3.54286     0      0
-3.52857     0      0
-3.51429     0      0
-3.5     0      0
-3.48571     0      0
-3.47143     0      0
-3.45714     0      0
-3.44286     0      0
-3.42857     0      0
-3.41429     0      0
-3.4     0      0
-3.38571     0      0
-3.37143     0      0
-3.35714     0      0
-3.34286     0      0
-3.32857     0      0
-3.31429     0      0
-3.3     0      0
-3.28571     0      0
-3.27143     0      0
-3.25714     0      0
-3.24286     0      0
-3.22857     0      0
-3.21429     0      0
-3.2     0      0
-3.18571     0      0
-3.17143     0      0
-3.15714     0      0
-3.14286     0      0
-3.12857     0      0
-3.11429     0      0
-3.1     0      0
-3.08571     0      0
-3.07143     0      0
-3.05714     0      0
-3.04286     0      0
-3.02857     0      0
-3.01429     0      0
-3     0      0
-2.98571     0      0
-2.97143     0      0
-2.95714     0      0
-2.94286     0      0
-2.92857     0      0
-2.91429     0      0
-2.9     0      0
-2.88571     0      0
-2.87143     0      0
-2.85714     0      0
-2.84286     0      0
-2.82857     0      0
-2.81429     0      0
-2.8     0      0
-2.78571     0      0
-2.77143     0      0
-2.75714     0      0
-2.74286     0      0
-2.72857     0      0
-2.71429     0      0
-2.7     0      0
-2.68571     0      0
-2.67143     0      0
-2.65714     0      0
-2.64286     0      0
-2.62857     0      0
-2.61429     0      0
-2.6     0      0
-2.58571     0      0
-2.57143     0      0
-2.55714     0      0
-2.54286     0      0
-2.52857     0      0
-2.51429     0      0
-2.5     0      0
-2.48571     0      0
-2.47143     0      0
-2.45714     0      0
-2.44286     0      0
-2.42857     0      0
-2.41429     0      0
-2.4     0      0
-2.38571     0      0
-2.37143     0      0
-2.35714     0      0
-2.34286     0      0
-2.32857     0      0
-2.31429     0      0
-2.3     0      0
-2.28571     0      0
-2.27143     0      0
-2.25714     0      0
-2.24286     0      0
-2.22857     0      0
-2.21429     0      0
-2.2     0      0
-2.18571     0      0
-2.17143     0      0
-2.15714     0      0
-2.14286     0      0
-2.12857     0      0
-2.11429     0      0
-2.1     0      0
-2.08571     0      0
-2.07143     0      0
-2.05714     0      0
-2.04286     4.04407e-209      0
-2.02857     1.28326e-207      0
-2.01429     2.24214e-202      0
-2     5.10876e-201      0
-1.98571     5.12784e-201      0
-1.97143     5.17295e-201      0
-1.95714     2.19443e-195      0
-1.94286     2.03657e-194      0
-1.92857     2.0435e-194      0
-1.91429     2.05669e-194      0
-1.9     1.77705e-188      0
-1.88571     8.12128e-188      0
-1.87143     8.16847e-188      0
-1.85714     8.15737e-188      0
-1.84286     1.21375e-181      0
-1.82857     3.23297e-181      0
-1.81429     3.26295e-181      0
-1.8     3.26295e-181      0
-1.78571     7.32414e-175      0
-1.77143     1.29763e-174      0
-1.75714     1.29408e-174      0
-1.74286     1.30695e-174      0
-1.72857     4.12159e-168      0
-1.71429     9.25002e-05      0
-1.7     0.005696      0
-1.68571     0.005726      0
-1.67143     0.005742      0
-1.65714     0.005764      0
-1.64286     0.005776      0
-1.62857     0.005798      0
-1.61429     0.005836      0
-1.6     0.005854      0
-1.58571     0.005854      0
-1.57143     0.005876      0
-1.55714     0.005934      0
-1.54286     0.005914      0
-1.52857     0.00595      0
-1.51429     0.005978      0
-1.5     0.005988      0
-1.48571     0.006028      0
-1.47143     0.006064      0
-1.45714     0.006044      0
-1.44286     0.006098      0
-1.42857     0.006134      0
-1.41429     0.006152      0
-1.4     0.006162      0
-1.38571     0.006204      0
-1.37143     0.006206      0
-1.35714     0.00624      0
-1.34286     0.006278      0
-1.32857     0.006318      0
-1.31429     0.006312      0
-1.3     0.006366      0
-1.28571     0.006348      0
-1.27143     0.006466      0
-1.25714     0.006424      0
-1.24286     0.006464      0
-1.22857     0.006522      0
-1.21429     0.006524      0
-1.2     0.006586      0
-1.18571     0.006576      0
-1.17143     0.006662      0
-1.15714     0.006652      0
-1.14286     0.00667      0
-1.12857     0.006748      0
-1.11429     0.00679      0
-1.1     0.006792      0
-1.08571     0.006828      0
-1.07143     0.006854      0
-1.05714     0.006936      0
-1.04286     0.006954      0
-1.02857     0.00699      0
-1.01429     0.00702      0
-1     0.007064      0
-0.985714     0.00713      0
-0.971429     0.007142      0
-0.957143     0.00716      0
-0.942857     0.007262      0
-0.928571     0.00727      0
-0.914286     0.00731      0
-0.9     0.007396      0
-0.885714     0.007434      0
-0.871429     0.007478      0
-0.857143     0.007508      0
-0.842857     0.007586      0
-0.828571     0.007646      0
-0.814286     0.007624      0
-0.8     0.00778      0
-0.785714     0.00777      0
-0.771429     0.00783      0
-0.757143     0.007942      0
-0.742857     0.007994      0
-0.728571     0.007992      0
-0.714286     0.008134      0
-0.7     0.008126      0
-0.685714     0.008266      0
-0.671429     0.008284      0
-0.657143     0.00835      0
-0.642857     0.008478      0
-0.628571     0.008524      0
-0.614286     0.008594      0
-0.6     0.008734      0
-0.585714     0.008766      0
-0.571429     0.008858      0
-0.557143     0.008968      0
-0.542857     0.009088      0
-0.528571     0.009188      0
-0.514286     0.009238      0
-0.5     0.009386      0
-0.485714     0.009486      0
-0.471429     0.009624      0
-0.457143     0.009796      0
-0.442857     0.00994      0
-0.428571     0.010044      0
-0.414286     0.010244      0
-0.4     0.010378      0
-0.385714     0.010596      0
-0.371429     0.01079      0
-0.357143     0.010968      0
-0.342857     0.01128      0
-0.328571     0.01156      0
-0.314286     0.011812      0
-0.3     0.0121      0
-0.285714     0.012712      0
-0.271429     0.013124      0
-0.257143     0.013724      0
-0.242857     0.014766      0
-0.228571     0.016112      0
-0.214286     0.01888      0
-0.2     0.0378865      0
-0.185714     0.021502      0
-0.171429     0.015626      0
-0.157143     0.012966      0
-0.142857     0.011192      0
-0.128571     0.009952      0
-0.114286     0.008988      0
-0.1     0.008184      0
-0.0857143     0.007426      0
-0.0714286     0.006866      0
-0.0571429     0.006284      0
-0.0428571     0.005778      0
-0.0285714     0.005316      0
-0.0142857     0.004868      0.0018445
0     0.001739      0.015168
0.0142857     0      0.011818
0.0285714     0      0.010674
0.0428571     0      0.010118
0.0571429     0      0.00983
0.0714286     0      0.009712
0.0857143     0      0.009674
0.1     0      0.009738
0.114286     0      0.009848
0.128571     0      0.010088
0.142857     0      0.010372
0.157143     0      0.010902
0.171429     0      0.011624
0.185714     0      0.013963
0.2     0      0.013186
0.214286     0      0.011546
0.228571     0      0.0109
0.242857     0      0.01041
0.257143     0      0.010062
0.271429     0      0.00979
0.285714     0      0.009516
0.3     0      0.009296
0.314286     0      0.009124
0.328571     0      0.00899
0.342857     0      0.008772
0.357143     0      0.00867
0.371429     0      0.008554
0.385714     0      0.008388
0.4     0      0.008298
0.414286     0      0.00817
0.428571     0      0.00801
0.442857     0      0.00801
0.457143     0      0.007886
0.471429     0      0.007762
0.485714     0      0.00766
0.5     0      0.007634
0.514286     0      0.007502
0.528571     0      0.007522
0.542857     0      0.007312
0.557143     0      0.00731
0.571429     0      0.007232
0.585714     0      0.007166
0.6     0      0.007076
0.614286     0      0.00703
0.628571     0      0.00698
0.642857     0      0.006924
0.657143     0      0.006868
0.671429     0      0.006748
0.685714     0      0.00674
0.7     0      0.006648
0.714286     0      0.006646
0.728571     0      0.006532
0.742857     0      0.006536
0.757143     0      0.006452
0.771429     0      0.006446
0.785714     0      0.006388
0.8     0      0.006312
0.814286     0      0.006278
0.828571     0      0.006228
0.842857     0      0.006202
0.857143     0      0.006108
0.871429     0      0.006102
0.885714     0      0.006064
0.9     0      0.006
0.914286     0      0.005978
0.928571     0      0.005952
0.942857     0      0.005916
0.957143     0      0.005852
0.971429     0      0.005784
0.985714     0      0.00578
1     0      0.005782
1.01429     0      0.005716
1.02857     0      0.005646
1.04286     0      0.005658
1.05714     0      0.005604
1.07143     0      0.005576
1.08571     0      0.00555
1.1     0      0.005532
1.11429     0      0.005426
1.12857     0      0.005442
1.14286     0      0.005412
1.15714     0      0.005398
1.17143     0      0.005372
1.18571     0      0.005286
1.2     0      0.00529
1.21429     0      0.005248
1.22857     0      0.005266
1.24286     0      0.005212
1.25714     0      0.00518
1.27143     0      0.005136
1.28571     0      0.005118
1.3     0      0.005104
1.31429     0      0.005078
1.32857     0      0.005056
1.34286     0      0.005022
1.35714     0      0.004988
1.37143     0      0.004936
1.38571     0      0.004936
1.4     0      0.004914
1.41429     0      0.004868
1.42857     0      0.004906
1.44286     0      0.004834
1.45714     0      0.004816
1.47143     0      0.00479
1.48571     0      0.004802
1.5     0      0.004732
1.51429     0      0.004758
1.52857     0      0.004678
1.54286     0      0.004676
1.55714     0      0.004706
1.57143     0      0.004652
1.58571     0      0.00461
1.6     0      0.004576
1.61429     0      0.004578
1.62857     0      0.004586
1.64286     0      0.004552
1.65714     0      0.00447
1.67143     0      0.004518
1.68571     0      0.004504
1.7     0      0.004434
1.71429     0      0.004454
1.72857     0      0.00442
1.74286     0      0.004402
1.75714     0      0.004384
1.77143     0      0.004382
1.78571     0      0.00434
1.8     0      0.004332
1.81429     0      0.004326
1.82857     0      0.004266
1.84286     0      0.00426
1.85714     0      0.00427
1.87143     0      0.00426
1.88571     0      0.004214
1.9     0      0.004208
1.91429     0      0.004198
1.92857     0      0.004186
1.94286     0      0.00413
1.95714     0      0.004146
1.97143     0      0.00414
1.98571     0      0.00413
2     0      0.00407
2.01429     0      0.004082
2.02857     0      0.004052
2.04286     0      0.004052
2.05714     0      0.004038
2.07143     0      0.004014
2.08571     0      0.004016
2.1     0      0.003974
2.11429     0      0.003968
2.12857     0      0.003954
2.14286     0      0.003958
2.15714     0      0.003916
2.17143     0      0.003926
2.18571     0      0.003914
2.2     0      0.003848
2.21429     0      0.0039
2.22857     0      0.00385
2.24286     0      0.00384
2.25714     0      0.003836
2.27143     0      0.003802
2.28571     0      0.00381
2.3     0      0.0011805
2.31429     0      1.14893e-36
2.32857     0      1.8097e-50
2.34286     0      1.60074e-69
2.35714     0      1.17332e-82
2.37143     0      6.9514e-90
2.38571     0      1.67312e-102
2.4     0      2.05473e-109
2.41429     0      1.03901e-116
2.42857     0      1.24292e-128
2.44286     0      3.27464e-135
2.45714     0      8.69022e-142
2.47143     0      8.74479e-142
2.48571     0      2.52953e-142
2.5     0      0
2.51429     0      0
2.52857     0      0
2.54286     0      0
2.55714     0      0
2.57143     0      0
2.58571     0      0
2.6     0      0
2.61429     0      0
2.62857     0      0
2.64286     0      0
2.65714     0      0
2.67143     0      0
2.68571     0      0
2.7     0      0
2.71429     0      0
2.72857     0      0
2.74286     0      0
2.75714     0      0
2.77143     0      0
2.78571     0      0
2.8     0      0
2.81429     0      0
2.82857     0      0
2.84286     0      0
2.85714     0      0
2.87143     0      0
2.88571     0      0
2.9     0      0
2.91429     0      0
2.92857     0      0
2.94286     0      0
2.95714     0      0
2.97143     0      0
2.98571     0      0
3     0      0
3.01429     0      0
3.02857     0      0
3.04286     0      0
3.05714     0      0
3.07143     0      0
3.08571     0      0
3.1     0      0
3.11429     0      0
3.12857     0      0
3.14286     0      0
3.15714     0      0
3.17143     0      0
3.18571     0      0
3.2     0      0
3.21429     0      0
3.22857     0      0
3.24286     0      0
3.25714     0      0
3.27143     0      0
3.28571     0      0
3.3     0      0
3.31429     0      0
3.32857     0      0
3.34286     0      0
3.35714     0      0
3.37143     0      0
3.38571     0      0
3.4     0      0
3.41429     0      0
3.42857     0      0
3.44286     0      0
3.45714     0      0
3.47143     0      0
3.48571     0      0
3.5     0      0
3.51429     0      0
3.52857     0      0
3.54286     0      0
3.55714     0      0
3.57143     0      0
3.58571     0      0
3.6     0      0
3.61429     0      0
3.62857     0      0
3.64286     0      0
3.65714     0      0
3.67143     0      0
3.68571     0      0
3.7     0      0
3.71429     0      0
3.72857     0      0
3.74286     0      0
3.75714     0      0
3.77143     0      0
3.78571     0      0
3.8     0      0
3.81429     0      0
3.82857     0      0
3.84286     0      0
3.85714     0      0
3.87143     0      0
3.88571     0      0
3.9     0      0
3.91429     0      0
3.92857     0      0
3.94286     0      0
3.95714     0      0
3.97143     0      0
3.98571     0      0
4     0      0
4.01429     0      0
4.02857     0      0
4.04286     0      0
4.05714     0      0
4.07143     0      0
4.08571     0      0
4.1     0      0
4.11429     0      0
4.12857     0      0
4.14286     0      0
4.15714     0      0
4.17143     0      0
4.18571     0      0
4.2     0      0
4.21429     0      0
4.22857     0      0
4.24286     0      0
4.25714     0      0
4.27143     0      0
4.28571     0      0
4.3     0      0
4.31429     0      0
4.32857     0      0
4.34286     0      0
4.35714     0      0
4.37143     0      0
4.38571     0      0
4.4     0      0
4.41429     0      0
4.42857     0      0
4.44286     0      0
4.45714     0      0
4.47143     0      0
4.48571     0      0
4.5     0      0
4.51429     0      0
4.52857     0      0
4.54286     0      0
4.55714     0      0
4.57143     0      0
4.58571     0      0
4.6     0      0
4.61429     0      0
4.62857     0      0
4.64286     0      0
4.65714     0      0
4.67143     0      0
4.68571     0      0
4.7     0      0
4.71429     0      0
4.72857     0      0
4.74286     0      0
4.75714     0      0
4.77143     0      0
4.78571     0      0
4.8     0      0
4.81429     0      0
4.82857     0      0
4.84286     0      0
4.85714     0      0
4.87143     0      0
4.88571     0      0
4.9     0      0
4.91429     0      0
4.92857     0      0
4.94286     0      0
4.95714     0      0
4.97143     0      0
4.98571     0      0
