# U,mu,nA_up, nA_dn, nB_up, nB_dn, ms, mf, ntotal,mu,cint
#energy    dos_upn   dos_upp   dos_dnn  dos_dnp GRID=1000 bin=700
-5     0      0
-4.98571     0      0
-4.97143     0      0
-4.95714     0      0
-4.94286     0      0
-4.92857     0      0
-4.91429     0      0
-4.9     0      0
-4.88571     0      0
-4.87143     0      0
-4.85714     0      0
-4.84286     0      0
-4.82857     0      0
-4.81429     0      0
-4.8     0      0
-4.78571     0      0
-4.77143     0      0
-4.75714     0      0
-4.74286     0      0
-4.72857     0      0
-4.71429     0      0
-4.7     0      0
-4.68571     0      0
-4.67143     0      0
-4.65714     0      0
-4.64286     0      0
-4.62857     0      0
-4.61429     0      0
-4.6     0      0
-4.58571     0      0
-4.57143     0      0
-4.55714     0      0
-4.54286     0      0
-4.52857     0      0
-4.51429     0      0
-4.5     0      0
-4.48571     0      0
-4.47143     0      0
-4.45714     0      0
-4.44286     0      0
-4.42857     0      0
-4.41429     0      0
-4.4     0      0
-4.38571     0      0
-4.37143     0      0
-4.35714     0      0
-4.34286     0      0
-4.32857     0      0
-4.31429     0      0
-4.3     0      0
-4.28571     0      0
-4.27143     0      0
-4.25714     0      0
-4.24286     0      0
-4.22857     0      0
-4.21429     0      0
-4.2     0      0
-4.18571     0      0
-4.17143     0      0
-4.15714     0      0
-4.14286     0      0
-4.12857     0      0
-4.11429     0      0
-4.1     0      0
-4.08571     0      0
-4.07143     0      0
-4.05714     0      0
-4.04286     0      0
-4.02857     0      0
-4.01429     0      0
-4     0      0
-3.98571     0      0
-3.97143     0      0
-3.95714     0      0
-3.94286     0      0
-3.92857     0      0
-3.91429     0      0
-3.9     0      0
-3.88571     0      0
-3.87143     0      0
-3.85714     0      0
-3.84286     0      0
-3.82857     0      0
-3.81429     0      0
-3.8     0      0
-3.78571     0      0
-3.77143     0      0
-3.75714     0      0
-3.74286     0      0
-3.72857     0      0
-3.71429     0      0
-3.7     0      0
-3.68571     0      0
-3.67143     0      0
-3.65714     0      0
-3.64286     0      0
-3.62857     0      0
-3.61429     0      0
-3.6     0      0
-3.58571     0      0
-3.57143     0      0
-3.55714     0      0
-3.54286     0      0
-3.52857     0      0
-3.51429     0      0
-3.5     0      0
-3.48571     0      0
-3.47143     0      0
-3.45714     0      0
-3.44286     0      0
-3.42857     0      0
-3.41429     0      0
-3.4     0      0
-3.38571     0      0
-3.37143     0      0
-3.35714     0      0
-3.34286     0      0
-3.32857     0      0
-3.31429     0      0
-3.3     0      0
-3.28571     0      0
-3.27143     0      0
-3.25714     0      0
-3.24286     0      0
-3.22857     0      0
-3.21429     0      0
-3.2     0      0
-3.18571     0      0
-3.17143     0      0
-3.15714     0      0
-3.14286     0      0
-3.12857     0      0
-3.11429     0      0
-3.1     0      0
-3.08571     0      0
-3.07143     0      0
-3.05714     0      0
-3.04286     0      0
-3.02857     0      0
-3.01429     0      0
-3     0      0
-2.98571     0      0
-2.97143     0      0
-2.95714     0      0
-2.94286     0      0
-2.92857     0      0
-2.91429     0      0
-2.9     0      0
-2.88571     0      0
-2.87143     0      0
-2.85714     0      0
-2.84286     0      0
-2.82857     0      0
-2.81429     0      0
-2.8     0      0
-2.78571     0      0
-2.77143     0      0
-2.75714     0      0
-2.74286     0      0
-2.72857     0      0
-2.71429     0      0
-2.7     0      0
-2.68571     0      0
-2.67143     0      0
-2.65714     0      0
-2.64286     0      0
-2.62857     0      0
-2.61429     0      0
-2.6     0      0
-2.58571     0      0
-2.57143     0      0
-2.55714     0      0
-2.54286     0      0
-2.52857     0      0
-2.51429     0      0
-2.5     0      0
-2.48571     0      0
-2.47143     0      0
-2.45714     0      0
-2.44286     0      0
-2.42857     0      0
-2.41429     0      0
-2.4     0      0
-2.38571     0      0
-2.37143     0      0
-2.35714     0      0
-2.34286     0      0
-2.32857     0      0
-2.31429     0      0
-2.3     0      0
-2.28571     0      0
-2.27143     0      0
-2.25714     0      0
-2.24286     0      0
-2.22857     0      0
-2.21429     0      0
-2.2     0      0
-2.18571     0      0
-2.17143     0      0
-2.15714     0      0
-2.14286     0      0
-2.12857     0      0
-2.11429     0      0
-2.1     0      0
-2.08571     0      0
-2.07143     0      0
-2.05714     0      0
-2.04286     1.65645e-169      0
-2.02857     5.25624e-168      0
-2.01429     9.18382e-163      0
-2     2.09255e-161      0
-1.98571     2.10036e-161      0
-1.97143     2.11884e-161      0
-1.95714     8.98839e-156      0
-1.94286     8.34177e-155      0
-1.92857     8.3702e-155      0
-1.91429     8.4242e-155      0
-1.9     7.27881e-149      0
-1.88571     3.32648e-148      0
-1.87143     3.3458e-148      0
-1.85714     3.34126e-148      0
-1.84286     4.97153e-142      0
-1.82857     1.32422e-141      0
-1.81429     1.3365e-141      0
-1.8     1.3365e-141      0
-1.78571     2.99997e-135      0
-1.77143     5.31509e-135      0
-1.75714     5.30054e-135      0
-1.74286     5.35329e-135      0
-1.72857     1.6882e-128      0
-1.71429     2.11876e-128      0
-1.7     2.1224e-128      0
-1.68571     0.0047165      0
-1.67143     0.00572      0
-1.65714     0.005744      0
-1.64286     0.005762      0
-1.62857     0.005782      0
-1.61429     0.005804      0
-1.6     0.005816      0
-1.58571     0.005862      0
-1.57143     0.005868      0
-1.55714     0.00589      0
-1.54286     0.00591      0
-1.52857     0.005914      0
-1.51429     0.005948      0
-1.5     0.005984      0
-1.48571     0.006018      0
-1.47143     0.006006      0
-1.45714     0.006068      0
-1.44286     0.006062      0
-1.42857     0.006098      0
-1.41429     0.006096      0
-1.4     0.00619      0
-1.38571     0.006138      0
-1.37143     0.006212      0
-1.35714     0.006216      0
-1.34286     0.00627      0
-1.32857     0.006274      0
-1.31429     0.006286      0
-1.3     0.00635      0
-1.28571     0.00639      0
-1.27143     0.006352      0
-1.25714     0.006458      0
-1.24286     0.00642      0
-1.22857     0.006454      0
-1.21429     0.006542      0
-1.2     0.006528      0
-1.18571     0.0066      0
-1.17143     0.006606      0
-1.15714     0.006608      0
-1.14286     0.006678      0
-1.12857     0.006692      0
-1.11429     0.006738      0
-1.1     0.0068      0
-1.08571     0.00679      0
-1.07143     0.006868      0
-1.05714     0.006854      0
-1.04286     0.006956      0
-1.02857     0.006932      0
-1.01429     0.007034      0
-1     0.007022      0
-0.985714     0.007078      0
-0.971429     0.007104      0
-0.957143     0.007182      0
-0.942857     0.007204      0
-0.928571     0.00726      0
-0.914286     0.007306      0
-0.9     0.007358      0
-0.885714     0.00739      0
-0.871429     0.007436      0
-0.857143     0.007502      0
-0.842857     0.007522      0
-0.828571     0.007572      0
-0.814286     0.00764      0
-0.8     0.007734      0
-0.785714     0.007754      0
-0.771429     0.007794      0
-0.757143     0.007926      0
-0.742857     0.00791      0
-0.728571     0.007968      0
-0.714286     0.008092      0
-0.7     0.008094      0
-0.685714     0.008246      0
-0.671429     0.008224      0
-0.657143     0.008398      0
-0.642857     0.0084      0
-0.628571     0.00853      0
-0.614286     0.008596      0
-0.6     0.00865      0
-0.585714     0.00876      0
-0.571429     0.008852      0
-0.557143     0.008918      0
-0.542857     0.009006      0
-0.528571     0.009204      0
-0.514286     0.009238      0
-0.5     0.009378      0
-0.485714     0.00948      0
-0.471429     0.009586      0
-0.457143     0.009812      0
-0.442857     0.009906      0
-0.428571     0.010078      0
-0.414286     0.010222      0
-0.4     0.010398      0
-0.385714     0.010578      0
-0.371429     0.010822      0
-0.357143     0.011006      0
-0.342857     0.011274      0
-0.328571     0.011566      0
-0.314286     0.012228      0
-0.3     0.012398      0
-0.285714     0.012612      0
-0.271429     0.013416      0
-0.257143     0.014318      0
-0.242857     0.015192      0
-0.228571     0.017156      0
-0.214286     0.0220845      0
-0.2     0.040818      0
-0.185714     0.019962      0
-0.171429     0.01553      0
-0.157143     0.01303      0
-0.142857     0.01143      0
-0.128571     0.0103      0
-0.114286     0.00924      0
-0.1     0.008496      0
-0.0857143     0.007796      0
-0.0714286     0.00717      0
-0.0571429     0.006588      0
-0.0428571     0.00613      0
-0.0285714     0.005656      0
-0.0142857     0.005169      0
0     0      0
0.0142857     0      0
0.0285714     0      0.0027685
0.0428571     0      0.015584
0.0571429     0      0.012434
0.0714286     0      0.011286
0.0857143     0      0.010652
0.1     0      0.010338
0.114286     0      0.010172
0.128571     0      0.010118
0.142857     0      0.010212
0.157143     0      0.010312
0.171429     0      0.010526
0.185714     0      0.010852
0.2     0      0.011358
0.214286     0      0.012228
0.228571     0      0.014863
0.242857     0      0.013616
0.257143     0      0.011928
0.271429     0      0.011104
0.285714     0      0.010632
0.3     0      0.010176
0.314286     0      0.009916
0.328571     0      0.009662
0.342857     0      0.009368
0.357143     0      0.009158
0.371429     0      0.009016
0.385714     0      0.008826
0.4     0      0.008696
0.414286     0      0.008538
0.428571     0      0.008432
0.442857     0      0.008258
0.457143     0      0.008162
0.471429     0      0.008054
0.485714     0      0.008002
0.5     0      0.007808
0.514286     0      0.007748
0.528571     0      0.0077
0.542857     0      0.007546
0.557143     0      0.007502
0.571429     0      0.007446
0.585714     0      0.007316
0.6     0      0.007254
0.614286     0      0.007196
0.628571     0      0.00715
0.642857     0      0.007074
0.657143     0      0.006948
0.671429     0      0.00694
0.685714     0      0.006828
0.7     0      0.006842
0.714286     0      0.006786
0.728571     0      0.006664
0.742857     0      0.006662
0.757143     0      0.006548
0.771429     0      0.006556
0.785714     0      0.006464
0.8     0      0.006414
0.814286     0      0.006384
0.828571     0      0.006312
0.842857     0      0.006314
0.857143     0      0.006194
0.871429     0      0.006172
0.885714     0      0.006162
0.9     0      0.006092
0.914286     0      0.006064
0.928571     0      0.00602
0.942857     0      0.00595
0.957143     0      0.005992
0.971429     0      0.0059
0.985714     0      0.00582
1     0      0.005824
1.01429     0      0.00576
1.02857     0      0.005754
1.04286     0      0.005732
1.05714     0      0.005658
1.07143     0      0.005622
1.08571     0      0.005588
1.1     0      0.005598
1.11429     0      0.00556
1.12857     0      0.005492
1.14286     0      0.005452
1.15714     0      0.00544
1.17143     0      0.005422
1.18571     0      0.00538
1.2     0      0.005344
1.21429     0      0.0053
1.22857     0      0.00528
1.24286     0      0.005266
1.25714     0      0.005224
1.27143     0      0.005206
1.28571     0      0.00518
1.3     0      0.005144
1.31429     0      0.0051
1.32857     0      0.00511
1.34286     0      0.005052
1.35714     0      0.00503
1.37143     0      0.005012
1.38571     0      0.004974
1.4     0      0.004964
1.41429     0      0.004954
1.42857     0      0.004896
1.44286     0      0.004892
1.45714     0      0.004862
1.47143     0      0.004824
1.48571     0      0.004818
1.5     0      0.004784
1.51429     0      0.004782
1.52857     0      0.00475
1.54286     0      0.00475
1.55714     0      0.00467
1.57143     0      0.00467
1.58571     0      0.004654
1.6     0      0.004632
1.61429     0      0.004602
1.62857     0      0.00461
1.64286     0      0.004588
1.65714     0      0.004522
1.67143     0      0.004546
1.68571     0      0.004522
1.7     0      0.004488
1.71429     0      0.004462
1.72857     0      0.00448
1.74286     0      0.004426
1.75714     0      0.004444
1.77143     0      0.004358
1.78571     0      0.004368
1.8     0      0.004378
1.81429     0      0.004336
1.82857     0      0.004332
1.84286     0      0.004304
1.85714     0      0.004272
1.87143     0      0.004276
1.88571     0      0.004246
1.9     0      0.004244
1.91429     0      0.00421
1.92857     0      0.004196
1.94286     0      0.004208
1.95714     0      0.00416
1.97143     0      0.004126
1.98571     0      0.00418
2     0      0.00409
2.01429     0      0.004112
2.02857     0      0.004076
2.04286     0      0.00408
2.05714     0      0.004044
2.07143     0      0.004038
2.08571     0      0.004042
2.1     0      0.003986
2.11429     0      0.004
2.12857     0      0.003996
2.14286     0      0.003964
2.15714     0      0.003938
2.17143     0      0.003952
2.18571     0      0.003906
2.2     0      0.003912
2.21429     0      0.003904
2.22857     0      0.00387
2.24286     0      0.003886
2.25714     0      0.00383
2.27143     0      0.003838
2.28571     0      0.00383
2.3     0      0.003804
2.31429     0      0.0025965
2.32857     0      7.41251e-11
2.34286     0      6.55664e-30
2.35714     0      4.80591e-43
2.37143     0      2.84729e-50
2.38571     0      6.85311e-63
2.4     0      8.41618e-70
2.41429     0      4.25579e-77
2.42857     0      5.09098e-89
2.44286     0      1.34129e-95
2.45714     0      3.55952e-102
2.47143     0      3.58187e-102
2.48571     0      1.0361e-102
2.5     0      0
2.51429     0      0
2.52857     0      0
2.54286     0      0
2.55714     0      0
2.57143     0      0
2.58571     0      0
2.6     0      0
2.61429     0      0
2.62857     0      0
2.64286     0      0
2.65714     0      0
2.67143     0      0
2.68571     0      0
2.7     0      0
2.71429     0      0
2.72857     0      0
2.74286     0      0
2.75714     0      0
2.77143     0      0
2.78571     0      0
2.8     0      0
2.81429     0      0
2.82857     0      0
2.84286     0      0
2.85714     0      0
2.87143     0      0
2.88571     0      0
2.9     0      0
2.91429     0      0
2.92857     0      0
2.94286     0      0
2.95714     0      0
2.97143     0      0
2.98571     0      0
3     0      0
3.01429     0      0
3.02857     0      0
3.04286     0      0
3.05714     0      0
3.07143     0      0
3.08571     0      0
3.1     0      0
3.11429     0      0
3.12857     0      0
3.14286     0      0
3.15714     0      0
3.17143     0      0
3.18571     0      0
3.2     0      0
3.21429     0      0
3.22857     0      0
3.24286     0      0
3.25714     0      0
3.27143     0      0
3.28571     0      0
3.3     0      0
3.31429     0      0
3.32857     0      0
3.34286     0      0
3.35714     0      0
3.37143     0      0
3.38571     0      0
3.4     0      0
3.41429     0      0
3.42857     0      0
3.44286     0      0
3.45714     0      0
3.47143     0      0
3.48571     0      0
3.5     0      0
3.51429     0      0
3.52857     0      0
3.54286     0      0
3.55714     0      0
3.57143     0      0
3.58571     0      0
3.6     0      0
3.61429     0      0
3.62857     0      0
3.64286     0      0
3.65714     0      0
3.67143     0      0
3.68571     0      0
3.7     0      0
3.71429     0      0
3.72857     0      0
3.74286     0      0
3.75714     0      0
3.77143     0      0
3.78571     0      0
3.8     0      0
3.81429     0      0
3.82857     0      0
3.84286     0      0
3.85714     0      0
3.87143     0      0
3.88571     0      0
3.9     0      0
3.91429     0      0
3.92857     0      0
3.94286     0      0
3.95714     0      0
3.97143     0      0
3.98571     0      0
4     0      0
4.01429     0      0
4.02857     0      0
4.04286     0      0
4.05714     0      0
4.07143     0      0
4.08571     0      0
4.1     0      0
4.11429     0      0
4.12857     0      0
4.14286     0      0
4.15714     0      0
4.17143     0      0
4.18571     0      0
4.2     0      0
4.21429     0      0
4.22857     0      0
4.24286     0      0
4.25714     0      0
4.27143     0      0
4.28571     0      0
4.3     0      0
4.31429     0      0
4.32857     0      0
4.34286     0      0
4.35714     0      0
4.37143     0      0
4.38571     0      0
4.4     0      0
4.41429     0      0
4.42857     0      0
4.44286     0      0
4.45714     0      0
4.47143     0      0
4.48571     0      0
4.5     0      0
4.51429     0      0
4.52857     0      0
4.54286     0      0
4.55714     0      0
4.57143     0      0
4.58571     0      0
4.6     0      0
4.61429     0      0
4.62857     0      0
4.64286     0      0
4.65714     0      0
4.67143     0      0
4.68571     0      0
4.7     0      0
4.71429     0      0
4.72857     0      0
4.74286     0      0
4.75714     0      0
4.77143     0      0
4.78571     0      0
4.8     0      0
4.81429     0      0
4.82857     0      0
4.84286     0      0
4.85714     0      0
4.87143     0      0
4.88571     0      0
4.9     0      0
4.91429     0      0
4.92857     0      0
4.94286     0      0
4.95714     0      0
4.97143     0      0
4.98571     0      0
