# U,mu,nA_up, nA_dn, nB_up, nB_dn, ms, mf, ntotal,mu,cint
#energy    dos_upn   dos_upp   dos_dnn  dos_dnp GRID=1000 bin=700
-5     0      0
-4.98571     0      0
-4.97143     0      0
-4.95714     0      0
-4.94286     0      0
-4.92857     0      0
-4.91429     0      0
-4.9     0      0
-4.88571     0      0
-4.87143     0      0
-4.85714     0      0
-4.84286     0      0
-4.82857     0      0
-4.81429     0      0
-4.8     0      0
-4.78571     0      0
-4.77143     0      0
-4.75714     0      0
-4.74286     0      0
-4.72857     0      0
-4.71429     0      0
-4.7     0      0
-4.68571     0      0
-4.67143     0      0
-4.65714     0      0
-4.64286     0      0
-4.62857     0      0
-4.61429     0      0
-4.6     0      0
-4.58571     0      0
-4.57143     0      0
-4.55714     0      0
-4.54286     0      0
-4.52857     0      0
-4.51429     0      0
-4.5     0      0
-4.48571     0      0
-4.47143     0      0
-4.45714     0      0
-4.44286     0      0
-4.42857     0      0
-4.41429     0      0
-4.4     0      0
-4.38571     0      0
-4.37143     0      0
-4.35714     0      0
-4.34286     0      0
-4.32857     0      0
-4.31429     0      0
-4.3     0      0
-4.28571     0      0
-4.27143     0      0
-4.25714     0      0
-4.24286     0      0
-4.22857     0      0
-4.21429     0      0
-4.2     0      0
-4.18571     0      0
-4.17143     0      0
-4.15714     0      0
-4.14286     0      0
-4.12857     0      0
-4.11429     0      0
-4.1     0      0
-4.08571     0      0
-4.07143     0      0
-4.05714     0      0
-4.04286     0      0
-4.02857     0      0
-4.01429     0      0
-4     0      0
-3.98571     0      0
-3.97143     0      0
-3.95714     0      0
-3.94286     0      0
-3.92857     0      0
-3.91429     0      0
-3.9     0      0
-3.88571     0      0
-3.87143     0      0
-3.85714     0      0
-3.84286     0      0
-3.82857     0      0
-3.81429     0      0
-3.8     0      0
-3.78571     0      0
-3.77143     0      0
-3.75714     0      0
-3.74286     0      0
-3.72857     0      0
-3.71429     0      0
-3.7     0      0
-3.68571     0      0
-3.67143     0      0
-3.65714     0      0
-3.64286     0      0
-3.62857     0      0
-3.61429     0      0
-3.6     0      0
-3.58571     0      0
-3.57143     0      0
-3.55714     0      0
-3.54286     0      0
-3.52857     0      0
-3.51429     0      0
-3.5     0      0
-3.48571     0      0
-3.47143     0      0
-3.45714     0      0
-3.44286     0      0
-3.42857     0      0
-3.41429     0      0
-3.4     0      0
-3.38571     0      0
-3.37143     0      0
-3.35714     0      0
-3.34286     0      0
-3.32857     0      0
-3.31429     0      0
-3.3     0      0
-3.28571     0      0
-3.27143     0      0
-3.25714     0      0
-3.24286     0      0
-3.22857     0      0
-3.21429     0      0
-3.2     0      0
-3.18571     0      0
-3.17143     0      0
-3.15714     0      0
-3.14286     0      0
-3.12857     0      0
-3.11429     0      0
-3.1     0      0
-3.08571     0      0
-3.07143     0      0
-3.05714     0      0
-3.04286     0      0
-3.02857     0      0
-3.01429     0      0
-3     0      0
-2.98571     0      0
-2.97143     0      0
-2.95714     0      0
-2.94286     0      0
-2.92857     0      0
-2.91429     0      0
-2.9     0      0
-2.88571     0      0
-2.87143     0      0
-2.85714     0      0
-2.84286     0      0
-2.82857     0      0
-2.81429     0      0
-2.8     0      0
-2.78571     0      0
-2.77143     0      0
-2.75714     0      0
-2.74286     0      0
-2.72857     0      0
-2.71429     0      0
-2.7     0      0
-2.68571     0      0
-2.67143     0      0
-2.65714     0      0
-2.64286     0      0
-2.62857     0      0
-2.61429     0      0
-2.6     0      0
-2.58571     0      0
-2.57143     0      0
-2.55714     0      0
-2.54286     0      0
-2.52857     0      0
-2.51429     0      0
-2.5     0      0
-2.48571     0      0
-2.47143     0      0
-2.45714     0      0
-2.44286     0      0
-2.42857     0      0
-2.41429     0      0
-2.4     0      0
-2.38571     0      0
-2.37143     0      0
-2.35714     0      0
-2.34286     0      0
-2.32857     0      0
-2.31429     0      0
-2.3     0      0
-2.28571     0      0
-2.27143     0      0
-2.25714     0      0
-2.24286     0      0
-2.22857     0      0
-2.21429     0      0
-2.2     0      0
-2.18571     0      0
-2.17143     0      0
-2.15714     0      0
-2.14286     0      0
-2.12857     0      0
-2.11429     0      0
-2.1     0      0
-2.08571     0      0
-2.07143     0      0
-2.05714     0      0
-2.04286     1.69621e-136      0
-2.02857     5.38239e-135      0
-2.01429     9.40423e-130      0
-2     2.14277e-128      0
-1.98571     2.15077e-128      0
-1.97143     2.16969e-128      0
-1.95714     9.20411e-123      0
-1.94286     8.54198e-122      0
-1.92857     8.57108e-122      0
-1.91429     8.62638e-122      0
-1.9     7.4535e-116      0
-1.88571     3.40631e-115      0
-1.87143     3.4261e-115      0
-1.85714     3.42145e-115      0
-1.84286     5.09085e-109      0
-1.82857     1.35601e-108      0
-1.81429     1.36858e-108      0
-1.8     1.36858e-108      0
-1.78571     3.07197e-102      0
-1.77143     5.44265e-102      0
-1.75714     5.42775e-102      0
-1.74286     5.48177e-102      0
-1.72857     1.72872e-95      0
-1.71429     2.16961e-95      0
-1.7     2.17333e-95      0
-1.68571     5.40169e-90      0
-1.67143     8.62181e-89      0
-1.65714     0.0047785      0
-1.64286     0.005718      0
-1.62857     0.005752      0
-1.61429     0.00577      0
-1.6     0.005814      0
-1.58571     0.00579      0
-1.57143     0.005834      0
-1.55714     0.005858      0
-1.54286     0.005876      0
-1.52857     0.005882      0
-1.51429     0.005942      0
-1.5     0.005944      0
-1.48571     0.005972      0
-1.47143     0.005968      0
-1.45714     0.00602      0
-1.44286     0.006016      0
-1.42857     0.00606      0
-1.41429     0.006088      0
-1.4     0.006138      0
-1.38571     0.00613      0
-1.37143     0.006152      0
-1.35714     0.006168      0
-1.34286     0.006206      0
-1.32857     0.006232      0
-1.31429     0.006298      0
-1.3     0.006278      0
-1.28571     0.00634      0
-1.27143     0.00635      0
-1.25714     0.006352      0
-1.24286     0.006402      0
-1.22857     0.006452      0
-1.21429     0.006444      0
-1.2     0.00653      0
-1.18571     0.00651      0
-1.17143     0.006552      0
-1.15714     0.00658      0
-1.14286     0.006642      0
-1.12857     0.006682      0
-1.11429     0.00668      0
-1.1     0.006718      0
-1.08571     0.006764      0
-1.07143     0.006798      0
-1.05714     0.006834      0
-1.04286     0.00685      0
-1.02857     0.006942      0
-1.01429     0.006968      0
-1     0.006958      0
-0.985714     0.007054      0
-0.971429     0.007044      0
-0.957143     0.00709      0
-0.942857     0.007204      0
-0.928571     0.007198      0
-0.914286     0.00723      0
-0.9     0.007288      0
-0.885714     0.007338      0
-0.871429     0.007402      0
-0.857143     0.007426      0
-0.842857     0.007464      0
-0.828571     0.007562      0
-0.814286     0.007574      0
-0.8     0.007642      0
-0.785714     0.007702      0
-0.771429     0.007764      0
-0.757143     0.007806      0
-0.742857     0.007856      0
-0.728571     0.007974      0
-0.714286     0.00799      0
-0.7     0.00807      0
-0.685714     0.008134      0
-0.671429     0.008192      0
-0.657143     0.008322      0
-0.642857     0.008326      0
-0.628571     0.008466      0
-0.614286     0.00846      0
-0.6     0.008656      0
-0.585714     0.00867      0
-0.571429     0.008798      0
-0.557143     0.008902      0
-0.542857     0.008926      0
-0.528571     0.009128      0
-0.514286     0.009176      0
-0.5     0.009296      0
-0.485714     0.009464      0
-0.471429     0.009586      0
-0.457143     0.0097      0
-0.442857     0.009808      0
-0.428571     0.010004      0
-0.414286     0.010238      0
-0.4     0.010374      0
-0.385714     0.010546      0
-0.371429     0.010782      0
-0.357143     0.010966      0
-0.342857     0.011416      0
-0.328571     0.011618      0
-0.314286     0.011982      0
-0.3     0.012292      0
-0.285714     0.012898      0
-0.271429     0.013496      0
-0.257143     0.014466      0
-0.242857     0.015414      0
-0.228571     0.017338      0
-0.214286     0.0218925      0
-0.2     0.044642      0
-0.185714     0.021842      0
-0.171429     0.01681      0
-0.157143     0.014142      0
-0.142857     0.012376      0
-0.128571     0.011078      0
-0.114286     0.010064      0
-0.1     0.009202      0
-0.0857143     0.00845      0
-0.0714286     0.007826      0
-0.0571429     0.007256      0
-0.0428571     0.006748      0
-0.0285714     0.006284      0
-0.0142857     0.005837      0
0     0      0
0.0142857     0      0
0.0285714     0      0
0.0428571     0      0
0.0571429     0      0
0.0714286     0      0
0.0857143     0      0
0.1     0      0.0154045
0.114286     0      0.013684
0.128571     0      0.01219
0.142857     0      0.011398
0.157143     0      0.011
0.171429     0      0.010802
0.185714     0      0.010652
0.2     0      0.010686
0.214286     0      0.010796
0.228571     0      0.010952
0.242857     0      0.01133
0.257143     0      0.011776
0.271429     0      0.012566
0.285714     0      0.014364
0.3     0      0.015679
0.314286     0      0.01269
0.328571     0      0.01168
0.342857     0      0.011036
0.357143     0      0.010582
0.371429     0      0.010108
0.385714     0      0.009902
0.4     0      0.009582
0.414286     0      0.00934
0.428571     0      0.009116
0.442857     0      0.008946
0.457143     0      0.008784
0.471429     0      0.008618
0.485714     0      0.008492
0.5     0      0.008354
0.514286     0      0.008194
0.528571     0      0.008094
0.542857     0      0.007988
0.557143     0      0.00788
0.571429     0      0.007778
0.585714     0      0.007686
0.6     0      0.007574
0.614286     0      0.007518
0.628571     0      0.007396
0.642857     0      0.007358
0.657143     0      0.007234
0.671429     0      0.007192
0.685714     0      0.007126
0.7     0      0.007046
0.714286     0      0.00694
0.728571     0      0.00694
0.742857     0      0.00685
0.757143     0      0.006772
0.771429     0      0.006728
0.785714     0      0.006706
0.8     0      0.006586
0.814286     0      0.006548
0.828571     0      0.006484
0.842857     0      0.006466
0.857143     0      0.00642
0.871429     0      0.006328
0.885714     0      0.006306
0.9     0      0.00625
0.914286     0      0.006188
0.928571     0      0.006142
0.942857     0      0.006124
0.957143     0      0.006056
0.971429     0      0.00605
0.985714     0      0.00596
1     0      0.005968
1.01429     0      0.005922
1.02857     0      0.00587
1.04286     0      0.005796
1.05714     0      0.005802
1.07143     0      0.00574
1.08571     0      0.005732
1.1     0      0.00567
1.11429     0      0.005646
1.12857     0      0.005594
1.14286     0      0.005564
1.15714     0      0.005528
1.17143     0      0.005506
1.18571     0      0.005508
1.2     0      0.005412
1.21429     0      0.005384
1.22857     0      0.00538
1.24286     0      0.005342
1.25714     0      0.005324
1.27143     0      0.005326
1.28571     0      0.005234
1.3     0      0.005242
1.31429     0      0.005156
1.32857     0      0.005182
1.34286     0      0.005144
1.35714     0      0.005122
1.37143     0      0.005096
1.38571     0      0.005062
1.4     0      0.00499
1.41429     0      0.005014
1.42857     0      0.004972
1.44286     0      0.00495
1.45714     0      0.004932
1.47143     0      0.00491
1.48571     0      0.004902
1.5     0      0.00484
1.51429     0      0.004826
1.52857     0      0.004824
1.54286     0      0.004778
1.55714     0      0.00475
1.57143     0      0.004774
1.58571     0      0.00468
1.6     0      0.004726
1.61429     0      0.004662
1.62857     0      0.004676
1.64286     0      0.004612
1.65714     0      0.004594
1.67143     0      0.004614
1.68571     0      0.004558
1.7     0      0.004532
1.71429     0      0.004534
1.72857     0      0.00451
1.74286     0      0.004488
1.75714     0      0.004466
1.77143     0      0.004476
1.78571     0      0.004398
1.8     0      0.004428
1.81429     0      0.004358
1.82857     0      0.004376
1.84286     0      0.004374
1.85714     0      0.004316
1.87143     0      0.004318
1.88571     0      0.0043
1.9     0      0.004292
1.91429     0      0.004278
1.92857     0      0.004232
1.94286     0      0.004234
1.95714     0      0.004204
1.97143     0      0.004174
1.98571     0      0.004172
2     0      0.004204
2.01429     0      0.004114
2.02857     0      0.00414
2.04286     0      0.004098
2.05714     0      0.0041
2.07143     0      0.004076
2.08571     0      0.004072
2.1     0      0.004028
2.11429     0      0.004056
2.12857     0      0.00402
2.14286     0      0.004008
2.15714     0      0.003972
2.17143     0      0.003976
2.18571     0      0.003954
2.2     0      0.003956
2.21429     0      0.00392
2.22857     0      0.003934
2.24286     0      0.00389
2.25714     0      0.003902
2.27143     0      0.00386
2.28571     0      0.00386
2.3     0      0.003856
2.31429     0      0.003818
2.32857     0      0.00382
2.34286     0      0.0036525
2.35714     0      4.92125e-10
2.37143     0      2.91563e-17
2.38571     0      7.01758e-30
2.4     0      8.61817e-37
2.41429     0      4.35793e-44
2.42857     0      5.21317e-56
2.44286     0      1.37348e-62
2.45714     0      3.64494e-69
2.47143     0      3.66783e-69
2.48571     0      1.06096e-69
2.5     0      0
2.51429     0      0
2.52857     0      0
2.54286     0      0
2.55714     0      0
2.57143     0      0
2.58571     0      0
2.6     0      0
2.61429     0      0
2.62857     0      0
2.64286     0      0
2.65714     0      0
2.67143     0      0
2.68571     0      0
2.7     0      0
2.71429     0      0
2.72857     0      0
2.74286     0      0
2.75714     0      0
2.77143     0      0
2.78571     0      0
2.8     0      0
2.81429     0      0
2.82857     0      0
2.84286     0      0
2.85714     0      0
2.87143     0      0
2.88571     0      0
2.9     0      0
2.91429     0      0
2.92857     0      0
2.94286     0      0
2.95714     0      0
2.97143     0      0
2.98571     0      0
3     0      0
3.01429     0      0
3.02857     0      0
3.04286     0      0
3.05714     0      0
3.07143     0      0
3.08571     0      0
3.1     0      0
3.11429     0      0
3.12857     0      0
3.14286     0      0
3.15714     0      0
3.17143     0      0
3.18571     0      0
3.2     0      0
3.21429     0      0
3.22857     0      0
3.24286     0      0
3.25714     0      0
3.27143     0      0
3.28571     0      0
3.3     0      0
3.31429     0      0
3.32857     0      0
3.34286     0      0
3.35714     0      0
3.37143     0      0
3.38571     0      0
3.4     0      0
3.41429     0      0
3.42857     0      0
3.44286     0      0
3.45714     0      0
3.47143     0      0
3.48571     0      0
3.5     0      0
3.51429     0      0
3.52857     0      0
3.54286     0      0
3.55714     0      0
3.57143     0      0
3.58571     0      0
3.6     0      0
3.61429     0      0
3.62857     0      0
3.64286     0      0
3.65714     0      0
3.67143     0      0
3.68571     0      0
3.7     0      0
3.71429     0      0
3.72857     0      0
3.74286     0      0
3.75714     0      0
3.77143     0      0
3.78571     0      0
3.8     0      0
3.81429     0      0
3.82857     0      0
3.84286     0      0
3.85714     0      0
3.87143     0      0
3.88571     0      0
3.9     0      0
3.91429     0      0
3.92857     0      0
3.94286     0      0
3.95714     0      0
3.97143     0      0
3.98571     0      0
4     0      0
4.01429     0      0
4.02857     0      0
4.04286     0      0
4.05714     0      0
4.07143     0      0
4.08571     0      0
4.1     0      0
4.11429     0      0
4.12857     0      0
4.14286     0      0
4.15714     0      0
4.17143     0      0
4.18571     0      0
4.2     0      0
4.21429     0      0
4.22857     0      0
4.24286     0      0
4.25714     0      0
4.27143     0      0
4.28571     0      0
4.3     0      0
4.31429     0      0
4.32857     0      0
4.34286     0      0
4.35714     0      0
4.37143     0      0
4.38571     0      0
4.4     0      0
4.41429     0      0
4.42857     0      0
4.44286     0      0
4.45714     0      0
4.47143     0      0
4.48571     0      0
4.5     0      0
4.51429     0      0
4.52857     0      0
4.54286     0      0
4.55714     0      0
4.57143     0      0
4.58571     0      0
4.6     0      0
4.61429     0      0
4.62857     0      0
4.64286     0      0
4.65714     0      0
4.67143     0      0
4.68571     0      0
4.7     0      0
4.71429     0      0
4.72857     0      0
4.74286     0      0
4.75714     0      0
4.77143     0      0
4.78571     0      0
4.8     0      0
4.81429     0      0
4.82857     0      0
4.84286     0      0
4.85714     0      0
4.87143     0      0
4.88571     0      0
4.9     0      0
4.91429     0      0
4.92857     0      0
4.94286     0      0
4.95714     0      0
4.97143     0      0
4.98571     0      0
