# U,mu,nA_up, nA_dn, nB_up, nB_dn, ms, mf, ntotal,mu,cint
#energy    dos_upn   dos_upp   dos_dnn  dos_dnp GRID=1000 bin=700
-5     0      0
-4.98571     0      0
-4.97143     0      0
-4.95714     0      0
-4.94286     0      0
-4.92857     0      0
-4.91429     0      0
-4.9     0      0
-4.88571     0      0
-4.87143     0      0
-4.85714     0      0
-4.84286     0      0
-4.82857     0      0
-4.81429     0      0
-4.8     0      0
-4.78571     0      0
-4.77143     0      0
-4.75714     0      0
-4.74286     0      0
-4.72857     0      0
-4.71429     0      0
-4.7     0      0
-4.68571     0      0
-4.67143     0      0
-4.65714     0      0
-4.64286     0      0
-4.62857     0      0
-4.61429     0      0
-4.6     0      0
-4.58571     0      0
-4.57143     0      0
-4.55714     0      0
-4.54286     0      0
-4.52857     0      0
-4.51429     0      0
-4.5     0      0
-4.48571     0      0
-4.47143     0      0
-4.45714     0      0
-4.44286     0      0
-4.42857     0      0
-4.41429     0      0
-4.4     0      0
-4.38571     0      0
-4.37143     0      0
-4.35714     0      0
-4.34286     0      0
-4.32857     0      0
-4.31429     0      0
-4.3     0      0
-4.28571     0      0
-4.27143     0      0
-4.25714     0      0
-4.24286     0      0
-4.22857     0      0
-4.21429     0      0
-4.2     0      0
-4.18571     0      0
-4.17143     0      0
-4.15714     0      0
-4.14286     0      0
-4.12857     0      0
-4.11429     0      0
-4.1     0      0
-4.08571     0      0
-4.07143     0      0
-4.05714     0      0
-4.04286     0      0
-4.02857     0      0
-4.01429     0      0
-4     0      0
-3.98571     0      0
-3.97143     0      0
-3.95714     0      0
-3.94286     0      0
-3.92857     0      0
-3.91429     0      0
-3.9     0      0
-3.88571     0      0
-3.87143     0      0
-3.85714     0      0
-3.84286     0      0
-3.82857     0      0
-3.81429     0      0
-3.8     0      0
-3.78571     0      0
-3.77143     0      0
-3.75714     0      0
-3.74286     0      0
-3.72857     0      0
-3.71429     0      0
-3.7     0      0
-3.68571     0      0
-3.67143     0      0
-3.65714     0      0
-3.64286     0      0
-3.62857     0      0
-3.61429     0      0
-3.6     0      0
-3.58571     0      0
-3.57143     0      0
-3.55714     0      0
-3.54286     0      0
-3.52857     0      0
-3.51429     0      0
-3.5     0      0
-3.48571     0      0
-3.47143     0      0
-3.45714     0      0
-3.44286     0      0
-3.42857     0      0
-3.41429     0      0
-3.4     0      0
-3.38571     0      0
-3.37143     0      0
-3.35714     0      0
-3.34286     0      0
-3.32857     0      0
-3.31429     0      0
-3.3     0      0
-3.28571     0      0
-3.27143     0      0
-3.25714     0      0
-3.24286     0      0
-3.22857     0      0
-3.21429     0      0
-3.2     0      0
-3.18571     0      0
-3.17143     0      0
-3.15714     0      0
-3.14286     0      0
-3.12857     0      0
-3.11429     0      0
-3.1     0      0
-3.08571     0      0
-3.07143     0      0
-3.05714     0      0
-3.04286     0      0
-3.02857     0      0
-3.01429     0      0
-3     0      0
-2.98571     0      0
-2.97143     0      0
-2.95714     0      0
-2.94286     0      0
-2.92857     0      0
-2.91429     0      0
-2.9     0      0
-2.88571     0      0
-2.87143     0      0
-2.85714     0      0
-2.84286     0      0
-2.82857     0      0
-2.81429     0      0
-2.8     0      0
-2.78571     0      0
-2.77143     0      0
-2.75714     0      0
-2.74286     0      0
-2.72857     0      0
-2.71429     0      0
-2.7     0      0
-2.68571     0      0
-2.67143     0      0
-2.65714     0      0
-2.64286     0      0
-2.62857     0      0
-2.61429     0      0
-2.6     0      0
-2.58571     0      0
-2.57143     0      0
-2.55714     0      0
-2.54286     0      0
-2.52857     0      0
-2.51429     0      0
-2.5     0      0
-2.48571     0      0
-2.47143     0      0
-2.45714     0      0
-2.44286     0      0
-2.42857     0      0
-2.41429     0      0
-2.4     0      0
-2.38571     0      0
-2.37143     0      0
-2.35714     0      0
-2.34286     0      0
-2.32857     0      0
-2.31429     0      0
-2.3     0      0
-2.28571     0      0
-2.27143     0      0
-2.25714     0      0
-2.24286     0      0
-2.22857     0      0
-2.21429     0      0
-2.2     0      0
-2.18571     0      0
-2.17143     0      0
-2.15714     0      0
-2.14286     0      0
-2.12857     0      0
-2.11429     0      0
-2.1     0      0
-2.08571     0      0
-2.07143     0      0
-2.05714     0      0
-2.04286     2.71393e-123      0
-2.02857     8.61182e-122      0
-2.01429     1.50468e-116      0
-2     3.42843e-115      0
-1.98571     3.44124e-115      0
-1.97143     3.47151e-115      0
-1.95714     1.47266e-109      0
-1.94286     1.36672e-108      0
-1.92857     1.37137e-108      0
-1.91429     1.38022e-108      0
-1.9     1.19256e-102      0
-1.88571     5.4501e-102      0
-1.87143     5.48177e-102      0
-1.85714     5.47432e-102      0
-1.84286     8.14535e-96      0
-1.82857     2.16961e-95      0
-1.81429     2.18973e-95      0
-1.8     2.18973e-95      0
-1.78571     4.91515e-89      0
-1.77143     8.70824e-89      0
-1.75714     8.6844e-89      0
-1.74286     8.77083e-89      0
-1.72857     2.76595e-82      0
-1.71429     3.47138e-82      0
-1.7     3.47734e-82      0
-1.68571     8.64271e-77      0
-1.67143     1.37949e-75      0
-1.65714     1.38855e-75      0
-1.64286     0.0048285      0
-1.62857     0.005742      0
-1.61429     0.00574      0
-1.6     0.005776      0
-1.58571     0.005802      0
-1.57143     0.005828      0
-1.55714     0.005844      0
-1.54286     0.005838      0
-1.52857     0.00589      0
-1.51429     0.005892      0
-1.5     0.005942      0
-1.48571     0.005938      0
-1.47143     0.005978      0
-1.45714     0.006002      0
-1.44286     0.006002      0
-1.42857     0.006054      0
-1.41429     0.00607      0
-1.4     0.00609      0
-1.38571     0.006088      0
-1.37143     0.00617      0
-1.35714     0.006148      0
-1.34286     0.006206      0
-1.32857     0.006226      0
-1.31429     0.006228      0
-1.3     0.006294      0
-1.28571     0.00625      0
-1.27143     0.006366      0
-1.25714     0.006342      0
-1.24286     0.0064      0
-1.22857     0.006426      0
-1.21429     0.006444      0
-1.2     0.006466      0
-1.18571     0.006512      0
-1.17143     0.00654      0
-1.15714     0.006564      0
-1.14286     0.006632      0
-1.12857     0.006624      0
-1.11429     0.006674      0
-1.1     0.006712      0
-1.08571     0.006722      0
-1.07143     0.00678      0
-1.05714     0.00679      0
-1.04286     0.006888      0
-1.02857     0.00689      0
-1.01429     0.006894      0
-1     0.00699      0
-0.985714     0.006978      0
-0.971429     0.007078      0
-0.957143     0.007088      0
-0.942857     0.00713      0
-0.928571     0.00714      0
-0.914286     0.007238      0
-0.9     0.007298      0
-0.885714     0.00729      0
-0.871429     0.007354      0
-0.857143     0.007408      0
-0.842857     0.00747      0
-0.828571     0.007494      0
-0.814286     0.007594      0
-0.8     0.00761      0
-0.785714     0.007652      0
-0.771429     0.007758      0
-0.757143     0.007778      0
-0.742857     0.007846      0
-0.728571     0.007918      0
-0.714286     0.00799      0
-0.7     0.008016      0
-0.685714     0.008114      0
-0.671429     0.008198      0
-0.657143     0.00825      0
-0.642857     0.008354      0
-0.628571     0.008392      0
-0.614286     0.008514      0
-0.6     0.008534      0
-0.585714     0.008696      0
-0.571429     0.008736      0
-0.557143     0.008868      0
-0.542857     0.008962      0
-0.528571     0.009022      0
-0.514286     0.009226      0
-0.5     0.009308      0
-0.485714     0.009366      0
-0.471429     0.00958      0
-0.457143     0.00968      0
-0.442857     0.00979      0
-0.428571     0.009998      0
-0.414286     0.010204      0
-0.4     0.010396      0
-0.385714     0.01051      0
-0.371429     0.010756      0
-0.357143     0.01106      0
-0.342857     0.011364      0
-0.328571     0.011606      0
-0.314286     0.011938      0
-0.3     0.012256      0
-0.285714     0.01324      0
-0.271429     0.013452      0
-0.257143     0.01439      0
-0.242857     0.015684      0
-0.228571     0.017388      0
-0.214286     0.0219005      0
-0.2     0.046362      0
-0.185714     0.022708      0
-0.171429     0.01746      0
-0.157143     0.01463      0
-0.142857     0.012882      0
-0.128571     0.01143      0
-0.114286     0.010396      0
-0.1     0.009526      0
-0.0857143     0.008826      0
-0.0714286     0.008114      0
-0.0571429     0.007584      0
-0.0428571     0.007024      0
-0.0285714     0.006564      0
-0.0142857     0.006111      0
0     0      0
0.0142857     0      0
0.0285714     0      0
0.0428571     0      0
0.0571429     0      0
0.0714286     0      0
0.0857143     0      0
0.1     0      8.12724e-123
0.114286     0      3.76284e-115
0.128571     0      0.0132665
0.142857     0      0.014358
0.157143     0      0.012668
0.171429     0      0.011792
0.185714     0      0.011336
0.2     0      0.011068
0.214286     0      0.010958
0.228571     0      0.010928
0.242857     0      0.011018
0.257143     0      0.011212
0.271429     0      0.011516
0.285714     0      0.01193
0.3     0      0.012708
0.314286     0      0.014212
0.328571     0      0.016485
0.342857     0      0.01322
0.357143     0      0.011992
0.371429     0      0.011278
0.385714     0      0.010722
0.4     0      0.010366
0.414286     0      0.009964
0.428571     0      0.009692
0.442857     0      0.00951
0.457143     0      0.009144
0.471429     0      0.009018
0.485714     0      0.008868
0.5     0      0.00868
0.514286     0      0.008522
0.528571     0      0.00837
0.542857     0      0.008246
0.557143     0      0.008126
0.571429     0      0.007978
0.585714     0      0.007898
0.6     0      0.00782
0.614286     0      0.007696
0.628571     0      0.007606
0.642857     0      0.007482
0.657143     0      0.007416
0.671429     0      0.007408
0.685714     0      0.007252
0.7     0      0.007152
0.714286     0      0.007114
0.728571     0      0.007102
0.742857     0      0.00692
0.757143     0      0.00691
0.771429     0      0.00684
0.785714     0      0.006764
0.8     0      0.006714
0.814286     0      0.006708
0.828571     0      0.006572
0.842857     0      0.006554
0.857143     0      0.006488
0.871429     0      0.006424
0.885714     0      0.006394
0.9     0      0.006352
0.914286     0      0.006284
0.928571     0      0.006226
0.942857     0      0.0062
0.957143     0      0.006132
0.971429     0      0.006134
0.985714     0      0.006064
1     0      0.005996
1.01429     0      0.005998
1.02857     0      0.00596
1.04286     0      0.00585
1.05714     0      0.005842
1.07143     0      0.00584
1.08571     0      0.005744
1.1     0      0.005758
1.11429     0      0.005712
1.12857     0      0.00567
1.14286     0      0.005574
1.15714     0      0.005596
1.17143     0      0.005566
1.18571     0      0.005528
1.2     0      0.005518
1.21429     0      0.00546
1.22857     0      0.005374
1.24286     0      0.005402
1.25714     0      0.005376
1.27143     0      0.005346
1.28571     0      0.0053
1.3     0      0.005294
1.31429     0      0.005218
1.32857     0      0.005204
1.34286     0      0.005166
1.35714     0      0.005148
1.37143     0      0.005158
1.38571     0      0.005088
1.4     0      0.005082
1.41429     0      0.005042
1.42857     0      0.00503
1.44286     0      0.004966
1.45714     0      0.00498
1.47143     0      0.00493
1.48571     0      0.0049
1.5     0      0.004902
1.51429     0      0.004878
1.52857     0      0.004832
1.54286     0      0.00483
1.55714     0      0.004798
1.57143     0      0.00476
1.58571     0      0.004774
1.6     0      0.00473
1.61429     0      0.004714
1.62857     0      0.004674
1.64286     0      0.00465
1.65714     0      0.004634
1.67143     0      0.004622
1.68571     0      0.004604
1.7     0      0.004568
1.71429     0      0.004546
1.72857     0      0.004554
1.74286     0      0.00454
1.75714     0      0.004466
1.77143     0      0.004462
1.78571     0      0.004476
1.8     0      0.004434
1.81429     0      0.004412
1.82857     0      0.004378
1.84286     0      0.004388
1.85714     0      0.004382
1.87143     0      0.004298
1.88571     0      0.00434
1.9     0      0.004316
1.91429     0      0.004302
1.92857     0      0.004264
1.94286     0      0.00424
1.95714     0      0.004234
1.97143     0      0.004228
1.98571     0      0.004178
2     0      0.004186
2.01429     0      0.004186
2.02857     0      0.004134
2.04286     0      0.004144
2.05714     0      0.004118
2.07143     0      0.004096
2.08571     0      0.004084
2.1     0      0.00406
2.11429     0      0.00407
2.12857     0      0.004042
2.14286     0      0.003998
2.15714     0      0.004018
2.17143     0      0.004
2.18571     0      0.00398
2.2     0      0.00398
2.21429     0      0.00394
2.22857     0      0.003946
2.24286     0      0.003888
2.25714     0      0.003926
2.27143     0      0.00389
2.28571     0      0.003888
2.3     0      0.003844
2.31429     0      0.003848
2.32857     0      0.003846
2.34286     0      0.003822
2.35714     0      0.003798
2.37143     0      0.000466501
2.38571     0      1.12281e-16
2.4     0      1.37891e-23
2.41429     0      6.97269e-31
2.42857     0      8.34107e-43
2.44286     0      2.19757e-49
2.45714     0      5.83191e-56
2.47143     0      5.86853e-56
2.48571     0      1.69754e-56
2.5     0      0
2.51429     0      0
2.52857     0      0
2.54286     0      0
2.55714     0      0
2.57143     0      0
2.58571     0      0
2.6     0      0
2.61429     0      0
2.62857     0      0
2.64286     0      0
2.65714     0      0
2.67143     0      0
2.68571     0      0
2.7     0      0
2.71429     0      0
2.72857     0      0
2.74286     0      0
2.75714     0      0
2.77143     0      0
2.78571     0      0
2.8     0      0
2.81429     0      0
2.82857     0      0
2.84286     0      0
2.85714     0      0
2.87143     0      0
2.88571     0      0
2.9     0      0
2.91429     0      0
2.92857     0      0
2.94286     0      0
2.95714     0      0
2.97143     0      0
2.98571     0      0
3     0      0
3.01429     0      0
3.02857     0      0
3.04286     0      0
3.05714     0      0
3.07143     0      0
3.08571     0      0
3.1     0      0
3.11429     0      0
3.12857     0      0
3.14286     0      0
3.15714     0      0
3.17143     0      0
3.18571     0      0
3.2     0      0
3.21429     0      0
3.22857     0      0
3.24286     0      0
3.25714     0      0
3.27143     0      0
3.28571     0      0
3.3     0      0
3.31429     0      0
3.32857     0      0
3.34286     0      0
3.35714     0      0
3.37143     0      0
3.38571     0      0
3.4     0      0
3.41429     0      0
3.42857     0      0
3.44286     0      0
3.45714     0      0
3.47143     0      0
3.48571     0      0
3.5     0      0
3.51429     0      0
3.52857     0      0
3.54286     0      0
3.55714     0      0
3.57143     0      0
3.58571     0      0
3.6     0      0
3.61429     0      0
3.62857     0      0
3.64286     0      0
3.65714     0      0
3.67143     0      0
3.68571     0      0
3.7     0      0
3.71429     0      0
3.72857     0      0
3.74286     0      0
3.75714     0      0
3.77143     0      0
3.78571     0      0
3.8     0      0
3.81429     0      0
3.82857     0      0
3.84286     0      0
3.85714     0      0
3.87143     0      0
3.88571     0      0
3.9     0      0
3.91429     0      0
3.92857     0      0
3.94286     0      0
3.95714     0      0
3.97143     0      0
3.98571     0      0
4     0      0
4.01429     0      0
4.02857     0      0
4.04286     0      0
4.05714     0      0
4.07143     0      0
4.08571     0      0
4.1     0      0
4.11429     0      0
4.12857     0      0
4.14286     0      0
4.15714     0      0
4.17143     0      0
4.18571     0      0
4.2     0      0
4.21429     0      0
4.22857     0      0
4.24286     0      0
4.25714     0      0
4.27143     0      0
4.28571     0      0
4.3     0      0
4.31429     0      0
4.32857     0      0
4.34286     0      0
4.35714     0      0
4.37143     0      0
4.38571     0      0
4.4     0      0
4.41429     0      0
4.42857     0      0
4.44286     0      0
4.45714     0      0
4.47143     0      0
4.48571     0      0
4.5     0      0
4.51429     0      0
4.52857     0      0
4.54286     0      0
4.55714     0      0
4.57143     0      0
4.58571     0      0
4.6     0      0
4.61429     0      0
4.62857     0      0
4.64286     0      0
4.65714     0      0
4.67143     0      0
4.68571     0      0
4.7     0      0
4.71429     0      0
4.72857     0      0
4.74286     0      0
4.75714     0      0
4.77143     0      0
4.78571     0      0
4.8     0      0
4.81429     0      0
4.82857     0      0
4.84286     0      0
4.85714     0      0
4.87143     0      0
4.88571     0      0
4.9     0      0
4.91429     0      0
4.92857     0      0
4.94286     0      0
4.95714     0      0
4.97143     0      0
4.98571     0      0
