# U,mu,nA_up, nA_dn, nB_up, nB_dn, ms, mf, ntotal,mu,cint
#energy    dos_upn   dos_upp   dos_dnn  dos_dnp GRID=1000 bin=700
-5     0      0
-4.98571     0      0
-4.97143     0      0
-4.95714     0      0
-4.94286     0      0
-4.92857     0      0
-4.91429     0      0
-4.9     0      0
-4.88571     0      0
-4.87143     0      0
-4.85714     0      0
-4.84286     0      0
-4.82857     0      0
-4.81429     0      0
-4.8     0      0
-4.78571     0      0
-4.77143     0      0
-4.75714     0      0
-4.74286     0      0
-4.72857     0      0
-4.71429     0      0
-4.7     0      0
-4.68571     0      0
-4.67143     0      0
-4.65714     0      0
-4.64286     0      0
-4.62857     0      0
-4.61429     0      0
-4.6     0      0
-4.58571     0      0
-4.57143     0      0
-4.55714     0      0
-4.54286     0      0
-4.52857     0      0
-4.51429     0      0
-4.5     0      0
-4.48571     0      0
-4.47143     0      0
-4.45714     0      0
-4.44286     0      0
-4.42857     0      0
-4.41429     0      0
-4.4     0      0
-4.38571     0      0
-4.37143     0      0
-4.35714     0      0
-4.34286     0      0
-4.32857     0      0
-4.31429     0      0
-4.3     0      0
-4.28571     0      0
-4.27143     0      0
-4.25714     0      0
-4.24286     0      0
-4.22857     0      0
-4.21429     0      0
-4.2     0      0
-4.18571     0      0
-4.17143     0      0
-4.15714     0      0
-4.14286     0      0
-4.12857     0      0
-4.11429     0      0
-4.1     0      0
-4.08571     0      0
-4.07143     0      0
-4.05714     0      0
-4.04286     0      0
-4.02857     0      0
-4.01429     0      0
-4     0      0
-3.98571     0      0
-3.97143     0      0
-3.95714     0      0
-3.94286     0      0
-3.92857     0      0
-3.91429     0      0
-3.9     0      0
-3.88571     0      0
-3.87143     0      0
-3.85714     0      0
-3.84286     0      0
-3.82857     0      0
-3.81429     0      0
-3.8     0      0
-3.78571     0      0
-3.77143     0      0
-3.75714     0      0
-3.74286     0      0
-3.72857     0      0
-3.71429     0      0
-3.7     0      0
-3.68571     0      0
-3.67143     0      0
-3.65714     0      0
-3.64286     0      0
-3.62857     0      0
-3.61429     0      0
-3.6     0      0
-3.58571     0      0
-3.57143     0      0
-3.55714     0      0
-3.54286     0      0
-3.52857     0      0
-3.51429     0      0
-3.5     0      0
-3.48571     0      0
-3.47143     0      0
-3.45714     0      0
-3.44286     0      0
-3.42857     0      0
-3.41429     0      0
-3.4     0      0
-3.38571     0      0
-3.37143     0      0
-3.35714     0      0
-3.34286     0      0
-3.32857     0      0
-3.31429     0      0
-3.3     0      0
-3.28571     0      0
-3.27143     0      0
-3.25714     0      0
-3.24286     0      0
-3.22857     0      0
-3.21429     0      0
-3.2     0      0
-3.18571     0      0
-3.17143     0      0
-3.15714     0      0
-3.14286     0      0
-3.12857     0      0
-3.11429     0      0
-3.1     0      0
-3.08571     0      0
-3.07143     0      0
-3.05714     0      0
-3.04286     0      0
-3.02857     0      0
-3.01429     0      0
-3     0      0
-2.98571     0      0
-2.97143     0      0
-2.95714     0      0
-2.94286     0      0
-2.92857     0      0
-2.91429     0      0
-2.9     0      0
-2.88571     0      0
-2.87143     0      0
-2.85714     0      0
-2.84286     0      0
-2.82857     0      0
-2.81429     0      0
-2.8     0      0
-2.78571     0      0
-2.77143     0      0
-2.75714     0      0
-2.74286     0      0
-2.72857     0      0
-2.71429     0      0
-2.7     0      0
-2.68571     0      0
-2.67143     0      0
-2.65714     0      0
-2.64286     0      0
-2.62857     0      0
-2.61429     0      0
-2.6     0      0
-2.58571     0      0
-2.57143     0      0
-2.55714     0      0
-2.54286     0      0
-2.52857     0      0
-2.51429     0      0
-2.5     0      0
-2.48571     0      0
-2.47143     0      0
-2.45714     0      0
-2.44286     0      0
-2.42857     0      0
-2.41429     0      0
-2.4     0      0
-2.38571     0      0
-2.37143     0      0
-2.35714     0      0
-2.34286     0      0
-2.32857     0      0
-2.31429     0      0
-2.3     0      0
-2.28571     0      0
-2.27143     0      0
-2.25714     0      0
-2.24286     0      0
-2.22857     0      0
-2.21429     0      0
-2.2     0      0
-2.18571     0      0
-2.17143     0      0
-2.15714     0      0
-2.14286     0      0
-2.12857     0      0
-2.11429     0      0
-2.1     0      0
-2.08571     0      0
-2.07143     0      0
-2.05714     0      0
-2.04286     7.11441e-64      0
-2.02857     2.25754e-62      0
-2.01429     3.94442e-57      0
-2     8.98743e-56      0
-1.98571     9.021e-56      0
-1.97143     9.10034e-56      0
-1.95714     3.86048e-50      0
-1.94286     3.58276e-49      0
-1.92857     3.59497e-49      0
-1.91429     3.61816e-49      0
-1.9     3.12622e-43      0
-1.88571     1.42871e-42      0
-1.87143     1.43701e-42      0
-1.85714     1.43506e-42      0
-1.84286     2.13526e-36      0
-1.82857     5.6875e-36      0
-1.81429     5.74024e-36      0
-1.8     5.74024e-36      0
-1.78571     1.28848e-29      0
-1.77143     2.28281e-29      0
-1.75714     2.27656e-29      0
-1.74286     2.29922e-29      0
-1.72857     7.25078e-23      0
-1.71429     9.1e-23      0
-1.7     9.11563e-23      0
-1.68571     2.26563e-17      0
-1.67143     3.61625e-16      0
-1.65714     3.64e-16      0
-1.64286     3.64125e-16      0
-1.62857     5.07625e-10      0
-1.61429     1.45e-09      0
-1.6     1.4535e-09      0
-1.58571     1.4555e-09      0
-1.57143     0.0038565      0
-1.55714     0.005794      0
-1.54286     0.0058      0
-1.52857     0.005826      0
-1.51429     0.005838      0
-1.5     0.00588      0
-1.48571     0.005894      0
-1.47143     0.005906      0
-1.45714     0.005946      0
-1.44286     0.005948      0
-1.42857     0.006002      0
-1.41429     0.005986      0
-1.4     0.006028      0
-1.38571     0.006056      0
-1.37143     0.006122      0
-1.35714     0.006076      0
-1.34286     0.006164      0
-1.32857     0.006174      0
-1.31429     0.006148      0
-1.3     0.006234      0
-1.28571     0.00625      0
-1.27143     0.006256      0
-1.25714     0.006312      0
-1.24286     0.006342      0
-1.22857     0.006332      0
-1.21429     0.006394      0
-1.2     0.006434      0
-1.18571     0.006448      0
-1.17143     0.006488      0
-1.15714     0.006534      0
-1.14286     0.006542      0
-1.12857     0.00658      0
-1.11429     0.006624      0
-1.1     0.006644      0
-1.08571     0.006708      0
-1.07143     0.00672      0
-1.05714     0.00679      0
-1.04286     0.006782      0
-1.02857     0.00684      0
-1.01429     0.006884      0
-1     0.006942      0
-0.985714     0.006956      0
-0.971429     0.00699      0
-0.957143     0.007022      0
-0.942857     0.00712      0
-0.928571     0.007146      0
-0.914286     0.0072      0
-0.9     0.007242      0
-0.885714     0.00731      0
-0.871429     0.007318      0
-0.857143     0.007404      0
-0.842857     0.007418      0
-0.828571     0.007494      0
-0.814286     0.007578      0
-0.8     0.007606      0
-0.785714     0.007662      0
-0.771429     0.007734      0
-0.757143     0.007832      0
-0.742857     0.007858      0
-0.728571     0.007934      0
-0.714286     0.008002      0
-0.7     0.00809      0
-0.685714     0.008158      0
-0.671429     0.008232      0
-0.657143     0.00833      0
-0.642857     0.008388      0
-0.628571     0.008494      0
-0.614286     0.008612      0
-0.6     0.008694      0
-0.585714     0.008812      0
-0.571429     0.00883      0
-0.557143     0.009092      0
-0.542857     0.009108      0
-0.528571     0.00927      0
-0.514286     0.009398      0
-0.5     0.00958      0
-0.485714     0.009718      0
-0.471429     0.009892      0
-0.457143     0.010064      0
-0.442857     0.010282      0
-0.428571     0.010444      0
-0.414286     0.010758      0
-0.4     0.010968      0
-0.385714     0.011222      0
-0.371429     0.011666      0
-0.357143     0.012008      0
-0.342857     0.012308      0
-0.328571     0.013028      0
-0.314286     0.013618      0
-0.3     0.014456      0
-0.285714     0.015496      0
-0.271429     0.016786      0
-0.257143     0.019388      0
-0.242857     0.0384565      0
-0.228571     0.045144      0
-0.214286     0.025748      0
-0.2     0.020302      0
-0.185714     0.017306      0
-0.171429     0.015308      0
-0.157143     0.013808      0
-0.142857     0.012544      0
-0.128571     0.011576      0
-0.114286     0.010784      0
-0.1     0.010018      0
-0.0857143     0.009466      0
-0.0714286     0.008848      0
-0.0571429     0.008348      0
-0.0428571     0.004803      0
-0.0285714     0      0
-0.0142857     0      0
0     0      0
0.0142857     0      0
0.0285714     0      0
0.0428571     0      0
0.0571429     0      0
0.0714286     0      0
0.0857143     0      0
0.1     0      2.13051e-63
0.114286     0      9.86405e-56
0.128571     0      2.9126e-55
0.142857     0      9.51935e-49
0.157143     0      6.15846e-43
0.171429     0      4.73633e-42
0.185714     0      7.46924e-36
0.2     0      1.7877e-35
0.214286     0      4.0416e-29
0.228571     0      6.92969e-29
0.242857     0      1.71352e-22
0.257143     0      2.71719e-22
0.271429     0      6.03781e-16
0.285714     0      1.0855e-15
0.3     0      1.62263e-09
0.314286     0      4.4335e-09
0.328571     0      0.0012125
0.342857     0      0.018746
0.357143     0      0.015576
0.371429     0      0.014214
0.385714     0      0.01346
0.4     0      0.012988
0.414286     0      0.012746
0.428571     0      0.012626
0.442857     0      0.01265
0.457143     0      0.012718
0.471429     0      0.013034
0.485714     0      0.013382
0.5     0      0.01401
0.514286     0      0.015154
0.528571     0      0.018727
0.542857     0      0.017434
0.557143     0      0.014422
0.571429     0      0.013062
0.585714     0      0.012218
0.6     0      0.01149
0.614286     0      0.011034
0.628571     0      0.010562
0.642857     0      0.010206
0.657143     0      0.009902
0.671429     0      0.009592
0.685714     0      0.00934
0.7     0      0.009148
0.714286     0      0.00895
0.728571     0      0.008676
0.742857     0      0.008608
0.757143     0      0.008386
0.771429     0      0.00823
0.785714     0      0.008156
0.8     0      0.007978
0.814286     0      0.007822
0.828571     0      0.007764
0.842857     0      0.00762
0.857143     0      0.007538
0.871429     0      0.00743
0.885714     0      0.007314
0.9     0      0.007274
0.914286     0      0.007154
0.928571     0      0.007068
0.942857     0      0.007022
0.957143     0      0.006902
0.971429     0      0.006854
0.985714     0      0.00678
1     0      0.006718
1.01429     0      0.006648
1.02857     0      0.006594
1.04286     0      0.006528
1.05714     0      0.006444
1.07143     0      0.006412
1.08571     0      0.006352
1.1     0      0.006286
1.11429     0      0.006276
1.12857     0      0.006142
1.14286     0      0.006164
1.15714     0      0.006088
1.17143     0      0.00604
1.18571     0      0.005968
1.2     0      0.005934
1.21429     0      0.005908
1.22857     0      0.005862
1.24286     0      0.005812
1.25714     0      0.00579
1.27143     0      0.005748
1.28571     0      0.005684
1.3     0      0.00563
1.31429     0      0.005624
1.32857     0      0.005594
1.34286     0      0.00556
1.35714     0      0.005498
1.37143     0      0.00545
1.38571     0      0.005426
1.4     0      0.005424
1.41429     0      0.005358
1.42857     0      0.005308
1.44286     0      0.005334
1.45714     0      0.005272
1.47143     0      0.00523
1.48571     0      0.005236
1.5     0      0.005182
1.51429     0      0.005158
1.52857     0      0.005124
1.54286     0      0.00507
1.55714     0      0.00508
1.57143     0      0.005042
1.58571     0      0.004998
1.6     0      0.004964
1.61429     0      0.004946
1.62857     0      0.004958
1.64286     0      0.004872
1.65714     0      0.00491
1.67143     0      0.004818
1.68571     0      0.004824
1.7     0      0.004818
1.71429     0      0.004782
1.72857     0      0.004766
1.74286     0      0.004736
1.75714     0      0.004664
1.77143     0      0.004678
1.78571     0      0.004678
1.8     0      0.004644
1.81429     0      0.004614
1.82857     0      0.004558
1.84286     0      0.004604
1.85714     0      0.004534
1.87143     0      0.00454
1.88571     0      0.004502
1.9     0      0.004512
1.91429     0      0.004458
1.92857     0      0.004472
1.94286     0      0.004394
1.95714     0      0.004396
1.97143     0      0.004414
1.98571     0      0.004362
2     0      0.004328
2.01429     0      0.004334
2.02857     0      0.004328
2.04286     0      0.00426
2.05714     0      0.004294
2.07143     0      0.004256
2.08571     0      0.00428
2.1     0      0.004198
2.11429     0      0.004192
2.12857     0      0.004208
2.14286     0      0.00415
2.15714     0      0.004168
2.17143     0      0.004132
2.18571     0      0.004128
2.2     0      0.0041
2.21429     0      0.004074
2.22857     0      0.004072
2.24286     0      0.004052
2.25714     0      0.004062
2.27143     0      0.004024
2.28571     0      0.003988
2.3     0      0.003986
2.31429     0      0.00399
2.32857     0      0.003944
2.34286     0      0.003954
2.35714     0      0.003926
2.37143     0      0.00393
2.38571     0      0.003898
2.4     0      0.003902
2.41429     0      0.003864
2.42857     0      0.003866
2.44286     0      0.003846
2.45714     0      0.00383
2.47143     0      0.0008425
2.48571     0      0
2.5     0      0
2.51429     0      0
2.52857     0      0
2.54286     0      0
2.55714     0      0
2.57143     0      0
2.58571     0      0
2.6     0      0
2.61429     0      0
2.62857     0      0
2.64286     0      0
2.65714     0      0
2.67143     0      0
2.68571     0      0
2.7     0      0
2.71429     0      0
2.72857     0      0
2.74286     0      0
2.75714     0      0
2.77143     0      0
2.78571     0      0
2.8     0      0
2.81429     0      0
2.82857     0      0
2.84286     0      0
2.85714     0      0
2.87143     0      0
2.88571     0      0
2.9     0      0
2.91429     0      0
2.92857     0      0
2.94286     0      0
2.95714     0      0
2.97143     0      0
2.98571     0      0
3     0      0
3.01429     0      0
3.02857     0      0
3.04286     0      0
3.05714     0      0
3.07143     0      0
3.08571     0      0
3.1     0      0
3.11429     0      0
3.12857     0      0
3.14286     0      0
3.15714     0      0
3.17143     0      0
3.18571     0      0
3.2     0      0
3.21429     0      0
3.22857     0      0
3.24286     0      0
3.25714     0      0
3.27143     0      0
3.28571     0      0
3.3     0      0
3.31429     0      0
3.32857     0      0
3.34286     0      0
3.35714     0      0
3.37143     0      0
3.38571     0      0
3.4     0      0
3.41429     0      0
3.42857     0      0
3.44286     0      0
3.45714     0      0
3.47143     0      0
3.48571     0      0
3.5     0      0
3.51429     0      0
3.52857     0      0
3.54286     0      0
3.55714     0      0
3.57143     0      0
3.58571     0      0
3.6     0      0
3.61429     0      0
3.62857     0      0
3.64286     0      0
3.65714     0      0
3.67143     0      0
3.68571     0      0
3.7     0      0
3.71429     0      0
3.72857     0      0
3.74286     0      0
3.75714     0      0
3.77143     0      0
3.78571     0      0
3.8     0      0
3.81429     0      0
3.82857     0      0
3.84286     0      0
3.85714     0      0
3.87143     0      0
3.88571     0      0
3.9     0      0
3.91429     0      0
3.92857     0      0
3.94286     0      0
3.95714     0      0
3.97143     0      0
3.98571     0      0
4     0      0
4.01429     0      0
4.02857     0      0
4.04286     0      0
4.05714     0      0
4.07143     0      0
4.08571     0      0
4.1     0      0
4.11429     0      0
4.12857     0      0
4.14286     0      0
4.15714     0      0
4.17143     0      0
4.18571     0      0
4.2     0      0
4.21429     0      0
4.22857     0      0
4.24286     0      0
4.25714     0      0
4.27143     0      0
4.28571     0      0
4.3     0      0
4.31429     0      0
4.32857     0      0
4.34286     0      0
4.35714     0      0
4.37143     0      0
4.38571     0      0
4.4     0      0
4.41429     0      0
4.42857     0      0
4.44286     0      0
4.45714     0      0
4.47143     0      0
4.48571     0      0
4.5     0      0
4.51429     0      0
4.52857     0      0
4.54286     0      0
4.55714     0      0
4.57143     0      0
4.58571     0      0
4.6     0      0
4.61429     0      0
4.62857     0      0
4.64286     0      0
4.65714     0      0
4.67143     0      0
4.68571     0      0
4.7     0      0
4.71429     0      0
4.72857     0      0
4.74286     0      0
4.75714     0      0
4.77143     0      0
4.78571     0      0
4.8     0      0
4.81429     0      0
4.82857     0      0
4.84286     0      0
4.85714     0      0
4.87143     0      0
4.88571     0      0
4.9     0      0
4.91429     0      0
4.92857     0      0
4.94286     0      0
4.95714     0      0
4.97143     0      0
4.98571     0      0
