# U,mu,nA_up, nA_dn, nB_up, nB_dn, ms, mf, ntotal,mu,cint
#energy    dos_upn   dos_upp   dos_dnn  dos_dnp GRID=1000 bin=700
-5     0      0
-4.98571     0      0
-4.97143     0      0
-4.95714     0      0
-4.94286     0      0
-4.92857     0      0
-4.91429     0      0
-4.9     0      0
-4.88571     0      0
-4.87143     0      0
-4.85714     0      0
-4.84286     0      0
-4.82857     0      0
-4.81429     0      0
-4.8     0      0
-4.78571     0      0
-4.77143     0      0
-4.75714     0      0
-4.74286     0      0
-4.72857     0      0
-4.71429     0      0
-4.7     0      0
-4.68571     0      0
-4.67143     0      0
-4.65714     0      0
-4.64286     0      0
-4.62857     0      0
-4.61429     0      0
-4.6     0      0
-4.58571     0      0
-4.57143     0      0
-4.55714     0      0
-4.54286     0      0
-4.52857     0      0
-4.51429     0      0
-4.5     0      0
-4.48571     0      0
-4.47143     0      0
-4.45714     0      0
-4.44286     0      0
-4.42857     0      0
-4.41429     0      0
-4.4     0      0
-4.38571     0      0
-4.37143     0      0
-4.35714     0      0
-4.34286     0      0
-4.32857     0      0
-4.31429     0      0
-4.3     0      0
-4.28571     0      0
-4.27143     0      0
-4.25714     0      0
-4.24286     0      0
-4.22857     0      0
-4.21429     0      0
-4.2     0      0
-4.18571     0      0
-4.17143     0      0
-4.15714     0      0
-4.14286     0      0
-4.12857     0      0
-4.11429     0      0
-4.1     0      0
-4.08571     0      0
-4.07143     0      0
-4.05714     0      0
-4.04286     0      0
-4.02857     0      0
-4.01429     0      0
-4     0      0
-3.98571     0      0
-3.97143     0      0
-3.95714     0      0
-3.94286     0      0
-3.92857     0      0
-3.91429     0      0
-3.9     0      0
-3.88571     0      0
-3.87143     0      0
-3.85714     0      0
-3.84286     0      0
-3.82857     0      0
-3.81429     0      0
-3.8     0      0
-3.78571     0      0
-3.77143     0      0
-3.75714     0      0
-3.74286     0      0
-3.72857     0      0
-3.71429     0      0
-3.7     0      0
-3.68571     0      0
-3.67143     0      0
-3.65714     0      0
-3.64286     0      0
-3.62857     0      0
-3.61429     0      0
-3.6     0      0
-3.58571     0      0
-3.57143     0      0
-3.55714     0      0
-3.54286     0      0
-3.52857     0      0
-3.51429     0      0
-3.5     0      0
-3.48571     0      0
-3.47143     0      0
-3.45714     0      0
-3.44286     0      0
-3.42857     0      0
-3.41429     0      0
-3.4     0      0
-3.38571     0      0
-3.37143     0      0
-3.35714     0      0
-3.34286     0      0
-3.32857     0      0
-3.31429     0      0
-3.3     0      0
-3.28571     0      0
-3.27143     0      0
-3.25714     0      0
-3.24286     0      0
-3.22857     0      0
-3.21429     0      0
-3.2     0      0
-3.18571     0      0
-3.17143     0      0
-3.15714     0      0
-3.14286     0      0
-3.12857     0      0
-3.11429     0      0
-3.1     0      0
-3.08571     0      0
-3.07143     0      0
-3.05714     0      0
-3.04286     0      0
-3.02857     0      0
-3.01429     0      0
-3     0      0
-2.98571     0      0
-2.97143     0      0
-2.95714     0      0
-2.94286     0      0
-2.92857     0      0
-2.91429     0      0
-2.9     0      0
-2.88571     0      0
-2.87143     0      0
-2.85714     0      0
-2.84286     0      0
-2.82857     0      0
-2.81429     0      0
-2.8     0      0
-2.78571     0      0
-2.77143     0      0
-2.75714     0      0
-2.74286     0      0
-2.72857     0      0
-2.71429     0      0
-2.7     0      0
-2.68571     0      0
-2.67143     0      0
-2.65714     0      0
-2.64286     0      0
-2.62857     0      0
-2.61429     0      0
-2.6     0      0
-2.58571     0      0
-2.57143     0      0
-2.55714     0      0
-2.54286     0      0
-2.52857     0      0
-2.51429     0      0
-2.5     0      0
-2.48571     0      0
-2.47143     0      0
-2.45714     0      0
-2.44286     0      0
-2.42857     0      0
-2.41429     0      0
-2.4     0      0
-2.38571     0      0
-2.37143     0      0
-2.35714     0      0
-2.34286     0      0
-2.32857     0      0
-2.31429     0      0
-2.3     0      0
-2.28571     0      0
-2.27143     0      0
-2.25714     0      0
-2.24286     0      0
-2.22857     0      0
-2.21429     0      0
-2.2     0      0
-2.18571     0      0
-2.17143     0      0
-2.15714     0      0
-2.14286     0      0
-2.12857     0      0
-2.11429     0      0
-2.1     0      0
-2.08571     0      0
-2.07143     0      0
-2.05714     0      0
-2.04286     2.58821e-189      0
-2.02857     8.21287e-188      0
-2.01429     1.43497e-182      0
-2     3.26961e-181      0
-1.98571     3.28182e-181      0
-1.97143     3.31069e-181      0
-1.95714     1.40444e-175      0
-1.94286     1.3034e-174      0
-1.92857     1.30784e-174      0
-1.91429     1.31628e-174      0
-1.9     1.13731e-168      0
-1.88571     5.19762e-168      0
-1.87143     5.22782e-168      0
-1.85714     5.22071e-168      0
-1.84286     7.76801e-162      0
-1.82857     2.0691e-161      0
-1.81429     2.08829e-161      0
-1.8     2.08829e-161      0
-1.78571     4.68745e-155      0
-1.77143     8.30483e-155      0
-1.75714     8.28209e-155      0
-1.74286     8.36451e-155      0
-1.72857     2.63782e-148      0
-1.71429     3.31056e-148      0
-1.7     0.0043105      0
-1.68571     0.005704      0
-1.67143     0.005754      0
-1.65714     0.005766      0
-1.64286     0.005774      0
-1.62857     0.005798      0
-1.61429     0.005822      0
-1.6     0.005822      0
-1.58571     0.005878      0
-1.57143     0.00587      0
-1.55714     0.005896      0
-1.54286     0.005954      0
-1.52857     0.005942      0
-1.51429     0.005982      0
-1.5     0.005988      0
-1.48571     0.006012      0
-1.47143     0.006046      0
-1.45714     0.006034      0
-1.44286     0.006142      0
-1.42857     0.006106      0
-1.41429     0.006134      0
-1.4     0.00614      0
-1.38571     0.00621      0
-1.37143     0.006218      0
-1.35714     0.006222      0
-1.34286     0.006298      0
-1.32857     0.006298      0
-1.31429     0.006334      0
-1.3     0.006348      0
-1.28571     0.006378      0
-1.27143     0.006408      0
-1.25714     0.00642      0
-1.24286     0.00651      0
-1.22857     0.006484      0
-1.21429     0.00652      0
-1.2     0.006586      0
-1.18571     0.00654      0
-1.17143     0.00666      0
-1.15714     0.006666      0
-1.14286     0.006696      0
-1.12857     0.006726      0
-1.11429     0.006756      0
-1.1     0.006786      0
-1.08571     0.006866      0
-1.07143     0.006876      0
-1.05714     0.006906      0
-1.04286     0.00695      0
-1.02857     0.006968      0
-1.01429     0.007048      0
-1     0.007078      0
-0.985714     0.007058      0
-0.971429     0.00714      0
-0.957143     0.007222      0
-0.942857     0.007258      0
-0.928571     0.007258      0
-0.914286     0.007344      0
-0.9     0.007378      0
-0.885714     0.007434      0
-0.871429     0.00742      0
-0.857143     0.007558      0
-0.842857     0.007566      0
-0.828571     0.007598      0
-0.814286     0.007672      0
-0.8     0.007746      0
-0.785714     0.00781      0
-0.771429     0.007816      0
-0.757143     0.00795      0
-0.742857     0.00793      0
-0.728571     0.00803      0
-0.714286     0.008092      0
-0.7     0.008204      0
-0.685714     0.008174      0
-0.671429     0.008358      0
-0.657143     0.00833      0
-0.642857     0.008534      0
-0.628571     0.00853      0
-0.614286     0.008568      0
-0.6     0.008726      0
-0.585714     0.008804      0
-0.571429     0.00886      0
-0.557143     0.008984      0
-0.542857     0.009094      0
-0.528571     0.009202      0
-0.514286     0.009242      0
-0.5     0.009414      0
-0.485714     0.009504      0
-0.471429     0.009692      0
-0.457143     0.009828      0
-0.442857     0.009936      0
-0.428571     0.010066      0
-0.414286     0.01027      0
-0.4     0.010456      0
-0.385714     0.010634      0
-0.371429     0.010804      0
-0.357143     0.011092      0
-0.342857     0.011346      0
-0.328571     0.011576      0
-0.314286     0.0119      0
-0.3     0.012428      0
-0.285714     0.012762      0
-0.271429     0.013374      0
-0.257143     0.01424      0
-0.242857     0.015278      0
-0.228571     0.01705      0
-0.214286     0.0222485      0
-0.2     0.03872      0
-0.185714     0.019044      0
-0.171429     0.014844      0
-0.157143     0.012538      0
-0.142857     0.010986      0
-0.128571     0.009802      0
-0.114286     0.008944      0
-0.1     0.008088      0
-0.0857143     0.007476      0
-0.0714286     0.006852      0
-0.0571429     0.006282      0
-0.0428571     0.005818      0
-0.0285714     0.005374      0
-0.0142857     0.004813      0
0     0      0.0019545
0.0142857     0      0.015472
0.0285714     0      0.012108
0.0428571     0      0.01091
0.0571429     0      0.01039
0.0714286     0      0.010044
0.0857143     0      0.009902
0.1     0      0.009884
0.114286     0      0.009894
0.128571     0      0.010068
0.142857     0      0.010262
0.157143     0      0.010598
0.171429     0      0.011088
0.185714     0      0.011836
0.2     0      0.014333
0.214286     0      0.01339
0.228571     0      0.011732
0.242857     0      0.011006
0.257143     0      0.010484
0.271429     0      0.010122
0.285714     0      0.009878
0.3     0      0.009528
0.314286     0      0.009346
0.328571     0      0.009182
0.342857     0      0.008958
0.357143     0      0.008832
0.371429     0      0.008666
0.385714     0      0.008544
0.4     0      0.008372
0.414286     0      0.00825
0.428571     0      0.008192
0.442857     0      0.008094
0.457143     0      0.00792
0.471429     0      0.007904
0.485714     0      0.007764
0.5     0      0.007646
0.514286     0      0.007602
0.528571     0      0.007518
0.542857     0      0.00742
0.557143     0      0.007398
0.571429     0      0.007278
0.585714     0      0.007224
0.6     0      0.007116
0.614286     0      0.00709
0.628571     0      0.00701
0.642857     0      0.006948
0.657143     0      0.006914
0.671429     0      0.006796
0.685714     0      0.006776
0.7     0      0.006724
0.714286     0      0.006658
0.728571     0      0.006588
0.742857     0      0.006544
0.757143     0      0.00653
0.771429     0      0.006432
0.785714     0      0.0064
0.8     0      0.006328
0.814286     0      0.006334
0.828571     0      0.00626
0.842857     0      0.00622
0.857143     0      0.00617
0.871429     0      0.006096
0.885714     0      0.00612
0.9     0      0.006036
0.914286     0      0.005972
0.928571     0      0.00598
0.942857     0      0.005892
0.957143     0      0.00591
0.971429     0      0.005856
0.985714     0      0.005788
1     0      0.005764
1.01429     0      0.005724
1.02857     0      0.005684
1.04286     0      0.00567
1.05714     0      0.00564
1.07143     0      0.00561
1.08571     0      0.00553
1.1     0      0.005528
1.11429     0      0.005502
1.12857     0      0.005456
1.14286     0      0.005424
1.15714     0      0.005352
1.17143     0      0.005392
1.18571     0      0.005346
1.2     0      0.005312
1.21429     0      0.00528
1.22857     0      0.005232
1.24286     0      0.005204
1.25714     0      0.00521
1.27143     0      0.005156
1.28571     0      0.005146
1.3     0      0.005128
1.31429     0      0.005076
1.32857     0      0.005036
1.34286     0      0.00503
1.35714     0      0.004984
1.37143     0      0.004986
1.38571     0      0.00496
1.4     0      0.004926
1.41429     0      0.004934
1.42857     0      0.004864
1.44286     0      0.004838
1.45714     0      0.004836
1.47143     0      0.004842
1.48571     0      0.00477
1.5     0      0.004768
1.51429     0      0.004738
1.52857     0      0.004698
1.54286     0      0.004692
1.55714     0      0.004678
1.57143     0      0.004658
1.58571     0      0.004634
1.6     0      0.004624
1.61429     0      0.00458
1.62857     0      0.004554
1.64286     0      0.004562
1.65714     0      0.004538
1.67143     0      0.004504
1.68571     0      0.00447
1.7     0      0.004478
1.71429     0      0.004452
1.72857     0      0.00441
1.74286     0      0.004432
1.75714     0      0.004386
1.77143     0      0.004388
1.78571     0      0.004372
1.8     0      0.004294
1.81429     0      0.00435
1.82857     0      0.004288
1.84286     0      0.004318
1.85714     0      0.004232
1.87143     0      0.004238
1.88571     0      0.004232
1.9     0      0.00423
1.91429     0      0.004222
1.92857     0      0.004154
1.94286     0      0.00417
1.95714     0      0.004158
1.97143     0      0.004114
1.98571     0      0.004168
2     0      0.00405
2.01429     0      0.00408
2.02857     0      0.004064
2.04286     0      0.00407
2.05714     0      0.004054
2.07143     0      0.003996
2.08571     0      0.004048
2.1     0      0.00395
2.11429     0      0.003996
2.12857     0      0.003954
2.14286     0      0.00396
2.15714     0      0.003924
2.17143     0      0.003918
2.18571     0      0.003918
2.2     0      0.003882
2.21429     0      0.003876
2.22857     0      0.003852
2.24286     0      0.003862
2.25714     0      0.003836
2.27143     0      0.003822
2.28571     0      0.00381
2.3     0      0.0024405
2.31429     0      7.35313e-17
2.32857     0      1.1582e-30
2.34286     0      1.02448e-49
2.35714     0      7.50924e-63
2.37143     0      4.4489e-70
2.38571     0      1.0708e-82
2.4     0      1.31503e-89
2.41429     0      6.64968e-97
2.42857     0      7.95466e-109
2.44286     0      2.09577e-115
2.45714     0      5.56174e-122
2.47143     0      5.59667e-122
2.48571     0      1.6189e-122
2.5     0      0
2.51429     0      0
2.52857     0      0
2.54286     0      0
2.55714     0      0
2.57143     0      0
2.58571     0      0
2.6     0      0
2.61429     0      0
2.62857     0      0
2.64286     0      0
2.65714     0      0
2.67143     0      0
2.68571     0      0
2.7     0      0
2.71429     0      0
2.72857     0      0
2.74286     0      0
2.75714     0      0
2.77143     0      0
2.78571     0      0
2.8     0      0
2.81429     0      0
2.82857     0      0
2.84286     0      0
2.85714     0      0
2.87143     0      0
2.88571     0      0
2.9     0      0
2.91429     0      0
2.92857     0      0
2.94286     0      0
2.95714     0      0
2.97143     0      0
2.98571     0      0
3     0      0
3.01429     0      0
3.02857     0      0
3.04286     0      0
3.05714     0      0
3.07143     0      0
3.08571     0      0
3.1     0      0
3.11429     0      0
3.12857     0      0
3.14286     0      0
3.15714     0      0
3.17143     0      0
3.18571     0      0
3.2     0      0
3.21429     0      0
3.22857     0      0
3.24286     0      0
3.25714     0      0
3.27143     0      0
3.28571     0      0
3.3     0      0
3.31429     0      0
3.32857     0      0
3.34286     0      0
3.35714     0      0
3.37143     0      0
3.38571     0      0
3.4     0      0
3.41429     0      0
3.42857     0      0
3.44286     0      0
3.45714     0      0
3.47143     0      0
3.48571     0      0
3.5     0      0
3.51429     0      0
3.52857     0      0
3.54286     0      0
3.55714     0      0
3.57143     0      0
3.58571     0      0
3.6     0      0
3.61429     0      0
3.62857     0      0
3.64286     0      0
3.65714     0      0
3.67143     0      0
3.68571     0      0
3.7     0      0
3.71429     0      0
3.72857     0      0
3.74286     0      0
3.75714     0      0
3.77143     0      0
3.78571     0      0
3.8     0      0
3.81429     0      0
3.82857     0      0
3.84286     0      0
3.85714     0      0
3.87143     0      0
3.88571     0      0
3.9     0      0
3.91429     0      0
3.92857     0      0
3.94286     0      0
3.95714     0      0
3.97143     0      0
3.98571     0      0
4     0      0
4.01429     0      0
4.02857     0      0
4.04286     0      0
4.05714     0      0
4.07143     0      0
4.08571     0      0
4.1     0      0
4.11429     0      0
4.12857     0      0
4.14286     0      0
4.15714     0      0
4.17143     0      0
4.18571     0      0
4.2     0      0
4.21429     0      0
4.22857     0      0
4.24286     0      0
4.25714     0      0
4.27143     0      0
4.28571     0      0
4.3     0      0
4.31429     0      0
4.32857     0      0
4.34286     0      0
4.35714     0      0
4.37143     0      0
4.38571     0      0
4.4     0      0
4.41429     0      0
4.42857     0      0
4.44286     0      0
4.45714     0      0
4.47143     0      0
4.48571     0      0
4.5     0      0
4.51429     0      0
4.52857     0      0
4.54286     0      0
4.55714     0      0
4.57143     0      0
4.58571     0      0
4.6     0      0
4.61429     0      0
4.62857     0      0
4.64286     0      0
4.65714     0      0
4.67143     0      0
4.68571     0      0
4.7     0      0
4.71429     0      0
4.72857     0      0
4.74286     0      0
4.75714     0      0
4.77143     0      0
4.78571     0      0
4.8     0      0
4.81429     0      0
4.82857     0      0
4.84286     0      0
4.85714     0      0
4.87143     0      0
4.88571     0      0
4.9     0      0
4.91429     0      0
4.92857     0      0
4.94286     0      0
4.95714     0      0
4.97143     0      0
4.98571     0      0
