# U,mu,nA_up, nA_dn, nB_up, nB_dn, ms, mf, ntotal,mu,cint
#energy    dos_upn   dos_upp   dos_dnn  dos_dnp GRID=1000 bin=700
-5     0      0
-4.98571     0      0
-4.97143     0      0
-4.95714     0      0
-4.94286     0      0
-4.92857     0      0
-4.91429     0      0
-4.9     0      0
-4.88571     0      0
-4.87143     0      0
-4.85714     0      0
-4.84286     0      0
-4.82857     0      0
-4.81429     0      0
-4.8     0      0
-4.78571     0      0
-4.77143     0      0
-4.75714     0      0
-4.74286     0      0
-4.72857     0      0
-4.71429     0      0
-4.7     0      0
-4.68571     0      0
-4.67143     0      0
-4.65714     0      0
-4.64286     0      0
-4.62857     0      0
-4.61429     0      0
-4.6     0      0
-4.58571     0      0
-4.57143     0      0
-4.55714     0      0
-4.54286     0      0
-4.52857     0      0
-4.51429     0      0
-4.5     0      0
-4.48571     0      0
-4.47143     0      0
-4.45714     0      0
-4.44286     0      0
-4.42857     0      0
-4.41429     0      0
-4.4     0      0
-4.38571     0      0
-4.37143     0      0
-4.35714     0      0
-4.34286     0      0
-4.32857     0      0
-4.31429     0      0
-4.3     0      0
-4.28571     0      0
-4.27143     0      0
-4.25714     0      0
-4.24286     0      0
-4.22857     0      0
-4.21429     0      0
-4.2     0      0
-4.18571     0      0
-4.17143     0      0
-4.15714     0      0
-4.14286     0      0
-4.12857     0      0
-4.11429     0      0
-4.1     0      0
-4.08571     0      0
-4.07143     0      0
-4.05714     0      0
-4.04286     0      0
-4.02857     0      0
-4.01429     0      0
-4     0      0
-3.98571     0      0
-3.97143     0      0
-3.95714     0      0
-3.94286     0      0
-3.92857     0      0
-3.91429     0      0
-3.9     0      0
-3.88571     0      0
-3.87143     0      0
-3.85714     0      0
-3.84286     0      0
-3.82857     0      0
-3.81429     0      0
-3.8     0      0
-3.78571     0      0
-3.77143     0      0
-3.75714     0      0
-3.74286     0      0
-3.72857     0      0
-3.71429     0      0
-3.7     0      0
-3.68571     0      0
-3.67143     0      0
-3.65714     0      0
-3.64286     0      0
-3.62857     0      0
-3.61429     0      0
-3.6     0      0
-3.58571     0      0
-3.57143     0      0
-3.55714     0      0
-3.54286     0      0
-3.52857     0      0
-3.51429     0      0
-3.5     0      0
-3.48571     0      0
-3.47143     0      0
-3.45714     0      0
-3.44286     0      0
-3.42857     0      0
-3.41429     0      0
-3.4     0      0
-3.38571     0      0
-3.37143     0      0
-3.35714     0      0
-3.34286     0      0
-3.32857     0      0
-3.31429     0      0
-3.3     0      0
-3.28571     0      0
-3.27143     0      0
-3.25714     0      0
-3.24286     0      0
-3.22857     0      0
-3.21429     0      0
-3.2     0      0
-3.18571     0      0
-3.17143     0      0
-3.15714     0      0
-3.14286     0      0
-3.12857     0      0
-3.11429     0      0
-3.1     0      0
-3.08571     0      0
-3.07143     0      0
-3.05714     0      0
-3.04286     0      0
-3.02857     0      0
-3.01429     0      0
-3     0      0
-2.98571     0      0
-2.97143     0      0
-2.95714     0      0
-2.94286     0      0
-2.92857     0      0
-2.91429     0      0
-2.9     0      0
-2.88571     0      0
-2.87143     0      0
-2.85714     0      0
-2.84286     0      0
-2.82857     0      0
-2.81429     0      0
-2.8     0      0
-2.78571     0      0
-2.77143     0      0
-2.75714     0      0
-2.74286     0      0
-2.72857     0      0
-2.71429     0      0
-2.7     0      0
-2.68571     0      0
-2.67143     0      0
-2.65714     0      0
-2.64286     0      0
-2.62857     0      0
-2.61429     0      0
-2.6     0      0
-2.58571     0      0
-2.57143     0      0
-2.55714     0      0
-2.54286     0      0
-2.52857     0      0
-2.51429     0      0
-2.5     0      0
-2.48571     0      0
-2.47143     0      0
-2.45714     0      0
-2.44286     0      0
-2.42857     0      0
-2.41429     0      0
-2.4     0      0
-2.38571     0      0
-2.37143     0      0
-2.35714     0      0
-2.34286     0      0
-2.32857     0      0
-2.31429     0      0
-2.3     0      0
-2.28571     0      0
-2.27143     0      0
-2.25714     0      0
-2.24286     0      0
-2.22857     0      0
-2.21429     0      0
-2.2     0      0
-2.18571     0      0
-2.17143     0      0
-2.15714     0      0
-2.14286     0      0
-2.12857     0      0
-2.11429     0      0
-2.1     0      0
-2.08571     0      0
-2.07143     0      0
-2.05714     0      0
-2.04286     2.77907e-90      0
-2.02857     8.81851e-89      0
-2.01429     1.54079e-83      0
-2     3.51071e-82      0
-1.98571     3.52383e-82      0
-1.97143     3.55482e-82      0
-1.95714     1.508e-76      0
-1.94286     1.39952e-75      0
-1.92857     1.40429e-75      0
-1.91429     1.41335e-75      0
-1.9     1.22118e-69      0
-1.88571     5.5809e-69      0
-1.87143     5.61333e-69      0
-1.85714     5.6057e-69      0
-1.84286     8.34084e-63      0
-1.82857     2.22168e-62      0
-1.81429     2.24228e-62      0
-1.8     2.24228e-62      0
-1.78571     5.03311e-56      0
-1.77143     8.91724e-56      0
-1.75714     8.89282e-56      0
-1.74286     8.98133e-56      0
-1.72857     2.83234e-49      0
-1.71429     3.55469e-49      0
-1.7     3.56079e-49      0
-1.68571     8.85013e-44      0
-1.67143     1.4126e-42      0
-1.65714     1.42188e-42      0
-1.64286     1.42236e-42      0
-1.62857     1.98291e-36      0
-1.61429     5.66406e-36      0
-1.6     0.0039425      0
-1.58571     0.005748      0
-1.57143     0.005776      0
-1.55714     0.00579      0
-1.54286     0.005826      0
-1.52857     0.005826      0
-1.51429     0.005846      0
-1.5     0.005892      0
-1.48571     0.005898      0
-1.47143     0.005914      0
-1.45714     0.005912      0
-1.44286     0.005998      0
-1.42857     0.005982      0
-1.41429     0.006026      0
-1.4     0.006016      0
-1.38571     0.006096      0
-1.37143     0.006084      0
-1.35714     0.006102      0
-1.34286     0.006134      0
-1.32857     0.006168      0
-1.31429     0.006206      0
-1.3     0.006194      0
-1.28571     0.006244      0
-1.27143     0.006268      0
-1.25714     0.006298      0
-1.24286     0.006342      0
-1.22857     0.006368      0
-1.21429     0.00637      0
-1.2     0.006428      0
-1.18571     0.006442      0
-1.17143     0.006472      0
-1.15714     0.006534      0
-1.14286     0.006544      0
-1.12857     0.00656      0
-1.11429     0.006598      0
-1.1     0.006682      0
-1.08571     0.00666      0
-1.07143     0.006726      0
-1.05714     0.00672      0
-1.04286     0.006782      0
-1.02857     0.006816      0
-1.01429     0.00687      0
-1     0.006904      0
-0.985714     0.00697      0
-0.971429     0.006992      0
-0.957143     0.006982      0
-0.942857     0.007082      0
-0.928571     0.007096      0
-0.914286     0.007148      0
-0.9     0.00715      0
-0.885714     0.007298      0
-0.871429     0.00729      0
-0.857143     0.007338      0
-0.842857     0.007408      0
-0.828571     0.007414      0
-0.814286     0.0075      0
-0.8     0.007558      0
-0.785714     0.007614      0
-0.771429     0.007666      0
-0.757143     0.007726      0
-0.742857     0.007782      0
-0.728571     0.007842      0
-0.714286     0.00793      0
-0.7     0.007934      0
-0.685714     0.008012      0
-0.671429     0.008146      0
-0.657143     0.008186      0
-0.642857     0.008262      0
-0.628571     0.008354      0
-0.614286     0.008446      0
-0.6     0.008458      0
-0.585714     0.00863      0
-0.571429     0.008726      0
-0.557143     0.00874      0
-0.542857     0.008938      0
-0.528571     0.009002      0
-0.514286     0.00913      0
-0.5     0.009224      0
-0.485714     0.009396      0
-0.471429     0.009498      0
-0.457143     0.009656      0
-0.442857     0.009808      0
-0.428571     0.009924      0
-0.414286     0.010224      0
-0.4     0.010318      0
-0.385714     0.010602      0
-0.371429     0.010784      0
-0.357143     0.011036      0
-0.342857     0.01138      0
-0.328571     0.011658      0
-0.314286     0.012146      0
-0.3     0.012478      0
-0.285714     0.013152      0
-0.271429     0.01365      0
-0.257143     0.014722      0
-0.242857     0.01579      0
-0.228571     0.017836      0
-0.214286     0.0221425      0
-0.2     0.050968      0
-0.185714     0.0256      0
-0.171429     0.01935      0
-0.157143     0.016222      0
-0.142857     0.014214      0
-0.128571     0.012706      0
-0.114286     0.011524      0
-0.1     0.010542      0
-0.0857143     0.009804      0
-0.0714286     0.009106      0
-0.0571429     0.008484      0
-0.0428571     0.007942      0
-0.0285714     0.007398      0
-0.0142857     0.006961      0
0     0      0
0.0142857     0      0
0.0285714     0      0
0.0428571     0      0
0.0571429     0      0
0.0714286     0      0
0.0857143     0      0
0.1     0      8.3223e-90
0.114286     0      3.85315e-82
0.128571     0      1.13773e-81
0.142857     0      3.7185e-75
0.157143     0      2.40565e-69
0.171429     0      1.85013e-68
0.185714     0      2.91767e-62
0.2     0      6.98319e-62
0.214286     0      1.57875e-55
0.228571     0      0.0141625
0.242857     0      0.01522
0.257143     0      0.013538
0.271429     0      0.012636
0.285714     0      0.012144
0.3     0      0.011838
0.314286     0      0.011686
0.328571     0      0.011704
0.342857     0      0.011756
0.357143     0      0.01196
0.371429     0      0.01227
0.385714     0      0.012752
0.4     0      0.013588
0.414286     0      0.01536
0.428571     0      0.017751
0.442857     0      0.013986
0.457143     0      0.012566
0.471429     0      0.011748
0.485714     0      0.01112
0.5     0      0.010688
0.514286     0      0.010248
0.528571     0      0.010014
0.542857     0      0.009604
0.557143     0      0.009368
0.571429     0      0.009228
0.585714     0      0.008926
0.6     0      0.008812
0.614286     0      0.00862
0.628571     0      0.008458
0.642857     0      0.008328
0.657143     0      0.00818
0.671429     0      0.008024
0.685714     0      0.007974
0.7     0      0.00779
0.714286     0      0.00773
0.728571     0      0.00759
0.742857     0      0.007532
0.757143     0      0.007432
0.771429     0      0.007348
0.785714     0      0.007252
0.8     0      0.007156
0.814286     0      0.007096
0.828571     0      0.00701
0.842857     0      0.006956
0.857143     0      0.00693
0.871429     0      0.006762
0.885714     0      0.006748
0.9     0      0.00671
0.914286     0      0.006608
0.928571     0      0.006544
0.942857     0      0.006494
0.957143     0      0.00648
0.971429     0      0.006368
0.985714     0      0.006346
1     0      0.00632
1.01429     0      0.00624
1.02857     0      0.006194
1.04286     0      0.006152
1.05714     0      0.006118
1.07143     0      0.00606
1.08571     0      0.005988
1.1     0      0.005974
1.11429     0      0.005926
1.12857     0      0.005848
1.14286     0      0.005826
1.15714     0      0.005808
1.17143     0      0.005766
1.18571     0      0.005736
1.2     0      0.00568
1.21429     0      0.005642
1.22857     0      0.005614
1.24286     0      0.00555
1.25714     0      0.005544
1.27143     0      0.005522
1.28571     0      0.005476
1.3     0      0.005444
1.31429     0      0.005402
1.32857     0      0.00538
1.34286     0      0.005312
1.35714     0      0.00528
1.37143     0      0.005294
1.38571     0      0.005256
1.4     0      0.005226
1.41429     0      0.005184
1.42857     0      0.005158
1.44286     0      0.005156
1.45714     0      0.005122
1.47143     0      0.005038
1.48571     0      0.005058
1.5     0      0.00501
1.51429     0      0.004992
1.52857     0      0.00497
1.54286     0      0.00494
1.55714     0      0.00491
1.57143     0      0.004914
1.58571     0      0.004844
1.6     0      0.00485
1.61429     0      0.004822
1.62857     0      0.004788
1.64286     0      0.00479
1.65714     0      0.00476
1.67143     0      0.00473
1.68571     0      0.004684
1.7     0      0.00469
1.71429     0      0.004634
1.72857     0      0.004638
1.74286     0      0.00464
1.75714     0      0.004568
1.77143     0      0.004558
1.78571     0      0.004566
1.8     0      0.00454
1.81429     0      0.004482
1.82857     0      0.00452
1.84286     0      0.00445
1.85714     0      0.004448
1.87143     0      0.004406
1.88571     0      0.004444
1.9     0      0.00438
1.91429     0      0.004376
1.92857     0      0.00436
1.94286     0      0.004344
1.95714     0      0.004288
1.97143     0      0.00432
1.98571     0      0.004268
2     0      0.004266
2.01429     0      0.004232
2.02857     0      0.004234
2.04286     0      0.004242
2.05714     0      0.004162
2.07143     0      0.00417
2.08571     0      0.004168
2.1     0      0.00417
2.11429     0      0.004104
2.12857     0      0.004112
2.14286     0      0.004088
2.15714     0      0.004084
2.17143     0      0.00406
2.18571     0      0.004056
2.2     0      0.004008
2.21429     0      0.004024
2.22857     0      0.004012
2.24286     0      0.003984
2.25714     0      0.003962
2.27143     0      0.003956
2.28571     0      0.00394
2.3     0      0.00393
2.31429     0      0.003918
2.32857     0      0.003898
2.34286     0      0.003888
2.35714     0      0.003848
2.37143     0      0.003868
2.38571     0      0.003834
2.4     0      0.003836
2.41429     0      0.0035885
2.42857     0      8.54125e-10
2.44286     0      2.25031e-16
2.45714     0      5.97188e-23
2.47143     0      6.00938e-23
2.48571     0      1.73828e-23
2.5     0      0
2.51429     0      0
2.52857     0      0
2.54286     0      0
2.55714     0      0
2.57143     0      0
2.58571     0      0
2.6     0      0
2.61429     0      0
2.62857     0      0
2.64286     0      0
2.65714     0      0
2.67143     0      0
2.68571     0      0
2.7     0      0
2.71429     0      0
2.72857     0      0
2.74286     0      0
2.75714     0      0
2.77143     0      0
2.78571     0      0
2.8     0      0
2.81429     0      0
2.82857     0      0
2.84286     0      0
2.85714     0      0
2.87143     0      0
2.88571     0      0
2.9     0      0
2.91429     0      0
2.92857     0      0
2.94286     0      0
2.95714     0      0
2.97143     0      0
2.98571     0      0
3     0      0
3.01429     0      0
3.02857     0      0
3.04286     0      0
3.05714     0      0
3.07143     0      0
3.08571     0      0
3.1     0      0
3.11429     0      0
3.12857     0      0
3.14286     0      0
3.15714     0      0
3.17143     0      0
3.18571     0      0
3.2     0      0
3.21429     0      0
3.22857     0      0
3.24286     0      0
3.25714     0      0
3.27143     0      0
3.28571     0      0
3.3     0      0
3.31429     0      0
3.32857     0      0
3.34286     0      0
3.35714     0      0
3.37143     0      0
3.38571     0      0
3.4     0      0
3.41429     0      0
3.42857     0      0
3.44286     0      0
3.45714     0      0
3.47143     0      0
3.48571     0      0
3.5     0      0
3.51429     0      0
3.52857     0      0
3.54286     0      0
3.55714     0      0
3.57143     0      0
3.58571     0      0
3.6     0      0
3.61429     0      0
3.62857     0      0
3.64286     0      0
3.65714     0      0
3.67143     0      0
3.68571     0      0
3.7     0      0
3.71429     0      0
3.72857     0      0
3.74286     0      0
3.75714     0      0
3.77143     0      0
3.78571     0      0
3.8     0      0
3.81429     0      0
3.82857     0      0
3.84286     0      0
3.85714     0      0
3.87143     0      0
3.88571     0      0
3.9     0      0
3.91429     0      0
3.92857     0      0
3.94286     0      0
3.95714     0      0
3.97143     0      0
3.98571     0      0
4     0      0
4.01429     0      0
4.02857     0      0
4.04286     0      0
4.05714     0      0
4.07143     0      0
4.08571     0      0
4.1     0      0
4.11429     0      0
4.12857     0      0
4.14286     0      0
4.15714     0      0
4.17143     0      0
4.18571     0      0
4.2     0      0
4.21429     0      0
4.22857     0      0
4.24286     0      0
4.25714     0      0
4.27143     0      0
4.28571     0      0
4.3     0      0
4.31429     0      0
4.32857     0      0
4.34286     0      0
4.35714     0      0
4.37143     0      0
4.38571     0      0
4.4     0      0
4.41429     0      0
4.42857     0      0
4.44286     0      0
4.45714     0      0
4.47143     0      0
4.48571     0      0
4.5     0      0
4.51429     0      0
4.52857     0      0
4.54286     0      0
4.55714     0      0
4.57143     0      0
4.58571     0      0
4.6     0      0
4.61429     0      0
4.62857     0      0
4.64286     0      0
4.65714     0      0
4.67143     0      0
4.68571     0      0
4.7     0      0
4.71429     0      0
4.72857     0      0
4.74286     0      0
4.75714     0      0
4.77143     0      0
4.78571     0      0
4.8     0      0
4.81429     0      0
4.82857     0      0
4.84286     0      0
4.85714     0      0
4.87143     0      0
4.88571     0      0
4.9     0      0
4.91429     0      0
4.92857     0      0
4.94286     0      0
4.95714     0      0
4.97143     0      0
4.98571     0      0
