# U,mu,nA_up, nA_dn, nB_up, nB_dn, ms, mf, ntotal,mu,cint
#energy    dos_upn   dos_upp   dos_dnn  dos_dnp GRID=1000 bin=700
-5     0      0
-4.98571     0      0
-4.97143     0      0
-4.95714     0      0
-4.94286     0      0
-4.92857     0      0
-4.91429     0      0
-4.9     0      0
-4.88571     0      0
-4.87143     0      0
-4.85714     0      0
-4.84286     0      0
-4.82857     0      0
-4.81429     0      0
-4.8     0      0
-4.78571     0      0
-4.77143     0      0
-4.75714     0      0
-4.74286     0      0
-4.72857     0      0
-4.71429     0      0
-4.7     0      0
-4.68571     0      0
-4.67143     0      0
-4.65714     0      0
-4.64286     0      0
-4.62857     0      0
-4.61429     0      0
-4.6     0      0
-4.58571     0      0
-4.57143     0      0
-4.55714     0      0
-4.54286     0      0
-4.52857     0      0
-4.51429     0      0
-4.5     0      0
-4.48571     0      0
-4.47143     0      0
-4.45714     0      0
-4.44286     0      0
-4.42857     0      0
-4.41429     0      0
-4.4     0      0
-4.38571     0      0
-4.37143     0      0
-4.35714     0      0
-4.34286     0      0
-4.32857     0      0
-4.31429     0      0
-4.3     0      0
-4.28571     0      0
-4.27143     0      0
-4.25714     0      0
-4.24286     0      0
-4.22857     0      0
-4.21429     0      0
-4.2     0      0
-4.18571     0      0
-4.17143     0      0
-4.15714     0      0
-4.14286     0      0
-4.12857     0      0
-4.11429     0      0
-4.1     0      0
-4.08571     0      0
-4.07143     0      0
-4.05714     0      0
-4.04286     0      0
-4.02857     0      0
-4.01429     0      0
-4     0      0
-3.98571     0      0
-3.97143     0      0
-3.95714     0      0
-3.94286     0      0
-3.92857     0      0
-3.91429     0      0
-3.9     0      0
-3.88571     0      0
-3.87143     0      0
-3.85714     0      0
-3.84286     0      0
-3.82857     0      0
-3.81429     0      0
-3.8     0      0
-3.78571     0      0
-3.77143     0      0
-3.75714     0      0
-3.74286     0      0
-3.72857     0      0
-3.71429     0      0
-3.7     0      0
-3.68571     0      0
-3.67143     0      0
-3.65714     0      0
-3.64286     0      0
-3.62857     0      0
-3.61429     0      0
-3.6     0      0
-3.58571     0      0
-3.57143     0      0
-3.55714     0      0
-3.54286     0      0
-3.52857     0      0
-3.51429     0      0
-3.5     0      0
-3.48571     0      0
-3.47143     0      0
-3.45714     0      0
-3.44286     0      0
-3.42857     0      0
-3.41429     0      0
-3.4     0      0
-3.38571     0      0
-3.37143     0      0
-3.35714     0      0
-3.34286     0      0
-3.32857     0      0
-3.31429     0      0
-3.3     0      0
-3.28571     0      0
-3.27143     0      0
-3.25714     0      0
-3.24286     0      0
-3.22857     0      0
-3.21429     0      0
-3.2     0      0
-3.18571     0      0
-3.17143     0      0
-3.15714     0      0
-3.14286     0      0
-3.12857     0      0
-3.11429     0      0
-3.1     0      0
-3.08571     0      0
-3.07143     0      0
-3.05714     0      0
-3.04286     0      0
-3.02857     0      0
-3.01429     0      0
-3     0      0
-2.98571     0      0
-2.97143     0      0
-2.95714     0      0
-2.94286     0      0
-2.92857     0      0
-2.91429     0      0
-2.9     0      0
-2.88571     0      0
-2.87143     0      0
-2.85714     0      0
-2.84286     0      0
-2.82857     0      0
-2.81429     0      0
-2.8     0      0
-2.78571     0      0
-2.77143     0      0
-2.75714     0      0
-2.74286     0      0
-2.72857     0      0
-2.71429     0      0
-2.7     0      0
-2.68571     0      0
-2.67143     0      0
-2.65714     0      0
-2.64286     0      0
-2.62857     0      0
-2.61429     0      0
-2.6     0      0
-2.58571     0      0
-2.57143     0      0
-2.55714     0      0
-2.54286     0      0
-2.52857     0      0
-2.51429     0      0
-2.5     0      0
-2.48571     0      0
-2.47143     0      0
-2.45714     0      0
-2.44286     0      0
-2.42857     0      0
-2.41429     0      0
-2.4     0      0
-2.38571     0      0
-2.37143     0      0
-2.35714     0      0
-2.34286     0      0
-2.32857     0      0
-2.31429     0      0
-2.3     0      0
-2.28571     0      0
-2.27143     0      0
-2.25714     0      0
-2.24286     0      0
-2.22857     0      0
-2.21429     0      0
-2.2     0      0
-2.18571     0      0
-2.17143     0      0
-2.15714     0      0
-2.14286     0      0
-2.12857     0      0
-2.11429     0      0
-2.1     0      0
-2.08571     0      0
-2.07143     0      0
-2.05714     0      0
-2.04286     6.94767e-97      0
-2.02857     2.20463e-95      0
-2.01429     3.85197e-90      0
-2     8.77679e-89      0
-1.98571     8.80957e-89      0
-1.97143     8.88705e-89      0
-1.95714     3.77e-83      0
-1.94286     3.49879e-82      0
-1.92857     3.51071e-82      0
-1.91429     3.53336e-82      0
-1.9     3.05295e-76      0
-1.88571     1.39523e-75      0
-1.87143     1.40333e-75      0
-1.85714     1.40142e-75      0
-1.84286     2.08521e-69      0
-1.82857     5.5542e-69      0
-1.81429     5.6057e-69      0
-1.8     5.6057e-69      0
-1.78571     1.25828e-62      0
-1.77143     2.22931e-62      0
-1.75714     2.22321e-62      0
-1.74286     2.24533e-62      0
-1.72857     7.08084e-56      0
-1.71429     8.88672e-56      0
-1.7     8.90198e-56      0
-1.68571     2.21253e-50      0
-1.67143     3.5315e-49      0
-1.65714     3.55469e-49      0
-1.64286     3.55591e-49      0
-1.62857     4.95728e-43      0
-1.61429     0.0023625      0
-1.6     0.005744      0
-1.58571     0.00577      0
-1.57143     0.005764      0
-1.55714     0.005812      0
-1.54286     0.005824      0
-1.52857     0.005856      0
-1.51429     0.005848      0
-1.5     0.005894      0
-1.48571     0.00589      0
-1.47143     0.005932      0
-1.45714     0.005978      0
-1.44286     0.005946      0
-1.42857     0.006026      0
-1.41429     0.006026      0
-1.4     0.006052      0
-1.38571     0.00608      0
-1.37143     0.006094      0
-1.35714     0.006096      0
-1.34286     0.006174      0
-1.32857     0.006178      0
-1.31429     0.006216      0
-1.3     0.006236      0
-1.28571     0.006246      0
-1.27143     0.0063      0
-1.25714     0.006302      0
-1.24286     0.006346      0
-1.22857     0.00636      0
-1.21429     0.0064      0
-1.2     0.006438      0
-1.18571     0.006452      0
-1.17143     0.00651      0
-1.15714     0.006512      0
-1.14286     0.00653      0
-1.12857     0.006614      0
-1.11429     0.006632      0
-1.1     0.006644      0
-1.08571     0.00671      0
-1.07143     0.006708      0
-1.05714     0.00677      0
-1.04286     0.006796      0
-1.02857     0.00685      0
-1.01429     0.006884      0
-1     0.00691      0
-0.985714     0.006948      0
-0.971429     0.006978      0
-0.957143     0.007066      0
-0.942857     0.007042      0
-0.928571     0.007122      0
-0.914286     0.007134      0
-0.9     0.007262      0
-0.885714     0.00727      0
-0.871429     0.007282      0
-0.857143     0.007368      0
-0.842857     0.007396      0
-0.828571     0.007478      0
-0.814286     0.007506      0
-0.8     0.007558      0
-0.785714     0.00763      0
-0.771429     0.007654      0
-0.757143     0.007746      0
-0.742857     0.007776      0
-0.728571     0.007846      0
-0.714286     0.007892      0
-0.7     0.00803      0
-0.685714     0.008038      0
-0.671429     0.00817      0
-0.657143     0.008166      0
-0.642857     0.008282      0
-0.628571     0.008392      0
-0.614286     0.008416      0
-0.6     0.008554      0
-0.585714     0.00857      0
-0.571429     0.008768      0
-0.557143     0.00877      0
-0.542857     0.008934      0
-0.528571     0.00899      0
-0.514286     0.009156      0
-0.5     0.009218      0
-0.485714     0.009412      0
-0.471429     0.00949      0
-0.457143     0.00967      0
-0.442857     0.00983      0
-0.428571     0.009924      0
-0.414286     0.010238      0
-0.4     0.010308      0
-0.385714     0.01055      0
-0.371429     0.01083      0
-0.357143     0.010996      0
-0.342857     0.011412      0
-0.328571     0.011662      0
-0.314286     0.011982      0
-0.3     0.01264      0
-0.285714     0.012944      0
-0.271429     0.013926      0
-0.257143     0.014424      0
-0.242857     0.01586      0
-0.228571     0.01768      0
-0.214286     0.0223885      0
-0.2     0.049734      0
-0.185714     0.024932      0
-0.171429     0.018894      0
-0.157143     0.015834      0
-0.142857     0.013892      0
-0.128571     0.012384      0
-0.114286     0.011324      0
-0.1     0.010342      0
-0.0857143     0.00956      0
-0.0714286     0.00885      0
-0.0571429     0.008294      0
-0.0428571     0.007732      0
-0.0285714     0.00723      0
-0.0142857     0.006711      0
0     0      0
0.0142857     0      0
0.0285714     0      0
0.0428571     0      0
0.0571429     0      0
0.0714286     0      0
0.0857143     0      0
0.1     0      2.08057e-96
0.114286     0      9.63286e-89
0.128571     0      2.84433e-88
0.142857     0      9.29624e-82
0.157143     0      6.01412e-76
0.171429     0      4.62532e-75
0.185714     0      7.29418e-69
0.2     0      0.0073185
0.214286     0      0.016254
0.228571     0      0.013838
0.242857     0      0.012746
0.257143     0      0.012104
0.271429     0      0.011776
0.285714     0      0.011564
0.3     0      0.011532
0.314286     0      0.011532
0.328571     0      0.01171
0.342857     0      0.011958
0.357143     0      0.012424
0.371429     0      0.013016
0.385714     0      0.01419
0.4     0      0.017721
0.414286     0      0.014634
0.428571     0      0.012866
0.442857     0      0.011888
0.457143     0      0.011262
0.471429     0      0.010772
0.485714     0      0.010356
0.5     0      0.010016
0.514286     0      0.009678
0.528571     0      0.009424
0.542857     0      0.009256
0.557143     0      0.008978
0.571429     0      0.008824
0.585714     0      0.008684
0.6     0      0.008506
0.614286     0      0.008332
0.628571     0      0.008208
0.642857     0      0.008088
0.657143     0      0.007964
0.671429     0      0.007876
0.685714     0      0.00776
0.7     0      0.0076
0.714286     0      0.007572
0.728571     0      0.00747
0.742857     0      0.007314
0.757143     0      0.0073
0.771429     0      0.007236
0.785714     0      0.00712
0.8     0      0.007036
0.814286     0      0.006962
0.828571     0      0.006966
0.842857     0      0.006822
0.857143     0      0.006776
0.871429     0      0.006704
0.885714     0      0.006654
0.9     0      0.006608
0.914286     0      0.006504
0.928571     0      0.006486
0.942857     0      0.006432
0.957143     0      0.006376
0.971429     0      0.006306
0.985714     0      0.0063
1     0      0.00623
1.01429     0      0.00614
1.02857     0      0.006136
1.04286     0      0.006098
1.05714     0      0.006068
1.07143     0      0.00596
1.08571     0      0.005958
1.1     0      0.005898
1.11429     0      0.00586
1.12857     0      0.005806
1.14286     0      0.005776
1.15714     0      0.005758
1.17143     0      0.00574
1.18571     0      0.005668
1.2     0      0.005626
1.21429     0      0.005586
1.22857     0      0.005554
1.24286     0      0.005548
1.25714     0      0.005494
1.27143     0      0.005444
1.28571     0      0.00542
1.3     0      0.005422
1.31429     0      0.005346
1.32857     0      0.005342
1.34286     0      0.005308
1.35714     0      0.005254
1.37143     0      0.00526
1.38571     0      0.005202
1.4     0      0.005216
1.41429     0      0.005134
1.42857     0      0.005086
1.44286     0      0.005114
1.45714     0      0.005056
1.47143     0      0.005034
1.48571     0      0.00504
1.5     0      0.005002
1.51429     0      0.004942
1.52857     0      0.004944
1.54286     0      0.004902
1.55714     0      0.004896
1.57143     0      0.004898
1.58571     0      0.004786
1.6     0      0.004832
1.61429     0      0.004798
1.62857     0      0.004738
1.64286     0      0.004766
1.65714     0      0.004688
1.67143     0      0.004756
1.68571     0      0.00467
1.7     0      0.004638
1.71429     0      0.004642
1.72857     0      0.00458
1.74286     0      0.004636
1.75714     0      0.004538
1.77143     0      0.004542
1.78571     0      0.00456
1.8     0      0.004466
1.81429     0      0.004506
1.82857     0      0.004472
1.84286     0      0.004458
1.85714     0      0.00442
1.87143     0      0.00439
1.88571     0      0.004404
1.9     0      0.004386
1.91429     0      0.004326
1.92857     0      0.004344
1.94286     0      0.004284
1.95714     0      0.004322
1.97143     0      0.004296
1.98571     0      0.004258
2     0      0.004252
2.01429     0      0.004206
2.02857     0      0.004212
2.04286     0      0.004178
2.05714     0      0.004192
2.07143     0      0.004128
2.08571     0      0.004148
2.1     0      0.004144
2.11429     0      0.004102
2.12857     0      0.004092
2.14286     0      0.004094
2.15714     0      0.004046
2.17143     0      0.004036
2.18571     0      0.004044
2.2     0      0.00401
2.21429     0      0.004006
2.22857     0      0.004
2.24286     0      0.00394
2.25714     0      0.003966
2.27143     0      0.00394
2.28571     0      0.003926
2.3     0      0.003924
2.31429     0      0.003898
2.32857     0      0.003866
2.34286     0      0.00386
2.35714     0      0.003858
2.37143     0      0.00385
2.38571     0      0.00382
2.4     0      0.003816
2.41429     0      0.000178501
2.42857     0      2.13531e-16
2.44286     0      5.62578e-23
2.45714     0      1.49297e-29
2.47143     0      1.50234e-29
2.48571     0      4.3457e-30
2.5     0      0
2.51429     0      0
2.52857     0      0
2.54286     0      0
2.55714     0      0
2.57143     0      0
2.58571     0      0
2.6     0      0
2.61429     0      0
2.62857     0      0
2.64286     0      0
2.65714     0      0
2.67143     0      0
2.68571     0      0
2.7     0      0
2.71429     0      0
2.72857     0      0
2.74286     0      0
2.75714     0      0
2.77143     0      0
2.78571     0      0
2.8     0      0
2.81429     0      0
2.82857     0      0
2.84286     0      0
2.85714     0      0
2.87143     0      0
2.88571     0      0
2.9     0      0
2.91429     0      0
2.92857     0      0
2.94286     0      0
2.95714     0      0
2.97143     0      0
2.98571     0      0
3     0      0
3.01429     0      0
3.02857     0      0
3.04286     0      0
3.05714     0      0
3.07143     0      0
3.08571     0      0
3.1     0      0
3.11429     0      0
3.12857     0      0
3.14286     0      0
3.15714     0      0
3.17143     0      0
3.18571     0      0
3.2     0      0
3.21429     0      0
3.22857     0      0
3.24286     0      0
3.25714     0      0
3.27143     0      0
3.28571     0      0
3.3     0      0
3.31429     0      0
3.32857     0      0
3.34286     0      0
3.35714     0      0
3.37143     0      0
3.38571     0      0
3.4     0      0
3.41429     0      0
3.42857     0      0
3.44286     0      0
3.45714     0      0
3.47143     0      0
3.48571     0      0
3.5     0      0
3.51429     0      0
3.52857     0      0
3.54286     0      0
3.55714     0      0
3.57143     0      0
3.58571     0      0
3.6     0      0
3.61429     0      0
3.62857     0      0
3.64286     0      0
3.65714     0      0
3.67143     0      0
3.68571     0      0
3.7     0      0
3.71429     0      0
3.72857     0      0
3.74286     0      0
3.75714     0      0
3.77143     0      0
3.78571     0      0
3.8     0      0
3.81429     0      0
3.82857     0      0
3.84286     0      0
3.85714     0      0
3.87143     0      0
3.88571     0      0
3.9     0      0
3.91429     0      0
3.92857     0      0
3.94286     0      0
3.95714     0      0
3.97143     0      0
3.98571     0      0
4     0      0
4.01429     0      0
4.02857     0      0
4.04286     0      0
4.05714     0      0
4.07143     0      0
4.08571     0      0
4.1     0      0
4.11429     0      0
4.12857     0      0
4.14286     0      0
4.15714     0      0
4.17143     0      0
4.18571     0      0
4.2     0      0
4.21429     0      0
4.22857     0      0
4.24286     0      0
4.25714     0      0
4.27143     0      0
4.28571     0      0
4.3     0      0
4.31429     0      0
4.32857     0      0
4.34286     0      0
4.35714     0      0
4.37143     0      0
4.38571     0      0
4.4     0      0
4.41429     0      0
4.42857     0      0
4.44286     0      0
4.45714     0      0
4.47143     0      0
4.48571     0      0
4.5     0      0
4.51429     0      0
4.52857     0      0
4.54286     0      0
4.55714     0      0
4.57143     0      0
4.58571     0      0
4.6     0      0
4.61429     0      0
4.62857     0      0
4.64286     0      0
4.65714     0      0
4.67143     0      0
4.68571     0      0
4.7     0      0
4.71429     0      0
4.72857     0      0
4.74286     0      0
4.75714     0      0
4.77143     0      0
4.78571     0      0
4.8     0      0
4.81429     0      0
4.82857     0      0
4.84286     0      0
4.85714     0      0
4.87143     0      0
4.88571     0      0
4.9     0      0
4.91429     0      0
4.92857     0      0
4.94286     0      0
4.95714     0      0
4.97143     0      0
4.98571     0      0
