# U,mu,nA_up, nA_dn, nB_up, nB_dn, ms, mf, ntotal,mu,cint
#energy    dos_upn   dos_upp   dos_dnn  dos_dnp GRID=1000 bin=700
-5     0      0
-4.98571     0      0
-4.97143     0      0
-4.95714     0      0
-4.94286     0      0
-4.92857     0      0
-4.91429     0      0
-4.9     0      0
-4.88571     0      0
-4.87143     0      0
-4.85714     0      0
-4.84286     0      0
-4.82857     0      0
-4.81429     0      0
-4.8     0      0
-4.78571     0      0
-4.77143     0      0
-4.75714     0      0
-4.74286     0      0
-4.72857     0      0
-4.71429     0      0
-4.7     0      0
-4.68571     0      0
-4.67143     0      0
-4.65714     0      0
-4.64286     0      0
-4.62857     0      0
-4.61429     0      0
-4.6     0      0
-4.58571     0      0
-4.57143     0      0
-4.55714     0      0
-4.54286     0      0
-4.52857     0      0
-4.51429     0      0
-4.5     0      0
-4.48571     0      0
-4.47143     0      0
-4.45714     0      0
-4.44286     0      0
-4.42857     0      0
-4.41429     0      0
-4.4     0      0
-4.38571     0      0
-4.37143     0      0
-4.35714     0      0
-4.34286     0      0
-4.32857     0      0
-4.31429     0      0
-4.3     0      0
-4.28571     0      0
-4.27143     0      0
-4.25714     0      0
-4.24286     0      0
-4.22857     0      0
-4.21429     0      0
-4.2     0      0
-4.18571     0      0
-4.17143     0      0
-4.15714     0      0
-4.14286     0      0
-4.12857     0      0
-4.11429     0      0
-4.1     0      0
-4.08571     0      0
-4.07143     0      0
-4.05714     0      0
-4.04286     0      0
-4.02857     0      0
-4.01429     0      0
-4     0      0
-3.98571     0      0
-3.97143     0      0
-3.95714     0      0
-3.94286     0      0
-3.92857     0      0
-3.91429     0      0
-3.9     0      0
-3.88571     0      0
-3.87143     0      0
-3.85714     0      0
-3.84286     0      0
-3.82857     0      0
-3.81429     0      0
-3.8     0      0
-3.78571     0      0
-3.77143     0      0
-3.75714     0      0
-3.74286     0      0
-3.72857     0      0
-3.71429     0      0
-3.7     0      0
-3.68571     0      0
-3.67143     0      0
-3.65714     0      0
-3.64286     0      0
-3.62857     0      0
-3.61429     0      0
-3.6     0      0
-3.58571     0      0
-3.57143     0      0
-3.55714     0      0
-3.54286     0      0
-3.52857     0      0
-3.51429     0      0
-3.5     0      0
-3.48571     0      0
-3.47143     0      0
-3.45714     0      0
-3.44286     0      0
-3.42857     0      0
-3.41429     0      0
-3.4     0      0
-3.38571     0      0
-3.37143     0      0
-3.35714     0      0
-3.34286     0      0
-3.32857     0      0
-3.31429     0      0
-3.3     0      0
-3.28571     0      0
-3.27143     0      0
-3.25714     0      0
-3.24286     0      0
-3.22857     0      0
-3.21429     0      0
-3.2     0      0
-3.18571     0      0
-3.17143     0      0
-3.15714     0      0
-3.14286     0      0
-3.12857     0      0
-3.11429     0      0
-3.1     0      0
-3.08571     0      0
-3.07143     0      0
-3.05714     0      0
-3.04286     0      0
-3.02857     0      0
-3.01429     0      0
-3     0      0
-2.98571     0      0
-2.97143     0      0
-2.95714     0      0
-2.94286     0      0
-2.92857     0      0
-2.91429     0      0
-2.9     0      0
-2.88571     0      0
-2.87143     0      0
-2.85714     0      0
-2.84286     0      0
-2.82857     0      0
-2.81429     0      0
-2.8     0      0
-2.78571     0      0
-2.77143     0      0
-2.75714     0      0
-2.74286     0      0
-2.72857     0      0
-2.71429     0      0
-2.7     0      0
-2.68571     0      0
-2.67143     0      0
-2.65714     0      0
-2.64286     0      0
-2.62857     0      0
-2.61429     0      0
-2.6     0      0
-2.58571     0      0
-2.57143     0      0
-2.55714     0      0
-2.54286     0      0
-2.52857     0      0
-2.51429     0      0
-2.5     0      0
-2.48571     0      0
-2.47143     0      0
-2.45714     0      0
-2.44286     0      0
-2.42857     0      0
-2.41429     0      0
-2.4     0      0
-2.38571     0      0
-2.37143     0      0
-2.35714     0      0
-2.34286     0      0
-2.32857     0      0
-2.31429     0      0
-2.3     0      0
-2.28571     0      0
-2.27143     0      0
-2.25714     0      0
-2.24286     0      0
-2.22857     0      0
-2.21429     0      0
-2.2     0      0
-2.18571     0      0
-2.17143     0      0
-2.15714     0      0
-2.14286     0      0
-2.12857     0      0
-2.11429     0      0
-2.1     0      0
-2.08571     0      0
-2.07143     0      0
-2.05714     0      0
-2.04286     1.7786e-70      0
-2.02857     5.64384e-69      0
-2.01429     9.86105e-64      0
-2     2.24686e-62      0
-1.98571     2.25525e-62      0
-1.97143     2.27509e-62      0
-1.95714     9.65121e-57      0
-1.94286     8.95691e-56      0
-1.92857     8.98743e-56      0
-1.91429     9.04541e-56      0
-1.9     7.81556e-50      0
-1.88571     3.57178e-49      0
-1.87143     3.59253e-49      0
-1.85714     3.58765e-49      0
-1.84286     5.33814e-43      0
-1.82857     1.42188e-42      0
-1.81429     1.43506e-42      0
-1.8     1.43506e-42      0
-1.78571     3.22119e-36      0
-1.77143     5.70703e-36      0
-1.75714     5.69141e-36      0
-1.74286     5.74805e-36      0
-1.72857     1.8127e-29      0
-1.71429     2.275e-29      0
-1.7     2.27891e-29      0
-1.68571     5.66409e-24      0
-1.67143     9.04063e-23      0
-1.65714     9.1e-23      0
-1.64286     9.10313e-23      0
-1.62857     1.26906e-16      0
-1.61429     3.625e-16      0
-1.6     3.63375e-16      0
-1.58571     3.63875e-16      0
-1.57143     9.64125e-10      0
-1.55714     0.0015945      0
-1.54286     0.005774      0
-1.52857     0.00579      0
-1.51429     0.005804      0
-1.5     0.005812      0
-1.48571     0.005862      0
-1.47143     0.005876      0
-1.45714     0.0059      0
-1.44286     0.00591      0
-1.42857     0.005944      0
-1.41429     0.00597      0
-1.4     0.00598      0
-1.38571     0.006016      0
-1.37143     0.006034      0
-1.35714     0.006058      0
-1.34286     0.006094      0
-1.32857     0.0061      0
-1.31429     0.006146      0
-1.3     0.006178      0
-1.28571     0.006202      0
-1.27143     0.006204      0
-1.25714     0.006254      0
-1.24286     0.006288      0
-1.22857     0.006298      0
-1.21429     0.006332      0
-1.2     0.006358      0
-1.18571     0.006378      0
-1.17143     0.00644      0
-1.15714     0.006438      0
-1.14286     0.006508      0
-1.12857     0.006494      0
-1.11429     0.006568      0
-1.1     0.006602      0
-1.08571     0.006616      0
-1.07143     0.006636      0
-1.05714     0.00669      0
-1.04286     0.00675      0
-1.02857     0.006756      0
-1.01429     0.006822      0
-1     0.00682      0
-0.985714     0.006886      0
-0.971429     0.006912      0
-0.957143     0.006966      0
-0.942857     0.00698      0
-0.928571     0.00707      0
-0.914286     0.0071      0
-0.9     0.007126      0
-0.885714     0.007214      0
-0.871429     0.007212      0
-0.857143     0.007314      0
-0.842857     0.007286      0
-0.828571     0.007414      0
-0.814286     0.007454      0
-0.8     0.007454      0
-0.785714     0.007576      0
-0.771429     0.007614      0
-0.757143     0.00765      0
-0.742857     0.007718      0
-0.728571     0.00779      0
-0.714286     0.00783      0
-0.7     0.007902      0
-0.685714     0.008034      0
-0.671429     0.00807      0
-0.657143     0.008134      0
-0.642857     0.008218      0
-0.628571     0.008306      0
-0.614286     0.008362      0
-0.6     0.008488      0
-0.585714     0.008512      0
-0.571429     0.008694      0
-0.557143     0.008792      0
-0.542857     0.00881      0
-0.528571     0.009004      0
-0.514286     0.00912      0
-0.5     0.009198      0
-0.485714     0.009342      0
-0.471429     0.009504      0
-0.457143     0.009668      0
-0.442857     0.009806      0
-0.428571     0.01      0
-0.414286     0.010136      0
-0.4     0.010426      0
-0.385714     0.010602      0
-0.371429     0.010842      0
-0.357143     0.01116      0
-0.342857     0.011344      0
-0.328571     0.01189      0
-0.314286     0.012222      0
-0.3     0.012594      0
-0.285714     0.013334      0
-0.271429     0.014042      0
-0.257143     0.014888      0
-0.242857     0.015992      0
-0.228571     0.01822      0
-0.214286     0.0224465      0
-0.2     0.0551      0
-0.185714     0.028588      0
-0.171429     0.021402      0
-0.157143     0.017882      0
-0.142857     0.015624      0
-0.128571     0.013938      0
-0.114286     0.01266      0
-0.1     0.011684      0
-0.0857143     0.010816      0
-0.0714286     0.010026      0
-0.0571429     0.009374      0
-0.0428571     0.008826      0
-0.0285714     0.008314      0
-0.0142857     0.007801      0
0     0      0
0.0142857     0      0
0.0285714     0      0
0.0428571     0      0
0.0571429     0      0
0.0714286     0      0
0.0857143     0      0
0.1     0      5.32627e-70
0.114286     0      2.46601e-62
0.128571     0      7.2815e-62
0.142857     0      2.37984e-55
0.157143     0      1.53961e-49
0.171429     0      1.18408e-48
0.185714     0      1.86731e-42
0.2     0      4.46924e-42
0.214286     0      1.0104e-35
0.228571     0      1.73242e-35
0.242857     0      4.28379e-29
0.257143     0      6.79297e-29
0.271429     0      1.50945e-22
0.285714     0      2.71375e-22
0.3     0      4.05656e-16
0.314286     0      1.10838e-15
0.328571     0      3.03126e-10
0.342857     0      0.0186085
0.357143     0      0.01549
0.371429     0      0.0141
0.385714     0      0.013282
0.4     0      0.012834
0.414286     0      0.012538
0.428571     0      0.012414
0.442857     0      0.012454
0.457143     0      0.012532
0.471429     0      0.012754
0.485714     0      0.013204
0.5     0      0.01367
0.514286     0      0.014788
0.528571     0      0.017722
0.542857     0      0.017811
0.557143     0      0.014362
0.571429     0      0.012946
0.585714     0      0.012096
0.6     0      0.011476
0.614286     0      0.010898
0.628571     0      0.010518
0.642857     0      0.010112
0.657143     0      0.009868
0.671429     0      0.009558
0.685714     0      0.0093
0.7     0      0.009088
0.714286     0      0.008952
0.728571     0      0.008652
0.742857     0      0.008556
0.757143     0      0.008336
0.771429     0      0.008256
0.785714     0      0.00813
0.8     0      0.007958
0.814286     0      0.007852
0.828571     0      0.007704
0.842857     0      0.007628
0.857143     0      0.007504
0.871429     0      0.007476
0.885714     0      0.007324
0.9     0      0.00723
0.914286     0      0.007188
0.928571     0      0.007056
0.942857     0      0.007024
0.957143     0      0.0069
0.971429     0      0.006842
0.985714     0      0.006806
1     0      0.006758
1.01429     0      0.006604
1.02857     0      0.006598
1.04286     0      0.006536
1.05714     0      0.00646
1.07143     0      0.006394
1.08571     0      0.00634
1.1     0      0.006322
1.11429     0      0.006268
1.12857     0      0.006206
1.14286     0      0.00614
1.15714     0      0.006076
1.17143     0      0.006078
1.18571     0      0.005992
1.2     0      0.005978
1.21429     0      0.00592
1.22857     0      0.00587
1.24286     0      0.005828
1.25714     0      0.005772
1.27143     0      0.005736
1.28571     0      0.005704
1.3     0      0.005678
1.31429     0      0.005632
1.32857     0      0.005594
1.34286     0      0.005572
1.35714     0      0.005526
1.37143     0      0.005496
1.38571     0      0.005464
1.4     0      0.00539
1.41429     0      0.00537
1.42857     0      0.005342
1.44286     0      0.005344
1.45714     0      0.005278
1.47143     0      0.005258
1.48571     0      0.005216
1.5     0      0.005202
1.51429     0      0.005148
1.52857     0      0.005142
1.54286     0      0.005092
1.55714     0      0.00509
1.57143     0      0.00506
1.58571     0      0.00503
1.6     0      0.004966
1.61429     0      0.004996
1.62857     0      0.004926
1.64286     0      0.004918
1.65714     0      0.00488
1.67143     0      0.004886
1.68571     0      0.004806
1.7     0      0.004816
1.71429     0      0.004794
1.72857     0      0.00479
1.74286     0      0.00475
1.75714     0      0.004732
1.77143     0      0.004652
1.78571     0      0.004682
1.8     0      0.004662
1.81429     0      0.004624
1.82857     0      0.004598
1.84286     0      0.00457
1.85714     0      0.004608
1.87143     0      0.004506
1.88571     0      0.004526
1.9     0      0.004512
1.91429     0      0.004478
1.92857     0      0.004436
1.94286     0      0.004484
1.95714     0      0.004402
1.97143     0      0.00442
1.98571     0      0.004386
2     0      0.004334
2.01429     0      0.004352
2.02857     0      0.004336
2.04286     0      0.004302
2.05714     0      0.004284
2.07143     0      0.004266
2.08571     0      0.004244
2.1     0      0.004246
2.11429     0      0.00424
2.12857     0      0.004156
2.14286     0      0.004222
2.15714     0      0.00414
2.17143     0      0.004152
2.18571     0      0.004156
2.2     0      0.004102
2.21429     0      0.0041
2.22857     0      0.004088
2.24286     0      0.004036
2.25714     0      0.004092
2.27143     0      0.003996
2.28571     0      0.00404
2.3     0      0.004004
2.31429     0      0.003982
2.32857     0      0.003988
2.34286     0      0.003946
2.35714     0      0.00394
2.37143     0      0.003936
2.38571     0      0.003914
2.4     0      0.003902
2.41429     0      0.003884
2.42857     0      0.003876
2.44286     0      0.003856
2.45714     0      0.003822
2.47143     0      0.003846
2.48571     0      0.0011125
2.5     0      0
2.51429     0      0
2.52857     0      0
2.54286     0      0
2.55714     0      0
2.57143     0      0
2.58571     0      0
2.6     0      0
2.61429     0      0
2.62857     0      0
2.64286     0      0
2.65714     0      0
2.67143     0      0
2.68571     0      0
2.7     0      0
2.71429     0      0
2.72857     0      0
2.74286     0      0
2.75714     0      0
2.77143     0      0
2.78571     0      0
2.8     0      0
2.81429     0      0
2.82857     0      0
2.84286     0      0
2.85714     0      0
2.87143     0      0
2.88571     0      0
2.9     0      0
2.91429     0      0
2.92857     0      0
2.94286     0      0
2.95714     0      0
2.97143     0      0
2.98571     0      0
3     0      0
3.01429     0      0
3.02857     0      0
3.04286     0      0
3.05714     0      0
3.07143     0      0
3.08571     0      0
3.1     0      0
3.11429     0      0
3.12857     0      0
3.14286     0      0
3.15714     0      0
3.17143     0      0
3.18571     0      0
3.2     0      0
3.21429     0      0
3.22857     0      0
3.24286     0      0
3.25714     0      0
3.27143     0      0
3.28571     0      0
3.3     0      0
3.31429     0      0
3.32857     0      0
3.34286     0      0
3.35714     0      0
3.37143     0      0
3.38571     0      0
3.4     0      0
3.41429     0      0
3.42857     0      0
3.44286     0      0
3.45714     0      0
3.47143     0      0
3.48571     0      0
3.5     0      0
3.51429     0      0
3.52857     0      0
3.54286     0      0
3.55714     0      0
3.57143     0      0
3.58571     0      0
3.6     0      0
3.61429     0      0
3.62857     0      0
3.64286     0      0
3.65714     0      0
3.67143     0      0
3.68571     0      0
3.7     0      0
3.71429     0      0
3.72857     0      0
3.74286     0      0
3.75714     0      0
3.77143     0      0
3.78571     0      0
3.8     0      0
3.81429     0      0
3.82857     0      0
3.84286     0      0
3.85714     0      0
3.87143     0      0
3.88571     0      0
3.9     0      0
3.91429     0      0
3.92857     0      0
3.94286     0      0
3.95714     0      0
3.97143     0      0
3.98571     0      0
4     0      0
4.01429     0      0
4.02857     0      0
4.04286     0      0
4.05714     0      0
4.07143     0      0
4.08571     0      0
4.1     0      0
4.11429     0      0
4.12857     0      0
4.14286     0      0
4.15714     0      0
4.17143     0      0
4.18571     0      0
4.2     0      0
4.21429     0      0
4.22857     0      0
4.24286     0      0
4.25714     0      0
4.27143     0      0
4.28571     0      0
4.3     0      0
4.31429     0      0
4.32857     0      0
4.34286     0      0
4.35714     0      0
4.37143     0      0
4.38571     0      0
4.4     0      0
4.41429     0      0
4.42857     0      0
4.44286     0      0
4.45714     0      0
4.47143     0      0
4.48571     0      0
4.5     0      0
4.51429     0      0
4.52857     0      0
4.54286     0      0
4.55714     0      0
4.57143     0      0
4.58571     0      0
4.6     0      0
4.61429     0      0
4.62857     0      0
4.64286     0      0
4.65714     0      0
4.67143     0      0
4.68571     0      0
4.7     0      0
4.71429     0      0
4.72857     0      0
4.74286     0      0
4.75714     0      0
4.77143     0      0
4.78571     0      0
4.8     0      0
4.81429     0      0
4.82857     0      0
4.84286     0      0
4.85714     0      0
4.87143     0      0
4.88571     0      0
4.9     0      0
4.91429     0      0
4.92857     0      0
4.94286     0      0
4.95714     0      0
4.97143     0      0
4.98571     0      0
