# U,mu,nA_up, nA_dn, nB_up, nB_dn, ms, mf, ntotal,mu,cint
#energy    dos_upn   dos_upp   dos_dnn  dos_dnp GRID=1000 bin=700
-5     0      0
-4.98571     0      0
-4.97143     0      0
-4.95714     0      0
-4.94286     0      0
-4.92857     0      0
-4.91429     0      0
-4.9     0      0
-4.88571     0      0
-4.87143     0      0
-4.85714     0      0
-4.84286     0      0
-4.82857     0      0
-4.81429     0      0
-4.8     0      0
-4.78571     0      0
-4.77143     0      0
-4.75714     0      0
-4.74286     0      0
-4.72857     0      0
-4.71429     0      0
-4.7     0      0
-4.68571     0      0
-4.67143     0      0
-4.65714     0      0
-4.64286     0      0
-4.62857     0      0
-4.61429     0      0
-4.6     0      0
-4.58571     0      0
-4.57143     0      0
-4.55714     0      0
-4.54286     0      0
-4.52857     0      0
-4.51429     0      0
-4.5     0      0
-4.48571     0      0
-4.47143     0      0
-4.45714     0      0
-4.44286     0      0
-4.42857     0      0
-4.41429     0      0
-4.4     0      0
-4.38571     0      0
-4.37143     0      0
-4.35714     0      0
-4.34286     0      0
-4.32857     0      0
-4.31429     0      0
-4.3     0      0
-4.28571     0      0
-4.27143     0      0
-4.25714     0      0
-4.24286     0      0
-4.22857     0      0
-4.21429     0      0
-4.2     0      0
-4.18571     0      0
-4.17143     0      0
-4.15714     0      0
-4.14286     0      0
-4.12857     0      0
-4.11429     0      0
-4.1     0      0
-4.08571     0      0
-4.07143     0      0
-4.05714     0      0
-4.04286     0      0
-4.02857     0      0
-4.01429     0      0
-4     0      0
-3.98571     0      0
-3.97143     0      0
-3.95714     0      0
-3.94286     0      0
-3.92857     0      0
-3.91429     0      0
-3.9     0      0
-3.88571     0      0
-3.87143     0      0
-3.85714     0      0
-3.84286     0      0
-3.82857     0      0
-3.81429     0      0
-3.8     0      0
-3.78571     0      0
-3.77143     0      0
-3.75714     0      0
-3.74286     0      0
-3.72857     0      0
-3.71429     0      0
-3.7     0      0
-3.68571     0      0
-3.67143     0      0
-3.65714     0      0
-3.64286     0      0
-3.62857     0      0
-3.61429     0      0
-3.6     0      0
-3.58571     0      0
-3.57143     0      0
-3.55714     0      0
-3.54286     0      0
-3.52857     0      0
-3.51429     0      0
-3.5     0      0
-3.48571     0      0
-3.47143     0      0
-3.45714     0      0
-3.44286     0      0
-3.42857     0      0
-3.41429     0      0
-3.4     0      0
-3.38571     0      0
-3.37143     0      0
-3.35714     0      0
-3.34286     0      0
-3.32857     0      0
-3.31429     0      0
-3.3     0      0
-3.28571     0      0
-3.27143     0      0
-3.25714     0      0
-3.24286     0      0
-3.22857     0      0
-3.21429     0      0
-3.2     0      0
-3.18571     0      0
-3.17143     0      0
-3.15714     0      0
-3.14286     0      0
-3.12857     0      0
-3.11429     0      0
-3.1     0      0
-3.08571     0      0
-3.07143     0      0
-3.05714     0      0
-3.04286     0      0
-3.02857     0      0
-3.01429     0      0
-3     0      0
-2.98571     0      0
-2.97143     0      0
-2.95714     0      0
-2.94286     0      0
-2.92857     0      0
-2.91429     0      0
-2.9     0      0
-2.88571     0      0
-2.87143     0      0
-2.85714     0      0
-2.84286     0      0
-2.82857     0      0
-2.81429     0      0
-2.8     0      0
-2.78571     0      0
-2.77143     0      0
-2.75714     0      0
-2.74286     0      0
-2.72857     0      0
-2.71429     0      0
-2.7     0      0
-2.68571     0      0
-2.67143     0      0
-2.65714     0      0
-2.64286     0      0
-2.62857     0      0
-2.61429     0      0
-2.6     0      0
-2.58571     0      0
-2.57143     0      0
-2.55714     0      0
-2.54286     0      0
-2.52857     0      0
-2.51429     0      0
-2.5     0      0
-2.48571     0      0
-2.47143     0      0
-2.45714     0      0
-2.44286     0      0
-2.42857     0      0
-2.41429     0      0
-2.4     0      0
-2.38571     0      0
-2.37143     0      0
-2.35714     0      0
-2.34286     0      0
-2.32857     0      0
-2.31429     0      0
-2.3     0      0
-2.28571     0      0
-2.27143     0      0
-2.25714     0      0
-2.24286     0      0
-2.22857     0      0
-2.21429     0      0
-2.2     0      0
-2.18571     0      0
-2.17143     0      0
-2.15714     0      0
-2.14286     0      0
-2.12857     0      0
-2.11429     0      0
-2.1     0      0
-2.08571     0      0
-2.07143     0      0
-2.05714     0      0
-2.04286     1.73692e-103      0
-2.02857     5.51157e-102      0
-2.01429     9.62993e-97      0
-2     2.1942e-95      0
-1.98571     2.20239e-95      0
-1.97143     2.22176e-95      0
-1.95714     9.42501e-90      0
-1.94286     8.74698e-89      0
-1.92857     8.77679e-89      0
-1.91429     8.83341e-89      0
-1.9     7.63238e-83      0
-1.88571     3.48806e-82      0
-1.87143     3.50833e-82      0
-1.85714     3.50356e-82      0
-1.84286     5.21303e-76      0
-1.82857     1.38855e-75      0
-1.81429     1.40142e-75      0
-1.8     1.40142e-75      0
-1.78571     3.1457e-69      0
-1.77143     5.57327e-69      0
-1.75714     5.55802e-69      0
-1.74286     5.61333e-69      0
-1.72857     1.77021e-62      0
-1.71429     2.22168e-62      0
-1.7     2.22549e-62      0
-1.68571     5.53133e-57      0
-1.67143     8.82874e-56      0
-1.65714     8.88672e-56      0
-1.64286     8.88977e-56      0
-1.62857     0.0004665      0
-1.61429     0.005722      0
-1.6     0.005752      0
-1.58571     0.005772      0
-1.57143     0.005796      0
-1.55714     0.005814      0
-1.54286     0.005828      0
-1.52857     0.005852      0
-1.51429     0.005866      0
-1.5     0.005912      0
-1.48571     0.005914      0
-1.47143     0.00593      0
-1.45714     0.005982      0
-1.44286     0.005982      0
-1.42857     0.006014      0
-1.41429     0.006022      0
-1.4     0.00609      0
-1.38571     0.00606      0
-1.37143     0.006118      0
-1.35714     0.00612      0
-1.34286     0.006194      0
-1.32857     0.006142      0
-1.31429     0.006246      0
-1.3     0.006244      0
-1.28571     0.00627      0
-1.27143     0.006286      0
-1.25714     0.00631      0
-1.24286     0.006374      0
-1.22857     0.00639      0
-1.21429     0.006388      0
-1.2     0.006462      0
-1.18571     0.006476      0
-1.17143     0.00651      0
-1.15714     0.006516      0
-1.14286     0.00656      0
-1.12857     0.00662      0
-1.11429     0.006664      0
-1.1     0.00664      0
-1.08571     0.006702      0
-1.07143     0.006752      0
-1.05714     0.006776      0
-1.04286     0.00681      0
-1.02857     0.00682      0
-1.01429     0.00691      0
-1     0.006934      0
-0.985714     0.006972      0
-0.971429     0.006972      0
-0.957143     0.007094      0
-0.942857     0.00705      0
-0.928571     0.007192      0
-0.914286     0.007154      0
-0.9     0.00723      0
-0.885714     0.007264      0
-0.871429     0.007322      0
-0.857143     0.00735      0
-0.842857     0.007434      0
-0.828571     0.007456      0
-0.814286     0.007538      0
-0.8     0.00756      0
-0.785714     0.007654      0
-0.771429     0.00766      0
-0.757143     0.007762      0
-0.742857     0.00783      0
-0.728571     0.007854      0
-0.714286     0.007978      0
-0.7     0.007962      0
-0.685714     0.008074      0
-0.671429     0.008146      0
-0.657143     0.008226      0
-0.642857     0.008304      0
-0.628571     0.008378      0
-0.614286     0.008386      0
-0.6     0.00857      0
-0.585714     0.00862      0
-0.571429     0.00874      0
-0.557143     0.008768      0
-0.542857     0.008962      0
-0.528571     0.008994      0
-0.514286     0.009194      0
-0.5     0.009216      0
-0.485714     0.009416      0
-0.471429     0.009522      0
-0.457143     0.009652      0
-0.442857     0.009844      0
-0.428571     0.009964      0
-0.414286     0.010112      0
-0.4     0.01041      0
-0.385714     0.010532      0
-0.371429     0.01073      0
-0.357143     0.011148      0
-0.342857     0.011294      0
-0.328571     0.011592      0
-0.314286     0.01215      0
-0.3     0.012428      0
-0.285714     0.012792      0
-0.271429     0.013912      0
-0.257143     0.01442      0
-0.242857     0.015854      0
-0.228571     0.017652      0
-0.214286     0.0222165      0
-0.2     0.04882      0
-0.185714     0.024372      0
-0.171429     0.018506      0
-0.157143     0.015538      0
-0.142857     0.013586      0
-0.128571     0.012186      0
-0.114286     0.01106      0
-0.1     0.010114      0
-0.0857143     0.009354      0
-0.0714286     0.008664      0
-0.0571429     0.008104      0
-0.0428571     0.00752      0
-0.0285714     0.007056      0
-0.0142857     0.006605      0
0     0      0
0.0142857     0      0
0.0285714     0      0
0.0428571     0      0
0.0571429     0      0
0.0714286     0      0
0.0857143     0      0
0.1     0      5.20144e-103
0.114286     0      2.40822e-95
0.128571     0      7.11084e-95
0.142857     0      2.32406e-88
0.157143     0      1.50353e-82
0.171429     0      1.15633e-81
0.185714     0      0.0155905
0.2     0      0.014602
0.214286     0      0.01301
0.228571     0      0.01224
0.242857     0      0.011764
0.257143     0      0.011472
0.271429     0      0.011382
0.285714     0      0.011348
0.3     0      0.011474
0.314286     0      0.011644
0.328571     0      0.012004
0.342857     0      0.012456
0.357143     0      0.013314
0.371429     0      0.015254
0.385714     0      0.016921
0.4     0      0.013388
0.414286     0      0.012248
0.428571     0      0.011496
0.442857     0      0.010954
0.457143     0      0.010414
0.471429     0      0.010134
0.485714     0      0.009776
0.5     0      0.00954
0.514286     0      0.009274
0.528571     0      0.009108
0.542857     0      0.008868
0.557143     0      0.008718
0.571429     0      0.008528
0.585714     0      0.00845
0.6     0      0.00828
0.614286     0      0.008104
0.628571     0      0.008028
0.642857     0      0.007896
0.657143     0      0.0078
0.671429     0      0.007688
0.685714     0      0.007576
0.7     0      0.007516
0.714286     0      0.007456
0.728571     0      0.007284
0.742857     0      0.007236
0.757143     0      0.007196
0.771429     0      0.007104
0.785714     0      0.006996
0.8     0      0.006926
0.814286     0      0.006928
0.828571     0      0.006834
0.842857     0      0.006726
0.857143     0      0.006664
0.871429     0      0.006666
0.885714     0      0.006568
0.9     0      0.006528
0.914286     0      0.006446
0.928571     0      0.00642
0.942857     0      0.006324
0.957143     0      0.006338
0.971429     0      0.006252
0.985714     0      0.006188
1     0      0.006158
1.01429     0      0.006124
1.02857     0      0.006088
1.04286     0      0.005956
1.05714     0      0.006016
1.07143     0      0.00595
1.08571     0      0.005852
1.1     0      0.00588
1.11429     0      0.005818
1.12857     0      0.005812
1.14286     0      0.005724
1.15714     0      0.005692
1.17143     0      0.00566
1.18571     0      0.005614
1.2     0      0.005604
1.21429     0      0.00556
1.22857     0      0.005534
1.24286     0      0.005474
1.25714     0      0.005446
1.27143     0      0.005428
1.28571     0      0.005406
1.3     0      0.005356
1.31429     0      0.005348
1.32857     0      0.005286
1.34286     0      0.005246
1.35714     0      0.005222
1.37143     0      0.005208
1.38571     0      0.005194
1.4     0      0.005156
1.41429     0      0.005122
1.42857     0      0.0051
1.44286     0      0.005102
1.45714     0      0.00503
1.47143     0      0.005
1.48571     0      0.004976
1.5     0      0.004932
1.51429     0      0.004962
1.52857     0      0.004916
1.54286     0      0.004874
1.55714     0      0.004846
1.57143     0      0.004836
1.58571     0      0.004842
1.6     0      0.004782
1.61429     0      0.00477
1.62857     0      0.004746
1.64286     0      0.004722
1.65714     0      0.00469
1.67143     0      0.004688
1.68571     0      0.004626
1.7     0      0.004646
1.71429     0      0.004616
1.72857     0      0.004562
1.74286     0      0.00459
1.75714     0      0.004554
1.77143     0      0.00452
1.78571     0      0.004496
1.8     0      0.0045
1.81429     0      0.004462
1.82857     0      0.004462
1.84286     0      0.00441
1.85714     0      0.00442
1.87143     0      0.004358
1.88571     0      0.004388
1.9     0      0.004368
1.91429     0      0.004318
1.92857     0      0.004282
1.94286     0      0.00434
1.95714     0      0.004286
1.97143     0      0.00424
1.98571     0      0.004232
2     0      0.004242
2.01429     0      0.00421
2.02857     0      0.004194
2.04286     0      0.00415
2.05714     0      0.004158
2.07143     0      0.004152
2.08571     0      0.00415
2.1     0      0.004106
2.11429     0      0.004086
2.12857     0      0.004048
2.14286     0      0.004104
2.15714     0      0.00404
2.17143     0      0.004016
2.18571     0      0.004004
2.2     0      0.00402
2.21429     0      0.003984
2.22857     0      0.003962
2.24286     0      0.003948
2.25714     0      0.003966
2.27143     0      0.003932
2.28571     0      0.003882
2.3     0      0.003902
2.31429     0      0.003888
2.32857     0      0.00386
2.34286     0      0.003868
2.35714     0      0.003834
2.37143     0      0.00383
2.38571     0      0.003818
2.4     0      0.000882501
2.41429     0      4.46252e-11
2.42857     0      5.33828e-23
2.44286     0      1.40645e-29
2.45714     0      3.73242e-36
2.47143     0      3.75586e-36
2.48571     0      1.08643e-36
2.5     0      0
2.51429     0      0
2.52857     0      0
2.54286     0      0
2.55714     0      0
2.57143     0      0
2.58571     0      0
2.6     0      0
2.61429     0      0
2.62857     0      0
2.64286     0      0
2.65714     0      0
2.67143     0      0
2.68571     0      0
2.7     0      0
2.71429     0      0
2.72857     0      0
2.74286     0      0
2.75714     0      0
2.77143     0      0
2.78571     0      0
2.8     0      0
2.81429     0      0
2.82857     0      0
2.84286     0      0
2.85714     0      0
2.87143     0      0
2.88571     0      0
2.9     0      0
2.91429     0      0
2.92857     0      0
2.94286     0      0
2.95714     0      0
2.97143     0      0
2.98571     0      0
3     0      0
3.01429     0      0
3.02857     0      0
3.04286     0      0
3.05714     0      0
3.07143     0      0
3.08571     0      0
3.1     0      0
3.11429     0      0
3.12857     0      0
3.14286     0      0
3.15714     0      0
3.17143     0      0
3.18571     0      0
3.2     0      0
3.21429     0      0
3.22857     0      0
3.24286     0      0
3.25714     0      0
3.27143     0      0
3.28571     0      0
3.3     0      0
3.31429     0      0
3.32857     0      0
3.34286     0      0
3.35714     0      0
3.37143     0      0
3.38571     0      0
3.4     0      0
3.41429     0      0
3.42857     0      0
3.44286     0      0
3.45714     0      0
3.47143     0      0
3.48571     0      0
3.5     0      0
3.51429     0      0
3.52857     0      0
3.54286     0      0
3.55714     0      0
3.57143     0      0
3.58571     0      0
3.6     0      0
3.61429     0      0
3.62857     0      0
3.64286     0      0
3.65714     0      0
3.67143     0      0
3.68571     0      0
3.7     0      0
3.71429     0      0
3.72857     0      0
3.74286     0      0
3.75714     0      0
3.77143     0      0
3.78571     0      0
3.8     0      0
3.81429     0      0
3.82857     0      0
3.84286     0      0
3.85714     0      0
3.87143     0      0
3.88571     0      0
3.9     0      0
3.91429     0      0
3.92857     0      0
3.94286     0      0
3.95714     0      0
3.97143     0      0
3.98571     0      0
4     0      0
4.01429     0      0
4.02857     0      0
4.04286     0      0
4.05714     0      0
4.07143     0      0
4.08571     0      0
4.1     0      0
4.11429     0      0
4.12857     0      0
4.14286     0      0
4.15714     0      0
4.17143     0      0
4.18571     0      0
4.2     0      0
4.21429     0      0
4.22857     0      0
4.24286     0      0
4.25714     0      0
4.27143     0      0
4.28571     0      0
4.3     0      0
4.31429     0      0
4.32857     0      0
4.34286     0      0
4.35714     0      0
4.37143     0      0
4.38571     0      0
4.4     0      0
4.41429     0      0
4.42857     0      0
4.44286     0      0
4.45714     0      0
4.47143     0      0
4.48571     0      0
4.5     0      0
4.51429     0      0
4.52857     0      0
4.54286     0      0
4.55714     0      0
4.57143     0      0
4.58571     0      0
4.6     0      0
4.61429     0      0
4.62857     0      0
4.64286     0      0
4.65714     0      0
4.67143     0      0
4.68571     0      0
4.7     0      0
4.71429     0      0
4.72857     0      0
4.74286     0      0
4.75714     0      0
4.77143     0      0
4.78571     0      0
4.8     0      0
4.81429     0      0
4.82857     0      0
4.84286     0      0
4.85714     0      0
4.87143     0      0
4.88571     0      0
4.9     0      0
4.91429     0      0
4.92857     0      0
4.94286     0      0
4.95714     0      0
4.97143     0      0
4.98571     0      0
