# U,mu,nA_up, nA_dn, nB_up, nB_dn, ms, mf, ntotal,mu,cint
#energy    dos_upn   dos_upp   dos_dnn  dos_dnp GRID=1000 bin=700
-5     0      0
-4.98571     0      0
-4.97143     0      0
-4.95714     0      0
-4.94286     0      0
-4.92857     0      0
-4.91429     0      0
-4.9     0      0
-4.88571     0      0
-4.87143     0      0
-4.85714     0      0
-4.84286     0      0
-4.82857     0      0
-4.81429     0      0
-4.8     0      0
-4.78571     0      0
-4.77143     0      0
-4.75714     0      0
-4.74286     0      0
-4.72857     0      0
-4.71429     0      0
-4.7     0      0
-4.68571     0      0
-4.67143     0      0
-4.65714     0      0
-4.64286     0      0
-4.62857     0      0
-4.61429     0      0
-4.6     0      0
-4.58571     0      0
-4.57143     0      0
-4.55714     0      0
-4.54286     0      0
-4.52857     0      0
-4.51429     0      0
-4.5     0      0
-4.48571     0      0
-4.47143     0      0
-4.45714     0      0
-4.44286     0      0
-4.42857     0      0
-4.41429     0      0
-4.4     0      0
-4.38571     0      0
-4.37143     0      0
-4.35714     0      0
-4.34286     0      0
-4.32857     0      0
-4.31429     0      0
-4.3     0      0
-4.28571     0      0
-4.27143     0      0
-4.25714     0      0
-4.24286     0      0
-4.22857     0      0
-4.21429     0      0
-4.2     0      0
-4.18571     0      0
-4.17143     0      0
-4.15714     0      0
-4.14286     0      0
-4.12857     0      0
-4.11429     0      0
-4.1     0      0
-4.08571     0      0
-4.07143     0      0
-4.05714     0      0
-4.04286     0      0
-4.02857     0      0
-4.01429     0      0
-4     0      0
-3.98571     0      0
-3.97143     0      0
-3.95714     0      0
-3.94286     0      0
-3.92857     0      0
-3.91429     0      0
-3.9     0      0
-3.88571     0      0
-3.87143     0      0
-3.85714     0      0
-3.84286     0      0
-3.82857     0      0
-3.81429     0      0
-3.8     0      0
-3.78571     0      0
-3.77143     0      0
-3.75714     0      0
-3.74286     0      0
-3.72857     0      0
-3.71429     0      0
-3.7     0      0
-3.68571     0      0
-3.67143     0      0
-3.65714     0      0
-3.64286     0      0
-3.62857     0      0
-3.61429     0      0
-3.6     0      0
-3.58571     0      0
-3.57143     0      0
-3.55714     0      0
-3.54286     0      0
-3.52857     0      0
-3.51429     0      0
-3.5     0      0
-3.48571     0      0
-3.47143     0      0
-3.45714     0      0
-3.44286     0      0
-3.42857     0      0
-3.41429     0      0
-3.4     0      0
-3.38571     0      0
-3.37143     0      0
-3.35714     0      0
-3.34286     0      0
-3.32857     0      0
-3.31429     0      0
-3.3     0      0
-3.28571     0      0
-3.27143     0      0
-3.25714     0      0
-3.24286     0      0
-3.22857     0      0
-3.21429     0      0
-3.2     0      0
-3.18571     0      0
-3.17143     0      0
-3.15714     0      0
-3.14286     0      0
-3.12857     0      0
-3.11429     0      0
-3.1     0      0
-3.08571     0      0
-3.07143     0      0
-3.05714     0      0
-3.04286     0      0
-3.02857     0      0
-3.01429     0      0
-3     0      0
-2.98571     0      0
-2.97143     0      0
-2.95714     0      0
-2.94286     0      0
-2.92857     0      0
-2.91429     0      0
-2.9     0      0
-2.88571     0      0
-2.87143     0      0
-2.85714     0      0
-2.84286     0      0
-2.82857     0      0
-2.81429     0      0
-2.8     0      0
-2.78571     0      0
-2.77143     0      0
-2.75714     0      0
-2.74286     0      0
-2.72857     0      0
-2.71429     0      0
-2.7     0      0
-2.68571     0      0
-2.67143     0      0
-2.65714     0      0
-2.64286     0      0
-2.62857     0      0
-2.61429     0      0
-2.6     0      0
-2.58571     0      0
-2.57143     0      0
-2.55714     0      0
-2.54286     0      0
-2.52857     0      0
-2.51429     0      0
-2.5     0      0
-2.48571     0      0
-2.47143     0      0
-2.45714     0      0
-2.44286     0      0
-2.42857     0      0
-2.41429     0      0
-2.4     0      0
-2.38571     0      0
-2.37143     0      0
-2.35714     0      0
-2.34286     0      0
-2.32857     0      0
-2.31429     0      0
-2.3     0      0
-2.28571     0      0
-2.27143     0      0
-2.25714     0      0
-2.24286     0      0
-2.22857     0      0
-2.21429     0      0
-2.2     0      0
-2.18571     0      0
-2.17143     0      0
-2.15714     0      0
-2.14286     0      0
-2.12857     0      0
-2.11429     0      0
-2.1     0      0
-2.08571     0      0
-2.07143     0      0
-2.05714     0      0
-2.04286     0      0
-2.02857     0      0
-2.01429     0      0
-2     0      0
-1.98571     0      0
-1.97143     0      0
-1.95714     0      0
-1.94286     0      0
-1.92857     0      0
-1.91429     0      0
-1.9     0      0
-1.88571     0      0
-1.87143     0      0
-1.85714     0      0
-1.84286     0      0
-1.82857     0      0
-1.81429     0      0
-1.8     0      0
-1.78571     0      0
-1.77143     0      0
-1.75714     0      0
-1.74286     0      0
-1.72857     0      0
-1.71429     0      0
-1.7     0      0
-1.68571     0      0
-1.67143     0      0
-1.65714     0      0
-1.64286     0      0
-1.62857     0      0
-1.61429     0      0
-1.6     0      0
-1.58571     0      0
-1.57143     0      0
-1.55714     0      0
-1.54286     0      0
-1.52857     0      0
-1.51429     0      0
-1.5     0      0
-1.48571     0      0
-1.47143     0      0
-1.45714     0      0
-1.44286     0      0
-1.42857     0      0
-1.41429     0      0
-1.4     0      0
-1.38571     0      0
-1.37143     0      0
-1.35714     0      0
-1.34286     0      0
-1.32857     0      0
-1.31429     0      0
-1.3     0      0
-1.28571     0      0
-1.27143     0      0
-1.25714     0      0
-1.24286     0      0
-1.22857     0      0
-1.21429     0      0
-1.2     0      0
-1.18571     0      0
-1.17143     0      0
-1.15714     0      0
-1.14286     0      0
-1.12857     0      0
-1.11429     0      0
-1.1     0      0
-1.08571     0      0
-1.07143     0      0
-1.05714     0      0
-1.04286     0      0
-1.02857     0      0
-1.01429     0      0
-1     0      0
-0.985714     0      0
-0.971429     0      0
-0.957143     0      0
-0.942857     0      0
-0.928571     8.05312e-17      0
-0.914286     5.58156e-16      0
-0.9     1.9625e-15      0
-0.885714     1.91662e-15      0
-0.871429     3.92525e-09      0
-0.857143     7.563e-09      0
-0.842857     7.425e-09      0
-0.828571     0.0219265      0
-0.814286     0.0238325      0
-0.8     0.0289      0
-0.785714     0.02865      0
-0.771429     0.028622      0
-0.757143     0.028782      0
-0.742857     0.029046      0
-0.728571     0.029594      0
-0.714286     0.030296      0
-0.7     0.031474      0
-0.685714     0.033074      0
-0.671429     0.035474      0
-0.657143     0.040102      0
-0.642857     0.053524      0
-0.628571     0.040384      0
-0.614286     0.032882      0
-0.6     0.028622      0
-0.585714     0.02572      0
-0.571429     0.02358      0
-0.557143     0.02174      0
-0.542857     0.02028      0
-0.528571     0.018916      0
-0.514286     0.01785      0
-0.5     0.016878      0
-0.485714     0.016014      0
-0.471429     0.015198      0
-0.457143     0.014524      0
-0.442857     0.013866      0
-0.428571     0.013202      0
-0.414286     0.012748      0
-0.4     0.01216      0
-0.385714     0.011716      0
-0.371429     0.011322      0
-0.357143     0.010878      0
-0.342857     0.010464      0
-0.328571     0.010118      0
-0.314286     0.009732      0
-0.3     0.009444      0
-0.285714     0.009148      0
-0.271429     0.008824      0
-0.257143     0.008588      0
-0.242857     0.008256      0
-0.228571     0.008058      0
-0.214286     0.007742      0
-0.2     0.00758      0
-0.185714     0.00731      0
-0.171429     0.007138      0
-0.157143     0.006884      0
-0.142857     0.0067      0
-0.128571     0.006492      0
-0.114286     0.006358      0
-0.1     0.006106      0
-0.0857143     0.005954      0
-0.0714286     0.005796      0
-0.0571429     0.005606      0
-0.0428571     0.005454      0
-0.0285714     0.005324      0
-0.0142857     0.005147      0
0     0      0
0.0142857     0      3.31625e-10
0.0285714     0      0.0043985
0.0428571     0      0.005556
0.0571429     0      0.005498
0.0714286     0      0.00543
0.0857143     0      0.005348
0.1     0      0.005318
0.114286     0      0.005264
0.128571     0      0.005238
0.142857     0      0.005186
0.157143     0      0.005196
0.171429     0      0.005148
0.185714     0      0.00512
0.2     0      0.005144
0.214286     0      0.005092
0.228571     0      0.00514
0.242857     0      0.005094
0.257143     0      0.00507
0.271429     0      0.005168
0.285714     0      0.00509
0.3     0      0.00509
0.314286     0      0.005114
0.328571     0      0.005182
0.342857     0      0.005234
0.357143     0      0.005276
0.371429     0      0.004952
0.385714     0      0.005438
0.4     0      0.005212
0.414286     0      0.005258
0.428571     0      0.005276
0.442857     0      0.005336
0.457143     0      0.005414
0.471429     0      0.00544
0.485714     0      0.005472
0.5     0      0.00552
0.514286     0      0.005586
0.528571     0      0.005648
0.542857     0      0.005678
0.557143     0      0.005748
0.571429     0      0.005754
0.585714     0      0.00593
0.6     0      0.005954
0.614286     0      0.005992
0.628571     0      0.00612
0.642857     0      0.006258
0.657143     0      0.006332
0.671429     0      0.006416
0.685714     0      0.006614
0.7     0      0.006702
0.714286     0      0.006872
0.728571     0      0.00709
0.742857     0      0.007308
0.757143     0      0.007514
0.771429     0      0.007852
0.785714     0      0.008322
0.8     0      0.00893
0.814286     0      0.010228
0.828571     0      0.011763
0.842857     0      0.009348
0.857143     0      0.008574
0.871429     0      0.008084
0.885714     0      0.007674
0.9     0      0.007434
0.914286     0      0.00718
0.928571     0      0.006974
0.942857     0      0.006764
0.957143     0      0.006648
0.971429     0      0.006492
0.985714     0      0.006376
1     0      0.006214
1.01429     0      0.006158
1.02857     0      0.006036
1.04286     0      0.005956
1.05714     0      0.005846
1.07143     0      0.005778
1.08571     0      0.005678
1.1     0      0.005624
1.11429     0      0.005566
1.12857     0      0.005482
1.14286     0      0.005362
1.15714     0      0.005374
1.17143     0      0.005302
1.18571     0      0.005272
1.2     0      0.005124
1.21429     0      0.005154
1.22857     0      0.00507
1.24286     0      0.005034
1.25714     0      0.004962
1.27143     0      0.00497
1.28571     0      0.004916
1.3     0      0.004798
1.31429     0      0.004814
1.32857     0      0.004812
1.34286     0      0.004676
1.35714     0      0.00469
1.37143     0      0.004678
1.38571     0      0.004552
1.4     0      0.004606
1.41429     0      0.004588
1.42857     0      0.004458
1.44286     0      0.004478
1.45714     0      0.004436
1.47143     0      0.004418
1.48571     0      0.004382
1.5     0      0.004336
1.51429     0      0.004294
1.52857     0      0.004338
1.54286     0      0.004232
1.55714     0      0.004234
1.57143     0      0.004218
1.58571     0      0.00414
1.6     0      0.004178
1.61429     0      0.004124
1.62857     0      0.00409
1.64286     0      0.004074
1.65714     0      0.004032
1.67143     0      0.00401
1.68571     0      0.004022
1.7     0      0.003952
1.71429     0      0.003978
1.72857     0      0.003952
1.74286     0      0.003858
1.75714     0      0.003898
1.77143     0      0.003848
1.78571     0      0.003846
1.8     0      0.00383
1.81429     0      0.003804
1.82857     0      0.00377
1.84286     0      0.003778
1.85714     0      0.003728
1.87143     0      0.003698
1.88571     0      0.003726
1.9     0      0.00368
1.91429     0      0.00365
1.92857     0      0.003666
1.94286     0      0.003604
1.95714     0      0.003586
1.97143     0      0.003622
1.98571     0      0.003582
2     0      0.003516
2.01429     0      0.003538
2.02857     0      0.003566
2.04286     0      0.003476
2.05714     0      0.00347
2.07143     0      0.003474
2.08571     0      0.003478
2.1     0      0.003424
2.11429     0      0.00341
2.12857     0      0.003398
2.14286     0      0.003382
2.15714     0      0.003414
2.17143     0      0.003328
2.18571     0      0.003334
2.2     0      0.003334
2.21429     0      0.003352
2.22857     0      0.003294
2.24286     0      0.003286
2.25714     0      0.003272
2.27143     0      0.00325
2.28571     0      0.003234
2.3     0      0.00325
2.31429     0      0.003202
2.32857     0      0.00321
2.34286     0      0.003196
2.35714     0      0.003186
2.37143     0      0.003138
2.38571     0      0.003178
2.4     0      0.003118
2.41429     0      0.003146
2.42857     0      0.00312
2.44286     0      0.003094
2.45714     0      0.003094
2.47143     0      0.00307
2.48571     0      0.00308
2.5     0      0.003056
2.51429     0      0.003058
2.52857     0      0.003018
2.54286     0      0.003
2.55714     0      0.00303
2.57143     0      0.003
2.58571     0      0.002972
2.6     0      0.002978
2.61429     0      0.002978
2.62857     0      0.002946
2.64286     0      0.002942
2.65714     0      0.002926
2.67143     0      0.002918
2.68571     0      0.002922
2.7     0      0.002892
2.71429     0      0.002896
2.72857     0      0.00289
2.74286     0      0.002854
2.75714     0      0.002862
2.77143     0      0.002854
2.78571     0      0.002852
2.8     0      0.002816
2.81429     0      0.002798
2.82857     0      0.002814
2.84286     0      0.002798
2.85714     0      0.002814
2.87143     0      0.002794
2.88571     0      0.002776
2.9     0      0.002746
2.91429     0      0.002738
2.92857     0      0.002764
2.94286     0      0.002726
2.95714     0      0.00274
2.97143     0      0.002694
2.98571     0      0.00272
3     0      0.002702
3.01429     0      0.00268
3.02857     0      0.002682
3.04286     0      0.002682
3.05714     0      0.002672
3.07143     0      0.002664
3.08571     0      0.002634
3.1     0      0.002652
3.11429     0      0.002608
3.12857     0      0.002636
3.14286     0      0.002632
3.15714     0      0.002604
3.17143     0      0.002586
3.18571     0      0.002614
3.2     0      0.002566
3.21429     0      0.00258
3.22857     0      0.00257
3.24286     0      0.002556
3.25714     0      0.0002725
3.27143     0      0
3.28571     0      0
3.3     0      0
3.31429     0      0
3.32857     0      0
3.34286     0      0
3.35714     0      0
3.37143     0      0
3.38571     0      0
3.4     0      0
3.41429     0      0
3.42857     0      0
3.44286     0      0
3.45714     0      0
3.47143     0      0
3.48571     0      0
3.5     0      0
3.51429     0      0
3.52857     0      0
3.54286     0      0
3.55714     0      0
3.57143     0      0
3.58571     0      0
3.6     0      0
3.61429     0      0
3.62857     0      0
3.64286     0      0
3.65714     0      0
3.67143     0      0
3.68571     0      0
3.7     0      0
3.71429     0      0
3.72857     0      0
3.74286     0      0
3.75714     0      0
3.77143     0      0
3.78571     0      0
3.8     0      0
3.81429     0      0
3.82857     0      0
3.84286     0      0
3.85714     0      0
3.87143     0      0
3.88571     0      0
3.9     0      0
3.91429     0      0
3.92857     0      0
3.94286     0      0
3.95714     0      0
3.97143     0      0
3.98571     0      0
4     0      0
4.01429     0      0
4.02857     0      0
4.04286     0      0
4.05714     0      0
4.07143     0      0
4.08571     0      0
4.1     0      0
4.11429     0      0
4.12857     0      0
4.14286     0      0
4.15714     0      0
4.17143     0      0
4.18571     0      0
4.2     0      0
4.21429     0      0
4.22857     0      0
4.24286     0      0
4.25714     0      0
4.27143     0      0
4.28571     0      0
4.3     0      0
4.31429     0      0
4.32857     0      0
4.34286     0      0
4.35714     0      0
4.37143     0      0
4.38571     0      0
4.4     0      0
4.41429     0      0
4.42857     0      0
4.44286     0      0
4.45714     0      0
4.47143     0      0
4.48571     0      0
4.5     0      0
4.51429     0      0
4.52857     0      0
4.54286     0      0
4.55714     0      0
4.57143     0      0
4.58571     0      0
4.6     0      0
4.61429     0      0
4.62857     0      0
4.64286     0      0
4.65714     0      0
4.67143     0      0
4.68571     0      0
4.7     0      0
4.71429     0      0
4.72857     0      0
4.74286     0      0
4.75714     0      0
4.77143     0      0
4.78571     0      0
4.8     0      0
4.81429     0      0
4.82857     0      0
4.84286     0      0
4.85714     0      0
4.87143     0      0
4.88571     0      0
4.9     0      0
4.91429     0      0
4.92857     0      0
4.94286     0      0
4.95714     0      0
4.97143     0      0
4.98571     0      0
