# U,mu,nA_up, nA_dn, nB_up, nB_dn, ms, mf, ntotal,mu,cint
#energy    dos_upn   dos_upp   dos_dnn  dos_dnp GRID=1000 bin=700
-5     0      0
-4.98571     0      0
-4.97143     0      0
-4.95714     0      0
-4.94286     0      0
-4.92857     0      0
-4.91429     0      0
-4.9     0      0
-4.88571     0      0
-4.87143     0      0
-4.85714     0      0
-4.84286     0      0
-4.82857     0      0
-4.81429     0      0
-4.8     0      0
-4.78571     0      0
-4.77143     0      0
-4.75714     0      0
-4.74286     0      0
-4.72857     0      0
-4.71429     0      0
-4.7     0      0
-4.68571     0      0
-4.67143     0      0
-4.65714     0      0
-4.64286     0      0
-4.62857     0      0
-4.61429     0      0
-4.6     0      0
-4.58571     0      0
-4.57143     0      0
-4.55714     0      0
-4.54286     0      0
-4.52857     0      0
-4.51429     0      0
-4.5     0      0
-4.48571     0      0
-4.47143     0      0
-4.45714     0      0
-4.44286     0      0
-4.42857     0      0
-4.41429     0      0
-4.4     0      0
-4.38571     0      0
-4.37143     0      0
-4.35714     0      0
-4.34286     0      0
-4.32857     0      0
-4.31429     0      0
-4.3     0      0
-4.28571     0      0
-4.27143     0      0
-4.25714     0      0
-4.24286     0      0
-4.22857     0      0
-4.21429     0      0
-4.2     0      0
-4.18571     0      0
-4.17143     0      0
-4.15714     0      0
-4.14286     0      0
-4.12857     0      0
-4.11429     0      0
-4.1     0      0
-4.08571     0      0
-4.07143     0      0
-4.05714     0      0
-4.04286     0      0
-4.02857     0      0
-4.01429     0      0
-4     0      0
-3.98571     0      0
-3.97143     0      0
-3.95714     0      0
-3.94286     0      0
-3.92857     0      0
-3.91429     0      0
-3.9     0      0
-3.88571     0      0
-3.87143     0      0
-3.85714     0      0
-3.84286     0      0
-3.82857     0      0
-3.81429     0      0
-3.8     0      0
-3.78571     0      0
-3.77143     0      0
-3.75714     0      0
-3.74286     0      0
-3.72857     0      0
-3.71429     0      0
-3.7     0      0
-3.68571     0      0
-3.67143     0      0
-3.65714     0      0
-3.64286     0      0
-3.62857     0      0
-3.61429     0      0
-3.6     0      0
-3.58571     0      0
-3.57143     0      0
-3.55714     0      0
-3.54286     0      0
-3.52857     0      0
-3.51429     0      0
-3.5     0      0
-3.48571     0      0
-3.47143     0      0
-3.45714     0      0
-3.44286     0      0
-3.42857     0      0
-3.41429     0      0
-3.4     0      0
-3.38571     0      0
-3.37143     0      0
-3.35714     0      0
-3.34286     0      0
-3.32857     0      0
-3.31429     0      0
-3.3     0      0
-3.28571     0      0
-3.27143     0      0
-3.25714     0      0
-3.24286     0      0
-3.22857     0      0
-3.21429     0      0
-3.2     0      0
-3.18571     0      0
-3.17143     0      0
-3.15714     0      0
-3.14286     0      0
-3.12857     0      0
-3.11429     0      0
-3.1     0      0
-3.08571     0      0
-3.07143     0      0
-3.05714     0      0
-3.04286     0      0
-3.02857     0      0
-3.01429     0      0
-3     0      0
-2.98571     0      0
-2.97143     0      0
-2.95714     0      0
-2.94286     0      0
-2.92857     0      0
-2.91429     0      0
-2.9     0      0
-2.88571     0      0
-2.87143     0      0
-2.85714     0      0
-2.84286     0      0
-2.82857     0      0
-2.81429     0      0
-2.8     0      0
-2.78571     0      0
-2.77143     0      0
-2.75714     0      0
-2.74286     0      0
-2.72857     0      0
-2.71429     0      0
-2.7     0      0
-2.68571     0      0
-2.67143     0      0
-2.65714     0      0
-2.64286     0      0
-2.62857     0      0
-2.61429     0      0
-2.6     0      0
-2.58571     0      0
-2.57143     0      0
-2.55714     0      0
-2.54286     0      0
-2.52857     0      0
-2.51429     0      0
-2.5     0      0
-2.48571     0      0
-2.47143     0      0
-2.45714     0      0
-2.44286     0      0
-2.42857     0      0
-2.41429     0      0
-2.4     0      0
-2.38571     0      0
-2.37143     0      0
-2.35714     0      0
-2.34286     0      0
-2.32857     0      0
-2.31429     0      0
-2.3     0      0
-2.28571     0      0
-2.27143     0      0
-2.25714     0      0
-2.24286     0      0
-2.22857     0      0
-2.21429     0      0
-2.2     0      0
-2.18571     0      0
-2.17143     0      0
-2.15714     0      0
-2.14286     0      0
-2.12857     0      0
-2.11429     0      0
-2.1     0      0
-2.08571     0      0
-2.07143     0      0
-2.05714     0      0
-2.04286     0      0
-2.02857     0      0
-2.01429     0      0
-2     0      0
-1.98571     0      0
-1.97143     0      0
-1.95714     0      0
-1.94286     0      0
-1.92857     0      0
-1.91429     0      0
-1.9     0      0
-1.88571     0      0
-1.87143     0      0
-1.85714     0      0
-1.84286     0      0
-1.82857     0      0
-1.81429     0      0
-1.8     0      0
-1.78571     0      0
-1.77143     0      0
-1.75714     0      0
-1.74286     0      0
-1.72857     0      0
-1.71429     0      0
-1.7     0      0
-1.68571     0      0
-1.67143     0      0
-1.65714     0      0
-1.64286     0      0
-1.62857     0      0
-1.61429     0      0
-1.6     0      0
-1.58571     0      0
-1.57143     0      0
-1.55714     0      0
-1.54286     0      0
-1.52857     0      0
-1.51429     0      0
-1.5     0      0
-1.48571     0      0
-1.47143     0      0
-1.45714     0      0
-1.44286     0      0
-1.42857     0      0
-1.41429     0      0
-1.4     0      0
-1.38571     0      0
-1.37143     0      0
-1.35714     0      0
-1.34286     0      0
-1.32857     0      0
-1.31429     0      0
-1.3     0      0
-1.28571     0      0
-1.27143     0      0
-1.25714     0      0
-1.24286     0      0
-1.22857     0      0
-1.21429     0      0
-1.2     0      0
-1.18571     0      0
-1.17143     0      0
-1.15714     0      0
-1.14286     0      0
-1.12857     0      0
-1.11429     0      0
-1.1     0      0
-1.08571     0      0
-1.07143     0      0
-1.05714     0      0
-1.04286     0      0
-1.02857     0      0
-1.01429     0      0
-1     0      0
-0.985714     0      0
-0.971429     0      0
-0.957143     0      0
-0.942857     0      0
-0.928571     1.96609e-56      0
-0.914286     1.36269e-55      0
-0.9     4.79126e-55      0
-0.885714     4.67926e-55      0
-0.871429     9.58313e-49      0
-0.857143     1.84644e-48      0
-0.842857     2.72754e-29      0
-0.828571     0.0068925      0
-0.814286     0.023242      0
-0.8     0.022374      0
-0.785714     0.021762      0
-0.771429     0.021326      0
-0.757143     0.021016      0
-0.742857     0.02075      0
-0.728571     0.020678      0
-0.714286     0.0219585      0
-0.7     0.026526      0
-0.685714     0.02704      0
-0.671429     0.027604      0
-0.657143     0.028374      0
-0.642857     0.02957      0
-0.628571     0.031222      0
-0.614286     0.03377      0
-0.6     0.038866      0
-0.585714     0.049318      0
-0.571429     0.035266      0
-0.557143     0.029498      0
-0.542857     0.026098      0
-0.528571     0.023644      0
-0.514286     0.02162      0
-0.5     0.020168      0
-0.485714     0.018794      0
-0.471429     0.017608      0
-0.457143     0.016652      0
-0.442857     0.01575      0
-0.428571     0.01493      0
-0.414286     0.014288      0
-0.4     0.013562      0
-0.385714     0.013006      0
-0.371429     0.012476      0
-0.357143     0.011892      0
-0.342857     0.011486      0
-0.328571     0.011028      0
-0.314286     0.010628      0
-0.3     0.010184      0
-0.285714     0.009858      0
-0.271429     0.009516      0
-0.257143     0.009212      0
-0.242857     0.008864      0
-0.228571     0.008588      0
-0.214286     0.008332      0
-0.2     0.008052      0
-0.185714     0.007778      0
-0.171429     0.007536      0
-0.157143     0.007294      0
-0.142857     0.007108      0
-0.128571     0.006858      0
-0.114286     0.006618      0
-0.1     0.006466      0.0001745
-0.0857143     0.006278      0.005608
-0.0714286     0.006048      0.00548
-0.0571429     0.005874      0.005382
-0.0428571     0.005712      0.005272
-0.0285714     0.005532      0.0052
-0.0142857     0.005368      0.005122
0     0.005198      0.005092
0.0142857     0.005072      0.005058
0.0285714     0.004868      0.00498
0.0428571     0.00475      0.004926
0.0571429     0.004594      0.004962
0.0714286     0.004448      0.004898
0.0857143     0.003311      0.004924
0.1     0      0.0049
0.114286     0      0.004854
0.128571     0      0.004854
0.142857     0      0.004868
0.157143     0      0.004928
0.171429     0      0.004886
0.185714     0      0.004906
0.2     0      0.004952
0.214286     0      0.004772
0.228571     0      0.004982
0.242857     0      0.004864
0.257143     0      0.004964
0.271429     0      0.00498
0.285714     0      0.004964
0.3     0      0.005044
0.314286     0      0.005078
0.328571     0      0.005128
0.342857     0      0.00518
0.357143     0      0.005216
0.371429     0      0.00516
0.385714     0      0.005272
0.4     0      0.00532
0.414286     0      0.005342
0.428571     0      0.005436
0.442857     0      0.00543
0.457143     0      0.005572
0.471429     0      0.005606
0.485714     0      0.005726
0.5     0      0.005694
0.514286     0      0.005848
0.528571     0      0.005974
0.542857     0      0.005996
0.557143     0      0.006112
0.571429     0      0.006256
0.585714     0      0.00643
0.6     0      0.00659
0.614286     0      0.00674
0.628571     0      0.006904
0.642857     0      0.007184
0.657143     0      0.007526
0.671429     0      0.007892
0.685714     0      0.0086
0.7     0      0.010377
0.714286     0      0.01009
0.728571     0      0.008602
0.742857     0      0.007976
0.757143     0      0.007546
0.771429     0      0.007334
0.785714     0      0.007052
0.8     0      0.006884
0.814286     0      0.006666
0.828571     0      0.006524
0.842857     0      0.006392
0.857143     0      0.006304
0.871429     0      0.006196
0.885714     0      0.006102
0.9     0      0.00595
0.914286     0      0.005866
0.928571     0      0.005836
0.942857     0      0.005742
0.957143     0      0.005684
0.971429     0      0.005548
0.985714     0      0.005558
1     0      0.005482
1.01429     0      0.00539
1.02857     0      0.005358
1.04286     0      0.005302
1.05714     0      0.005266
1.07143     0      0.005158
1.08571     0      0.005122
1.1     0      0.005134
1.11429     0      0.00502
1.12857     0      0.005022
1.14286     0      0.00493
1.15714     0      0.004916
1.17143     0      0.004882
1.18571     0      0.004884
1.2     0      0.004744
1.21429     0      0.004782
1.22857     0      0.004692
1.24286     0      0.004682
1.25714     0      0.004706
1.27143     0      0.004536
1.28571     0      0.004618
1.3     0      0.004536
1.31429     0      0.004514
1.32857     0      0.004486
1.34286     0      0.00446
1.35714     0      0.004418
1.37143     0      0.004422
1.38571     0      0.004316
1.4     0      0.00437
1.41429     0      0.004276
1.42857     0      0.00429
1.44286     0      0.004272
1.45714     0      0.004194
1.47143     0      0.004226
1.48571     0      0.004148
1.5     0      0.004172
1.51429     0      0.004116
1.52857     0      0.004102
1.54286     0      0.00409
1.55714     0      0.004032
1.57143     0      0.004042
1.58571     0      0.004
1.6     0      0.00399
1.61429     0      0.004002
1.62857     0      0.003888
1.64286     0      0.003922
1.65714     0      0.003868
1.67143     0      0.00389
1.68571     0      0.003878
1.7     0      0.003824
1.71429     0      0.003814
1.72857     0      0.00378
1.74286     0      0.003748
1.75714     0      0.003786
1.77143     0      0.003712
1.78571     0      0.003726
1.8     0      0.0037
1.81429     0      0.00365
1.82857     0      0.00371
1.84286     0      0.003604
1.85714     0      0.00365
1.87143     0      0.003606
1.88571     0      0.003584
1.9     0      0.00357
1.91429     0      0.003602
1.92857     0      0.003496
1.94286     0      0.003526
1.95714     0      0.003518
1.97143     0      0.003468
1.98571     0      0.003486
2     0      0.003502
2.01429     0      0.003404
2.02857     0      0.003426
2.04286     0      0.003414
2.05714     0      0.00341
2.07143     0      0.00338
2.08571     0      0.003374
2.1     0      0.003378
2.11429     0      0.003338
2.12857     0      0.003292
2.14286     0      0.003298
2.15714     0      0.003326
2.17143     0      0.003274
2.18571     0      0.003298
2.2     0      0.00322
2.21429     0      0.003262
2.22857     0      0.003222
2.24286     0      0.003226
2.25714     0      0.003194
2.27143     0      0.003214
2.28571     0      0.00317
2.3     0      0.003196
2.31429     0      0.003132
2.32857     0      0.00311
2.34286     0      0.003146
2.35714     0      0.003126
2.37143     0      0.003094
2.38571     0      0.00311
2.4     0      0.003052
2.41429     0      0.003086
2.42857     0      0.003088
2.44286     0      0.003018
2.45714     0      0.003036
2.47143     0      0.003014
2.48571     0      0.003022
2.5     0      0.002998
2.51429     0      0.002988
2.52857     0      0.002992
2.54286     0      0.002954
2.55714     0      0.002952
2.57143     0      0.002974
2.58571     0      0.002922
2.6     0      0.00291
2.61429     0      0.002944
2.62857     0      0.00288
2.64286     0      0.00291
2.65714     0      0.00289
2.67143     0      0.002878
2.68571     0      0.00285
2.7     0      0.00288
2.71429     0      0.002824
2.72857     0      0.002826
2.74286     0      0.002848
2.75714     0      0.00283
2.77143     0      0.00278
2.78571     0      0.002802
2.8     0      0.002784
2.81429     0      0.002782
2.82857     0      0.00277
2.84286     0      0.002758
2.85714     0      0.002772
2.87143     0      0.002722
2.88571     0      0.002722
2.9     0      0.002766
2.91429     0      0.002678
2.92857     0      0.002736
2.94286     0      0.002704
2.95714     0      0.002682
2.97143     0      0.002692
2.98571     0      0.002674
3     0      0.00265
3.01429     0      0.002654
3.02857     0      0.002652
3.04286     0      0.00264
3.05714     0      0.002636
3.07143     0      0.002622
3.08571     0      0.002614
3.1     0      0.0026
3.11429     0      0.002614
3.12857     0      0.00259
3.14286     0      0.002578
3.15714     0      0.002598
3.17143     0      0.002556
3.18571     0      0.002552
3.2     0      0.00257
3.21429     0      0.00254
3.22857     0      6.45001e-05
3.24286     0      6.24023e-43
3.25714     0      6.65283e-44
3.27143     0      0
3.28571     0      0
3.3     0      0
3.31429     0      0
3.32857     0      0
3.34286     0      0
3.35714     0      0
3.37143     0      0
3.38571     0      0
3.4     0      0
3.41429     0      0
3.42857     0      0
3.44286     0      0
3.45714     0      0
3.47143     0      0
3.48571     0      0
3.5     0      0
3.51429     0      0
3.52857     0      0
3.54286     0      0
3.55714     0      0
3.57143     0      0
3.58571     0      0
3.6     0      0
3.61429     0      0
3.62857     0      0
3.64286     0      0
3.65714     0      0
3.67143     0      0
3.68571     0      0
3.7     0      0
3.71429     0      0
3.72857     0      0
3.74286     0      0
3.75714     0      0
3.77143     0      0
3.78571     0      0
3.8     0      0
3.81429     0      0
3.82857     0      0
3.84286     0      0
3.85714     0      0
3.87143     0      0
3.88571     0      0
3.9     0      0
3.91429     0      0
3.92857     0      0
3.94286     0      0
3.95714     0      0
3.97143     0      0
3.98571     0      0
4     0      0
4.01429     0      0
4.02857     0      0
4.04286     0      0
4.05714     0      0
4.07143     0      0
4.08571     0      0
4.1     0      0
4.11429     0      0
4.12857     0      0
4.14286     0      0
4.15714     0      0
4.17143     0      0
4.18571     0      0
4.2     0      0
4.21429     0      0
4.22857     0      0
4.24286     0      0
4.25714     0      0
4.27143     0      0
4.28571     0      0
4.3     0      0
4.31429     0      0
4.32857     0      0
4.34286     0      0
4.35714     0      0
4.37143     0      0
4.38571     0      0
4.4     0      0
4.41429     0      0
4.42857     0      0
4.44286     0      0
4.45714     0      0
4.47143     0      0
4.48571     0      0
4.5     0      0
4.51429     0      0
4.52857     0      0
4.54286     0      0
4.55714     0      0
4.57143     0      0
4.58571     0      0
4.6     0      0
4.61429     0      0
4.62857     0      0
4.64286     0      0
4.65714     0      0
4.67143     0      0
4.68571     0      0
4.7     0      0
4.71429     0      0
4.72857     0      0
4.74286     0      0
4.75714     0      0
4.77143     0      0
4.78571     0      0
4.8     0      0
4.81429     0      0
4.82857     0      0
4.84286     0      0
4.85714     0      0
4.87143     0      0
4.88571     0      0
4.9     0      0
4.91429     0      0
4.92857     0      0
4.94286     0      0
4.95714     0      0
4.97143     0      0
4.98571     0      0
