# U,mu,nA_up, nA_dn, nB_up, nB_dn, ms, mf, ntotal,mu,cint
#energy    dos_upn   dos_upp   dos_dnn  dos_dnp GRID=1000 bin=700
-5     0      0
-4.98571     0      0
-4.97143     0      0
-4.95714     0      0
-4.94286     0      0
-4.92857     0      0
-4.91429     0      0
-4.9     0      0
-4.88571     0      0
-4.87143     0      0
-4.85714     0      0
-4.84286     0      0
-4.82857     0      0
-4.81429     0      0
-4.8     0      0
-4.78571     0      0
-4.77143     0      0
-4.75714     0      0
-4.74286     0      0
-4.72857     0      0
-4.71429     0      0
-4.7     0      0
-4.68571     0      0
-4.67143     0      0
-4.65714     0      0
-4.64286     0      0
-4.62857     0      0
-4.61429     0      0
-4.6     0      0
-4.58571     0      0
-4.57143     0      0
-4.55714     0      0
-4.54286     0      0
-4.52857     0      0
-4.51429     0      0
-4.5     0      0
-4.48571     0      0
-4.47143     0      0
-4.45714     0      0
-4.44286     0      0
-4.42857     0      0
-4.41429     0      0
-4.4     0      0
-4.38571     0      0
-4.37143     0      0
-4.35714     0      0
-4.34286     0      0
-4.32857     0      0
-4.31429     0      0
-4.3     0      0
-4.28571     0      0
-4.27143     0      0
-4.25714     0      0
-4.24286     0      0
-4.22857     0      0
-4.21429     0      0
-4.2     0      0
-4.18571     0      0
-4.17143     0      0
-4.15714     0      0
-4.14286     0      0
-4.12857     0      0
-4.11429     0      0
-4.1     0      0
-4.08571     0      0
-4.07143     0      0
-4.05714     0      0
-4.04286     0      0
-4.02857     0      0
-4.01429     0      0
-4     0      0
-3.98571     0      0
-3.97143     0      0
-3.95714     0      0
-3.94286     0      0
-3.92857     0      0
-3.91429     0      0
-3.9     0      0
-3.88571     0      0
-3.87143     0      0
-3.85714     0      0
-3.84286     0      0
-3.82857     0      0
-3.81429     0      0
-3.8     0      0
-3.78571     0      0
-3.77143     0      0
-3.75714     0      0
-3.74286     0      0
-3.72857     0      0
-3.71429     0      0
-3.7     0      0
-3.68571     0      0
-3.67143     0      0
-3.65714     0      0
-3.64286     0      0
-3.62857     0      0
-3.61429     0      0
-3.6     0      0
-3.58571     0      0
-3.57143     0      0
-3.55714     0      0
-3.54286     0      0
-3.52857     0      0
-3.51429     0      0
-3.5     0      0
-3.48571     0      0
-3.47143     0      0
-3.45714     0      0
-3.44286     0      0
-3.42857     0      0
-3.41429     0      0
-3.4     0      0
-3.38571     0      0
-3.37143     0      0
-3.35714     0      0
-3.34286     0      0
-3.32857     0      0
-3.31429     0      0
-3.3     0      0
-3.28571     0      0
-3.27143     0      0
-3.25714     0      0
-3.24286     0      0
-3.22857     0      0
-3.21429     0      0
-3.2     0      0
-3.18571     0      0
-3.17143     0      0
-3.15714     0      0
-3.14286     0      0
-3.12857     0      0
-3.11429     0      0
-3.1     0      0
-3.08571     0      0
-3.07143     0      0
-3.05714     0      0
-3.04286     0      0
-3.02857     0      0
-3.01429     0      0
-3     0      0
-2.98571     0      0
-2.97143     0      0
-2.95714     0      0
-2.94286     0      0
-2.92857     0      0
-2.91429     0      0
-2.9     0      0
-2.88571     0      0
-2.87143     0      0
-2.85714     0      0
-2.84286     0      0
-2.82857     0      0
-2.81429     0      0
-2.8     0      0
-2.78571     0      0
-2.77143     0      0
-2.75714     0      0
-2.74286     0      0
-2.72857     0      0
-2.71429     0      0
-2.7     0      0
-2.68571     0      0
-2.67143     0      0
-2.65714     0      0
-2.64286     0      0
-2.62857     0      0
-2.61429     0      0
-2.6     0      0
-2.58571     0      0
-2.57143     0      0
-2.55714     0      0
-2.54286     0      0
-2.52857     0      0
-2.51429     0      0
-2.5     0      0
-2.48571     0      0
-2.47143     0      0
-2.45714     0      0
-2.44286     0      0
-2.42857     0      0
-2.41429     0      0
-2.4     0      0
-2.38571     0      0
-2.37143     0      0
-2.35714     0      0
-2.34286     0      0
-2.32857     0      0
-2.31429     0      0
-2.3     0      0
-2.28571     0      0
-2.27143     0      0
-2.25714     0      0
-2.24286     0      0
-2.22857     0      0
-2.21429     0      0
-2.2     0      0
-2.18571     0      0
-2.17143     0      0
-2.15714     0      0
-2.14286     0      0
-2.12857     0      0
-2.11429     0      0
-2.1     0      0
-2.08571     0      0
-2.07143     0      0
-2.05714     0      0
-2.04286     0      0
-2.02857     0      0
-2.01429     0      0
-2     0      0
-1.98571     0      0
-1.97143     0      0
-1.95714     0      0
-1.94286     0      0
-1.92857     0      0
-1.91429     0      0
-1.9     0      0
-1.88571     0      0
-1.87143     0      0
-1.85714     0      0
-1.84286     0      0
-1.82857     0      0
-1.81429     0      0
-1.8     0      0
-1.78571     0      0
-1.77143     0      0
-1.75714     0      0
-1.74286     0      0
-1.72857     0      0
-1.71429     0      0
-1.7     0      0
-1.68571     0      0
-1.67143     0      0
-1.65714     0      0
-1.64286     0      0
-1.62857     0      0
-1.61429     0      0
-1.6     0      0
-1.58571     0      0
-1.57143     0      0
-1.55714     0      0
-1.54286     0      0
-1.52857     0      0
-1.51429     0      0
-1.5     0      0
-1.48571     0      0
-1.47143     0      0
-1.45714     0      0
-1.44286     0      0
-1.42857     0      0
-1.41429     0      0
-1.4     0      0
-1.38571     0      0
-1.37143     0      0
-1.35714     0      0
-1.34286     0      0
-1.32857     0      0
-1.31429     0      0
-1.3     0      0
-1.28571     0      0
-1.27143     0      0
-1.25714     0      0
-1.24286     0      0
-1.22857     0      0
-1.21429     0      0
-1.2     0      0
-1.18571     0      0
-1.17143     0      0
-1.15714     0      0
-1.14286     0      0
-1.12857     0      0
-1.11429     0      0
-1.1     0      0
-1.08571     0      0
-1.07143     0      0
-1.05714     0      0
-1.04286     0      0
-1.02857     0      0
-1.01429     0      0
-1     0      0
-0.985714     0      0
-0.971429     0      0
-0.957143     0      0
-0.942857     0      0
-0.928571     7.86438e-50      0
-0.914286     5.45074e-49      0
-0.9     1.9165e-48      0
-0.885714     1.8717e-48      0
-0.871429     3.83325e-42      0
-0.857143     7.38574e-42      0
-0.842857     1.09102e-22      0
-0.828571     0.0115185      0
-0.814286     0.023172      0
-0.8     0.022354      0
-0.785714     0.021802      0
-0.771429     0.0214      0
-0.757143     0.021066      0
-0.742857     0.020934      0
-0.728571     0.0221305      0
-0.714286     0.026622      0
-0.7     0.027106      0
-0.685714     0.027588      0
-0.671429     0.02837      0
-0.657143     0.029312      0
-0.642857     0.03076      0
-0.628571     0.032932      0
-0.614286     0.036614      0
-0.6     0.049178      0
-0.585714     0.039628      0
-0.571429     0.031546      0
-0.557143     0.027494      0
-0.542857     0.024716      0
-0.528571     0.022598      0
-0.514286     0.020766      0
-0.5     0.01945      0
-0.485714     0.018188      0
-0.471429     0.017158      0
-0.457143     0.016222      0
-0.442857     0.015354      0
-0.428571     0.014636      0
-0.414286     0.013914      0
-0.4     0.013322      0
-0.385714     0.012708      0
-0.371429     0.012242      0
-0.357143     0.011742      0
-0.342857     0.01124      0
-0.328571     0.010864      0
-0.314286     0.010432      0
-0.3     0.010078      0
-0.285714     0.009752      0
-0.271429     0.009348      0
-0.257143     0.009064      0
-0.242857     0.008776      0
-0.228571     0.008516      0
-0.214286     0.00818      0
-0.2     0.007938      0
-0.185714     0.007704      0
-0.171429     0.007424      0
-0.157143     0.00721      0
-0.142857     0.007038      0
-0.128571     0.006808      0
-0.114286     0.006592      0
-0.1     0.006374      0
-0.0857143     0.006166      0.0006405
-0.0714286     0.006026      0.005602
-0.0571429     0.00584      0.005474
-0.0428571     0.00565      0.005376
-0.0285714     0.005496      0.005296
-0.0142857     0.005306      0.005224
0     0.005142      0.005162
0.0142857     0.00502      0.005074
0.0285714     0.004826      0.005076
0.0428571     0.00473      0.005032
0.0571429     0.004546      0.004998
0.0714286     0.003371      0.00496
0.0857143     0      0.004928
0.1     0      0.004962
0.114286     0      0.004906
0.128571     0      0.004924
0.142857     0      0.004834
0.157143     0      0.004962
0.171429     0      0.004886
0.185714     0      0.004878
0.2     0      0.004918
0.214286     0      0.004958
0.228571     0      0.005038
0.242857     0      0.004872
0.257143     0      0.00506
0.271429     0      0.004944
0.285714     0      0.004992
0.3     0      0.005058
0.314286     0      0.005076
0.328571     0      0.005108
0.342857     0      0.005132
0.357143     0      0.005178
0.371429     0      0.005224
0.385714     0      0.005276
0.4     0      0.00534
0.414286     0      0.005252
0.428571     0      0.005472
0.442857     0      0.00545
0.457143     0      0.005504
0.471429     0      0.005574
0.485714     0      0.005674
0.5     0      0.005698
0.514286     0      0.00585
0.528571     0      0.005874
0.542857     0      0.005956
0.557143     0      0.006104
0.571429     0      0.006174
0.585714     0      0.00633
0.6     0      0.006458
0.614286     0      0.006606
0.628571     0      0.006816
0.642857     0      0.007068
0.657143     0      0.007256
0.671429     0      0.007582
0.685714     0      0.008006
0.7     0      0.008762
0.714286     0      0.010759
0.728571     0      0.009908
0.742857     0      0.008606
0.757143     0      0.007996
0.771429     0      0.007614
0.785714     0      0.00734
0.8     0      0.007028
0.814286     0      0.00688
0.828571     0      0.006692
0.842857     0      0.006572
0.857143     0      0.00644
0.871429     0      0.00626
0.885714     0      0.006236
0.9     0      0.00604
0.914286     0      0.006008
0.928571     0      0.005894
0.942857     0      0.005832
0.957143     0      0.005778
0.971429     0      0.005634
0.985714     0      0.00559
1     0      0.00557
1.01429     0      0.005488
1.02857     0      0.005336
1.04286     0      0.00537
1.05714     0      0.00533
1.07143     0      0.00519
1.08571     0      0.005202
1.1     0      0.00515
1.11429     0      0.005108
1.12857     0      0.005018
1.14286     0      0.004994
1.15714     0      0.004966
1.17143     0      0.00493
1.18571     0      0.00487
1.2     0      0.004796
1.21429     0      0.004806
1.22857     0      0.004774
1.24286     0      0.004672
1.25714     0      0.004722
1.27143     0      0.004662
1.28571     0      0.004568
1.3     0      0.004574
1.31429     0      0.004544
1.32857     0      0.004518
1.34286     0      0.004486
1.35714     0      0.004408
1.37143     0      0.00443
1.38571     0      0.004392
1.4     0      0.004354
1.41429     0      0.00435
1.42857     0      0.004272
1.44286     0      0.004314
1.45714     0      0.00424
1.47143     0      0.00419
1.48571     0      0.004222
1.5     0      0.004116
1.51429     0      0.004166
1.52857     0      0.0041
1.54286     0      0.004074
1.55714     0      0.00413
1.57143     0      0.003992
1.58571     0      0.004046
1.6     0      0.00398
1.61429     0      0.003974
1.62857     0      0.003988
1.64286     0      0.003872
1.65714     0      0.003946
1.67143     0      0.003868
1.68571     0      0.003862
1.7     0      0.003882
1.71429     0      0.003792
1.72857     0      0.003826
1.74286     0      0.003788
1.75714     0      0.003766
1.77143     0      0.00377
1.78571     0      0.003688
1.8     0      0.00373
1.81429     0      0.003698
1.82857     0      0.003644
1.84286     0      0.00367
1.85714     0      0.003644
1.87143     0      0.003594
1.88571     0      0.003626
1.9     0      0.003558
1.91429     0      0.003554
1.92857     0      0.00359
1.94286     0      0.00352
1.95714     0      0.00349
1.97143     0      0.003514
1.98571     0      0.003502
2     0      0.003448
2.01429     0      0.003462
2.02857     0      0.003446
2.04286     0      0.003392
2.05714     0      0.003402
2.07143     0      0.00341
2.08571     0      0.003394
2.1     0      0.003328
2.11429     0      0.00335
2.12857     0      0.003354
2.14286     0      0.00331
2.15714     0      0.003344
2.17143     0      0.003258
2.18571     0      0.003276
2.2     0      0.003258
2.21429     0      0.003258
2.22857     0      0.003234
2.24286     0      0.003226
2.25714     0      0.003196
2.27143     0      0.003202
2.28571     0      0.003174
2.3     0      0.003178
2.31429     0      0.003158
2.32857     0      0.003138
2.34286     0      0.003144
2.35714     0      0.003126
2.37143     0      0.003114
2.38571     0      0.00309
2.4     0      0.003082
2.41429     0      0.003084
2.42857     0      0.003042
2.44286     0      0.003066
2.45714     0      0.003034
2.47143     0      0.00304
2.48571     0      0.003024
2.5     0      0.003022
2.51429     0      0.002974
2.52857     0      0.002968
2.54286     0      0.003002
2.55714     0      0.002948
2.57143     0      0.00294
2.58571     0      0.002954
2.6     0      0.002946
2.61429     0      0.002898
2.62857     0      0.002936
2.64286     0      0.002876
2.65714     0      0.00291
2.67143     0      0.002878
2.68571     0      0.00289
2.7     0      0.002822
2.71429     0      0.002846
2.72857     0      0.002844
2.74286     0      0.002828
2.75714     0      0.00279
2.77143     0      0.002842
2.78571     0      0.002804
2.8     0      0.002798
2.81429     0      0.002782
2.82857     0      0.002766
2.84286     0      0.00275
2.85714     0      0.00275
2.87143     0      0.002754
2.88571     0      0.00276
2.9     0      0.002718
2.91429     0      0.002712
2.92857     0      0.002708
2.94286     0      0.002712
2.95714     0      0.002698
2.97143     0      0.002676
2.98571     0      0.002682
3     0      0.002656
3.01429     0      0.002672
3.02857     0      0.002642
3.04286     0      0.002636
3.05714     0      0.002642
3.07143     0      0.002644
3.08571     0      0.0026
3.1     0      0.002608
3.11429     0      0.002628
3.12857     0      0.002584
3.14286     0      0.002582
3.15714     0      0.002582
3.17143     0      0.002574
3.18571     0      0.002568
3.2     0      0.002558
3.21429     0      0.002544
3.22857     0      0.0003365
3.24286     0      2.49609e-36
3.25714     0      2.66113e-37
3.27143     0      0
3.28571     0      0
3.3     0      0
3.31429     0      0
3.32857     0      0
3.34286     0      0
3.35714     0      0
3.37143     0      0
3.38571     0      0
3.4     0      0
3.41429     0      0
3.42857     0      0
3.44286     0      0
3.45714     0      0
3.47143     0      0
3.48571     0      0
3.5     0      0
3.51429     0      0
3.52857     0      0
3.54286     0      0
3.55714     0      0
3.57143     0      0
3.58571     0      0
3.6     0      0
3.61429     0      0
3.62857     0      0
3.64286     0      0
3.65714     0      0
3.67143     0      0
3.68571     0      0
3.7     0      0
3.71429     0      0
3.72857     0      0
3.74286     0      0
3.75714     0      0
3.77143     0      0
3.78571     0      0
3.8     0      0
3.81429     0      0
3.82857     0      0
3.84286     0      0
3.85714     0      0
3.87143     0      0
3.88571     0      0
3.9     0      0
3.91429     0      0
3.92857     0      0
3.94286     0      0
3.95714     0      0
3.97143     0      0
3.98571     0      0
4     0      0
4.01429     0      0
4.02857     0      0
4.04286     0      0
4.05714     0      0
4.07143     0      0
4.08571     0      0
4.1     0      0
4.11429     0      0
4.12857     0      0
4.14286     0      0
4.15714     0      0
4.17143     0      0
4.18571     0      0
4.2     0      0
4.21429     0      0
4.22857     0      0
4.24286     0      0
4.25714     0      0
4.27143     0      0
4.28571     0      0
4.3     0      0
4.31429     0      0
4.32857     0      0
4.34286     0      0
4.35714     0      0
4.37143     0      0
4.38571     0      0
4.4     0      0
4.41429     0      0
4.42857     0      0
4.44286     0      0
4.45714     0      0
4.47143     0      0
4.48571     0      0
4.5     0      0
4.51429     0      0
4.52857     0      0
4.54286     0      0
4.55714     0      0
4.57143     0      0
4.58571     0      0
4.6     0      0
4.61429     0      0
4.62857     0      0
4.64286     0      0
4.65714     0      0
4.67143     0      0
4.68571     0      0
4.7     0      0
4.71429     0      0
4.72857     0      0
4.74286     0      0
4.75714     0      0
4.77143     0      0
4.78571     0      0
4.8     0      0
4.81429     0      0
4.82857     0      0
4.84286     0      0
4.85714     0      0
4.87143     0      0
4.88571     0      0
4.9     0      0
4.91429     0      0
4.92857     0      0
4.94286     0      0
4.95714     0      0
4.97143     0      0
4.98571     0      0
