# U,mu,nA_up, nA_dn, nB_up, nB_dn, ms, mf, ntotal,mu,cint
#energy    dos_upn   dos_upp   dos_dnn  dos_dnp GRID=1000 bin=700
-5     0      0
-4.98571     0      0
-4.97143     0      0
-4.95714     0      0
-4.94286     0      0
-4.92857     0      0
-4.91429     0      0
-4.9     0      0
-4.88571     0      0
-4.87143     0      0
-4.85714     0      0
-4.84286     0      0
-4.82857     0      0
-4.81429     0      0
-4.8     0      0
-4.78571     0      0
-4.77143     0      0
-4.75714     0      0
-4.74286     0      0
-4.72857     0      0
-4.71429     0      0
-4.7     0      0
-4.68571     0      0
-4.67143     0      0
-4.65714     0      0
-4.64286     0      0
-4.62857     0      0
-4.61429     0      0
-4.6     0      0
-4.58571     0      0
-4.57143     0      0
-4.55714     0      0
-4.54286     0      0
-4.52857     0      0
-4.51429     0      0
-4.5     0      0
-4.48571     0      0
-4.47143     0      0
-4.45714     0      0
-4.44286     0      0
-4.42857     0      0
-4.41429     0      0
-4.4     0      0
-4.38571     0      0
-4.37143     0      0
-4.35714     0      0
-4.34286     0      0
-4.32857     0      0
-4.31429     0      0
-4.3     0      0
-4.28571     0      0
-4.27143     0      0
-4.25714     0      0
-4.24286     0      0
-4.22857     0      0
-4.21429     0      0
-4.2     0      0
-4.18571     0      0
-4.17143     0      0
-4.15714     0      0
-4.14286     0      0
-4.12857     0      0
-4.11429     0      0
-4.1     0      0
-4.08571     0      0
-4.07143     0      0
-4.05714     0      0
-4.04286     0      0
-4.02857     0      0
-4.01429     0      0
-4     0      0
-3.98571     0      0
-3.97143     0      0
-3.95714     0      0
-3.94286     0      0
-3.92857     0      0
-3.91429     0      0
-3.9     0      0
-3.88571     0      0
-3.87143     0      0
-3.85714     0      0
-3.84286     0      0
-3.82857     0      0
-3.81429     0      0
-3.8     0      0
-3.78571     0      0
-3.77143     0      0
-3.75714     0      0
-3.74286     0      0
-3.72857     0      0
-3.71429     0      0
-3.7     0      0
-3.68571     0      0
-3.67143     0      0
-3.65714     0      0
-3.64286     0      0
-3.62857     0      0
-3.61429     0      0
-3.6     0      0
-3.58571     0      0
-3.57143     0      0
-3.55714     0      0
-3.54286     0      0
-3.52857     0      0
-3.51429     0      0
-3.5     0      0
-3.48571     0      0
-3.47143     0      0
-3.45714     0      0
-3.44286     0      0
-3.42857     0      0
-3.41429     0      0
-3.4     0      0
-3.38571     0      0
-3.37143     0      0
-3.35714     0      0
-3.34286     0      0
-3.32857     0      0
-3.31429     0      0
-3.3     0      0
-3.28571     0      0
-3.27143     0      0
-3.25714     0      0
-3.24286     0      0
-3.22857     0      0
-3.21429     0      0
-3.2     0      0
-3.18571     0      0
-3.17143     0      0
-3.15714     0      0
-3.14286     0      0
-3.12857     0      0
-3.11429     0      0
-3.1     0      0
-3.08571     0      0
-3.07143     0      0
-3.05714     0      0
-3.04286     0      0
-3.02857     0      0
-3.01429     0      0
-3     0      0
-2.98571     0      0
-2.97143     0      0
-2.95714     0      0
-2.94286     0      0
-2.92857     0      0
-2.91429     0      0
-2.9     0      0
-2.88571     0      0
-2.87143     0      0
-2.85714     0      0
-2.84286     0      0
-2.82857     0      0
-2.81429     0      0
-2.8     0      0
-2.78571     0      0
-2.77143     0      0
-2.75714     0      0
-2.74286     0      0
-2.72857     0      0
-2.71429     0      0
-2.7     0      0
-2.68571     0      0
-2.67143     0      0
-2.65714     0      0
-2.64286     0      0
-2.62857     0      0
-2.61429     0      0
-2.6     0      0
-2.58571     0      0
-2.57143     0      0
-2.55714     0      0
-2.54286     0      0
-2.52857     0      0
-2.51429     0      0
-2.5     0      0
-2.48571     0      0
-2.47143     0      0
-2.45714     0      0
-2.44286     0      0
-2.42857     0      0
-2.41429     0      0
-2.4     0      0
-2.38571     0      0
-2.37143     0      0
-2.35714     0      0
-2.34286     0      0
-2.32857     0      0
-2.31429     0      0
-2.3     0      0
-2.28571     0      0
-2.27143     0      0
-2.25714     0      0
-2.24286     0      0
-2.22857     0      0
-2.21429     0      0
-2.2     0      0
-2.18571     0      0
-2.17143     0      0
-2.15714     0      0
-2.14286     0      0
-2.12857     0      0
-2.11429     0      0
-2.1     0      0
-2.08571     0      0
-2.07143     0      0
-2.05714     0      0
-2.04286     0      0
-2.02857     0      0
-2.01429     0      0
-2     0      0
-1.98571     0      0
-1.97143     0      0
-1.95714     0      0
-1.94286     0      0
-1.92857     0      0
-1.91429     0      0
-1.9     0      0
-1.88571     0      0
-1.87143     0      0
-1.85714     0      0
-1.84286     0      0
-1.82857     0      0
-1.81429     0      0
-1.8     0      0
-1.78571     0      0
-1.77143     0      0
-1.75714     0      0
-1.74286     0      0
-1.72857     0      0
-1.71429     0      0
-1.7     0      0
-1.68571     0      0
-1.67143     0      0
-1.65714     0      0
-1.64286     0      0
-1.62857     0      0
-1.61429     0      0
-1.6     0      0
-1.58571     0      0
-1.57143     0      0
-1.55714     0      0
-1.54286     0      0
-1.52857     0      0
-1.51429     0      0
-1.5     0      0
-1.48571     0      0
-1.47143     0      0
-1.45714     0      0
-1.44286     0      0
-1.42857     0      0
-1.41429     0      0
-1.4     0      0
-1.38571     0      0
-1.37143     0      0
-1.35714     0      0
-1.34286     0      0
-1.32857     0      0
-1.31429     0      0
-1.3     0      0
-1.28571     0      0
-1.27143     0      0
-1.25714     0      0
-1.24286     0      0
-1.22857     0      0
-1.21429     0      0
-1.2     0      0
-1.18571     0      0
-1.17143     0      0
-1.15714     0      0
-1.14286     0      0
-1.12857     0      0
-1.11429     0      0
-1.1     0      0
-1.08571     0      0
-1.07143     0      0
-1.05714     0      0
-1.04286     0      0
-1.02857     0      0
-1.01429     0      0
-1     0      0
-0.985714     0      0
-0.971429     0      0
-0.957143     0      0
-0.942857     0      0
-0.928571     1.22881e-69      0
-0.914286     8.51679e-69      0
-0.9     2.99454e-68      0
-0.885714     2.92454e-68      0
-0.871429     5.98946e-62      0
-0.857143     1.15402e-61      0
-0.842857     1.70471e-42      0
-0.828571     5.88625e-10      0
-0.814286     0.0193865      0
-0.8     0.022444      0
-0.785714     0.021754      0
-0.771429     0.021216      0
-0.757143     0.020854      0
-0.742857     0.020576      0
-0.728571     0.020388      0
-0.714286     0.02023      0
-0.7     0.020206      0
-0.685714     0.020284      0
-0.671429     0.0242885      0
-0.657143     0.026616      0
-0.642857     0.027316      0
-0.628571     0.02824      0
-0.614286     0.029492      0
-0.6     0.031412      0
-0.585714     0.03456      0
-0.571429     0.044504      0
-0.557143     0.041908      0
-0.542857     0.031604      0
-0.528571     0.027204      0
-0.514286     0.024394      0
-0.5     0.022196      0
-0.485714     0.020508      0
-0.471429     0.019116      0
-0.457143     0.017898      0
-0.442857     0.01686      0
-0.428571     0.015842      0
-0.414286     0.015084      0
-0.4     0.014382      0
-0.385714     0.013688      0
-0.371429     0.013056      0
-0.357143     0.012476      0
-0.342857     0.01201      0
-0.328571     0.011516      0
-0.314286     0.011052      0
-0.3     0.010616      0
-0.285714     0.01022      0
-0.271429     0.009866      0
-0.257143     0.009512      0
-0.242857     0.009174      0
-0.228571     0.00891      0
-0.214286     0.008556      0
-0.2     0.00831      0
-0.185714     0.007996      0
-0.171429     0.007778      0
-0.157143     0.007528      0
-0.142857     0.007254      0
-0.128571     0.007056      0.0021365
-0.114286     0.006846      0.005524
-0.1     0.006632      0.005414
-0.0857143     0.006396      0.005274
-0.0714286     0.00622      0.005182
-0.0571429     0.006032      0.005132
-0.0428571     0.00585      0.005046
-0.0285714     0.005668      0.00498
-0.0142857     0.005488      0.004936
0     0.005306      0.004916
0.0142857     0.005144      0.00484
0.0285714     0.005024      0.004848
0.0428571     0.00484      0.00477
0.0571429     0.004656      0.004852
0.0714286     0.004536      0.004754
0.0857143     0.004384      0.00479
0.1     0.004252      0.004816
0.114286     0.004108      0.0048
0.128571     0.001281      0.004758
0.142857     0      0.004794
0.157143     0      0.004822
0.171429     0      0.00471
0.185714     0      0.004846
0.2     0      0.004816
0.214286     0      0.00491
0.228571     0      0.004836
0.242857     0      0.004886
0.257143     0      0.004896
0.271429     0      0.004956
0.285714     0      0.004978
0.3     0      0.005032
0.314286     0      0.005132
0.328571     0      0.005056
0.342857     0      0.005124
0.357143     0      0.005188
0.371429     0      0.005226
0.385714     0      0.00528
0.4     0      0.005338
0.414286     0      0.005388
0.428571     0      0.005462
0.442857     0      0.005556
0.457143     0      0.005564
0.471429     0      0.005666
0.485714     0      0.005802
0.5     0      0.0058
0.514286     0      0.005976
0.528571     0      0.006048
0.542857     0      0.006244
0.557143     0      0.006294
0.571429     0      0.006476
0.585714     0      0.006636
0.6     0      0.006874
0.614286     0      0.007128
0.628571     0      0.007466
0.642857     0      0.007936
0.657143     0      0.008656
0.671429     0      0.010721
0.685714     0      0.009064
0.7     0      0.00817
0.714286     0      0.00767
0.728571     0      0.007358
0.742857     0      0.0071
0.757143     0      0.006912
0.771429     0      0.006712
0.785714     0      0.006542
0.8     0      0.0064
0.814286     0      0.006328
0.828571     0      0.006212
0.842857     0      0.006094
0.857143     0      0.00599
0.871429     0      0.005902
0.885714     0      0.00586
0.9     0      0.005766
0.914286     0      0.005692
0.928571     0      0.005612
0.942857     0      0.005566
0.957143     0      0.005494
0.971429     0      0.00541
0.985714     0      0.00539
1     0      0.005334
1.01429     0      0.005276
1.02857     0      0.005178
1.04286     0      0.005192
1.05714     0      0.005158
1.07143     0      0.005012
1.08571     0      0.00505
1.1     0      0.005034
1.11429     0      0.0049
1.12857     0      0.004926
1.14286     0      0.004864
1.15714     0      0.00481
1.17143     0      0.004782
1.18571     0      0.00474
1.2     0      0.004758
1.21429     0      0.00469
1.22857     0      0.004608
1.24286     0      0.004594
1.25714     0      0.004588
1.27143     0      0.004546
1.28571     0      0.004578
1.3     0      0.004424
1.31429     0      0.004498
1.32857     0      0.00438
1.34286     0      0.004394
1.35714     0      0.004392
1.37143     0      0.004318
1.38571     0      0.004346
1.4     0      0.004252
1.41429     0      0.004274
1.42857     0      0.00424
1.44286     0      0.004174
1.45714     0      0.004202
1.47143     0      0.004144
1.48571     0      0.004126
1.5     0      0.004096
1.51429     0      0.004106
1.52857     0      0.004056
1.54286     0      0.004026
1.55714     0      0.004044
1.57143     0      0.003956
1.58571     0      0.003982
1.6     0      0.003948
1.61429     0      0.00393
1.62857     0      0.003916
1.64286     0      0.003886
1.65714     0      0.00387
1.67143     0      0.003812
1.68571     0      0.003834
1.7     0      0.003796
1.71429     0      0.003786
1.72857     0      0.003814
1.74286     0      0.003686
1.75714     0      0.003754
1.77143     0      0.0037
1.78571     0      0.003674
1.8     0      0.003706
1.81429     0      0.003604
1.82857     0      0.003682
1.84286     0      0.003638
1.85714     0      0.003564
1.87143     0      0.003586
1.88571     0      0.003572
1.9     0      0.003526
1.91429     0      0.003558
1.92857     0      0.003532
1.94286     0      0.003494
1.95714     0      0.003498
1.97143     0      0.003484
1.98571     0      0.003434
2     0      0.003458
2.01429     0      0.003442
2.02857     0      0.00339
2.04286     0      0.003382
2.05714     0      0.003398
2.07143     0      0.00336
2.08571     0      0.00337
2.1     0      0.003314
2.11429     0      0.003348
2.12857     0      0.003312
2.14286     0      0.003282
2.15714     0      0.003266
2.17143     0      0.00329
2.18571     0      0.003262
2.2     0      0.003236
2.21429     0      0.003206
2.22857     0      0.003206
2.24286     0      0.003214
2.25714     0      0.00321
2.27143     0      0.003178
2.28571     0      0.003178
2.3     0      0.003134
2.31429     0      0.003154
2.32857     0      0.003148
2.34286     0      0.003092
2.35714     0      0.00309
2.37143     0      0.003106
2.38571     0      0.003074
2.4     0      0.0031
2.41429     0      0.003056
2.42857     0      0.003026
2.44286     0      0.003054
2.45714     0      0.00301
2.47143     0      0.003008
2.48571     0      0.002986
2.5     0      0.002982
2.51429     0      0.003014
2.52857     0      0.002966
2.54286     0      0.002938
2.55714     0      0.002948
2.57143     0      0.002956
2.58571     0      0.002902
2.6     0      0.002904
2.61429     0      0.002952
2.62857     0      0.002868
2.64286     0      0.002904
2.65714     0      0.00286
2.67143     0      0.002888
2.68571     0      0.002836
2.7     0      0.00284
2.71429     0      0.002856
2.72857     0      0.002818
2.74286     0      0.0028
2.75714     0      0.002838
2.77143     0      0.002818
2.78571     0      0.002762
2.8     0      0.002782
2.81429     0      0.002762
2.82857     0      0.002786
2.84286     0      0.002756
2.85714     0      0.002726
2.87143     0      0.002738
2.88571     0      0.002736
2.9     0      0.002714
2.91429     0      0.002714
2.92857     0      0.00271
2.94286     0      0.002664
2.95714     0      0.00269
2.97143     0      0.002688
2.98571     0      0.002658
3     0      0.002662
3.01429     0      0.002644
3.02857     0      0.002656
3.04286     0      0.002634
3.05714     0      0.002626
3.07143     0      0.002606
3.08571     0      0.00262
3.1     0      0.002596
3.11429     0      0.002588
3.12857     0      0.002608
3.14286     0      0.00257
3.15714     0      0.002566
3.17143     0      0.002566
3.18571     0      0.002564
3.2     0      0.00254
3.21429     0      0.0019765
3.22857     0      4.03126e-18
3.24286     0      3.90015e-56
3.25714     0      4.15802e-57
3.27143     0      0
3.28571     0      0
3.3     0      0
3.31429     0      0
3.32857     0      0
3.34286     0      0
3.35714     0      0
3.37143     0      0
3.38571     0      0
3.4     0      0
3.41429     0      0
3.42857     0      0
3.44286     0      0
3.45714     0      0
3.47143     0      0
3.48571     0      0
3.5     0      0
3.51429     0      0
3.52857     0      0
3.54286     0      0
3.55714     0      0
3.57143     0      0
3.58571     0      0
3.6     0      0
3.61429     0      0
3.62857     0      0
3.64286     0      0
3.65714     0      0
3.67143     0      0
3.68571     0      0
3.7     0      0
3.71429     0      0
3.72857     0      0
3.74286     0      0
3.75714     0      0
3.77143     0      0
3.78571     0      0
3.8     0      0
3.81429     0      0
3.82857     0      0
3.84286     0      0
3.85714     0      0
3.87143     0      0
3.88571     0      0
3.9     0      0
3.91429     0      0
3.92857     0      0
3.94286     0      0
3.95714     0      0
3.97143     0      0
3.98571     0      0
4     0      0
4.01429     0      0
4.02857     0      0
4.04286     0      0
4.05714     0      0
4.07143     0      0
4.08571     0      0
4.1     0      0
4.11429     0      0
4.12857     0      0
4.14286     0      0
4.15714     0      0
4.17143     0      0
4.18571     0      0
4.2     0      0
4.21429     0      0
4.22857     0      0
4.24286     0      0
4.25714     0      0
4.27143     0      0
4.28571     0      0
4.3     0      0
4.31429     0      0
4.32857     0      0
4.34286     0      0
4.35714     0      0
4.37143     0      0
4.38571     0      0
4.4     0      0
4.41429     0      0
4.42857     0      0
4.44286     0      0
4.45714     0      0
4.47143     0      0
4.48571     0      0
4.5     0      0
4.51429     0      0
4.52857     0      0
4.54286     0      0
4.55714     0      0
4.57143     0      0
4.58571     0      0
4.6     0      0
4.61429     0      0
4.62857     0      0
4.64286     0      0
4.65714     0      0
4.67143     0      0
4.68571     0      0
4.7     0      0
4.71429     0      0
4.72857     0      0
4.74286     0      0
4.75714     0      0
4.77143     0      0
4.78571     0      0
4.8     0      0
4.81429     0      0
4.82857     0      0
4.84286     0      0
4.85714     0      0
4.87143     0      0
4.88571     0      0
4.9     0      0
4.91429     0      0
4.92857     0      0
4.94286     0      0
4.95714     0      0
4.97143     0      0
4.98571     0      0
