# U,mu,nA_up, nA_dn, nB_up, nB_dn, ms, mf, ntotal,mu,cint
#energy    dos_upn   dos_upp   dos_dnn  dos_dnp GRID=1000 bin=700
-5     0      0
-4.98571     0      0
-4.97143     0      0
-4.95714     0      0
-4.94286     0      0
-4.92857     0      0
-4.91429     0      0
-4.9     0      0
-4.88571     0      0
-4.87143     0      0
-4.85714     0      0
-4.84286     0      0
-4.82857     0      0
-4.81429     0      0
-4.8     0      0
-4.78571     0      0
-4.77143     0      0
-4.75714     0      0
-4.74286     0      0
-4.72857     0      0
-4.71429     0      0
-4.7     0      0
-4.68571     0      0
-4.67143     0      0
-4.65714     0      0
-4.64286     0      0
-4.62857     0      0
-4.61429     0      0
-4.6     0      0
-4.58571     0      0
-4.57143     0      0
-4.55714     0      0
-4.54286     0      0
-4.52857     0      0
-4.51429     0      0
-4.5     0      0
-4.48571     0      0
-4.47143     0      0
-4.45714     0      0
-4.44286     0      0
-4.42857     0      0
-4.41429     0      0
-4.4     0      0
-4.38571     0      0
-4.37143     0      0
-4.35714     0      0
-4.34286     0      0
-4.32857     0      0
-4.31429     0      0
-4.3     0      0
-4.28571     0      0
-4.27143     0      0
-4.25714     0      0
-4.24286     0      0
-4.22857     0      0
-4.21429     0      0
-4.2     0      0
-4.18571     0      0
-4.17143     0      0
-4.15714     0      0
-4.14286     0      0
-4.12857     0      0
-4.11429     0      0
-4.1     0      0
-4.08571     0      0
-4.07143     0      0
-4.05714     0      0
-4.04286     0      0
-4.02857     0      0
-4.01429     0      0
-4     0      0
-3.98571     0      0
-3.97143     0      0
-3.95714     0      0
-3.94286     0      0
-3.92857     0      0
-3.91429     0      0
-3.9     0      0
-3.88571     0      0
-3.87143     0      0
-3.85714     0      0
-3.84286     0      0
-3.82857     0      0
-3.81429     0      0
-3.8     0      0
-3.78571     0      0
-3.77143     0      0
-3.75714     0      0
-3.74286     0      0
-3.72857     0      0
-3.71429     0      0
-3.7     0      0
-3.68571     0      0
-3.67143     0      0
-3.65714     0      0
-3.64286     0      0
-3.62857     0      0
-3.61429     0      0
-3.6     0      0
-3.58571     0      0
-3.57143     0      0
-3.55714     0      0
-3.54286     0      0
-3.52857     0      0
-3.51429     0      0
-3.5     0      0
-3.48571     0      0
-3.47143     0      0
-3.45714     0      0
-3.44286     0      0
-3.42857     0      0
-3.41429     0      0
-3.4     0      0
-3.38571     0      0
-3.37143     0      0
-3.35714     0      0
-3.34286     0      0
-3.32857     0      0
-3.31429     0      0
-3.3     0      0
-3.28571     0      0
-3.27143     0      0
-3.25714     0      0
-3.24286     0      0
-3.22857     0      0
-3.21429     0      0
-3.2     0      0
-3.18571     0      0
-3.17143     0      0
-3.15714     0      0
-3.14286     0      0
-3.12857     0      0
-3.11429     0      0
-3.1     0      0
-3.08571     0      0
-3.07143     0      0
-3.05714     0      0
-3.04286     0      0
-3.02857     0      0
-3.01429     0      0
-3     0      0
-2.98571     0      0
-2.97143     0      0
-2.95714     0      0
-2.94286     0      0
-2.92857     0      0
-2.91429     0      0
-2.9     0      0
-2.88571     0      0
-2.87143     0      0
-2.85714     0      0
-2.84286     0      0
-2.82857     0      0
-2.81429     0      0
-2.8     0      0
-2.78571     0      0
-2.77143     0      0
-2.75714     0      0
-2.74286     0      0
-2.72857     0      0
-2.71429     0      0
-2.7     0      0
-2.68571     0      0
-2.67143     0      0
-2.65714     0      0
-2.64286     0      0
-2.62857     0      0
-2.61429     0      0
-2.6     0      0
-2.58571     0      0
-2.57143     0      0
-2.55714     0      0
-2.54286     0      0
-2.52857     0      0
-2.51429     0      0
-2.5     0      0
-2.48571     0      0
-2.47143     0      0
-2.45714     0      0
-2.44286     0      0
-2.42857     0      0
-2.41429     0      0
-2.4     0      0
-2.38571     0      0
-2.37143     0      0
-2.35714     0      0
-2.34286     0      0
-2.32857     0      0
-2.31429     0      0
-2.3     0      0
-2.28571     0      0
-2.27143     0      0
-2.25714     0      0
-2.24286     0      0
-2.22857     0      0
-2.21429     0      0
-2.2     0      0
-2.18571     0      0
-2.17143     0      0
-2.15714     0      0
-2.14286     0      0
-2.12857     0      0
-2.11429     0      0
-2.1     0      0
-2.08571     0      0
-2.07143     0      0
-2.05714     0      0
-2.04286     0      0
-2.02857     0      0
-2.01429     0      0
-2     0      0
-1.98571     0      0
-1.97143     0      0
-1.95714     0      0
-1.94286     0      0
-1.92857     0      0
-1.91429     0      0
-1.9     0      0
-1.88571     0      0
-1.87143     0      0
-1.85714     0      0
-1.84286     0      0
-1.82857     0      0
-1.81429     0      0
-1.8     0      0
-1.78571     0      0
-1.77143     0      0
-1.75714     0      0
-1.74286     0      0
-1.72857     0      0
-1.71429     0      0
-1.7     0      0
-1.68571     0      0
-1.67143     0      0
-1.65714     0      0
-1.64286     0      0
-1.62857     0      0
-1.61429     0      0
-1.6     0      0
-1.58571     0      0
-1.57143     0      0
-1.55714     0      0
-1.54286     0      0
-1.52857     0      0
-1.51429     0      0
-1.5     0      0
-1.48571     0      0
-1.47143     0      0
-1.45714     0      0
-1.44286     0      0
-1.42857     0      0
-1.41429     0      0
-1.4     0      0
-1.38571     0      0
-1.37143     0      0
-1.35714     0      0
-1.34286     0      0
-1.32857     0      0
-1.31429     0      0
-1.3     0      0
-1.28571     0      0
-1.27143     0      0
-1.25714     0      0
-1.24286     0      0
-1.22857     0      0
-1.21429     0      0
-1.2     0      0
-1.18571     0      0
-1.17143     0      0
-1.15714     0      0
-1.14286     0      0
-1.12857     0      0
-1.11429     0      0
-1.1     0      0
-1.08571     0      0
-1.07143     0      0
-1.05714     0      0
-1.04286     0      0
-1.02857     0      0
-1.01429     0      0
-1     0      0
-0.985714     0      0
-0.971429     0      0
-0.957143     0      0
-0.942857     0      0
-0.928571     1.2583e-36      0
-0.914286     8.72119e-36      0
-0.9     3.06641e-35      0
-0.885714     2.99473e-35      0
-0.871429     6.13321e-29      0
-0.857143     1.18172e-28      0
-0.842857     1.74563e-09      0
-0.828571     0.0234525      0
-0.814286     0.023014      0
-0.8     0.022384      0
-0.785714     0.02186      0
-0.771429     0.02154      0
-0.757143     0.0245865      0
-0.742857     0.027232      0
-0.728571     0.027388      0
-0.714286     0.027882      0
-0.7     0.02847      0
-0.685714     0.029436      0
-0.671429     0.030514      0
-0.657143     0.032274      0
-0.642857     0.034994      0
-0.628571     0.040818      0
-0.614286     0.050586      0
-0.6     0.035852      0
-0.585714     0.03011      0
-0.571429     0.026668      0
-0.557143     0.024114      0
-0.542857     0.022118      0
-0.528571     0.020574      0
-0.514286     0.019218      0
-0.5     0.017986      0
-0.485714     0.017006      0
-0.471429     0.01609      0
-0.457143     0.015298      0
-0.442857     0.014552      0
-0.428571     0.013848      0
-0.414286     0.013306      0
-0.4     0.012708      0
-0.385714     0.012158      0
-0.371429     0.011742      0
-0.357143     0.011216      0
-0.342857     0.010854      0
-0.328571     0.010436      0
-0.314286     0.010084      0
-0.3     0.009712      0
-0.285714     0.009398      0
-0.271429     0.009076      0
-0.257143     0.0088      0
-0.242857     0.008492      0
-0.228571     0.008244      0
-0.214286     0.007942      0
-0.2     0.007728      0
-0.185714     0.00747      0
-0.171429     0.007248      0
-0.157143     0.00703      0
-0.142857     0.006798      0
-0.128571     0.006626      0
-0.114286     0.006418      0
-0.1     0.00622      0
-0.0857143     0.006072      0
-0.0714286     0.005872      0
-0.0571429     0.00567      0.0002405
-0.0428571     0.005532      0.005614
-0.0285714     0.005362      0.005518
-0.0142857     0.005192      0.005406
0     0.005054      0.005348
0.0142857     0.004894      0.00527
0.0285714     0.004762      0.005224
0.0428571     0.002019      0.00515
0.0571429     0      0.0051
0.0714286     0      0.005122
0.0857143     0      0.005026
0.1     0      0.005066
0.114286     0      0.005012
0.128571     0      0.00499
0.142857     0      0.004976
0.157143     0      0.004986
0.171429     0      0.005004
0.185714     0      0.004896
0.2     0      0.005092
0.214286     0      0.00497
0.228571     0      0.004998
0.242857     0      0.005034
0.257143     0      0.005092
0.271429     0      0.004804
0.285714     0      0.005122
0.3     0      0.00506
0.314286     0      0.00513
0.328571     0      0.005198
0.342857     0      0.00514
0.357143     0      0.005158
0.371429     0      0.00524
0.385714     0      0.005248
0.4     0      0.005328
0.414286     0      0.005264
0.428571     0      0.00538
0.442857     0      0.005428
0.457143     0      0.005462
0.471429     0      0.005576
0.485714     0      0.00562
0.5     0      0.005638
0.514286     0      0.005752
0.528571     0      0.005784
0.542857     0      0.005878
0.557143     0      0.006018
0.571429     0      0.006012
0.585714     0      0.006216
0.6     0      0.006314
0.614286     0      0.006382
0.628571     0      0.00656
0.642857     0      0.006716
0.657143     0      0.0069
0.671429     0      0.00719
0.685714     0      0.007324
0.7     0      0.007722
0.714286     0      0.008142
0.728571     0      0.008826
0.742857     0      0.010831
0.757143     0      0.010346
0.771429     0      0.008818
0.785714     0      0.00816
0.8     0      0.007772
0.814286     0      0.007412
0.828571     0      0.007222
0.842857     0      0.006944
0.857143     0      0.006744
0.871429     0      0.006628
0.885714     0      0.006496
0.9     0      0.006342
0.914286     0      0.006272
0.928571     0      0.006112
0.942857     0      0.006088
0.957143     0      0.0059
0.971429     0      0.005836
0.985714     0      0.005802
1     0      0.005726
1.01429     0      0.005582
1.02857     0      0.005546
1.04286     0      0.005504
1.05714     0      0.005426
1.07143     0      0.005376
1.08571     0      0.005298
1.1     0      0.00526
1.11429     0      0.005216
1.12857     0      0.00515
1.14286     0      0.005058
1.15714     0      0.005132
1.17143     0      0.004944
1.18571     0      0.004962
1.2     0      0.00495
1.21429     0      0.004868
1.22857     0      0.004806
1.24286     0      0.004818
1.25714     0      0.004724
1.27143     0      0.004722
1.28571     0      0.004692
1.3     0      0.00464
1.31429     0      0.00461
1.32857     0      0.004548
1.34286     0      0.00453
1.35714     0      0.004554
1.37143     0      0.004452
1.38571     0      0.004418
1.4     0      0.004436
1.41429     0      0.00433
1.42857     0      0.004382
1.44286     0      0.00432
1.45714     0      0.00429
1.47143     0      0.004282
1.48571     0      0.004204
1.5     0      0.004214
1.51429     0      0.004192
1.52857     0      0.004154
1.54286     0      0.004182
1.55714     0      0.004064
1.57143     0      0.004104
1.58571     0      0.004044
1.6     0      0.004026
1.61429     0      0.004038
1.62857     0      0.003948
1.64286     0      0.003978
1.65714     0      0.003932
1.67143     0      0.00393
1.68571     0      0.003918
1.7     0      0.003848
1.71429     0      0.003874
1.72857     0      0.003854
1.74286     0      0.003784
1.75714     0      0.003794
1.77143     0      0.003772
1.78571     0      0.003746
1.8     0      0.003754
1.81429     0      0.0037
1.82857     0      0.00369
1.84286     0      0.003706
1.85714     0      0.00364
1.87143     0      0.003638
1.88571     0      0.003642
1.9     0      0.0036
1.91429     0      0.003588
1.92857     0      0.003594
1.94286     0      0.003508
1.95714     0      0.003546
1.97143     0      0.003534
1.98571     0      0.003484
2     0      0.00347
2.01429     0      0.00351
2.02857     0      0.00345
2.04286     0      0.003424
2.05714     0      0.003442
2.07143     0      0.003402
2.08571     0      0.003408
2.1     0      0.00337
2.11429     0      0.003362
2.12857     0      0.003354
2.14286     0      0.003364
2.15714     0      0.003292
2.17143     0      0.00329
2.18571     0      0.003314
2.2     0      0.003262
2.21429     0      0.003278
2.22857     0      0.003254
2.24286     0      0.003244
2.25714     0      0.003218
2.27143     0      0.00319
2.28571     0      0.003206
2.3     0      0.003178
2.31429     0      0.003192
2.32857     0      0.003166
2.34286     0      0.003122
2.35714     0      0.003166
2.37143     0      0.003102
2.38571     0      0.003114
2.4     0      0.003108
2.41429     0      0.003074
2.42857     0      0.003086
2.44286     0      0.00305
2.45714     0      0.003054
2.47143     0      0.003052
2.48571     0      0.003052
2.5     0      0.002978
2.51429     0      0.003008
2.52857     0      0.00299
2.54286     0      0.002982
2.55714     0      0.002986
2.57143     0      0.00297
2.58571     0      0.002922
2.6     0      0.002958
2.61429     0      0.002926
2.62857     0      0.002928
2.64286     0      0.002904
2.65714     0      0.002892
2.67143     0      0.002884
2.68571     0      0.00289
2.7     0      0.002846
2.71429     0      0.002874
2.72857     0      0.002868
2.74286     0      0.002812
2.75714     0      0.002842
2.77143     0      0.002814
2.78571     0      0.002822
2.8     0      0.002796
2.81429     0      0.00279
2.82857     0      0.002778
2.84286     0      0.002782
2.85714     0      0.002762
2.87143     0      0.002738
2.88571     0      0.002752
2.9     0      0.002714
2.91429     0      0.00276
2.92857     0      0.002696
2.94286     0      0.002712
2.95714     0      0.00271
2.97143     0      0.0027
2.98571     0      0.002674
3     0      0.002664
3.01429     0      0.00265
3.02857     0      0.002676
3.04286     0      0.002656
3.05714     0      0.002646
3.07143     0      0.002624
3.08571     0      0.002622
3.1     0      0.00262
3.11429     0      0.002618
3.12857     0      0.002596
3.14286     0      0.002582
3.15714     0      0.002592
3.17143     0      0.002578
3.18571     0      0.002578
3.2     0      0.002546
3.21429     0      0.002562
3.22857     0      0.0009425
3.24286     0      3.99375e-23
3.25714     0      4.25781e-24
3.27143     0      0
3.28571     0      0
3.3     0      0
3.31429     0      0
3.32857     0      0
3.34286     0      0
3.35714     0      0
3.37143     0      0
3.38571     0      0
3.4     0      0
3.41429     0      0
3.42857     0      0
3.44286     0      0
3.45714     0      0
3.47143     0      0
3.48571     0      0
3.5     0      0
3.51429     0      0
3.52857     0      0
3.54286     0      0
3.55714     0      0
3.57143     0      0
3.58571     0      0
3.6     0      0
3.61429     0      0
3.62857     0      0
3.64286     0      0
3.65714     0      0
3.67143     0      0
3.68571     0      0
3.7     0      0
3.71429     0      0
3.72857     0      0
3.74286     0      0
3.75714     0      0
3.77143     0      0
3.78571     0      0
3.8     0      0
3.81429     0      0
3.82857     0      0
3.84286     0      0
3.85714     0      0
3.87143     0      0
3.88571     0      0
3.9     0      0
3.91429     0      0
3.92857     0      0
3.94286     0      0
3.95714     0      0
3.97143     0      0
3.98571     0      0
4     0      0
4.01429     0      0
4.02857     0      0
4.04286     0      0
4.05714     0      0
4.07143     0      0
4.08571     0      0
4.1     0      0
4.11429     0      0
4.12857     0      0
4.14286     0      0
4.15714     0      0
4.17143     0      0
4.18571     0      0
4.2     0      0
4.21429     0      0
4.22857     0      0
4.24286     0      0
4.25714     0      0
4.27143     0      0
4.28571     0      0
4.3     0      0
4.31429     0      0
4.32857     0      0
4.34286     0      0
4.35714     0      0
4.37143     0      0
4.38571     0      0
4.4     0      0
4.41429     0      0
4.42857     0      0
4.44286     0      0
4.45714     0      0
4.47143     0      0
4.48571     0      0
4.5     0      0
4.51429     0      0
4.52857     0      0
4.54286     0      0
4.55714     0      0
4.57143     0      0
4.58571     0      0
4.6     0      0
4.61429     0      0
4.62857     0      0
4.64286     0      0
4.65714     0      0
4.67143     0      0
4.68571     0      0
4.7     0      0
4.71429     0      0
4.72857     0      0
4.74286     0      0
4.75714     0      0
4.77143     0      0
4.78571     0      0
4.8     0      0
4.81429     0      0
4.82857     0      0
4.84286     0      0
4.85714     0      0
4.87143     0      0
4.88571     0      0
4.9     0      0
4.91429     0      0
4.92857     0      0
4.94286     0      0
4.95714     0      0
4.97143     0      0
4.98571     0      0
