# U,mu,nA_up, nA_dn, nB_up, nB_dn, ms, mf, ntotal,mu,cint
#energy    dos_upn   dos_upp   dos_dnn  dos_dnp GRID=1000 bin=700
-5     0      0
-4.98571     0      0
-4.97143     0      0
-4.95714     0      0
-4.94286     0      0
-4.92857     0      0
-4.91429     0      0
-4.9     0      0
-4.88571     0      0
-4.87143     0      0
-4.85714     0      0
-4.84286     0      0
-4.82857     0      0
-4.81429     0      0
-4.8     0      0
-4.78571     0      0
-4.77143     0      0
-4.75714     0      0
-4.74286     0      0
-4.72857     0      0
-4.71429     0      0
-4.7     0      0
-4.68571     0      0
-4.67143     0      0
-4.65714     0      0
-4.64286     0      0
-4.62857     0      0
-4.61429     0      0
-4.6     0      0
-4.58571     0      0
-4.57143     0      0
-4.55714     0      0
-4.54286     0      0
-4.52857     0      0
-4.51429     0      0
-4.5     0      0
-4.48571     0      0
-4.47143     0      0
-4.45714     0      0
-4.44286     0      0
-4.42857     0      0
-4.41429     0      0
-4.4     0      0
-4.38571     0      0
-4.37143     0      0
-4.35714     0      0
-4.34286     0      0
-4.32857     0      0
-4.31429     0      0
-4.3     0      0
-4.28571     0      0
-4.27143     0      0
-4.25714     0      0
-4.24286     0      0
-4.22857     0      0
-4.21429     0      0
-4.2     0      0
-4.18571     0      0
-4.17143     0      0
-4.15714     0      0
-4.14286     0      0
-4.12857     0      0
-4.11429     0      0
-4.1     0      0
-4.08571     0      0
-4.07143     0      0
-4.05714     0      0
-4.04286     0      0
-4.02857     0      0
-4.01429     0      0
-4     0      0
-3.98571     0      0
-3.97143     0      0
-3.95714     0      0
-3.94286     0      0
-3.92857     0      0
-3.91429     0      0
-3.9     0      0
-3.88571     0      0
-3.87143     0      0
-3.85714     0      0
-3.84286     0      0
-3.82857     0      0
-3.81429     0      0
-3.8     0      0
-3.78571     0      0
-3.77143     0      0
-3.75714     0      0
-3.74286     0      0
-3.72857     0      0
-3.71429     0      0
-3.7     0      0
-3.68571     0      0
-3.67143     0      0
-3.65714     0      0
-3.64286     0      0
-3.62857     0      0
-3.61429     0      0
-3.6     0      0
-3.58571     0      0
-3.57143     0      0
-3.55714     0      0
-3.54286     0      0
-3.52857     0      0
-3.51429     0      0
-3.5     0      0
-3.48571     0      0
-3.47143     0      0
-3.45714     0      0
-3.44286     0      0
-3.42857     0      0
-3.41429     0      0
-3.4     0      0
-3.38571     0      0
-3.37143     0      0
-3.35714     0      0
-3.34286     0      0
-3.32857     0      0
-3.31429     0      0
-3.3     0      0
-3.28571     0      0
-3.27143     0      0
-3.25714     0      0
-3.24286     0      0
-3.22857     0      0
-3.21429     0      0
-3.2     0      0
-3.18571     0      0
-3.17143     0      0
-3.15714     0      0
-3.14286     0      0
-3.12857     0      0
-3.11429     0      0
-3.1     0      0
-3.08571     0      0
-3.07143     0      0
-3.05714     0      0
-3.04286     0      0
-3.02857     0      0
-3.01429     0      0
-3     0      0
-2.98571     0      0
-2.97143     0      0
-2.95714     0      0
-2.94286     0      0
-2.92857     0      0
-2.91429     0      0
-2.9     0      0
-2.88571     0      0
-2.87143     0      0
-2.85714     0      0
-2.84286     0      0
-2.82857     0      0
-2.81429     0      0
-2.8     0      0
-2.78571     0      0
-2.77143     0      0
-2.75714     0      0
-2.74286     0      0
-2.72857     0      0
-2.71429     0      0
-2.7     0      0
-2.68571     0      0
-2.67143     0      0
-2.65714     0      0
-2.64286     0      0
-2.62857     0      0
-2.61429     0      0
-2.6     0      0
-2.58571     0      0
-2.57143     0      0
-2.55714     0      0
-2.54286     0      0
-2.52857     0      0
-2.51429     0      0
-2.5     0      0
-2.48571     0      0
-2.47143     0      0
-2.45714     0      0
-2.44286     0      0
-2.42857     0      0
-2.41429     0      0
-2.4     0      0
-2.38571     0      0
-2.37143     0      0
-2.35714     0      0
-2.34286     0      0
-2.32857     0      0
-2.31429     0      0
-2.3     0      0
-2.28571     0      0
-2.27143     0      0
-2.25714     0      0
-2.24286     0      0
-2.22857     0      0
-2.21429     0      0
-2.2     0      0
-2.18571     0      0
-2.17143     0      0
-2.15714     0      0
-2.14286     0      0
-2.12857     0      0
-2.11429     0      0
-2.1     0      0
-2.08571     0      0
-2.07143     0      0
-2.05714     0      0
-2.04286     0      0
-2.02857     0      0
-2.01429     0      0
-2     0      0
-1.98571     0      0
-1.97143     0      0
-1.95714     0      0
-1.94286     0      0
-1.92857     0      0
-1.91429     0      0
-1.9     0      0
-1.88571     0      0
-1.87143     0      0
-1.85714     0      0
-1.84286     0      0
-1.82857     0      0
-1.81429     0      0
-1.8     0      0
-1.78571     0      0
-1.77143     0      0
-1.75714     0      0
-1.74286     0      0
-1.72857     0      0
-1.71429     0      0
-1.7     0      0
-1.68571     0      0
-1.67143     0      0
-1.65714     0      0
-1.64286     0      0
-1.62857     0      0
-1.61429     0      0
-1.6     0      0
-1.58571     0      0
-1.57143     0      0
-1.55714     0      0
-1.54286     0      0
-1.52857     0      0
-1.51429     0      0
-1.5     0      0
-1.48571     0      0
-1.47143     0      0
-1.45714     0      0
-1.44286     0      0
-1.42857     0      0
-1.41429     0      0
-1.4     0      0
-1.38571     0      0
-1.37143     0      0
-1.35714     0      0
-1.34286     0      0
-1.32857     0      0
-1.31429     0      0
-1.3     0      0
-1.28571     0      0
-1.27143     0      0
-1.25714     0      0
-1.24286     0      0
-1.22857     0      0
-1.21429     0      0
-1.2     0      0
-1.18571     0      0
-1.17143     0      0
-1.15714     0      0
-1.14286     0      0
-1.12857     0      0
-1.11429     0      0
-1.1     0      0
-1.08571     0      0
-1.07143     0      0
-1.05714     0      0
-1.04286     0      0
-1.02857     0      0
-1.01429     0      0
-1     0      0
-0.985714     0      0
-0.971429     0      0
-0.957143     0      0
-0.942857     0      0
-0.928571     2.01328e-23      0
-0.914286     1.39539e-22      0
-0.9     4.90625e-22      0
-0.885714     4.79156e-22      0
-0.871429     9.81313e-16      0
-0.857143     1.89075e-15      0
-0.842857     0.0154185      0
-0.828571     0.02378      0
-0.814286     0.022976      0
-0.8     0.0247345      0
-0.785714     0.027952      0
-0.771429     0.028014      0
-0.757143     0.02824      0
-0.742857     0.028504      0
-0.728571     0.029168      0
-0.714286     0.02991      0
-0.7     0.031044      0
-0.685714     0.032634      0
-0.671429     0.035034      0
-0.657143     0.039954      0
-0.642857     0.052726      0
-0.628571     0.038994      0
-0.614286     0.031918      0
-0.6     0.028036      0
-0.585714     0.025264      0
-0.571429     0.023074      0
-0.557143     0.021334      0
-0.542857     0.019916      0
-0.528571     0.018638      0
-0.514286     0.017582      0
-0.5     0.016644      0
-0.485714     0.015764      0
-0.471429     0.01498      0
-0.457143     0.014302      0
-0.442857     0.013654      0
-0.428571     0.013086      0
-0.414286     0.012534      0
-0.4     0.012      0
-0.385714     0.011592      0
-0.371429     0.01118      0
-0.357143     0.0107      0
-0.342857     0.010366      0
-0.328571     0.009974      0
-0.314286     0.009624      0
-0.3     0.009316      0
-0.285714     0.009      0
-0.271429     0.008712      0
-0.257143     0.008464      0
-0.242857     0.008156      0
-0.228571     0.007922      0
-0.214286     0.007704      0
-0.2     0.007436      0
-0.185714     0.007238      0
-0.171429     0.006998      0
-0.157143     0.00681      0
-0.142857     0.0066      0
-0.128571     0.006418      0
-0.114286     0.00623      0
-0.1     0.006042      0
-0.0857143     0.00584      0
-0.0714286     0.005726      0
-0.0571429     0.005532      0
-0.0428571     0.005364      0
-0.0285714     0.005228      0
-0.0142857     0.00507      0.0029585
0     0.002949      0.005566
0.0142857     0      0.0055
0.0285714     0      0.00542
0.0428571     0      0.00534
0.0571429     0      0.0053
0.0714286     0      0.005226
0.0857143     0      0.005238
0.1     0      0.005182
0.114286     0      0.005136
0.128571     0      0.00508
0.142857     0      0.005114
0.157143     0      0.005078
0.171429     0      0.005104
0.185714     0      0.00505
0.2     0      0.00506
0.214286     0      0.005064
0.228571     0      0.005042
0.242857     0      0.005058
0.257143     0      0.005122
0.271429     0      0.005092
0.285714     0      0.005094
0.3     0      0.004984
0.314286     0      0.005222
0.328571     0      0.0052
0.342857     0      0.005164
0.357143     0      0.005056
0.371429     0      0.005296
0.385714     0      0.005352
0.4     0      0.005288
0.414286     0      0.005336
0.428571     0      0.005372
0.442857     0      0.005364
0.457143     0      0.005432
0.471429     0      0.005492
0.485714     0      0.005552
0.5     0      0.00557
0.514286     0      0.005724
0.528571     0      0.005756
0.542857     0      0.005758
0.557143     0      0.005892
0.571429     0      0.00592
0.585714     0      0.006062
0.6     0      0.006138
0.614286     0      0.006172
0.628571     0      0.00642
0.642857     0      0.006456
0.657143     0      0.0066
0.671429     0      0.006714
0.685714     0      0.006956
0.7     0      0.007198
0.714286     0      0.007362
0.728571     0      0.00766
0.742857     0      0.00808
0.757143     0      0.008614
0.771429     0      0.009618
0.785714     0      0.011799
0.8     0      0.00959
0.814286     0      0.008598
0.828571     0      0.008084
0.842857     0      0.00769
0.857143     0      0.007446
0.871429     0      0.007156
0.885714     0      0.006958
0.9     0      0.006816
0.914286     0      0.006636
0.928571     0      0.006516
0.942857     0      0.006314
0.957143     0      0.00624
0.971429     0      0.00611
0.985714     0      0.006064
1     0      0.00596
1.01429     0      0.005894
1.02857     0      0.005694
1.04286     0      0.005702
1.05714     0      0.005632
1.07143     0      0.005546
1.08571     0      0.005456
1.1     0      0.005428
1.11429     0      0.00535
1.12857     0      0.005342
1.14286     0      0.005184
1.15714     0      0.005204
1.17143     0      0.005158
1.18571     0      0.005096
1.2     0      0.005002
1.21429     0      0.005028
1.22857     0      0.004938
1.24286     0      0.004876
1.25714     0      0.004866
1.27143     0      0.004822
1.28571     0      0.004732
1.3     0      0.004738
1.31429     0      0.004742
1.32857     0      0.004612
1.34286     0      0.004652
1.35714     0      0.004584
1.37143     0      0.004546
1.38571     0      0.004518
1.4     0      0.004472
1.41429     0      0.004458
1.42857     0      0.004438
1.44286     0      0.004336
1.45714     0      0.004374
1.47143     0      0.004374
1.48571     0      0.004264
1.5     0      0.004266
1.51429     0      0.004244
1.52857     0      0.004206
1.54286     0      0.004214
1.55714     0      0.004128
1.57143     0      0.004162
1.58571     0      0.00413
1.6     0      0.004048
1.61429     0      0.004062
1.62857     0      0.004032
1.64286     0      0.004006
1.65714     0      0.003998
1.67143     0      0.00396
1.68571     0      0.003958
1.7     0      0.003946
1.71429     0      0.003856
1.72857     0      0.003906
1.74286     0      0.003836
1.75714     0      0.003842
1.77143     0      0.0038
1.78571     0      0.00378
1.8     0      0.003758
1.81429     0      0.003782
1.82857     0      0.003688
1.84286     0      0.003722
1.85714     0      0.003722
1.87143     0      0.003628
1.88571     0      0.003678
1.9     0      0.00367
1.91429     0      0.003584
1.92857     0      0.00361
1.94286     0      0.003602
1.95714     0      0.003552
1.97143     0      0.00353
1.98571     0      0.003554
2     0      0.003522
2.01429     0      0.003468
2.02857     0      0.003482
2.04286     0      0.003498
2.05714     0      0.003428
2.07143     0      0.003426
2.08571     0      0.003422
2.1     0      0.003426
2.11429     0      0.003382
2.12857     0      0.003352
2.14286     0      0.003342
2.15714     0      0.00337
2.17143     0      0.00336
2.18571     0      0.00329
2.2     0      0.003292
2.21429     0      0.003258
2.22857     0      0.00329
2.24286     0      0.003258
2.25714     0      0.003242
2.27143     0      0.00325
2.28571     0      0.003206
2.3     0      0.003206
2.31429     0      0.003206
2.32857     0      0.003174
2.34286     0      0.003142
2.35714     0      0.003158
2.37143     0      0.003162
2.38571     0      0.003106
2.4     0      0.003142
2.41429     0      0.003098
2.42857     0      0.00307
2.44286     0      0.003066
2.45714     0      0.003074
2.47143     0      0.003056
2.48571     0      0.003026
2.5     0      0.00303
2.51429     0      0.003048
2.52857     0      0.003
2.54286     0      0.002986
2.55714     0      0.002992
2.57143     0      0.002996
2.58571     0      0.002946
2.6     0      0.00294
2.61429     0      0.002968
2.62857     0      0.002916
2.64286     0      0.002938
2.65714     0      0.002902
2.67143     0      0.002906
2.68571     0      0.002874
2.7     0      0.002896
2.71429     0      0.00284
2.72857     0      0.002874
2.74286     0      0.002872
2.75714     0      0.002812
2.77143     0      0.002834
2.78571     0      0.00282
2.8     0      0.002822
2.81429     0      0.002794
2.82857     0      0.002774
2.84286     0      0.002794
2.85714     0      0.002782
2.87143     0      0.002784
2.88571     0      0.002734
2.9     0      0.002746
2.91429     0      0.002736
2.92857     0      0.00274
2.94286     0      0.002684
2.95714     0      0.002728
2.97143     0      0.002702
2.98571     0      0.002684
3     0      0.00269
3.01429     0      0.002674
3.02857     0      0.002664
3.04286     0      0.002676
3.05714     0      0.00265
3.07143     0      0.002638
3.08571     0      0.002642
3.1     0      0.002608
3.11429     0      0.002624
3.12857     0      0.00261
3.14286     0      0.002596
3.15714     0      0.00259
3.17143     0      0.002606
3.18571     0      0.00256
3.2     0      0.00257
3.21429     0      0.00257
3.22857     0      0.0017885
3.24286     0      6.39e-10
3.25714     0      6.8125e-11
3.27143     0      0
3.28571     0      0
3.3     0      0
3.31429     0      0
3.32857     0      0
3.34286     0      0
3.35714     0      0
3.37143     0      0
3.38571     0      0
3.4     0      0
3.41429     0      0
3.42857     0      0
3.44286     0      0
3.45714     0      0
3.47143     0      0
3.48571     0      0
3.5     0      0
3.51429     0      0
3.52857     0      0
3.54286     0      0
3.55714     0      0
3.57143     0      0
3.58571     0      0
3.6     0      0
3.61429     0      0
3.62857     0      0
3.64286     0      0
3.65714     0      0
3.67143     0      0
3.68571     0      0
3.7     0      0
3.71429     0      0
3.72857     0      0
3.74286     0      0
3.75714     0      0
3.77143     0      0
3.78571     0      0
3.8     0      0
3.81429     0      0
3.82857     0      0
3.84286     0      0
3.85714     0      0
3.87143     0      0
3.88571     0      0
3.9     0      0
3.91429     0      0
3.92857     0      0
3.94286     0      0
3.95714     0      0
3.97143     0      0
3.98571     0      0
4     0      0
4.01429     0      0
4.02857     0      0
4.04286     0      0
4.05714     0      0
4.07143     0      0
4.08571     0      0
4.1     0      0
4.11429     0      0
4.12857     0      0
4.14286     0      0
4.15714     0      0
4.17143     0      0
4.18571     0      0
4.2     0      0
4.21429     0      0
4.22857     0      0
4.24286     0      0
4.25714     0      0
4.27143     0      0
4.28571     0      0
4.3     0      0
4.31429     0      0
4.32857     0      0
4.34286     0      0
4.35714     0      0
4.37143     0      0
4.38571     0      0
4.4     0      0
4.41429     0      0
4.42857     0      0
4.44286     0      0
4.45714     0      0
4.47143     0      0
4.48571     0      0
4.5     0      0
4.51429     0      0
4.52857     0      0
4.54286     0      0
4.55714     0      0
4.57143     0      0
4.58571     0      0
4.6     0      0
4.61429     0      0
4.62857     0      0
4.64286     0      0
4.65714     0      0
4.67143     0      0
4.68571     0      0
4.7     0      0
4.71429     0      0
4.72857     0      0
4.74286     0      0
4.75714     0      0
4.77143     0      0
4.78571     0      0
4.8     0      0
4.81429     0      0
4.82857     0      0
4.84286     0      0
4.85714     0      0
4.87143     0      0
4.88571     0      0
4.9     0      0
4.91429     0      0
4.92857     0      0
4.94286     0      0
4.95714     0      0
4.97143     0      0
4.98571     0      0
