# U,mu,nA_up, nA_dn, nB_up, nB_dn, ms, mf, ntotal,mu,cint
#energy    dos_upn   dos_upp   dos_dnn  dos_dnp GRID=1000 bin=700
-5     0      0
-4.98571     0      0
-4.97143     0      0
-4.95714     0      0
-4.94286     0      0
-4.92857     0      0
-4.91429     0      0
-4.9     0      0
-4.88571     0      0
-4.87143     0      0
-4.85714     0      0
-4.84286     0      0
-4.82857     0      0
-4.81429     0      0
-4.8     0      0
-4.78571     0      0
-4.77143     0      0
-4.75714     0      0
-4.74286     0      0
-4.72857     0      0
-4.71429     0      0
-4.7     0      0
-4.68571     0      0
-4.67143     0      0
-4.65714     0      0
-4.64286     0      0
-4.62857     0      0
-4.61429     0      0
-4.6     0      0
-4.58571     0      0
-4.57143     0      0
-4.55714     0      0
-4.54286     0      0
-4.52857     0      0
-4.51429     0      0
-4.5     0      0
-4.48571     0      0
-4.47143     0      0
-4.45714     0      0
-4.44286     0      0
-4.42857     0      0
-4.41429     0      0
-4.4     0      0
-4.38571     0      0
-4.37143     0      0
-4.35714     0      0
-4.34286     0      0
-4.32857     0      0
-4.31429     0      0
-4.3     0      0
-4.28571     0      0
-4.27143     0      0
-4.25714     0      0
-4.24286     0      0
-4.22857     0      0
-4.21429     0      0
-4.2     0      0
-4.18571     0      0
-4.17143     0      0
-4.15714     0      0
-4.14286     0      0
-4.12857     0      0
-4.11429     0      0
-4.1     0      0
-4.08571     0      0
-4.07143     0      0
-4.05714     0      0
-4.04286     0      0
-4.02857     0      0
-4.01429     0      0
-4     0      0
-3.98571     0      0
-3.97143     0      0
-3.95714     0      0
-3.94286     0      0
-3.92857     0      0
-3.91429     0      0
-3.9     0      0
-3.88571     0      0
-3.87143     0      0
-3.85714     0      0
-3.84286     0      0
-3.82857     0      0
-3.81429     0      0
-3.8     0      0
-3.78571     0      0
-3.77143     0      0
-3.75714     0      0
-3.74286     0      0
-3.72857     0      0
-3.71429     0      0
-3.7     0      0
-3.68571     0      0
-3.67143     0      0
-3.65714     0      0
-3.64286     0      0
-3.62857     0      0
-3.61429     0      0
-3.6     0      0
-3.58571     0      0
-3.57143     0      0
-3.55714     0      0
-3.54286     0      0
-3.52857     0      0
-3.51429     0      0
-3.5     0      0
-3.48571     0      0
-3.47143     0      0
-3.45714     0      0
-3.44286     0      0
-3.42857     0      0
-3.41429     0      0
-3.4     0      0
-3.38571     0      0
-3.37143     0      0
-3.35714     0      0
-3.34286     0      0
-3.32857     0      0
-3.31429     0      0
-3.3     0      0
-3.28571     0      0
-3.27143     0      0
-3.25714     0      0
-3.24286     0      0
-3.22857     0      0
-3.21429     0      0
-3.2     0      0
-3.18571     0      0
-3.17143     0      0
-3.15714     0      0
-3.14286     0      0
-3.12857     0      0
-3.11429     0      0
-3.1     0      0
-3.08571     0      0
-3.07143     0      0
-3.05714     0      0
-3.04286     0      0
-3.02857     0      0
-3.01429     0      0
-3     0      0
-2.98571     0      0
-2.97143     0      0
-2.95714     0      0
-2.94286     0      0
-2.92857     0      0
-2.91429     0      0
-2.9     0      0
-2.88571     0      0
-2.87143     0      0
-2.85714     0      0
-2.84286     0      0
-2.82857     0      0
-2.81429     0      0
-2.8     0      0
-2.78571     0      0
-2.77143     0      0
-2.75714     0      0
-2.74286     0      0
-2.72857     0      0
-2.71429     0      0
-2.7     0      0
-2.68571     0      0
-2.67143     0      0
-2.65714     0      0
-2.64286     0      0
-2.62857     0      0
-2.61429     0      0
-2.6     0      0
-2.58571     0      0
-2.57143     0      0
-2.55714     0      0
-2.54286     0      0
-2.52857     0      0
-2.51429     0      0
-2.5     0      0
-2.48571     0      0
-2.47143     0      0
-2.45714     0      0
-2.44286     0      0
-2.42857     0      0
-2.41429     0      0
-2.4     0      0
-2.38571     0      0
-2.37143     0      0
-2.35714     0      0
-2.34286     0      0
-2.32857     0      0
-2.31429     0      0
-2.3     0      0
-2.28571     0      0
-2.27143     0      0
-2.25714     0      0
-2.24286     0      0
-2.22857     0      0
-2.21429     0      0
-2.2     0      0
-2.18571     0      0
-2.17143     0      0
-2.15714     0      0
-2.14286     0      0
-2.12857     0      0
-2.11429     0      0
-2.1     0      0
-2.08571     0      0
-2.07143     0      0
-2.05714     0      0
-2.04286     0      0
-2.02857     0      0
-2.01429     0      0
-2     0      0
-1.98571     0      0
-1.97143     0      0
-1.95714     0      0
-1.94286     0      0
-1.92857     0      0
-1.91429     0      0
-1.9     0      0
-1.88571     0      0
-1.87143     0      0
-1.85714     0      0
-1.84286     0      0
-1.82857     0      0
-1.81429     0      0
-1.8     0      0
-1.78571     0      0
-1.77143     0      0
-1.75714     0      0
-1.74286     0      0
-1.72857     0      0
-1.71429     0      0
-1.7     0      0
-1.68571     0      0
-1.67143     0      0
-1.65714     0      0
-1.64286     0      0
-1.62857     0      0
-1.61429     0      0
-1.6     0      0
-1.58571     0      0
-1.57143     0      0
-1.55714     0      0
-1.54286     0      0
-1.52857     0      0
-1.51429     0      0
-1.5     0      0
-1.48571     0      0
-1.47143     0      0
-1.45714     0      0
-1.44286     0      0
-1.42857     0      0
-1.41429     0      0
-1.4     0      0
-1.38571     0      0
-1.37143     0      0
-1.35714     0      0
-1.34286     0      0
-1.32857     0      0
-1.31429     0      0
-1.3     0      0
-1.28571     0      0
-1.27143     0      0
-1.25714     0      0
-1.24286     0      0
-1.22857     0      0
-1.21429     0      0
-1.2     0      0
-1.18571     0      0
-1.17143     0      0
-1.15714     0      0
-1.14286     0      0
-1.12857     0      0
-1.11429     0      0
-1.1     0      0
-1.08571     0      0
-1.07143     0      0
-1.05714     0      0
-1.04286     0      0
-1.02857     0      0
-1.01429     0      0
-1     0      0
-0.985714     0      0
-0.971429     0      0
-0.957143     0      0
-0.942857     0      0
-0.928571     3.22125e-10      0
-0.914286     2.23262e-09      0
-0.9     7.85e-09      0
-0.885714     7.6665e-09      0
-0.871429     0.015701      0
-0.857143     0.030252      0
-0.842857     0.0297      0
-0.828571     0.029384      0
-0.814286     0.02936      0
-0.8     0.029558      0
-0.785714     0.02987      0
-0.771429     0.030442      0
-0.757143     0.031408      0
-0.742857     0.032646      0
-0.728571     0.034614      0
-0.714286     0.03765      0
-0.7     0.044856      0
-0.685714     0.053034      0
-0.671429     0.037062      0
-0.657143     0.031368      0
-0.642857     0.027818      0
-0.628571     0.02506      0
-0.614286     0.023064      0
-0.6     0.021384      0
-0.585714     0.019944      0
-0.571429     0.018732      0
-0.557143     0.017618      0
-0.542857     0.016702      0
-0.528571     0.015852      0
-0.514286     0.015056      0
-0.5     0.014402      0
-0.485714     0.013724      0
-0.471429     0.013208      0
-0.457143     0.012586      0
-0.442857     0.012194      0
-0.428571     0.011616      0
-0.414286     0.011228      0
-0.4     0.010836      0
-0.385714     0.010408      0
-0.371429     0.01007      0
-0.357143     0.009736      0
-0.342857     0.009452      0
-0.328571     0.00908      0
-0.314286     0.00879      0
-0.3     0.008588      0
-0.285714     0.008244      0
-0.271429     0.00803      0
-0.257143     0.007784      0
-0.242857     0.00752      0
-0.228571     0.007368      0
-0.214286     0.007092      0
-0.2     0.00691      0
-0.185714     0.006674      0
-0.171429     0.006494      0
-0.157143     0.006344      0
-0.142857     0.00613      0
-0.128571     0.005972      0
-0.114286     0.00582      0
-0.1     0.005632      0
-0.0857143     0.005462      0
-0.0714286     0.004471      0
-0.0571429     0      0
-0.0428571     0      0
-0.0285714     0      0
-0.0142857     0      0
0     0      0
0.0142857     0      0.0013265
0.0285714     0      0.005602
0.0428571     0      0.00555
0.0571429     0      0.005484
0.0714286     0      0.005414
0.0857143     0      0.00537
0.1     0      0.005322
0.114286     0      0.005272
0.128571     0      0.005272
0.142857     0      0.00524
0.157143     0      0.005206
0.171429     0      0.005164
0.185714     0      0.005172
0.2     0      0.005196
0.214286     0      0.005118
0.228571     0      0.005178
0.242857     0      0.005126
0.257143     0      0.005198
0.271429     0      0.005144
0.285714     0      0.00521
0.3     0      0.005182
0.314286     0      0.005182
0.328571     0      0.005228
0.342857     0      0.005286
0.357143     0      0.00506
0.371429     0      0.005446
0.385714     0      0.005246
0.4     0      0.005314
0.414286     0      0.005348
0.428571     0      0.005412
0.442857     0      0.005434
0.457143     0      0.00546
0.471429     0      0.005512
0.485714     0      0.005554
0.5     0      0.005624
0.514286     0      0.005674
0.528571     0      0.00566
0.542857     0      0.005772
0.557143     0      0.005852
0.571429     0      0.005882
0.585714     0      0.005984
0.6     0      0.006048
0.614286     0      0.006192
0.628571     0      0.006208
0.642857     0      0.006348
0.657143     0      0.00643
0.671429     0      0.006588
0.685714     0      0.006718
0.7     0      0.006876
0.714286     0      0.00705
0.728571     0      0.007238
0.742857     0      0.007476
0.757143     0      0.007812
0.771429     0      0.008156
0.785714     0      0.00866
0.8     0      0.009504
0.814286     0      0.011991
0.828571     0      0.010368
0.842857     0      0.009078
0.857143     0      0.008382
0.871429     0      0.00797
0.885714     0      0.007634
0.9     0      0.007402
0.914286     0      0.007118
0.928571     0      0.006936
0.942857     0      0.006752
0.957143     0      0.006644
0.971429     0      0.006508
0.985714     0      0.006286
1     0      0.006196
1.01429     0      0.006116
1.02857     0      0.006064
1.04286     0      0.005914
1.05714     0      0.005876
1.07143     0      0.005728
1.08571     0      0.005676
1.1     0      0.005606
1.11429     0      0.00556
1.12857     0      0.00549
1.14286     0      0.005352
1.15714     0      0.005324
1.17143     0      0.005294
1.18571     0      0.005242
1.2     0      0.005134
1.21429     0      0.005138
1.22857     0      0.005078
1.24286     0      0.004992
1.25714     0      0.004992
1.27143     0      0.004886
1.28571     0      0.004934
1.3     0      0.004768
1.31429     0      0.00483
1.32857     0      0.004758
1.34286     0      0.004678
1.35714     0      0.004678
1.37143     0      0.004674
1.38571     0      0.004516
1.4     0      0.00459
1.41429     0      0.004578
1.42857     0      0.004448
1.44286     0      0.004466
1.45714     0      0.004438
1.47143     0      0.004364
1.48571     0      0.004362
1.5     0      0.004374
1.51429     0      0.004236
1.52857     0      0.004282
1.54286     0      0.004244
1.55714     0      0.004222
1.57143     0      0.004198
1.58571     0      0.004136
1.6     0      0.004122
1.61429     0      0.004158
1.62857     0      0.004044
1.64286     0      0.004074
1.65714     0      0.004058
1.67143     0      0.003944
1.68571     0      0.003998
1.7     0      0.00397
1.71429     0      0.003912
1.72857     0      0.003922
1.74286     0      0.003902
1.75714     0      0.003824
1.77143     0      0.003862
1.78571     0      0.003866
1.8     0      0.003764
1.81429     0      0.003786
1.82857     0      0.003806
1.84286     0      0.003692
1.85714     0      0.003726
1.87143     0      0.003746
1.88571     0      0.00362
1.9     0      0.003678
1.91429     0      0.00367
1.92857     0      0.003608
1.94286     0      0.00361
1.95714     0      0.003586
1.97143     0      0.003614
1.98571     0      0.0035
2     0      0.003554
2.01429     0      0.003534
2.02857     0      0.003488
2.04286     0      0.003494
2.05714     0      0.00348
2.07143     0      0.003458
2.08571     0      0.003446
2.1     0      0.003392
2.11429     0      0.003414
2.12857     0      0.00339
2.14286     0      0.003378
2.15714     0      0.00337
2.17143     0      0.003324
2.18571     0      0.003334
2.2     0      0.003322
2.21429     0      0.003294
2.22857     0      0.00329
2.24286     0      0.003274
2.25714     0      0.003292
2.27143     0      0.003222
2.28571     0      0.003208
2.3     0      0.003238
2.31429     0      0.003178
2.32857     0      0.003194
2.34286     0      0.00317
2.35714     0      0.003196
2.37143     0      0.003142
2.38571     0      0.003134
2.4     0      0.003146
2.41429     0      0.003144
2.42857     0      0.003064
2.44286     0      0.00309
2.45714     0      0.003062
2.47143     0      0.003058
2.48571     0      0.003056
2.5     0      0.003054
2.51429     0      0.003036
2.52857     0      0.003
2.54286     0      0.003022
2.55714     0      0.002978
2.57143     0      0.002986
2.58571     0      0.002974
2.6     0      0.002992
2.61429     0      0.00292
2.62857     0      0.00294
2.64286     0      0.002944
2.65714     0      0.002912
2.67143     0      0.002908
2.68571     0      0.002896
2.7     0      0.002872
2.71429     0      0.002894
2.72857     0      0.002872
2.74286     0      0.002836
2.75714     0      0.002866
2.77143     0      0.002826
2.78571     0      0.002838
2.8     0      0.002808
2.81429     0      0.002802
2.82857     0      0.002806
2.84286     0      0.002782
2.85714     0      0.002762
2.87143     0      0.00279
2.88571     0      0.00276
2.9     0      0.002752
2.91429     0      0.002732
2.92857     0      0.00275
2.94286     0      0.002704
2.95714     0      0.002714
2.97143     0      0.002712
2.98571     0      0.002714
3     0      0.002674
3.01429     0      0.002684
3.02857     0      0.002672
3.04286     0      0.00265
3.05714     0      0.002652
3.07143     0      0.002656
3.08571     0      0.002632
3.1     0      0.002632
3.11429     0      0.002632
3.12857     0      0.002614
3.14286     0      0.002592
3.15714     0      0.00261
3.17143     0      0.00257
3.18571     0      0.002596
3.2     0      0.00257
3.21429     0      0.002562
3.22857     0      0.0004745
3.24286     0      0
3.25714     0      0
3.27143     0      0
3.28571     0      0
3.3     0      0
3.31429     0      0
3.32857     0      0
3.34286     0      0
3.35714     0      0
3.37143     0      0
3.38571     0      0
3.4     0      0
3.41429     0      0
3.42857     0      0
3.44286     0      0
3.45714     0      0
3.47143     0      0
3.48571     0      0
3.5     0      0
3.51429     0      0
3.52857     0      0
3.54286     0      0
3.55714     0      0
3.57143     0      0
3.58571     0      0
3.6     0      0
3.61429     0      0
3.62857     0      0
3.64286     0      0
3.65714     0      0
3.67143     0      0
3.68571     0      0
3.7     0      0
3.71429     0      0
3.72857     0      0
3.74286     0      0
3.75714     0      0
3.77143     0      0
3.78571     0      0
3.8     0      0
3.81429     0      0
3.82857     0      0
3.84286     0      0
3.85714     0      0
3.87143     0      0
3.88571     0      0
3.9     0      0
3.91429     0      0
3.92857     0      0
3.94286     0      0
3.95714     0      0
3.97143     0      0
3.98571     0      0
4     0      0
4.01429     0      0
4.02857     0      0
4.04286     0      0
4.05714     0      0
4.07143     0      0
4.08571     0      0
4.1     0      0
4.11429     0      0
4.12857     0      0
4.14286     0      0
4.15714     0      0
4.17143     0      0
4.18571     0      0
4.2     0      0
4.21429     0      0
4.22857     0      0
4.24286     0      0
4.25714     0      0
4.27143     0      0
4.28571     0      0
4.3     0      0
4.31429     0      0
4.32857     0      0
4.34286     0      0
4.35714     0      0
4.37143     0      0
4.38571     0      0
4.4     0      0
4.41429     0      0
4.42857     0      0
4.44286     0      0
4.45714     0      0
4.47143     0      0
4.48571     0      0
4.5     0      0
4.51429     0      0
4.52857     0      0
4.54286     0      0
4.55714     0      0
4.57143     0      0
4.58571     0      0
4.6     0      0
4.61429     0      0
4.62857     0      0
4.64286     0      0
4.65714     0      0
4.67143     0      0
4.68571     0      0
4.7     0      0
4.71429     0      0
4.72857     0      0
4.74286     0      0
4.75714     0      0
4.77143     0      0
4.78571     0      0
4.8     0      0
4.81429     0      0
4.82857     0      0
4.84286     0      0
4.85714     0      0
4.87143     0      0
4.88571     0      0
4.9     0      0
4.91429     0      0
4.92857     0      0
4.94286     0      0
4.95714     0      0
4.97143     0      0
4.98571     0      0
