# U,mu,nA_up, nA_dn, nB_up, nB_dn, ms, mf, ntotal,mu,cint
#energy    dos_upn   dos_upp   dos_dnn  dos_dnp GRID=1000 bin=700
-5     0      0
-4.98571     0      0
-4.97143     0      0
-4.95714     0      0
-4.94286     0      0
-4.92857     0      0
-4.91429     0      0
-4.9     0      0
-4.88571     0      0
-4.87143     0      0
-4.85714     0      0
-4.84286     0      0
-4.82857     0      0
-4.81429     0      0
-4.8     0      0
-4.78571     0      0
-4.77143     0      0
-4.75714     0      0
-4.74286     0      0
-4.72857     0      0
-4.71429     0      0
-4.7     0      0
-4.68571     0      0
-4.67143     0      0
-4.65714     0      0
-4.64286     0      0
-4.62857     0      0
-4.61429     0      0
-4.6     0      0
-4.58571     0      0
-4.57143     0      0
-4.55714     0      0
-4.54286     0      0
-4.52857     0      0
-4.51429     0      0
-4.5     0      0
-4.48571     0      0
-4.47143     0      0
-4.45714     0      0
-4.44286     0      0
-4.42857     0      0
-4.41429     0      0
-4.4     0      0
-4.38571     0      0
-4.37143     0      0
-4.35714     0      0
-4.34286     0      0
-4.32857     0      0
-4.31429     0      0
-4.3     0      0
-4.28571     0      0
-4.27143     0      0
-4.25714     0      0
-4.24286     0      0
-4.22857     0      0
-4.21429     0      0
-4.2     0      0
-4.18571     0      0
-4.17143     0      0
-4.15714     0      0
-4.14286     0      0
-4.12857     0      0
-4.11429     0      0
-4.1     0      0
-4.08571     0      0
-4.07143     0      0
-4.05714     0      0
-4.04286     0      0
-4.02857     0      0
-4.01429     0      0
-4     0      0
-3.98571     0      0
-3.97143     0      0
-3.95714     0      0
-3.94286     0      0
-3.92857     0      0
-3.91429     0      0
-3.9     0      0
-3.88571     0      0
-3.87143     0      0
-3.85714     0      0
-3.84286     0      0
-3.82857     0      0
-3.81429     0      0
-3.8     0      0
-3.78571     0      0
-3.77143     0      0
-3.75714     0      0
-3.74286     0      0
-3.72857     0      0
-3.71429     0      0
-3.7     0      0
-3.68571     0      0
-3.67143     0      0
-3.65714     0      0
-3.64286     0      0
-3.62857     0      0
-3.61429     0      0
-3.6     0      0
-3.58571     0      0
-3.57143     0      0
-3.55714     0      0
-3.54286     0      0
-3.52857     0      0
-3.51429     0      0
-3.5     0      0
-3.48571     0      0
-3.47143     0      0
-3.45714     0      0
-3.44286     0      0
-3.42857     0      0
-3.41429     0      0
-3.4     0      0
-3.38571     0      0
-3.37143     0      0
-3.35714     0      0
-3.34286     0      0
-3.32857     0      0
-3.31429     0      0
-3.3     0      0
-3.28571     0      0
-3.27143     0      0
-3.25714     0      0
-3.24286     0      0
-3.22857     0      0
-3.21429     0      0
-3.2     0      0
-3.18571     0      0
-3.17143     0      0
-3.15714     0      0
-3.14286     0      0
-3.12857     0      0
-3.11429     0      0
-3.1     0      0
-3.08571     0      0
-3.07143     0      0
-3.05714     0      0
-3.04286     0      0
-3.02857     0      0
-3.01429     0      0
-3     0      0
-2.98571     0      0
-2.97143     0      0
-2.95714     0      0
-2.94286     0      0
-2.92857     0      0
-2.91429     0      0
-2.9     0      0
-2.88571     0      0
-2.87143     0      0
-2.85714     0      0
-2.84286     0      0
-2.82857     0      0
-2.81429     0      0
-2.8     0      0
-2.78571     0      0
-2.77143     0      0
-2.75714     0      0
-2.74286     0      0
-2.72857     0      0
-2.71429     0      0
-2.7     0      0
-2.68571     0      0
-2.67143     0      0
-2.65714     0      0
-2.64286     0      0
-2.62857     0      0
-2.61429     0      0
-2.6     0      0
-2.58571     0      0
-2.57143     0      0
-2.55714     0      0
-2.54286     0      0
-2.52857     0      0
-2.51429     0      0
-2.5     0      0
-2.48571     0      0
-2.47143     0      0
-2.45714     0      0
-2.44286     0      0
-2.42857     0      0
-2.41429     0      0
-2.4     0      0
-2.38571     0      0
-2.37143     0      0
-2.35714     0      0
-2.34286     0      0
-2.32857     0      0
-2.31429     0      0
-2.3     0      0
-2.28571     0      0
-2.27143     0      0
-2.25714     0      0
-2.24286     0      0
-2.22857     0      0
-2.21429     0      0
-2.2     0      0
-2.18571     0      0
-2.17143     0      0
-2.15714     0      0
-2.14286     0      0
-2.12857     0      0
-2.11429     0      0
-2.1     0      0
-2.08571     0      0
-2.07143     0      0
-2.05714     0      0
-2.04286     0      0
-2.02857     0      0
-2.01429     0      0
-2     0      0
-1.98571     0      0
-1.97143     0      0
-1.95714     0      0
-1.94286     0      0
-1.92857     0      0
-1.91429     0      0
-1.9     0      0
-1.88571     0      0
-1.87143     0      0
-1.85714     0      0
-1.84286     0      0
-1.82857     0      0
-1.81429     0      0
-1.8     0      0
-1.78571     0      0
-1.77143     0      0
-1.75714     0      0
-1.74286     0      0
-1.72857     0      0
-1.71429     0      0
-1.7     0      0
-1.68571     0      0
-1.67143     0      0
-1.65714     0      0
-1.64286     0      0
-1.62857     0      0
-1.61429     0      0
-1.6     0      0
-1.58571     0      0
-1.57143     0      0
-1.55714     0      0
-1.54286     0      0
-1.52857     0      0
-1.51429     0      0
-1.5     0      0
-1.48571     0      0
-1.47143     0      0
-1.45714     0      0
-1.44286     0      0
-1.42857     0      0
-1.41429     0      0
-1.4     0      0
-1.38571     0      0
-1.37143     0      0
-1.35714     0      0
-1.34286     0      0
-1.32857     0      0
-1.31429     0      0
-1.3     0      0
-1.28571     0      0
-1.27143     0      0
-1.25714     0      0
-1.24286     0      0
-1.22857     0      0
-1.21429     0      0
-1.2     0      0
-1.18571     0      0
-1.17143     0      0
-1.15714     0      0
-1.14286     0      0
-1.12857     0      0
-1.11429     0      0
-1.1     0      0
-1.08571     0      0
-1.07143     0      0
-1.05714     0      0
-1.04286     0      0
-1.02857     0      0
-1.01429     0      0
-1     0      0
-0.985714     0      0
-0.971429     0      0
-0.957143     0      0
-0.942857     0      0
-0.928571     1.92001e-89      0
-0.914286     1.33075e-88      0
-0.9     4.67896e-88      0
-0.885714     4.56959e-88      0
-0.871429     9.35853e-82      0
-0.857143     1.80316e-81      0
-0.842857     2.66361e-62      0
-0.828571     9.19727e-30      0
-0.814286     0.0121845      0
-0.8     0.022512      0
-0.785714     0.021756      0
-0.771429     0.021148      0
-0.757143     0.02074      0
-0.742857     0.020398      0
-0.728571     0.02024      0
-0.714286     0.02006      0
-0.7     0.019894      0
-0.685714     0.020012      0
-0.671429     0.019986      0
-0.657143     0.020088      0
-0.642857     0.0242125      0
-0.628571     0.026692      0
-0.614286     0.027502      0
-0.6     0.028666      0
-0.585714     0.030344      0
-0.571429     0.033106      0
-0.557143     0.039154      0
-0.542857     0.045674      0
-0.528571     0.03232      0
-0.514286     0.027478      0
-0.5     0.024468      0
-0.485714     0.022224      0
-0.471429     0.020472      0
-0.457143     0.019048      0
-0.442857     0.01782      0
-0.428571     0.016708      0
-0.414286     0.01583      0
-0.4     0.015008      0
-0.385714     0.014258      0
-0.371429     0.013584      0
-0.357143     0.012964      0
-0.342857     0.012416      0
-0.328571     0.011884      0
-0.314286     0.011392      0
-0.3     0.01102      0
-0.285714     0.010542      0
-0.271429     0.010098      0
-0.257143     0.009832      0
-0.242857     0.009386      0
-0.228571     0.009134      0
-0.214286     0.008764      0
-0.2     0.0085      0
-0.185714     0.008188      0
-0.171429     0.007982      0
-0.157143     0.007668      0.0015125
-0.142857     0.007434      0.005552
-0.128571     0.007204      0.005352
-0.114286     0.007002      0.005258
-0.1     0.006738      0.005146
-0.0857143     0.006512      0.005076
-0.0714286     0.006338      0.004974
-0.0571429     0.006128      0.004928
-0.0428571     0.005956      0.004868
-0.0285714     0.005784      0.004824
-0.0142857     0.005548      0.004788
0     0.005422      0.004758
0.0142857     0.00523      0.00475
0.0285714     0.005078      0.004716
0.0428571     0.004904      0.004718
0.0571429     0.004752      0.004594
0.0714286     0.004592      0.004838
0.0857143     0.004468      0.00465
0.1     0.00429      0.004634
0.114286     0.004156      0.004678
0.128571     0.004      0.004766
0.142857     0.003866      0.004724
0.157143     0.001241      0.004798
0.171429     0      0.004706
0.185714     0      0.004804
0.2     0      0.004814
0.214286     0      0.004784
0.228571     0      0.004826
0.242857     0      0.004868
0.257143     0      0.004888
0.271429     0      0.00497
0.285714     0      0.004938
0.3     0      0.005016
0.314286     0      0.005064
0.328571     0      0.005056
0.342857     0      0.005172
0.357143     0      0.005182
0.371429     0      0.005244
0.385714     0      0.005298
0.4     0      0.00536
0.414286     0      0.005424
0.428571     0      0.005564
0.442857     0      0.005536
0.457143     0      0.00561
0.471429     0      0.005792
0.485714     0      0.00587
0.5     0      0.005922
0.514286     0      0.006072
0.528571     0      0.006174
0.542857     0      0.006344
0.557143     0      0.006548
0.571429     0      0.00673
0.585714     0      0.006966
0.6     0      0.007288
0.614286     0      0.007706
0.628571     0      0.008374
0.642857     0      0.010355
0.657143     0      0.00903
0.671429     0      0.008052
0.685714     0      0.007614
0.7     0      0.00729
0.714286     0      0.007034
0.728571     0      0.006836
0.742857     0      0.006688
0.757143     0      0.00652
0.771429     0      0.00638
0.785714     0      0.006248
0.8     0      0.00622
0.814286     0      0.006062
0.828571     0      0.005992
0.842857     0      0.005884
0.857143     0      0.005806
0.871429     0      0.00576
0.885714     0      0.005714
0.9     0      0.00558
0.914286     0      0.005536
0.928571     0      0.005506
0.942857     0      0.005434
0.957143     0      0.005348
0.971429     0      0.005344
0.985714     0      0.005294
1     0      0.00518
1.01429     0      0.005198
1.02857     0      0.00513
1.04286     0      0.00506
1.05714     0      0.00507
1.07143     0      0.00499
1.08571     0      0.004932
1.1     0      0.004916
1.11429     0      0.00491
1.12857     0      0.0048
1.14286     0      0.004838
1.15714     0      0.004748
1.17143     0      0.004706
1.18571     0      0.004722
1.2     0      0.004612
1.21429     0      0.004654
1.22857     0      0.004616
1.24286     0      0.004554
1.25714     0      0.00455
1.27143     0      0.004476
1.28571     0      0.00447
1.3     0      0.004436
1.31429     0      0.00442
1.32857     0      0.004408
1.34286     0      0.00431
1.35714     0      0.004338
1.37143     0      0.004276
1.38571     0      0.004306
1.4     0      0.004232
1.41429     0      0.004242
1.42857     0      0.004228
1.44286     0      0.004138
1.45714     0      0.004146
1.47143     0      0.004092
1.48571     0      0.004142
1.5     0      0.00406
1.51429     0      0.004062
1.52857     0      0.00405
1.54286     0      0.003974
1.55714     0      0.004022
1.57143     0      0.003952
1.58571     0      0.003942
1.6     0      0.003924
1.61429     0      0.003902
1.62857     0      0.00388
1.64286     0      0.003834
1.65714     0      0.003858
1.67143     0      0.003812
1.68571     0      0.003822
1.7     0      0.003762
1.71429     0      0.003766
1.72857     0      0.003774
1.74286     0      0.003688
1.75714     0      0.003734
1.77143     0      0.003684
1.78571     0      0.003662
1.8     0      0.003682
1.81429     0      0.003588
1.82857     0      0.003646
1.84286     0      0.003596
1.85714     0      0.003578
1.87143     0      0.00359
1.88571     0      0.003548
1.9     0      0.00354
1.91429     0      0.00355
1.92857     0      0.003472
1.94286     0      0.003486
1.95714     0      0.003482
1.97143     0      0.003428
1.98571     0      0.003446
2     0      0.003446
2.01429     0      0.003416
2.02857     0      0.003398
2.04286     0      0.00339
2.05714     0      0.003394
2.07143     0      0.003312
2.08571     0      0.00335
2.1     0      0.003334
2.11429     0      0.003326
2.12857     0      0.00328
2.14286     0      0.00327
2.15714     0      0.003274
2.17143     0      0.003278
2.18571     0      0.003236
2.2     0      0.003214
2.21429     0      0.003222
2.22857     0      0.00321
2.24286     0      0.003224
2.25714     0      0.003154
2.27143     0      0.00317
2.28571     0      0.003182
2.3     0      0.003128
2.31429     0      0.00313
2.32857     0      0.003106
2.34286     0      0.003074
2.35714     0      0.003124
2.37143     0      0.003094
2.38571     0      0.003062
2.4     0      0.00307
2.41429     0      0.003046
2.42857     0      0.003046
2.44286     0      0.003042
2.45714     0      0.003018
2.47143     0      0.002998
2.48571     0      0.002994
2.5     0      0.00296
2.51429     0      0.00299
2.52857     0      0.002964
2.54286     0      0.00296
2.55714     0      0.002918
2.57143     0      0.002938
2.58571     0      0.00291
2.6     0      0.002906
2.61429     0      0.002936
2.62857     0      0.002864
2.64286     0      0.00288
2.65714     0      0.002868
2.67143     0      0.002868
2.68571     0      0.002832
2.7     0      0.002846
2.71429     0      0.002844
2.72857     0      0.002808
2.74286     0      0.00281
2.75714     0      0.002826
2.77143     0      0.002782
2.78571     0      0.002778
2.8     0      0.002766
2.81429     0      0.002778
2.82857     0      0.00277
2.84286     0      0.002748
2.85714     0      0.002734
2.87143     0      0.002726
2.88571     0      0.002728
2.9     0      0.002706
2.91429     0      0.002712
2.92857     0      0.002684
2.94286     0      0.0027
2.95714     0      0.002678
2.97143     0      0.002664
2.98571     0      0.002662
3     0      0.002662
3.01429     0      0.002636
3.02857     0      0.00266
3.04286     0      0.002612
3.05714     0      0.002616
3.07143     0      0.00261
3.08571     0      0.002612
3.1     0      0.002596
3.11429     0      0.002594
3.12857     0      0.002588
3.14286     0      0.002574
3.15714     0      0.00256
3.17143     0      0.002564
3.18571     0      0.002548
3.2     0      0.002548
3.21429     0      0.0014825
3.22857     0      6.29884e-38
3.24286     0      6.09398e-76
3.25714     0      6.49691e-77
3.27143     0      0
3.28571     0      0
3.3     0      0
3.31429     0      0
3.32857     0      0
3.34286     0      0
3.35714     0      0
3.37143     0      0
3.38571     0      0
3.4     0      0
3.41429     0      0
3.42857     0      0
3.44286     0      0
3.45714     0      0
3.47143     0      0
3.48571     0      0
3.5     0      0
3.51429     0      0
3.52857     0      0
3.54286     0      0
3.55714     0      0
3.57143     0      0
3.58571     0      0
3.6     0      0
3.61429     0      0
3.62857     0      0
3.64286     0      0
3.65714     0      0
3.67143     0      0
3.68571     0      0
3.7     0      0
3.71429     0      0
3.72857     0      0
3.74286     0      0
3.75714     0      0
3.77143     0      0
3.78571     0      0
3.8     0      0
3.81429     0      0
3.82857     0      0
3.84286     0      0
3.85714     0      0
3.87143     0      0
3.88571     0      0
3.9     0      0
3.91429     0      0
3.92857     0      0
3.94286     0      0
3.95714     0      0
3.97143     0      0
3.98571     0      0
4     0      0
4.01429     0      0
4.02857     0      0
4.04286     0      0
4.05714     0      0
4.07143     0      0
4.08571     0      0
4.1     0      0
4.11429     0      0
4.12857     0      0
4.14286     0      0
4.15714     0      0
4.17143     0      0
4.18571     0      0
4.2     0      0
4.21429     0      0
4.22857     0      0
4.24286     0      0
4.25714     0      0
4.27143     0      0
4.28571     0      0
4.3     0      0
4.31429     0      0
4.32857     0      0
4.34286     0      0
4.35714     0      0
4.37143     0      0
4.38571     0      0
4.4     0      0
4.41429     0      0
4.42857     0      0
4.44286     0      0
4.45714     0      0
4.47143     0      0
4.48571     0      0
4.5     0      0
4.51429     0      0
4.52857     0      0
4.54286     0      0
4.55714     0      0
4.57143     0      0
4.58571     0      0
4.6     0      0
4.61429     0      0
4.62857     0      0
4.64286     0      0
4.65714     0      0
4.67143     0      0
4.68571     0      0
4.7     0      0
4.71429     0      0
4.72857     0      0
4.74286     0      0
4.75714     0      0
4.77143     0      0
4.78571     0      0
4.8     0      0
4.81429     0      0
4.82857     0      0
4.84286     0      0
4.85714     0      0
4.87143     0      0
4.88571     0      0
4.9     0      0
4.91429     0      0
4.92857     0      0
4.94286     0      0
4.95714     0      0
4.97143     0      0
4.98571     0      0
