# U,mu,nA_up, nA_dn, nB_up, nB_dn, ms, mf, ntotal,mu,cint
#energy    dos_upn   dos_upp   dos_dnn  dos_dnp GRID=1000 bin=700
-5     0      0
-4.98571     0      0
-4.97143     0      0
-4.95714     0      0
-4.94286     0      0
-4.92857     0      0
-4.91429     0      0
-4.9     0      0
-4.88571     0      0
-4.87143     0      0
-4.85714     0      0
-4.84286     0      0
-4.82857     0      0
-4.81429     0      0
-4.8     0      0
-4.78571     0      0
-4.77143     0      0
-4.75714     0      0
-4.74286     0      0
-4.72857     0      0
-4.71429     0      0
-4.7     0      0
-4.68571     0      0
-4.67143     0      0
-4.65714     0      0
-4.64286     0      0
-4.62857     0      0
-4.61429     0      0
-4.6     0      0
-4.58571     0      0
-4.57143     0      0
-4.55714     0      0
-4.54286     0      0
-4.52857     0      0
-4.51429     0      0
-4.5     0      0
-4.48571     0      0
-4.47143     0      0
-4.45714     0      0
-4.44286     0      0
-4.42857     0      0
-4.41429     0      0
-4.4     0      0
-4.38571     0      0
-4.37143     0      0
-4.35714     0      0
-4.34286     0      0
-4.32857     0      0
-4.31429     0      0
-4.3     0      0
-4.28571     0      0
-4.27143     0      0
-4.25714     0      0
-4.24286     0      0
-4.22857     0      0
-4.21429     0      0
-4.2     0      0
-4.18571     0      0
-4.17143     0      0
-4.15714     0      0
-4.14286     0      0
-4.12857     0      0
-4.11429     0      0
-4.1     0      0
-4.08571     0      0
-4.07143     0      0
-4.05714     0      0
-4.04286     0      0
-4.02857     0      0
-4.01429     0      0
-4     0      0
-3.98571     0      0
-3.97143     0      0
-3.95714     0      0
-3.94286     0      0
-3.92857     0      0
-3.91429     0      0
-3.9     0      0
-3.88571     0      0
-3.87143     0      0
-3.85714     0      0
-3.84286     0      0
-3.82857     0      0
-3.81429     0      0
-3.8     0      0
-3.78571     0      0
-3.77143     0      0
-3.75714     0      0
-3.74286     0      0
-3.72857     0      0
-3.71429     0      0
-3.7     0      0
-3.68571     0      0
-3.67143     0      0
-3.65714     0      0
-3.64286     0      0
-3.62857     0      0
-3.61429     0      0
-3.6     0      0
-3.58571     0      0
-3.57143     0      0
-3.55714     0      0
-3.54286     0      0
-3.52857     0      0
-3.51429     0      0
-3.5     0      0
-3.48571     0      0
-3.47143     0      0
-3.45714     0      0
-3.44286     0      0
-3.42857     0      0
-3.41429     0      0
-3.4     0      0
-3.38571     0      0
-3.37143     0      0
-3.35714     0      0
-3.34286     0      0
-3.32857     0      0
-3.31429     0      0
-3.3     0      0
-3.28571     0      0
-3.27143     0      0
-3.25714     0      0
-3.24286     0      0
-3.22857     0      0
-3.21429     0      0
-3.2     0      0
-3.18571     0      0
-3.17143     0      0
-3.15714     0      0
-3.14286     0      0
-3.12857     0      0
-3.11429     0      0
-3.1     0      0
-3.08571     0      0
-3.07143     0      0
-3.05714     0      0
-3.04286     0      0
-3.02857     0      0
-3.01429     0      0
-3     0      0
-2.98571     0      0
-2.97143     0      0
-2.95714     0      0
-2.94286     0      0
-2.92857     0      0
-2.91429     0      0
-2.9     0      0
-2.88571     0      0
-2.87143     0      0
-2.85714     0      0
-2.84286     0      0
-2.82857     0      0
-2.81429     0      0
-2.8     0      0
-2.78571     0      0
-2.77143     0      0
-2.75714     0      0
-2.74286     0      0
-2.72857     0      0
-2.71429     0      0
-2.7     0      0
-2.68571     0      0
-2.67143     0      0
-2.65714     0      0
-2.64286     0      0
-2.62857     0      0
-2.61429     0      0
-2.6     0      0
-2.58571     0      0
-2.57143     0      0
-2.55714     0      0
-2.54286     0      0
-2.52857     0      0
-2.51429     0      0
-2.5     0      0
-2.48571     0      0
-2.47143     0      0
-2.45714     0      0
-2.44286     0      0
-2.42857     0      0
-2.41429     0      0
-2.4     0      0
-2.38571     0      0
-2.37143     0      0
-2.35714     0      0
-2.34286     0      0
-2.32857     0      0
-2.31429     0      0
-2.3     0      0
-2.28571     0      0
-2.27143     0      0
-2.25714     0      0
-2.24286     0      0
-2.22857     0      0
-2.21429     0      0
-2.2     0      0
-2.18571     0      0
-2.17143     0      0
-2.15714     0      0
-2.14286     0      0
-2.12857     0      0
-2.11429     0      0
-2.1     0      0
-2.08571     0      0
-2.07143     0      0
-2.05714     0      0
-2.04286     0      0
-2.02857     0      0
-2.01429     0      0
-2     0      0
-1.98571     0      0
-1.97143     0      0
-1.95714     0      0
-1.94286     0      0
-1.92857     0      0
-1.91429     0      0
-1.9     0      0
-1.88571     0      0
-1.87143     0      0
-1.85714     0      0
-1.84286     0      0
-1.82857     0      0
-1.81429     0      0
-1.8     0      0
-1.78571     0      0
-1.77143     0      0
-1.75714     0      0
-1.74286     0      0
-1.72857     0      0
-1.71429     0      0
-1.7     0      0
-1.68571     0      0
-1.67143     0      0
-1.65714     0      0
-1.64286     0      0
-1.62857     0      0
-1.61429     0      0
-1.6     0      0
-1.58571     0      0
-1.57143     0      0
-1.55714     0      0
-1.54286     0      0
-1.52857     0      0
-1.51429     0      0
-1.5     0      0
-1.48571     0      0
-1.47143     0      0
-1.45714     0      0
-1.44286     0      0
-1.42857     0      0
-1.41429     0      0
-1.4     0      0
-1.38571     0      0
-1.37143     0      0
-1.35714     0      0
-1.34286     0      0
-1.32857     0      0
-1.31429     0      0
-1.3     0      0
-1.28571     0      0
-1.27143     0      0
-1.25714     0      0
-1.24286     0      0
-1.22857     0      0
-1.21429     0      0
-1.2     0      0
-1.18571     0      0
-1.17143     0      0
-1.15714     0      0
-1.14286     0      0
-1.12857     0      0
-1.11429     0      0
-1.1     0      0
-1.08571     0      0
-1.07143     0      0
-1.05714     0      0
-1.04286     0      0
-1.02857     0      0
-1.01429     0      0
-1     0      0
-0.985714     0      0
-0.971429     0      0
-0.957143     0      0
-0.942857     0      0
-0.928571     3.07202e-76      0
-0.914286     2.1292e-75      0
-0.9     7.48634e-75      0
-0.885714     7.31134e-75      0
-0.871429     1.49736e-68      0
-0.857143     2.88506e-68      0
-0.842857     4.26178e-49      0
-0.828571     1.47156e-16      0
-0.814286     0.0163965      0
-0.8     0.022482      0
-0.785714     0.021758      0
-0.771429     0.021182      0
-0.757143     0.020838      0
-0.742857     0.020506      0
-0.728571     0.020304      0
-0.714286     0.0202      0
-0.7     0.02011      0
-0.685714     0.02013      0
-0.671429     0.02023      0
-0.657143     0.0258985      0
-0.642857     0.026786      0
-0.628571     0.02763      0
-0.614286     0.028688      0
-0.6     0.03024      0
-0.585714     0.032736      0
-0.571429     0.037458      0
-0.557143     0.047836      0
-0.542857     0.034392      0
-0.528571     0.028726      0
-0.514286     0.02539      0
-0.5     0.022964      0
-0.485714     0.0211      0
-0.471429     0.019572      0
-0.457143     0.018278      0
-0.442857     0.017162      0
-0.428571     0.016258      0
-0.414286     0.015328      0
-0.4     0.014602      0
-0.385714     0.013888      0
-0.371429     0.013268      0
-0.357143     0.012616      0
-0.342857     0.012198      0
-0.328571     0.011638      0
-0.314286     0.011146      0
-0.3     0.010768      0
-0.285714     0.010344      0
-0.271429     0.009954      0
-0.257143     0.009648      0
-0.242857     0.00925      0
-0.228571     0.00901      0
-0.214286     0.00864      0
-0.2     0.008378      0
-0.185714     0.00808      0
-0.171429     0.007828      0
-0.157143     0.007568      0
-0.142857     0.007338      0.0002105
-0.128571     0.007136      0.005588
-0.114286     0.006874      0.005432
-0.1     0.006644      0.005308
-0.0857143     0.006472      0.005216
-0.0714286     0.006246      0.005116
-0.0571429     0.006094      0.005028
-0.0428571     0.005896      0.004956
-0.0285714     0.005722      0.00497
-0.0142857     0.005504      0.00488
0     0.005348      0.00483
0.0142857     0.005174      0.004816
0.0285714     0.00504      0.004812
0.0428571     0.004846      0.004778
0.0571429     0.004742      0.004772
0.0714286     0.004562      0.004726
0.0857143     0.004384      0.004774
0.1     0.004274      0.00467
0.114286     0.004104      0.004684
0.128571     0.003988      0.00485
0.142857     0.000209      0.00479
0.157143     0      0.00481
0.171429     0      0.004774
0.185714     0      0.004814
0.2     0      0.004784
0.214286     0      0.004864
0.228571     0      0.004896
0.242857     0      0.004864
0.257143     0      0.004908
0.271429     0      0.004942
0.285714     0      0.004992
0.3     0      0.00493
0.314286     0      0.005096
0.328571     0      0.005126
0.342857     0      0.005114
0.357143     0      0.005128
0.371429     0      0.00532
0.385714     0      0.005218
0.4     0      0.005408
0.414286     0      0.005354
0.428571     0      0.005474
0.442857     0      0.005546
0.457143     0      0.005598
0.471429     0      0.0057
0.485714     0      0.005842
0.5     0      0.005832
0.514286     0      0.005984
0.528571     0      0.006116
0.542857     0      0.006258
0.557143     0      0.006418
0.571429     0      0.006528
0.585714     0      0.006752
0.6     0      0.006992
0.614286     0      0.007266
0.628571     0      0.007682
0.642857     0      0.008338
0.657143     0      0.010001
0.671429     0      0.00974
0.685714     0      0.008338
0.7     0      0.007762
0.714286     0      0.007446
0.728571     0      0.00715
0.742857     0      0.006878
0.757143     0      0.006776
0.771429     0      0.006568
0.785714     0      0.00644
0.8     0      0.006358
0.814286     0      0.006216
0.828571     0      0.006118
0.842857     0      0.006018
0.857143     0      0.005948
0.871429     0      0.005858
0.885714     0      0.005784
0.9     0      0.005648
0.914286     0      0.005646
0.928571     0      0.005608
0.942857     0      0.00553
0.957143     0      0.005428
0.971429     0      0.005386
0.985714     0      0.005382
1     0      0.005242
1.01429     0      0.005218
1.02857     0      0.005222
1.04286     0      0.005128
1.05714     0      0.005066
1.07143     0      0.005062
1.08571     0      0.005008
1.1     0      0.004944
1.11429     0      0.004958
1.12857     0      0.004844
1.14286     0      0.00483
1.15714     0      0.004862
1.17143     0      0.004716
1.18571     0      0.00475
1.2     0      0.004668
1.21429     0      0.004658
1.22857     0      0.004646
1.24286     0      0.004588
1.25714     0      0.004566
1.27143     0      0.004544
1.28571     0      0.00449
1.3     0      0.004522
1.31429     0      0.004368
1.32857     0      0.004446
1.34286     0      0.004344
1.35714     0      0.004354
1.37143     0      0.004352
1.38571     0      0.00429
1.4     0      0.004288
1.41429     0      0.004216
1.42857     0      0.004214
1.44286     0      0.004192
1.45714     0      0.004178
1.47143     0      0.004172
1.48571     0      0.004086
1.5     0      0.004154
1.51429     0      0.004016
1.52857     0      0.00405
1.54286     0      0.00402
1.55714     0      0.004026
1.57143     0      0.003992
1.58571     0      0.00395
1.6     0      0.003958
1.61429     0      0.003878
1.62857     0      0.003926
1.64286     0      0.003856
1.65714     0      0.00387
1.67143     0      0.003862
1.68571     0      0.0038
1.7     0      0.00379
1.71429     0      0.003756
1.72857     0      0.003774
1.74286     0      0.003754
1.75714     0      0.003708
1.77143     0      0.003722
1.78571     0      0.00368
1.8     0      0.003644
1.81429     0      0.003654
1.82857     0      0.00362
1.84286     0      0.003606
1.85714     0      0.003604
1.87143     0      0.00357
1.88571     0      0.003586
1.9     0      0.003532
1.91429     0      0.003518
1.92857     0      0.003526
1.94286     0      0.003488
1.95714     0      0.003486
1.97143     0      0.003494
1.98571     0      0.003432
2     0      0.00343
2.01429     0      0.003426
2.02857     0      0.003426
2.04286     0      0.00336
2.05714     0      0.003398
2.07143     0      0.00337
2.08571     0      0.00332
2.1     0      0.003342
2.11429     0      0.00331
2.12857     0      0.003326
2.14286     0      0.003314
2.15714     0      0.003244
2.17143     0      0.003254
2.18571     0      0.003286
2.2     0      0.003234
2.21429     0      0.003246
2.22857     0      0.00318
2.24286     0      0.003214
2.25714     0      0.003142
2.27143     0      0.003198
2.28571     0      0.003162
2.3     0      0.003156
2.31429     0      0.003158
2.32857     0      0.003098
2.34286     0      0.003114
2.35714     0      0.00313
2.37143     0      0.00309
2.38571     0      0.00305
2.4     0      0.003068
2.41429     0      0.003038
2.42857     0      0.00307
2.44286     0      0.003018
2.45714     0      0.003032
2.47143     0      0.003002
2.48571     0      0.00301
2.5     0      0.003004
2.51429     0      0.00296
2.52857     0      0.002962
2.54286     0      0.002978
2.55714     0      0.002946
2.57143     0      0.002922
2.58571     0      0.002898
2.6     0      0.002962
2.61429     0      0.00287
2.62857     0      0.002892
2.64286     0      0.002896
2.65714     0      0.002864
2.67143     0      0.002876
2.68571     0      0.002852
2.7     0      0.00284
2.71429     0      0.00285
2.72857     0      0.00282
2.74286     0      0.002796
2.75714     0      0.002818
2.77143     0      0.002786
2.78571     0      0.002802
2.8     0      0.002806
2.81429     0      0.00274
2.82857     0      0.002762
2.84286     0      0.002742
2.85714     0      0.002742
2.87143     0      0.002746
2.88571     0      0.00272
2.9     0      0.002724
2.91429     0      0.002708
2.92857     0      0.002712
2.94286     0      0.00268
2.95714     0      0.002672
2.97143     0      0.002674
2.98571     0      0.002672
3     0      0.002676
3.01429     0      0.002634
3.02857     0      0.00264
3.04286     0      0.002632
3.05714     0      0.002626
3.07143     0      0.0026
3.08571     0      0.002624
3.1     0      0.002604
3.11429     0      0.00259
3.12857     0      0.002592
3.14286     0      0.002588
3.15714     0      0.002566
3.17143     0      0.00255
3.18571     0      0.002566
3.2     0      0.002538
3.21429     0      0.0018285
3.22857     0      1.00781e-24
3.24286     0      9.75037e-63
3.25714     0      1.03951e-63
3.27143     0      0
3.28571     0      0
3.3     0      0
3.31429     0      0
3.32857     0      0
3.34286     0      0
3.35714     0      0
3.37143     0      0
3.38571     0      0
3.4     0      0
3.41429     0      0
3.42857     0      0
3.44286     0      0
3.45714     0      0
3.47143     0      0
3.48571     0      0
3.5     0      0
3.51429     0      0
3.52857     0      0
3.54286     0      0
3.55714     0      0
3.57143     0      0
3.58571     0      0
3.6     0      0
3.61429     0      0
3.62857     0      0
3.64286     0      0
3.65714     0      0
3.67143     0      0
3.68571     0      0
3.7     0      0
3.71429     0      0
3.72857     0      0
3.74286     0      0
3.75714     0      0
3.77143     0      0
3.78571     0      0
3.8     0      0
3.81429     0      0
3.82857     0      0
3.84286     0      0
3.85714     0      0
3.87143     0      0
3.88571     0      0
3.9     0      0
3.91429     0      0
3.92857     0      0
3.94286     0      0
3.95714     0      0
3.97143     0      0
3.98571     0      0
4     0      0
4.01429     0      0
4.02857     0      0
4.04286     0      0
4.05714     0      0
4.07143     0      0
4.08571     0      0
4.1     0      0
4.11429     0      0
4.12857     0      0
4.14286     0      0
4.15714     0      0
4.17143     0      0
4.18571     0      0
4.2     0      0
4.21429     0      0
4.22857     0      0
4.24286     0      0
4.25714     0      0
4.27143     0      0
4.28571     0      0
4.3     0      0
4.31429     0      0
4.32857     0      0
4.34286     0      0
4.35714     0      0
4.37143     0      0
4.38571     0      0
4.4     0      0
4.41429     0      0
4.42857     0      0
4.44286     0      0
4.45714     0      0
4.47143     0      0
4.48571     0      0
4.5     0      0
4.51429     0      0
4.52857     0      0
4.54286     0      0
4.55714     0      0
4.57143     0      0
4.58571     0      0
4.6     0      0
4.61429     0      0
4.62857     0      0
4.64286     0      0
4.65714     0      0
4.67143     0      0
4.68571     0      0
4.7     0      0
4.71429     0      0
4.72857     0      0
4.74286     0      0
4.75714     0      0
4.77143     0      0
4.78571     0      0
4.8     0      0
4.81429     0      0
4.82857     0      0
4.84286     0      0
4.85714     0      0
4.87143     0      0
4.88571     0      0
4.9     0      0
4.91429     0      0
4.92857     0      0
4.94286     0      0
4.95714     0      0
4.97143     0      0
4.98571     0      0
