# U,mu,nA_up, nA_dn, nB_up, nB_dn, ms, mf, ntotal,mu,cint
#energy    dos_upn   dos_upp   dos_dnn  dos_dnp GRID=1000 bin=700
-5     0      0
-4.98571     0      0
-4.97143     0      0
-4.95714     0      0
-4.94286     0      0
-4.92857     0      0
-4.91429     0      0
-4.9     0      0
-4.88571     0      0
-4.87143     0      0
-4.85714     0      0
-4.84286     0      0
-4.82857     0      0
-4.81429     0      0
-4.8     0      0
-4.78571     0      0
-4.77143     0      0
-4.75714     0      0
-4.74286     0      0
-4.72857     0      0
-4.71429     0      0
-4.7     0      0
-4.68571     0      0
-4.67143     0      0
-4.65714     0      0
-4.64286     0      0
-4.62857     0      0
-4.61429     0      0
-4.6     0      0
-4.58571     0      0
-4.57143     0      0
-4.55714     0      0
-4.54286     0      0
-4.52857     0      0
-4.51429     0      0
-4.5     0      0
-4.48571     0      0
-4.47143     0      0
-4.45714     0      0
-4.44286     0      0
-4.42857     0      0
-4.41429     0      0
-4.4     0      0
-4.38571     0      0
-4.37143     0      0
-4.35714     0      0
-4.34286     0      0
-4.32857     0      0
-4.31429     0      0
-4.3     0      0
-4.28571     0      0
-4.27143     0      0
-4.25714     0      0
-4.24286     0      0
-4.22857     0      0
-4.21429     0      0
-4.2     0      0
-4.18571     0      0
-4.17143     0      0
-4.15714     0      0
-4.14286     0      0
-4.12857     0      0
-4.11429     0      0
-4.1     0      0
-4.08571     0      0
-4.07143     0      0
-4.05714     0      0
-4.04286     0      0
-4.02857     0      0
-4.01429     0      0
-4     0      0
-3.98571     0      0
-3.97143     0      0
-3.95714     0      0
-3.94286     0      0
-3.92857     0      0
-3.91429     0      0
-3.9     0      0
-3.88571     0      0
-3.87143     0      0
-3.85714     0      0
-3.84286     0      0
-3.82857     0      0
-3.81429     0      0
-3.8     0      0
-3.78571     0      0
-3.77143     0      0
-3.75714     0      0
-3.74286     0      0
-3.72857     0      0
-3.71429     0      0
-3.7     0      0
-3.68571     0      0
-3.67143     0      0
-3.65714     0      0
-3.64286     0      0
-3.62857     0      0
-3.61429     0      0
-3.6     0      0
-3.58571     0      0
-3.57143     0      0
-3.55714     0      0
-3.54286     0      0
-3.52857     0      0
-3.51429     0      0
-3.5     0      0
-3.48571     0      0
-3.47143     0      0
-3.45714     0      0
-3.44286     0      0
-3.42857     0      0
-3.41429     0      0
-3.4     0      0
-3.38571     0      0
-3.37143     0      0
-3.35714     0      0
-3.34286     0      0
-3.32857     0      0
-3.31429     0      0
-3.3     0      0
-3.28571     0      0
-3.27143     0      0
-3.25714     0      0
-3.24286     0      0
-3.22857     0      0
-3.21429     0      0
-3.2     0      0
-3.18571     0      0
-3.17143     0      0
-3.15714     0      0
-3.14286     0      0
-3.12857     0      0
-3.11429     0      0
-3.1     0      0
-3.08571     0      0
-3.07143     0      0
-3.05714     0      0
-3.04286     0      0
-3.02857     0      0
-3.01429     0      0
-3     0      0
-2.98571     0      0
-2.97143     0      0
-2.95714     0      0
-2.94286     0      0
-2.92857     0      0
-2.91429     0      0
-2.9     0      0
-2.88571     0      0
-2.87143     0      0
-2.85714     0      0
-2.84286     0      0
-2.82857     0      0
-2.81429     0      0
-2.8     0      0
-2.78571     0      0
-2.77143     0      0
-2.75714     0      0
-2.74286     0      0
-2.72857     0      0
-2.71429     0      0
-2.7     0      0
-2.68571     0      0
-2.67143     0      0
-2.65714     0      0
-2.64286     0      0
-2.62857     0      0
-2.61429     0      0
-2.6     0      0
-2.58571     0      0
-2.57143     0      0
-2.55714     0      0
-2.54286     0      0
-2.52857     0      0
-2.51429     0      0
-2.5     0      0
-2.48571     0      0
-2.47143     0      0
-2.45714     0      0
-2.44286     0      0
-2.42857     0      0
-2.41429     0      0
-2.4     0      0
-2.38571     0      0
-2.37143     0      0
-2.35714     0      0
-2.34286     0      0
-2.32857     0      0
-2.31429     0      0
-2.3     0      0
-2.28571     0      0
-2.27143     0      0
-2.25714     0      0
-2.24286     0      0
-2.22857     0      0
-2.21429     0      0
-2.2     0      0
-2.18571     0      0
-2.17143     0      0
-2.15714     0      0
-2.14286     0      0
-2.12857     0      0
-2.11429     0      0
-2.1     0      0
-2.08571     0      0
-2.07143     0      0
-2.05714     0      0
-2.04286     0      0
-2.02857     0      0
-2.01429     0      0
-2     0      0
-1.98571     0      0
-1.97143     0      0
-1.95714     0      0
-1.94286     0      0
-1.92857     0      0
-1.91429     0      0
-1.9     0      0
-1.88571     0      0
-1.87143     0      0
-1.85714     0      0
-1.84286     0      0
-1.82857     0      0
-1.81429     0      0
-1.8     0      0
-1.78571     0      0
-1.77143     0      0
-1.75714     0      0
-1.74286     0      0
-1.72857     0      0
-1.71429     0      0
-1.7     0      0
-1.68571     0      0
-1.67143     0      0
-1.65714     0      0
-1.64286     0      0
-1.62857     0      0
-1.61429     0      0
-1.6     0      0
-1.58571     0      0
-1.57143     0      0
-1.55714     0      0
-1.54286     0      0
-1.52857     0      0
-1.51429     0      0
-1.5     0      0
-1.48571     0      0
-1.47143     0      0
-1.45714     0      0
-1.44286     0      0
-1.42857     0      0
-1.41429     0      0
-1.4     0      0
-1.38571     0      0
-1.37143     0      0
-1.35714     0      0
-1.34286     0      0
-1.32857     0      0
-1.31429     0      0
-1.3     0      0
-1.28571     0      0
-1.27143     0      0
-1.25714     0      0
-1.24286     0      0
-1.22857     0      0
-1.21429     0      0
-1.2     0      0
-1.18571     0      0
-1.17143     0      0
-1.15714     0      0
-1.14286     0      0
-1.12857     0      0
-1.11429     0      0
-1.1     0      0
-1.08571     0      0
-1.07143     0      0
-1.05714     0      0
-1.04286     0      0
-1.02857     0      0
-1.01429     0      0
-1     0      0
-0.985714     0      0
-0.971429     0      0
-0.957143     0      0
-0.942857     0      0
-0.928571     7.68006e-83      0
-0.914286     5.32299e-82      0
-0.9     1.87159e-81      0
-0.885714     1.82784e-81      0
-0.871429     3.74341e-75      0
-0.857143     7.21264e-75      0
-0.842857     1.06545e-55      0
-0.828571     3.67891e-23      0
-0.814286     0.0135105      0
-0.8     0.022534      0
-0.785714     0.021746      0
-0.771429     0.021204      0
-0.757143     0.020798      0
-0.742857     0.020428      0
-0.728571     0.0203      0
-0.714286     0.020188      0
-0.7     0.019938      0
-0.685714     0.020084      0
-0.671429     0.020094      0
-0.657143     0.0216485      0
-0.642857     0.02639      0
-0.628571     0.027088      0
-0.614286     0.027962      0
-0.6     0.029348      0
-0.585714     0.031346      0
-0.571429     0.034584      0
-0.557143     0.046002      0
-0.542857     0.0389      0
-0.528571     0.03051      0
-0.514286     0.026546      0
-0.5     0.023732      0
-0.485714     0.021724      0
-0.471429     0.020052      0
-0.457143     0.018696      0
-0.442857     0.01754      0
-0.428571     0.016532      0
-0.414286     0.015612      0
-0.4     0.014846      0
-0.385714     0.014048      0
-0.371429     0.013468      0
-0.357143     0.012822      0
-0.342857     0.012292      0
-0.328571     0.011794      0
-0.314286     0.011332      0
-0.3     0.010838      0
-0.285714     0.010488      0
-0.271429     0.01005      0
-0.257143     0.009712      0
-0.242857     0.009374      0
-0.228571     0.009046      0
-0.214286     0.008756      0
-0.2     0.00841      0
-0.185714     0.008172      0
-0.171429     0.007908      0
-0.157143     0.007636      0
-0.142857     0.007418      0.0036505
-0.128571     0.007138      0.005474
-0.114286     0.006916      0.005364
-0.1     0.00673      0.005228
-0.0857143     0.006534      0.005126
-0.0714286     0.00629      0.005048
-0.0571429     0.00612      0.004962
-0.0428571     0.005892      0.004914
-0.0285714     0.00576      0.004876
-0.0142857     0.00557      0.004868
0     0.005366      0.004808
0.0142857     0.005214      0.004768
0.0285714     0.005038      0.004762
0.0428571     0.00491      0.004734
0.0571429     0.004746      0.004752
0.0714286     0.004578      0.004676
0.0857143     0.00443      0.004748
0.1     0.004274      0.00481
0.114286     0.004172      0.004718
0.128571     0.003986      0.004732
0.142857     0.002889      0.00463
0.157143     0      0.004778
0.171429     0      0.00472
0.185714     0      0.004834
0.2     0      0.004754
0.214286     0      0.004808
0.228571     0      0.004828
0.242857     0      0.004928
0.257143     0      0.004934
0.271429     0      0.00494
0.285714     0      0.004984
0.3     0      0.005026
0.314286     0      0.005002
0.328571     0      0.005096
0.342857     0      0.00518
0.357143     0      0.005122
0.371429     0      0.005286
0.385714     0      0.00524
0.4     0      0.005424
0.414286     0      0.00537
0.428571     0      0.00551
0.442857     0      0.005554
0.457143     0      0.005622
0.471429     0      0.005708
0.485714     0      0.00585
0.5     0      0.00588
0.514286     0      0.005998
0.528571     0      0.006184
0.542857     0      0.00626
0.557143     0      0.00647
0.571429     0      0.006652
0.585714     0      0.006882
0.6     0      0.007124
0.614286     0      0.00746
0.628571     0      0.007958
0.642857     0      0.008918
0.657143     0      0.010509
0.671429     0      0.008618
0.685714     0      0.00789
0.7     0      0.00749
0.714286     0      0.007214
0.728571     0      0.006964
0.742857     0      0.006788
0.757143     0      0.006644
0.771429     0      0.006484
0.785714     0      0.006368
0.8     0      0.006234
0.814286     0      0.006138
0.828571     0      0.006044
0.842857     0      0.00599
0.857143     0      0.005896
0.871429     0      0.005768
0.885714     0      0.005678
0.9     0      0.005696
0.914286     0      0.005622
0.928571     0      0.005504
0.942857     0      0.005466
0.957143     0      0.005436
0.971429     0      0.005364
0.985714     0      0.005282
1     0      0.00525
1.01429     0      0.005192
1.02857     0      0.005184
1.04286     0      0.005094
1.05714     0      0.005068
1.07143     0      0.004994
1.08571     0      0.004998
1.1     0      0.004956
1.11429     0      0.004898
1.12857     0      0.004866
1.14286     0      0.004772
1.15714     0      0.004814
1.17143     0      0.004778
1.18571     0      0.004668
1.2     0      0.00469
1.21429     0      0.004636
1.22857     0      0.004602
1.24286     0      0.00461
1.25714     0      0.004548
1.27143     0      0.00451
1.28571     0      0.004456
1.3     0      0.004462
1.31429     0      0.00444
1.32857     0      0.00441
1.34286     0      0.004386
1.35714     0      0.004276
1.37143     0      0.004326
1.38571     0      0.00428
1.4     0      0.004262
1.41429     0      0.004274
1.42857     0      0.004176
1.44286     0      0.004202
1.45714     0      0.004148
1.47143     0      0.004144
1.48571     0      0.004084
1.5     0      0.004106
1.51429     0      0.004076
1.52857     0      0.004022
1.54286     0      0.004058
1.55714     0      0.003964
1.57143     0      0.00397
1.58571     0      0.003944
1.6     0      0.003934
1.61429     0      0.003946
1.62857     0      0.003852
1.64286     0      0.003902
1.65714     0      0.00379
1.67143     0      0.003842
1.68571     0      0.003816
1.7     0      0.003786
1.71429     0      0.003782
1.72857     0      0.003744
1.74286     0      0.003746
1.75714     0      0.003672
1.77143     0      0.00371
1.78571     0      0.003706
1.8     0      0.003648
1.81429     0      0.003642
1.82857     0      0.003628
1.84286     0      0.003584
1.85714     0      0.003618
1.87143     0      0.003568
1.88571     0      0.00357
1.9     0      0.003554
1.91429     0      0.003496
1.92857     0      0.003506
1.94286     0      0.003522
1.95714     0      0.003468
1.97143     0      0.003446
1.98571     0      0.00345
2     0      0.00342
2.01429     0      0.003422
2.02857     0      0.003418
2.04286     0      0.003384
2.05714     0      0.00335
2.07143     0      0.003362
2.08571     0      0.003382
2.1     0      0.0033
2.11429     0      0.00331
2.12857     0      0.00331
2.14286     0      0.003302
2.15714     0      0.003294
2.17143     0      0.003236
2.18571     0      0.003258
2.2     0      0.00323
2.21429     0      0.003226
2.22857     0      0.003218
2.24286     0      0.00321
2.25714     0      0.003164
2.27143     0      0.003158
2.28571     0      0.00316
2.3     0      0.003154
2.31429     0      0.003098
2.32857     0      0.003146
2.34286     0      0.003126
2.35714     0      0.003086
2.37143     0      0.003098
2.38571     0      0.00308
2.4     0      0.003054
2.41429     0      0.003066
2.42857     0      0.003038
2.44286     0      0.00303
2.45714     0      0.003008
2.47143     0      0.003018
2.48571     0      0.003004
2.5     0      0.002996
2.51429     0      0.00295
2.52857     0      0.002962
2.54286     0      0.002966
2.55714     0      0.002926
2.57143     0      0.002918
2.58571     0      0.002948
2.6     0      0.002924
2.61429     0      0.002878
2.62857     0      0.002918
2.64286     0      0.002854
2.65714     0      0.00291
2.67143     0      0.002834
2.68571     0      0.002866
2.7     0      0.002824
2.71429     0      0.00284
2.72857     0      0.002838
2.74286     0      0.002796
2.75714     0      0.002796
2.77143     0      0.00281
2.78571     0      0.002778
2.8     0      0.002778
2.81429     0      0.002774
2.82857     0      0.002772
2.84286     0      0.00273
2.85714     0      0.00275
2.87143     0      0.002738
2.88571     0      0.002706
2.9     0      0.002736
2.91429     0      0.002694
2.92857     0      0.002712
2.94286     0      0.002702
2.95714     0      0.00267
2.97143     0      0.002666
2.98571     0      0.002684
3     0      0.00262
3.01429     0      0.002666
3.02857     0      0.00262
3.04286     0      0.002656
3.05714     0      0.002606
3.07143     0      0.00263
3.08571     0      0.002594
3.1     0      0.002618
3.11429     0      0.002574
3.12857     0      0.002594
3.14286     0      0.002568
3.15714     0      0.002562
3.17143     0      0.002568
3.18571     0      0.002558
3.2     0      0.002548
3.21429     0      0.0017125
3.22857     0      2.51953e-31
3.24286     0      2.43759e-69
3.25714     0      2.59876e-70
3.27143     0      0
3.28571     0      0
3.3     0      0
3.31429     0      0
3.32857     0      0
3.34286     0      0
3.35714     0      0
3.37143     0      0
3.38571     0      0
3.4     0      0
3.41429     0      0
3.42857     0      0
3.44286     0      0
3.45714     0      0
3.47143     0      0
3.48571     0      0
3.5     0      0
3.51429     0      0
3.52857     0      0
3.54286     0      0
3.55714     0      0
3.57143     0      0
3.58571     0      0
3.6     0      0
3.61429     0      0
3.62857     0      0
3.64286     0      0
3.65714     0      0
3.67143     0      0
3.68571     0      0
3.7     0      0
3.71429     0      0
3.72857     0      0
3.74286     0      0
3.75714     0      0
3.77143     0      0
3.78571     0      0
3.8     0      0
3.81429     0      0
3.82857     0      0
3.84286     0      0
3.85714     0      0
3.87143     0      0
3.88571     0      0
3.9     0      0
3.91429     0      0
3.92857     0      0
3.94286     0      0
3.95714     0      0
3.97143     0      0
3.98571     0      0
4     0      0
4.01429     0      0
4.02857     0      0
4.04286     0      0
4.05714     0      0
4.07143     0      0
4.08571     0      0
4.1     0      0
4.11429     0      0
4.12857     0      0
4.14286     0      0
4.15714     0      0
4.17143     0      0
4.18571     0      0
4.2     0      0
4.21429     0      0
4.22857     0      0
4.24286     0      0
4.25714     0      0
4.27143     0      0
4.28571     0      0
4.3     0      0
4.31429     0      0
4.32857     0      0
4.34286     0      0
4.35714     0      0
4.37143     0      0
4.38571     0      0
4.4     0      0
4.41429     0      0
4.42857     0      0
4.44286     0      0
4.45714     0      0
4.47143     0      0
4.48571     0      0
4.5     0      0
4.51429     0      0
4.52857     0      0
4.54286     0      0
4.55714     0      0
4.57143     0      0
4.58571     0      0
4.6     0      0
4.61429     0      0
4.62857     0      0
4.64286     0      0
4.65714     0      0
4.67143     0      0
4.68571     0      0
4.7     0      0
4.71429     0      0
4.72857     0      0
4.74286     0      0
4.75714     0      0
4.77143     0      0
4.78571     0      0
4.8     0      0
4.81429     0      0
4.82857     0      0
4.84286     0      0
4.85714     0      0
4.87143     0      0
4.88571     0      0
4.9     0      0
4.91429     0      0
4.92857     0      0
4.94286     0      0
4.95714     0      0
4.97143     0      0
4.98571     0      0
