# U,mu,nA_up, nA_dn, nB_up, nB_dn, ms, mf, ntotal,mu,cint
#energy    dos_upn   dos_upp   dos_dnn  dos_dnp GRID=1000 bin=700
-5     0      0
-4.98571     0      0
-4.97143     0      0
-4.95714     0      0
-4.94286     0      0
-4.92857     0      0
-4.91429     0      0
-4.9     0      0
-4.88571     0      0
-4.87143     0      0
-4.85714     0      0
-4.84286     0      0
-4.82857     0      0
-4.81429     0      0
-4.8     0      0
-4.78571     0      0
-4.77143     0      0
-4.75714     0      0
-4.74286     0      0
-4.72857     0      0
-4.71429     0      0
-4.7     0      0
-4.68571     0      0
-4.67143     0      0
-4.65714     0      0
-4.64286     0      0
-4.62857     0      0
-4.61429     0      0
-4.6     0      0
-4.58571     0      0
-4.57143     0      0
-4.55714     0      0
-4.54286     0      0
-4.52857     0      0
-4.51429     0      0
-4.5     0      0
-4.48571     0      0
-4.47143     0      0
-4.45714     0      0
-4.44286     0      0
-4.42857     0      0
-4.41429     0      0
-4.4     0      0
-4.38571     0      0
-4.37143     0      0
-4.35714     0      0
-4.34286     0      0
-4.32857     0      0
-4.31429     0      0
-4.3     0      0
-4.28571     0      0
-4.27143     0      0
-4.25714     0      0
-4.24286     0      0
-4.22857     0      0
-4.21429     0      0
-4.2     0      0
-4.18571     0      0
-4.17143     0      0
-4.15714     0      0
-4.14286     0      0
-4.12857     0      0
-4.11429     0      0
-4.1     0      0
-4.08571     0      0
-4.07143     0      0
-4.05714     0      0
-4.04286     0      0
-4.02857     0      0
-4.01429     0      0
-4     0      0
-3.98571     0      0
-3.97143     0      0
-3.95714     0      0
-3.94286     0      0
-3.92857     0      0
-3.91429     0      0
-3.9     0      0
-3.88571     0      0
-3.87143     0      0
-3.85714     0      0
-3.84286     0      0
-3.82857     0      0
-3.81429     0      0
-3.8     0      0
-3.78571     0      0
-3.77143     0      0
-3.75714     0      0
-3.74286     0      0
-3.72857     0      0
-3.71429     0      0
-3.7     0      0
-3.68571     0      0
-3.67143     0      0
-3.65714     0      0
-3.64286     0      0
-3.62857     0      0
-3.61429     0      0
-3.6     0      0
-3.58571     0      0
-3.57143     0      0
-3.55714     0      0
-3.54286     0      0
-3.52857     0      0
-3.51429     0      0
-3.5     0      0
-3.48571     0      0
-3.47143     0      0
-3.45714     0      0
-3.44286     0      0
-3.42857     0      0
-3.41429     0      0
-3.4     0      0
-3.38571     0      0
-3.37143     0      0
-3.35714     0      0
-3.34286     0      0
-3.32857     0      0
-3.31429     0      0
-3.3     0      0
-3.28571     0      0
-3.27143     0      0
-3.25714     0      0
-3.24286     0      0
-3.22857     0      0
-3.21429     0      0
-3.2     0      0
-3.18571     0      0
-3.17143     0      0
-3.15714     0      0
-3.14286     0      0
-3.12857     0      0
-3.11429     0      0
-3.1     0      0
-3.08571     0      0
-3.07143     0      0
-3.05714     0      0
-3.04286     0      0
-3.02857     0      0
-3.01429     0      0
-3     0      0
-2.98571     0      0
-2.97143     0      0
-2.95714     0      0
-2.94286     0      0
-2.92857     0      0
-2.91429     0      0
-2.9     0      0
-2.88571     0      0
-2.87143     0      0
-2.85714     0      0
-2.84286     0      0
-2.82857     0      0
-2.81429     0      0
-2.8     0      0
-2.78571     0      0
-2.77143     0      0
-2.75714     0      0
-2.74286     0      0
-2.72857     0      0
-2.71429     0      0
-2.7     0      0
-2.68571     0      0
-2.67143     0      0
-2.65714     0      0
-2.64286     0      0
-2.62857     0      0
-2.61429     0      0
-2.6     0      0
-2.58571     0      0
-2.57143     0      0
-2.55714     0      0
-2.54286     0      0
-2.52857     0      0
-2.51429     0      0
-2.5     0      0
-2.48571     0      0
-2.47143     0      0
-2.45714     0      0
-2.44286     0      0
-2.42857     0      0
-2.41429     0      0
-2.4     0      0
-2.38571     0      0
-2.37143     0      0
-2.35714     0      0
-2.34286     0      0
-2.32857     0      0
-2.31429     0      0
-2.3     0      0
-2.28571     0      0
-2.27143     0      0
-2.25714     0      0
-2.24286     0      0
-2.22857     0      0
-2.21429     0      0
-2.2     0      0
-2.18571     0      0
-2.17143     0      0
-2.15714     0      0
-2.14286     0      0
-2.12857     0      0
-2.11429     0      0
-2.1     0      0
-2.08571     0      0
-2.07143     0      0
-2.05714     0      0
-2.04286     0      0
-2.02857     0      0
-2.01429     0      0
-2     0      0
-1.98571     0      0
-1.97143     0      0
-1.95714     0      0
-1.94286     0      0
-1.92857     0      0
-1.91429     0      0
-1.9     0      0
-1.88571     0      0
-1.87143     0      0
-1.85714     0      0
-1.84286     0      0
-1.82857     0      0
-1.81429     0      0
-1.8     0      0
-1.78571     0      0
-1.77143     0      0
-1.75714     0      0
-1.74286     0      0
-1.72857     0      0
-1.71429     0      0
-1.7     0      0
-1.68571     0      0
-1.67143     0      0
-1.65714     0      0
-1.64286     0      0
-1.62857     0      0
-1.61429     0      0
-1.6     0      0
-1.58571     0      0
-1.57143     0      0
-1.55714     0      0
-1.54286     0      0
-1.52857     0      0
-1.51429     0      0
-1.5     0      0
-1.48571     0      0
-1.47143     0      0
-1.45714     0      0
-1.44286     0      0
-1.42857     0      0
-1.41429     0      0
-1.4     0      0
-1.38571     0      0
-1.37143     0      0
-1.35714     0      0
-1.34286     0      0
-1.32857     0      0
-1.31429     0      0
-1.3     0      0
-1.28571     0      0
-1.27143     0      0
-1.25714     0      0
-1.24286     0      0
-1.22857     0      0
-1.21429     0      0
-1.2     0      0
-1.18571     0      0
-1.17143     0      0
-1.15714     0      0
-1.14286     0      0
-1.12857     0      0
-1.11429     0      0
-1.1     0      0
-1.08571     0      0
-1.07143     0      0
-1.05714     0      0
-1.04286     0      0
-1.02857     0      0
-1.01429     0      0
-1     0      0
-0.985714     0      0
-0.971429     0      0
-0.957143     0      0
-0.942857     0      0
-0.928571     3.14575e-43      0
-0.914286     2.1803e-42      0
-0.9     7.66602e-42      0
-0.885714     7.48682e-42      0
-0.871429     1.5333e-35      0
-0.857143     2.9543e-35      0
-0.842857     4.36406e-16      0
-0.828571     0.0173425      0
-0.814286     0.023088      0
-0.8     0.022346      0
-0.785714     0.021804      0
-0.771429     0.02146      0
-0.757143     0.021156      0
-0.742857     0.0231725      0
-0.728571     0.026814      0
-0.714286     0.027212      0
-0.7     0.027714      0
-0.685714     0.028304      0
-0.671429     0.029398      0
-0.657143     0.030558      0
-0.642857     0.032484      0
-0.628571     0.0356      0
-0.614286     0.043614      0
-0.6     0.047044      0
-0.585714     0.033632      0
-0.571429     0.028814      0
-0.557143     0.025658      0
-0.542857     0.023358      0
-0.528571     0.021502      0
-0.514286     0.020026      0
-0.5     0.018698      0
-0.485714     0.017596      0
-0.471429     0.016634      0
-0.457143     0.01572      0
-0.442857     0.01494      0
-0.428571     0.014254      0
-0.414286     0.01365      0
-0.4     0.012944      0
-0.385714     0.01249      0
-0.371429     0.012026      0
-0.357143     0.011452      0
-0.342857     0.011064      0
-0.328571     0.010654      0
-0.314286     0.010228      0
-0.3     0.0099      0
-0.285714     0.009542      0
-0.271429     0.00924      0
-0.257143     0.008978      0
-0.242857     0.008576      0
-0.228571     0.008372      0
-0.214286     0.008072      0
-0.2     0.007832      0
-0.185714     0.007598      0
-0.171429     0.007336      0
-0.157143     0.00713      0
-0.142857     0.006952      0
-0.128571     0.006668      0
-0.114286     0.00653      0
-0.1     0.00629      0
-0.0857143     0.006114      0
-0.0714286     0.00594      0.0007745
-0.0571429     0.005764      0.00559
-0.0428571     0.005618      0.005506
-0.0285714     0.005398      0.005398
-0.0142857     0.005258      0.005298
0     0.005118      0.005244
0.0142857     0.004948      0.00516
0.0285714     0.004818      0.005162
0.0428571     0.004638      0.005086
0.0571429     0.002919      0.00506
0.0714286     0      0.004986
0.0857143     0      0.00503
0.1     0      0.004926
0.114286     0      0.005014
0.128571     0      0.00495
0.142857     0      0.004954
0.157143     0      0.004908
0.171429     0      0.00497
0.185714     0      0.004894
0.2     0      0.00491
0.214286     0      0.00495
0.228571     0      0.004986
0.242857     0      0.00505
0.257143     0      0.004992
0.271429     0      0.005044
0.285714     0      0.005
0.3     0      0.005092
0.314286     0      0.005082
0.328571     0      0.005038
0.342857     0      0.005144
0.357143     0      0.005196
0.371429     0      0.005238
0.385714     0      0.005278
0.4     0      0.00528
0.414286     0      0.005372
0.428571     0      0.005404
0.442857     0      0.005384
0.457143     0      0.005548
0.471429     0      0.00553
0.485714     0      0.00567
0.5     0      0.005622
0.514286     0      0.005832
0.528571     0      0.005816
0.542857     0      0.005962
0.557143     0      0.006054
0.571429     0      0.006112
0.585714     0      0.006242
0.6     0      0.00643
0.614286     0      0.006478
0.628571     0      0.006668
0.642857     0      0.006836
0.657143     0      0.007076
0.671429     0      0.007352
0.685714     0      0.007662
0.7     0      0.008162
0.714286     0      0.008832
0.728571     0      0.010987
0.742857     0      0.009914
0.757143     0      0.008666
0.771429     0      0.00804
0.785714     0      0.007622
0.8     0      0.007362
0.814286     0      0.007114
0.828571     0      0.006904
0.842857     0      0.006756
0.857143     0      0.006616
0.871429     0      0.006448
0.885714     0      0.00629
0.9     0      0.006184
0.914286     0      0.006118
0.928571     0      0.006
0.942857     0      0.005906
0.957143     0      0.005892
0.971429     0      0.005692
0.985714     0      0.00568
1     0      0.005642
1.01429     0      0.005526
1.02857     0      0.00545
1.04286     0      0.005426
1.05714     0      0.005374
1.07143     0      0.005318
1.08571     0      0.005182
1.1     0      0.005226
1.11429     0      0.005166
1.12857     0      0.00506
1.14286     0      0.005046
1.15714     0      0.005036
1.17143     0      0.004912
1.18571     0      0.00493
1.2     0      0.004866
1.21429     0      0.004824
1.22857     0      0.004798
1.24286     0      0.004766
1.25714     0      0.004672
1.27143     0      0.004702
1.28571     0      0.004628
1.3     0      0.004582
1.31429     0      0.004598
1.32857     0      0.004524
1.34286     0      0.004522
1.35714     0      0.004504
1.37143     0      0.004404
1.38571     0      0.004426
1.4     0      0.004372
1.41429     0      0.00437
1.42857     0      0.004344
1.44286     0      0.004228
1.45714     0      0.004306
1.47143     0      0.0042
1.48571     0      0.00423
1.5     0      0.004202
1.51429     0      0.004124
1.52857     0      0.004166
1.54286     0      0.004084
1.55714     0      0.00409
1.57143     0      0.00409
1.58571     0      0.004036
1.6     0      0.004026
1.61429     0      0.003984
1.62857     0      0.003954
1.64286     0      0.003966
1.65714     0      0.00388
1.67143     0      0.003914
1.68571     0      0.003872
1.7     0      0.003858
1.71429     0      0.00387
1.72857     0      0.003808
1.74286     0      0.003814
1.75714     0      0.003774
1.77143     0      0.003714
1.78571     0      0.003766
1.8     0      0.003704
1.81429     0      0.003702
1.82857     0      0.00371
1.84286     0      0.003668
1.85714     0      0.003638
1.87143     0      0.003662
1.88571     0      0.00358
1.9     0      0.003598
1.91429     0      0.00359
1.92857     0      0.003516
1.94286     0      0.003554
1.95714     0      0.003558
1.97143     0      0.003484
1.98571     0      0.003494
2     0      0.003482
2.01429     0      0.003448
2.02857     0      0.003466
2.04286     0      0.003414
2.05714     0      0.003414
2.07143     0      0.003388
2.08571     0      0.003406
2.1     0      0.003358
2.11429     0      0.003362
2.12857     0      0.00334
2.14286     0      0.003318
2.15714     0      0.003318
2.17143     0      0.003322
2.18571     0      0.003266
2.2     0      0.003272
2.21429     0      0.003238
2.22857     0      0.00325
2.24286     0      0.003238
2.25714     0      0.003232
2.27143     0      0.003198
2.28571     0      0.003182
2.3     0      0.003198
2.31429     0      0.003162
2.32857     0      0.003154
2.34286     0      0.003146
2.35714     0      0.003136
2.37143     0      0.003092
2.38571     0      0.003116
2.4     0      0.003078
2.41429     0      0.003078
2.42857     0      0.003062
2.44286     0      0.003068
2.45714     0      0.003018
2.47143     0      0.003046
2.48571     0      0.003018
2.5     0      0.003024
2.51429     0      0.003028
2.52857     0      0.002946
2.54286     0      0.00298
2.55714     0      0.002966
2.57143     0      0.002964
2.58571     0      0.00294
2.6     0      0.002934
2.61429     0      0.002938
2.62857     0      0.002886
2.64286     0      0.00295
2.65714     0      0.002878
2.67143     0      0.002882
2.68571     0      0.002866
2.7     0      0.002866
2.71429     0      0.002838
2.72857     0      0.002846
2.74286     0      0.002854
2.75714     0      0.002812
2.77143     0      0.002808
2.78571     0      0.002806
2.8     0      0.002798
2.81429     0      0.00277
2.82857     0      0.002794
2.84286     0      0.002772
2.85714     0      0.002748
2.87143     0      0.002768
2.88571     0      0.002726
2.9     0      0.002744
2.91429     0      0.002722
2.92857     0      0.002692
2.94286     0      0.002726
2.95714     0      0.002694
2.97143     0      0.002678
2.98571     0      0.002676
3     0      0.002688
3.01429     0      0.002634
3.02857     0      0.00268
3.04286     0      0.00266
3.05714     0      0.00262
3.07143     0      0.002622
3.08571     0      0.00262
3.1     0      0.00262
3.11429     0      0.002616
3.12857     0      0.002606
3.14286     0      0.002568
3.15714     0      0.002588
3.17143     0      0.002572
3.18571     0      0.002554
3.2     0      0.002574
3.21429     0      0.002546
3.22857     0      0.0005925
3.24286     0      9.98437e-30
3.25714     0      1.06445e-30
3.27143     0      0
3.28571     0      0
3.3     0      0
3.31429     0      0
3.32857     0      0
3.34286     0      0
3.35714     0      0
3.37143     0      0
3.38571     0      0
3.4     0      0
3.41429     0      0
3.42857     0      0
3.44286     0      0
3.45714     0      0
3.47143     0      0
3.48571     0      0
3.5     0      0
3.51429     0      0
3.52857     0      0
3.54286     0      0
3.55714     0      0
3.57143     0      0
3.58571     0      0
3.6     0      0
3.61429     0      0
3.62857     0      0
3.64286     0      0
3.65714     0      0
3.67143     0      0
3.68571     0      0
3.7     0      0
3.71429     0      0
3.72857     0      0
3.74286     0      0
3.75714     0      0
3.77143     0      0
3.78571     0      0
3.8     0      0
3.81429     0      0
3.82857     0      0
3.84286     0      0
3.85714     0      0
3.87143     0      0
3.88571     0      0
3.9     0      0
3.91429     0      0
3.92857     0      0
3.94286     0      0
3.95714     0      0
3.97143     0      0
3.98571     0      0
4     0      0
4.01429     0      0
4.02857     0      0
4.04286     0      0
4.05714     0      0
4.07143     0      0
4.08571     0      0
4.1     0      0
4.11429     0      0
4.12857     0      0
4.14286     0      0
4.15714     0      0
4.17143     0      0
4.18571     0      0
4.2     0      0
4.21429     0      0
4.22857     0      0
4.24286     0      0
4.25714     0      0
4.27143     0      0
4.28571     0      0
4.3     0      0
4.31429     0      0
4.32857     0      0
4.34286     0      0
4.35714     0      0
4.37143     0      0
4.38571     0      0
4.4     0      0
4.41429     0      0
4.42857     0      0
4.44286     0      0
4.45714     0      0
4.47143     0      0
4.48571     0      0
4.5     0      0
4.51429     0      0
4.52857     0      0
4.54286     0      0
4.55714     0      0
4.57143     0      0
4.58571     0      0
4.6     0      0
4.61429     0      0
4.62857     0      0
4.64286     0      0
4.65714     0      0
4.67143     0      0
4.68571     0      0
4.7     0      0
4.71429     0      0
4.72857     0      0
4.74286     0      0
4.75714     0      0
4.77143     0      0
4.78571     0      0
4.8     0      0
4.81429     0      0
4.82857     0      0
4.84286     0      0
4.85714     0      0
4.87143     0      0
4.88571     0      0
4.9     0      0
4.91429     0      0
4.92857     0      0
4.94286     0      0
4.95714     0      0
4.97143     0      0
4.98571     0      0
