# U,mu,nA_up, nA_dn, nB_up, nB_dn, ms, mf, ntotal,mu,cint
#energy    dos_upn   dos_upp   dos_dnn  dos_dnp GRID=1000 bin=700
-5     0      0
-4.98571     0      0
-4.97143     0      0
-4.95714     0      0
-4.94286     0      0
-4.92857     0      0
-4.91429     0      0
-4.9     0      0
-4.88571     0      0
-4.87143     0      0
-4.85714     0      0
-4.84286     0      0
-4.82857     0      0
-4.81429     0      0
-4.8     0      0
-4.78571     0      0
-4.77143     0      0
-4.75714     0      0
-4.74286     0      0
-4.72857     0      0
-4.71429     0      0
-4.7     0      0
-4.68571     0      0
-4.67143     0      0
-4.65714     0      0
-4.64286     0      0
-4.62857     0      0
-4.61429     0      0
-4.6     0      0
-4.58571     0      0
-4.57143     0      0
-4.55714     0      0
-4.54286     0      0
-4.52857     0      0
-4.51429     0      0
-4.5     0      0
-4.48571     0      0
-4.47143     0      0
-4.45714     0      0
-4.44286     0      0
-4.42857     0      0
-4.41429     0      0
-4.4     0      0
-4.38571     0      0
-4.37143     0      0
-4.35714     0      0
-4.34286     0      0
-4.32857     0      0
-4.31429     0      0
-4.3     0      0
-4.28571     0      0
-4.27143     0      0
-4.25714     0      0
-4.24286     0      0
-4.22857     0      0
-4.21429     0      0
-4.2     0      0
-4.18571     0      0
-4.17143     0      0
-4.15714     0      0
-4.14286     0      0
-4.12857     0      0
-4.11429     0      0
-4.1     0      0
-4.08571     0      0
-4.07143     0      0
-4.05714     0      0
-4.04286     0      0
-4.02857     0      0
-4.01429     0      0
-4     0      0
-3.98571     0      0
-3.97143     0      0
-3.95714     0      0
-3.94286     0      0
-3.92857     0      0
-3.91429     0      0
-3.9     0      0
-3.88571     0      0
-3.87143     0      0
-3.85714     0      0
-3.84286     0      0
-3.82857     0      0
-3.81429     0      0
-3.8     0      0
-3.78571     0      0
-3.77143     0      0
-3.75714     0      0
-3.74286     0      0
-3.72857     0      0
-3.71429     0      0
-3.7     0      0
-3.68571     0      0
-3.67143     0      0
-3.65714     0      0
-3.64286     0      0
-3.62857     0      0
-3.61429     0      0
-3.6     0      0
-3.58571     0      0
-3.57143     0      0
-3.55714     0      0
-3.54286     0      0
-3.52857     0      0
-3.51429     0      0
-3.5     0      0
-3.48571     0      0
-3.47143     0      0
-3.45714     0      0
-3.44286     0      0
-3.42857     0      0
-3.41429     0      0
-3.4     0      0
-3.38571     0      0
-3.37143     0      0
-3.35714     0      0
-3.34286     0      0
-3.32857     0      0
-3.31429     0      0
-3.3     0      0
-3.28571     0      0
-3.27143     0      0
-3.25714     0      0
-3.24286     0      0
-3.22857     0      0
-3.21429     0      0
-3.2     0      0
-3.18571     0      0
-3.17143     0      0
-3.15714     0      0
-3.14286     0      0
-3.12857     0      0
-3.11429     0      0
-3.1     0      0
-3.08571     0      0
-3.07143     0      0
-3.05714     0      0
-3.04286     0      0
-3.02857     0      0
-3.01429     0      0
-3     0      0
-2.98571     0      0
-2.97143     0      0
-2.95714     0      0
-2.94286     0      0
-2.92857     0      0
-2.91429     0      0
-2.9     0      0
-2.88571     0      0
-2.87143     0      0
-2.85714     0      0
-2.84286     0      0
-2.82857     0      0
-2.81429     0      0
-2.8     0      0
-2.78571     0      0
-2.77143     0      0
-2.75714     0      0
-2.74286     0      0
-2.72857     0      0
-2.71429     0      0
-2.7     0      0
-2.68571     0      0
-2.67143     0      0
-2.65714     0      0
-2.64286     0      0
-2.62857     0      0
-2.61429     0      0
-2.6     0      0
-2.58571     0      0
-2.57143     0      0
-2.55714     0      0
-2.54286     0      0
-2.52857     0      0
-2.51429     0      0
-2.5     0      0
-2.48571     0      0
-2.47143     0      0
-2.45714     0      0
-2.44286     0      0
-2.42857     0      0
-2.41429     0      0
-2.4     0      0
-2.38571     0      0
-2.37143     0      0
-2.35714     0      0
-2.34286     0      0
-2.32857     0      0
-2.31429     0      0
-2.3     0      0
-2.28571     0      0
-2.27143     0      0
-2.25714     0      0
-2.24286     0      0
-2.22857     0      0
-2.21429     0      0
-2.2     0      0
-2.18571     0      0
-2.17143     0      0
-2.15714     0      0
-2.14286     0      0
-2.12857     0      0
-2.11429     0      0
-2.1     0      0
-2.08571     0      0
-2.07143     0      0
-2.05714     0      0
-2.04286     0      0
-2.02857     0      0
-2.01429     0      0
-2     0      0
-1.98571     0      0
-1.97143     0      0
-1.95714     0      0
-1.94286     0      0
-1.92857     0      0
-1.91429     0      0
-1.9     0      0
-1.88571     0      0
-1.87143     0      0
-1.85714     0      0
-1.84286     0      0
-1.82857     0      0
-1.81429     0      0
-1.8     0      0
-1.78571     0      0
-1.77143     0      0
-1.75714     0      0
-1.74286     0      0
-1.72857     0      0
-1.71429     0      0
-1.7     0      0
-1.68571     0      0
-1.67143     0      0
-1.65714     0      0
-1.64286     0      0
-1.62857     0      0
-1.61429     0      0
-1.6     0      0
-1.58571     0      0
-1.57143     0      0
-1.55714     0      0
-1.54286     0      0
-1.52857     0      0
-1.51429     0      0
-1.5     0      0
-1.48571     0      0
-1.47143     0      0
-1.45714     0      0
-1.44286     0      0
-1.42857     0      0
-1.41429     0      0
-1.4     0      0
-1.38571     0      0
-1.37143     0      0
-1.35714     0      0
-1.34286     0      0
-1.32857     0      0
-1.31429     0      0
-1.3     0      0
-1.28571     0      0
-1.27143     0      0
-1.25714     0      0
-1.24286     0      0
-1.22857     0      0
-1.21429     0      0
-1.2     0      0
-1.18571     0      0
-1.17143     0      0
-1.15714     0      0
-1.14286     0      0
-1.12857     0      0
-1.11429     0      0
-1.1     0      0
-1.08571     0      0
-1.07143     0      0
-1.05714     0      0
-1.04286     0      0
-1.02857     0      0
-1.01429     0      0
-1     0      0
-0.985714     0      0
-0.971429     0      0
-0.957143     0      0
-0.942857     0      0
-0.928571     5.0332e-30      0
-0.914286     3.48848e-29      0
-0.9     1.22656e-28      0
-0.885714     1.19789e-28      0
-0.871429     2.45328e-22      0
-0.857143     4.72688e-22      0
-0.842857     0.0069825      0
-0.828571     0.023872      0
-0.814286     0.022994      0
-0.8     0.022386      0
-0.785714     0.021926      0
-0.771429     0.0269745      0
-0.757143     0.027576      0
-0.742857     0.027812      0
-0.728571     0.02816      0
-0.714286     0.028718      0
-0.7     0.029522      0
-0.685714     0.03071      0
-0.671429     0.032392      0
-0.657143     0.034918      0
-0.642857     0.039872      0
-0.628571     0.051916      0
-0.614286     0.037696      0
-0.6     0.031178      0
-0.585714     0.027412      0
-0.571429     0.024804      0
-0.557143     0.022594      0
-0.542857     0.021046      0
-0.528571     0.01963      0
-0.514286     0.018332      0
-0.5     0.01733      0
-0.485714     0.016366      0
-0.471429     0.015594      0
-0.457143     0.014782      0
-0.442857     0.014074      0
-0.428571     0.01349      0
-0.414286     0.012936      0
-0.4     0.012376      0
-0.385714     0.011848      0
-0.371429     0.01144      0
-0.357143     0.010966      0
-0.342857     0.01065      0
-0.328571     0.010188      0
-0.314286     0.009844      0
-0.3     0.009542      0
-0.285714     0.009216      0
-0.271429     0.008916      0
-0.257143     0.008604      0
-0.242857     0.008352      0
-0.228571     0.008058      0
-0.214286     0.007828      0
-0.2     0.00757      0
-0.185714     0.007412      0
-0.171429     0.007098      0
-0.157143     0.006906      0
-0.142857     0.006746      0
-0.128571     0.006506      0
-0.114286     0.00632      0
-0.1     0.006138      0
-0.0857143     0.005962      0
-0.0714286     0.005788      0
-0.0571429     0.00564      0
-0.0428571     0.005434      0
-0.0285714     0.00531      0.0047945
-0.0142857     0.00512      0.005542
0     0.00499      0.00546
0.0142857     0.00483      0.005344
0.0285714     0.000407      0.005336
0.0428571     0      0.005244
0.0571429     0      0.005194
0.0714286     0      0.005168
0.0857143     0      0.005142
0.1     0      0.005098
0.114286     0      0.005058
0.128571     0      0.005056
0.142857     0      0.005052
0.157143     0      0.005024
0.171429     0      0.00503
0.185714     0      0.005032
0.2     0      0.004938
0.214286     0      0.0051
0.228571     0      0.004996
0.242857     0      0.005022
0.257143     0      0.00506
0.271429     0      0.00511
0.285714     0      0.005158
0.3     0      0.004852
0.314286     0      0.005242
0.328571     0      0.005102
0.342857     0      0.005156
0.357143     0      0.005212
0.371429     0      0.005222
0.385714     0      0.005272
0.4     0      0.005276
0.414286     0      0.005318
0.428571     0      0.005384
0.442857     0      0.005432
0.457143     0      0.005492
0.471429     0      0.005458
0.485714     0      0.005572
0.5     0      0.005698
0.514286     0      0.005632
0.528571     0      0.005856
0.542857     0      0.005782
0.557143     0      0.005912
0.571429     0      0.006024
0.585714     0      0.006108
0.6     0      0.006216
0.614286     0      0.006348
0.628571     0      0.006428
0.642857     0      0.006582
0.657143     0      0.006718
0.671429     0      0.006986
0.685714     0      0.007132
0.7     0      0.007392
0.714286     0      0.0077
0.728571     0      0.008146
0.742857     0      0.008756
0.757143     0      0.010144
0.771429     0      0.011283
0.785714     0      0.009068
0.8     0      0.008356
0.814286     0      0.007878
0.828571     0      0.007522
0.842857     0      0.007298
0.857143     0      0.007038
0.871429     0      0.006888
0.885714     0      0.006688
0.9     0      0.00654
0.914286     0      0.006382
0.928571     0      0.006284
0.942857     0      0.00619
0.957143     0      0.006092
0.971429     0      0.005952
0.985714     0      0.005918
1     0      0.005786
1.01429     0      0.005694
1.02857     0      0.005676
1.04286     0      0.00561
1.05714     0      0.005488
1.07143     0      0.005432
1.08571     0      0.005446
1.1     0      0.005326
1.11429     0      0.005254
1.12857     0      0.005186
1.14286     0      0.005214
1.15714     0      0.005072
1.17143     0      0.005074
1.18571     0      0.00504
1.2     0      0.004968
1.21429     0      0.004878
1.22857     0      0.004926
1.24286     0      0.004836
1.25714     0      0.004786
1.27143     0      0.004762
1.28571     0      0.004712
1.3     0      0.004712
1.31429     0      0.00465
1.32857     0      0.00458
1.34286     0      0.004594
1.35714     0      0.004558
1.37143     0      0.004468
1.38571     0      0.004478
1.4     0      0.004478
1.41429     0      0.004384
1.42857     0      0.004394
1.44286     0      0.004324
1.45714     0      0.004334
1.47143     0      0.004306
1.48571     0      0.00426
1.5     0      0.004242
1.51429     0      0.004216
1.52857     0      0.004158
1.54286     0      0.00419
1.55714     0      0.004092
1.57143     0      0.00413
1.58571     0      0.004102
1.6     0      0.004032
1.61429     0      0.004062
1.62857     0      0.004
1.64286     0      0.003978
1.65714     0      0.003974
1.67143     0      0.003916
1.68571     0      0.003908
1.7     0      0.003924
1.71429     0      0.003842
1.72857     0      0.003886
1.74286     0      0.003788
1.75714     0      0.00383
1.77143     0      0.003814
1.78571     0      0.003764
1.8     0      0.003738
1.81429     0      0.003762
1.82857     0      0.003672
1.84286     0      0.003702
1.85714     0      0.003714
1.87143     0      0.003632
1.88571     0      0.003642
1.9     0      0.003646
1.91429     0      0.00356
1.92857     0      0.003574
1.94286     0      0.003578
1.95714     0      0.003548
1.97143     0      0.003526
1.98571     0      0.003538
2     0      0.00348
2.01429     0      0.00349
2.02857     0      0.003466
2.04286     0      0.003474
2.05714     0      0.003408
2.07143     0      0.003414
2.08571     0      0.00345
2.1     0      0.003382
2.11429     0      0.00334
2.12857     0      0.003378
2.14286     0      0.003346
2.15714     0      0.003346
2.17143     0      0.00333
2.18571     0      0.003252
2.2     0      0.00331
2.21429     0      0.00325
2.22857     0      0.003278
2.24286     0      0.003276
2.25714     0      0.003222
2.27143     0      0.00323
2.28571     0      0.003184
2.3     0      0.003202
2.31429     0      0.003178
2.32857     0      0.003146
2.34286     0      0.003154
2.35714     0      0.003176
2.37143     0      0.003102
2.38571     0      0.003118
2.4     0      0.003098
2.41429     0      0.003098
2.42857     0      0.003112
2.44286     0      0.003064
2.45714     0      0.003078
2.47143     0      0.003022
2.48571     0      0.003044
2.5     0      0.003006
2.51429     0      0.00301
2.52857     0      0.003016
2.54286     0      0.002996
2.55714     0      0.00295
2.57143     0      0.002992
2.58571     0      0.002944
2.6     0      0.002946
2.61429     0      0.002928
2.62857     0      0.002932
2.64286     0      0.002916
2.65714     0      0.00292
2.67143     0      0.002872
2.68571     0      0.002888
2.7     0      0.00288
2.71429     0      0.00286
2.72857     0      0.002846
2.74286     0      0.002864
2.75714     0      0.002824
2.77143     0      0.002814
2.78571     0      0.002834
2.8     0      0.002782
2.81429     0      0.00279
2.82857     0      0.002802
2.84286     0      0.002768
2.85714     0      0.00275
2.87143     0      0.002808
2.88571     0      0.002732
2.9     0      0.002726
2.91429     0      0.002744
2.92857     0      0.002706
2.94286     0      0.00271
2.95714     0      0.002724
2.97143     0      0.002686
2.98571     0      0.0027
3     0      0.002658
3.01429     0      0.002686
3.02857     0      0.002668
3.04286     0      0.002656
3.05714     0      0.002632
3.07143     0      0.002632
3.08571     0      0.002634
3.1     0      0.002612
3.11429     0      0.002616
3.12857     0      0.002602
3.14286     0      0.00261
3.15714     0      0.002588
3.17143     0      0.002574
3.18571     0      0.002578
3.2     0      0.002558
3.21429     0      0.002572
3.22857     0      0.0013085
3.24286     0      1.5975e-16
3.25714     0      1.70312e-17
3.27143     0      0
3.28571     0      0
3.3     0      0
3.31429     0      0
3.32857     0      0
3.34286     0      0
3.35714     0      0
3.37143     0      0
3.38571     0      0
3.4     0      0
3.41429     0      0
3.42857     0      0
3.44286     0      0
3.45714     0      0
3.47143     0      0
3.48571     0      0
3.5     0      0
3.51429     0      0
3.52857     0      0
3.54286     0      0
3.55714     0      0
3.57143     0      0
3.58571     0      0
3.6     0      0
3.61429     0      0
3.62857     0      0
3.64286     0      0
3.65714     0      0
3.67143     0      0
3.68571     0      0
3.7     0      0
3.71429     0      0
3.72857     0      0
3.74286     0      0
3.75714     0      0
3.77143     0      0
3.78571     0      0
3.8     0      0
3.81429     0      0
3.82857     0      0
3.84286     0      0
3.85714     0      0
3.87143     0      0
3.88571     0      0
3.9     0      0
3.91429     0      0
3.92857     0      0
3.94286     0      0
3.95714     0      0
3.97143     0      0
3.98571     0      0
4     0      0
4.01429     0      0
4.02857     0      0
4.04286     0      0
4.05714     0      0
4.07143     0      0
4.08571     0      0
4.1     0      0
4.11429     0      0
4.12857     0      0
4.14286     0      0
4.15714     0      0
4.17143     0      0
4.18571     0      0
4.2     0      0
4.21429     0      0
4.22857     0      0
4.24286     0      0
4.25714     0      0
4.27143     0      0
4.28571     0      0
4.3     0      0
4.31429     0      0
4.32857     0      0
4.34286     0      0
4.35714     0      0
4.37143     0      0
4.38571     0      0
4.4     0      0
4.41429     0      0
4.42857     0      0
4.44286     0      0
4.45714     0      0
4.47143     0      0
4.48571     0      0
4.5     0      0
4.51429     0      0
4.52857     0      0
4.54286     0      0
4.55714     0      0
4.57143     0      0
4.58571     0      0
4.6     0      0
4.61429     0      0
4.62857     0      0
4.64286     0      0
4.65714     0      0
4.67143     0      0
4.68571     0      0
4.7     0      0
4.71429     0      0
4.72857     0      0
4.74286     0      0
4.75714     0      0
4.77143     0      0
4.78571     0      0
4.8     0      0
4.81429     0      0
4.82857     0      0
4.84286     0      0
4.85714     0      0
4.87143     0      0
4.88571     0      0
4.9     0      0
4.91429     0      0
4.92857     0      0
4.94286     0      0
4.95714     0      0
4.97143     0      0
4.98571     0      0
