# U,mu,nA_up, nA_dn, nB_up, nB_dn, ms, mf, ntotal,mu,cint
#energy    dos_upn   dos_upp   dos_dnn  dos_dnp GRID=1000 bin=700
-5     0      0
-4.98571     0      0
-4.97143     0      0
-4.95714     0      0
-4.94286     0      0
-4.92857     0      0
-4.91429     0      0
-4.9     0      0
-4.88571     0      0
-4.87143     0      0
-4.85714     0      0
-4.84286     0      0
-4.82857     0      0
-4.81429     0      0
-4.8     0      0
-4.78571     0      0
-4.77143     0      0
-4.75714     0      0
-4.74286     0      0
-4.72857     0      0
-4.71429     0      0
-4.7     0      0
-4.68571     0      0
-4.67143     0      0
-4.65714     0      0
-4.64286     0      0
-4.62857     0      0
-4.61429     0      0
-4.6     0      0
-4.58571     0      0
-4.57143     0      0
-4.55714     0      0
-4.54286     0      0
-4.52857     0      0
-4.51429     0      0
-4.5     0      0
-4.48571     0      0
-4.47143     0      0
-4.45714     0      0
-4.44286     0      0
-4.42857     0      0
-4.41429     0      0
-4.4     0      0
-4.38571     0      0
-4.37143     0      0
-4.35714     0      0
-4.34286     0      0
-4.32857     0      0
-4.31429     0      0
-4.3     0      0
-4.28571     0      0
-4.27143     0      0
-4.25714     0      0
-4.24286     0      0
-4.22857     0      0
-4.21429     0      0
-4.2     0      0
-4.18571     0      0
-4.17143     0      0
-4.15714     0      0
-4.14286     0      0
-4.12857     0      0
-4.11429     0      0
-4.1     0      0
-4.08571     0      0
-4.07143     0      0
-4.05714     0      0
-4.04286     0      0
-4.02857     0      0
-4.01429     0      0
-4     0      0
-3.98571     0      0
-3.97143     0      0
-3.95714     0      0
-3.94286     0      0
-3.92857     0      0
-3.91429     0      0
-3.9     0      0
-3.88571     0      0
-3.87143     0      0
-3.85714     0      0
-3.84286     0      0
-3.82857     0      0
-3.81429     0      0
-3.8     0      0
-3.78571     0      0
-3.77143     0      0
-3.75714     0      0
-3.74286     0      0
-3.72857     0      0
-3.71429     0      0
-3.7     0      0
-3.68571     0      0
-3.67143     0      0
-3.65714     0      0
-3.64286     0      0
-3.62857     0      0
-3.61429     0      0
-3.6     0      0
-3.58571     0      0
-3.57143     0      0
-3.55714     0      0
-3.54286     0      0
-3.52857     0      0
-3.51429     0      0
-3.5     0      0
-3.48571     0      0
-3.47143     0      0
-3.45714     0      0
-3.44286     0      0
-3.42857     0      0
-3.41429     0      0
-3.4     0      0
-3.38571     0      0
-3.37143     0      0
-3.35714     0      0
-3.34286     0      0
-3.32857     0      0
-3.31429     0      0
-3.3     0      0
-3.28571     0      0
-3.27143     0      0
-3.25714     0      0
-3.24286     0      0
-3.22857     0      0
-3.21429     0      0
-3.2     0      0
-3.18571     0      0
-3.17143     0      0
-3.15714     0      0
-3.14286     0      0
-3.12857     0      0
-3.11429     0      0
-3.1     0      0
-3.08571     0      0
-3.07143     0      0
-3.05714     0      0
-3.04286     0      0
-3.02857     0      0
-3.01429     0      0
-3     0      0
-2.98571     0      0
-2.97143     0      0
-2.95714     0      0
-2.94286     0      0
-2.92857     0      0
-2.91429     0      0
-2.9     0      0
-2.88571     0      0
-2.87143     0      0
-2.85714     0      0
-2.84286     0      0
-2.82857     0      0
-2.81429     0      0
-2.8     0      0
-2.78571     0      0
-2.77143     0      0
-2.75714     0      0
-2.74286     0      0
-2.72857     0      0
-2.71429     0      0
-2.7     0      0
-2.68571     0      0
-2.67143     0      0
-2.65714     0      0
-2.64286     0      0
-2.62857     0      0
-2.61429     0      0
-2.6     0      0
-2.58571     0      0
-2.57143     0      0
-2.55714     0      0
-2.54286     0      0
-2.52857     0      0
-2.51429     0      0
-2.5     0      0
-2.48571     0      0
-2.47143     0      0
-2.45714     0      0
-2.44286     0      0
-2.42857     0      0
-2.41429     0      0
-2.4     0      0
-2.38571     0      0
-2.37143     0      0
-2.35714     0      0
-2.34286     0      0
-2.32857     0      0
-2.31429     0      0
-2.3     0      0
-2.28571     0      0
-2.27143     0      0
-2.25714     0      0
-2.24286     0      0
-2.22857     0      0
-2.21429     0      0
-2.2     0      0
-2.18571     0      0
-2.17143     0      0
-2.15714     0      0
-2.14286     0      0
-2.12857     0      0
-2.11429     0      0
-2.1     0      0
-2.08571     0      0
-2.07143     0      0
-2.05714     0      0
-2.04286     0      0
-2.02857     0      0
-2.01429     0      0
-2     0      0
-1.98571     0      0
-1.97143     0      0
-1.95714     0      0
-1.94286     0      0
-1.92857     0      0
-1.91429     0      0
-1.9     0      0
-1.88571     0      0
-1.87143     0      0
-1.85714     0      0
-1.84286     0      0
-1.82857     0      0
-1.81429     0      0
-1.8     0      0
-1.78571     0      0
-1.77143     0      0
-1.75714     0      0
-1.74286     0      0
-1.72857     0      0
-1.71429     0      0
-1.7     0      0
-1.68571     0      0
-1.67143     0      0
-1.65714     0      0
-1.64286     0      0
-1.62857     0      0
-1.61429     0      0
-1.6     0      0
-1.58571     0      0
-1.57143     0      0
-1.55714     0      0
-1.54286     0      0
-1.52857     0      0
-1.51429     0      0
-1.5     0      0
-1.48571     0      0
-1.47143     0      0
-1.45714     0      0
-1.44286     0      0
-1.42857     0      0
-1.41429     0      0
-1.4     0      0
-1.38571     0      0
-1.37143     0      0
-1.35714     0      0
-1.34286     0      0
-1.32857     0      0
-1.31429     0      0
-1.3     0      0
-1.28571     0      0
-1.27143     0      0
-1.25714     0      0
-1.24286     0      0
-1.22857     0      0
-1.21429     0      0
-1.2     0      0
-1.18571     0      0
-1.17143     0      0
-1.15714     0      0
-1.14286     0      0
-1.12857     0      0
-1.11429     0      0
-1.1     0      0
-1.08571     0      0
-1.07143     0      0
-1.05714     0      0
-1.04286     0      0
-1.02857     0      0
-1.01429     0      0
-1     0      0
-0.985714     0      0
-0.971429     0      0
-0.957143     0      0
-0.942857     0      0
-0.928571     4.80004e-96      0
-0.914286     3.32687e-95      0
-0.9     1.16974e-94      0
-0.885714     1.1424e-94      0
-0.871429     2.33963e-88      0
-0.857143     4.5079e-88      0
-0.842857     6.65903e-69      0
-0.828571     2.29932e-36      0
-0.814286     0.0092045      0
-0.8     0.02256      0
-0.785714     0.021782      0
-0.771429     0.0212      0
-0.757143     0.02071      0
-0.742857     0.020428      0
-0.728571     0.020136      0
-0.714286     0.020082      0
-0.7     0.01983      0
-0.685714     0.019856      0
-0.671429     0.019896      0
-0.657143     0.020022      0
-0.642857     0.0203985      0
-0.628571     0.02626      0
-0.614286     0.027046      0
-0.6     0.027986      0
-0.585714     0.029474      0
-0.571429     0.031636      0
-0.557143     0.035664      0
-0.542857     0.04707      0
-0.528571     0.035252      0
-0.514286     0.02893      0
-0.5     0.025378      0
-0.485714     0.022908      0
-0.471429     0.021044      0
-0.457143     0.019468      0
-0.442857     0.018162      0
-0.428571     0.017074      0
-0.414286     0.016122      0
-0.4     0.015182      0
-0.385714     0.014514      0
-0.371429     0.013732      0
-0.357143     0.013184      0
-0.342857     0.012552      0
-0.328571     0.012022      0
-0.314286     0.011532      0
-0.3     0.01106      0
-0.285714     0.01066      0
-0.271429     0.010256      0
-0.257143     0.00988      0
-0.242857     0.00948      0
-0.228571     0.009184      0
-0.214286     0.0089      0
-0.2     0.008534      0
-0.185714     0.008336      0
-0.171429     0.00794      0
-0.157143     0.007764      0.0043265
-0.142857     0.007486      0.005452
-0.128571     0.00728      0.005294
-0.114286     0.006986      0.005196
-0.1     0.006826      0.005074
-0.0857143     0.006592      0.004958
-0.0714286     0.006354      0.004964
-0.0571429     0.006172      0.004846
-0.0428571     0.006008      0.004798
-0.0285714     0.00576      0.004836
-0.0142857     0.005648      0.00474
0     0.005426      0.004706
0.0142857     0.00526      0.004678
0.0285714     0.00509      0.004678
0.0428571     0.004978      0.004748
0.0571429     0.004768      0.004586
0.0714286     0.004622      0.004798
0.0857143     0.00445      0.004638
0.1     0.004346      0.004654
0.114286     0.004174      0.004682
0.128571     0.00403      0.0046
0.142857     0.003872      0.004814
0.157143     0.003581      0.0047
0.171429     0      0.00479
0.185714     0      0.004734
0.2     0      0.00476
0.214286     0      0.004788
0.228571     0      0.004814
0.242857     0      0.00486
0.257143     0      0.004924
0.271429     0      0.004974
0.285714     0      0.004906
0.3     0      0.005
0.314286     0      0.005064
0.328571     0      0.005088
0.342857     0      0.00514
0.357143     0      0.005186
0.371429     0      0.005236
0.385714     0      0.005314
0.4     0      0.005422
0.414286     0      0.00537
0.428571     0      0.00553
0.442857     0      0.005626
0.457143     0      0.005628
0.471429     0      0.005772
0.485714     0      0.00586
0.5     0      0.006
0.514286     0      0.00614
0.528571     0      0.006232
0.542857     0      0.00639
0.557143     0      0.006554
0.571429     0      0.00683
0.585714     0      0.007068
0.6     0      0.00741
0.614286     0      0.007962
0.628571     0      0.008976
0.642857     0      0.010225
0.657143     0      0.008414
0.671429     0      0.007758
0.685714     0      0.00741
0.7     0      0.007136
0.714286     0      0.00688
0.728571     0      0.006704
0.742857     0      0.00658
0.757143     0      0.006438
0.771429     0      0.006348
0.785714     0      0.006192
0.8     0      0.00612
0.814286     0      0.005988
0.828571     0      0.005926
0.842857     0      0.005896
0.857143     0      0.005798
0.871429     0      0.005656
0.885714     0      0.00566
0.9     0      0.005602
0.914286     0      0.00552
0.928571     0      0.00541
0.942857     0      0.005424
0.957143     0      0.005338
0.971429     0      0.005284
0.985714     0      0.005274
1     0      0.005206
1.01429     0      0.005112
1.02857     0      0.005118
1.04286     0      0.005104
1.05714     0      0.004988
1.07143     0      0.00497
1.08571     0      0.004954
1.1     0      0.00486
1.11429     0      0.004878
1.12857     0      0.004824
1.14286     0      0.004762
1.15714     0      0.004798
1.17143     0      0.00468
1.18571     0      0.004702
1.2     0      0.004632
1.21429     0      0.004606
1.22857     0      0.004602
1.24286     0      0.004516
1.25714     0      0.004546
1.27143     0      0.00446
1.28571     0      0.004486
1.3     0      0.004466
1.31429     0      0.004372
1.32857     0      0.004402
1.34286     0      0.004316
1.35714     0      0.004346
1.37143     0      0.00427
1.38571     0      0.004262
1.4     0      0.00427
1.41429     0      0.004176
1.42857     0      0.00421
1.44286     0      0.004152
1.45714     0      0.004162
1.47143     0      0.004076
1.48571     0      0.00409
1.5     0      0.004124
1.51429     0      0.003998
1.52857     0      0.004042
1.54286     0      0.003996
1.55714     0      0.003988
1.57143     0      0.003936
1.58571     0      0.003938
1.6     0      0.003952
1.61429     0      0.003866
1.62857     0      0.003906
1.64286     0      0.003836
1.65714     0      0.003846
1.67143     0      0.003788
1.68571     0      0.003814
1.7     0      0.003834
1.71429     0      0.00372
1.72857     0      0.003752
1.74286     0      0.003696
1.75714     0      0.003698
1.77143     0      0.003712
1.78571     0      0.003646
1.8     0      0.003682
1.81429     0      0.00362
1.82857     0      0.003594
1.84286     0      0.003626
1.85714     0      0.003544
1.87143     0      0.003594
1.88571     0      0.003544
1.9     0      0.003522
1.91429     0      0.003538
1.92857     0      0.003466
1.94286     0      0.00349
1.95714     0      0.003474
1.97143     0      0.00346
1.98571     0      0.00343
2     0      0.00345
2.01429     0      0.003414
2.02857     0      0.003368
2.04286     0      0.003386
2.05714     0      0.003378
2.07143     0      0.003352
2.08571     0      0.003314
2.1     0      0.00331
2.11429     0      0.003342
2.12857     0      0.003296
2.14286     0      0.003262
2.15714     0      0.003274
2.17143     0      0.00327
2.18571     0      0.003258
2.2     0      0.00322
2.21429     0      0.00319
2.22857     0      0.003232
2.24286     0      0.003166
2.25714     0      0.003214
2.27143     0      0.003158
2.28571     0      0.00317
2.3     0      0.00313
2.31429     0      0.003112
2.32857     0      0.003102
2.34286     0      0.003102
2.35714     0      0.003112
2.37143     0      0.003062
2.38571     0      0.003094
2.4     0      0.003066
2.41429     0      0.003034
2.42857     0      0.003074
2.44286     0      0.00301
2.45714     0      0.003026
2.47143     0      0.002974
2.48571     0      0.002988
2.5     0      0.002966
2.51429     0      0.002978
2.52857     0      0.002988
2.54286     0      0.00292
2.55714     0      0.002934
2.57143     0      0.00296
2.58571     0      0.002896
2.6     0      0.002902
2.61429     0      0.002934
2.62857     0      0.002858
2.64286     0      0.002888
2.65714     0      0.002864
2.67143     0      0.00287
2.68571     0      0.002834
2.7     0      0.00285
2.71429     0      0.002832
2.72857     0      0.002808
2.74286     0      0.002814
2.75714     0      0.002822
2.77143     0      0.002794
2.78571     0      0.002762
2.8     0      0.002778
2.81429     0      0.002762
2.82857     0      0.002762
2.84286     0      0.002748
2.85714     0      0.002734
2.87143     0      0.002718
2.88571     0      0.002764
2.9     0      0.00267
2.91429     0      0.002724
2.92857     0      0.002676
2.94286     0      0.002692
2.95714     0      0.002682
2.97143     0      0.002664
2.98571     0      0.002666
3     0      0.002672
3.01429     0      0.002618
3.02857     0      0.002656
3.04286     0      0.00262
3.05714     0      0.002616
3.07143     0      0.00261
3.08571     0      0.002612
3.1     0      0.002596
3.11429     0      0.00259
3.12857     0      0.002584
3.14286     0      0.002584
3.15714     0      0.002558
3.17143     0      0.00256
3.18571     0      0.002548
3.2     0      0.002544
3.21429     0      0.0014665
3.22857     0      1.57471e-44
3.24286     0      1.52349e-82
3.25714     0      1.62423e-83
3.27143     0      0
3.28571     0      0
3.3     0      0
3.31429     0      0
3.32857     0      0
3.34286     0      0
3.35714     0      0
3.37143     0      0
3.38571     0      0
3.4     0      0
3.41429     0      0
3.42857     0      0
3.44286     0      0
3.45714     0      0
3.47143     0      0
3.48571     0      0
3.5     0      0
3.51429     0      0
3.52857     0      0
3.54286     0      0
3.55714     0      0
3.57143     0      0
3.58571     0      0
3.6     0      0
3.61429     0      0
3.62857     0      0
3.64286     0      0
3.65714     0      0
3.67143     0      0
3.68571     0      0
3.7     0      0
3.71429     0      0
3.72857     0      0
3.74286     0      0
3.75714     0      0
3.77143     0      0
3.78571     0      0
3.8     0      0
3.81429     0      0
3.82857     0      0
3.84286     0      0
3.85714     0      0
3.87143     0      0
3.88571     0      0
3.9     0      0
3.91429     0      0
3.92857     0      0
3.94286     0      0
3.95714     0      0
3.97143     0      0
3.98571     0      0
4     0      0
4.01429     0      0
4.02857     0      0
4.04286     0      0
4.05714     0      0
4.07143     0      0
4.08571     0      0
4.1     0      0
4.11429     0      0
4.12857     0      0
4.14286     0      0
4.15714     0      0
4.17143     0      0
4.18571     0      0
4.2     0      0
4.21429     0      0
4.22857     0      0
4.24286     0      0
4.25714     0      0
4.27143     0      0
4.28571     0      0
4.3     0      0
4.31429     0      0
4.32857     0      0
4.34286     0      0
4.35714     0      0
4.37143     0      0
4.38571     0      0
4.4     0      0
4.41429     0      0
4.42857     0      0
4.44286     0      0
4.45714     0      0
4.47143     0      0
4.48571     0      0
4.5     0      0
4.51429     0      0
4.52857     0      0
4.54286     0      0
4.55714     0      0
4.57143     0      0
4.58571     0      0
4.6     0      0
4.61429     0      0
4.62857     0      0
4.64286     0      0
4.65714     0      0
4.67143     0      0
4.68571     0      0
4.7     0      0
4.71429     0      0
4.72857     0      0
4.74286     0      0
4.75714     0      0
4.77143     0      0
4.78571     0      0
4.8     0      0
4.81429     0      0
4.82857     0      0
4.84286     0      0
4.85714     0      0
4.87143     0      0
4.88571     0      0
4.9     0      0
4.91429     0      0
4.92857     0      0
4.94286     0      0
4.95714     0      0
4.97143     0      0
4.98571     0      0
