# U,mu,nA_up, nA_dn, nB_up, nB_dn, ms, mf, ntotal,mu,cint
#energy    dos_upn   dos_upp   dos_dnn  dos_dnp GRID=1000 bin=700
-5     0      0
-4.98571     0      0
-4.97143     0      0
-4.95714     0      0
-4.94286     0      0
-4.92857     0      0
-4.91429     0      0
-4.9     0      0
-4.88571     0      0
-4.87143     0      0
-4.85714     0      0
-4.84286     0      0
-4.82857     0      0
-4.81429     0      0
-4.8     0      0
-4.78571     0      0
-4.77143     0      0
-4.75714     0      0
-4.74286     0      0
-4.72857     0      0
-4.71429     0      0
-4.7     0      0
-4.68571     0      0
-4.67143     0      0
-4.65714     0      0
-4.64286     0      0
-4.62857     0      0
-4.61429     0      0
-4.6     0      0
-4.58571     0      0
-4.57143     0      0
-4.55714     0      0
-4.54286     0      0
-4.52857     0      0
-4.51429     0      0
-4.5     0      0
-4.48571     0      0
-4.47143     0      0
-4.45714     0      0
-4.44286     0      0
-4.42857     0      0
-4.41429     0      0
-4.4     0      0
-4.38571     0      0
-4.37143     0      0
-4.35714     0      0
-4.34286     0      0
-4.32857     0      0
-4.31429     0      0
-4.3     0      0
-4.28571     0      0
-4.27143     0      0
-4.25714     0      0
-4.24286     0      0
-4.22857     0      0
-4.21429     0      0
-4.2     0      0
-4.18571     0      0
-4.17143     0      0
-4.15714     0      0
-4.14286     0      0
-4.12857     0      0
-4.11429     0      0
-4.1     0      0
-4.08571     0      0
-4.07143     0      0
-4.05714     0      0
-4.04286     0      0
-4.02857     0      0
-4.01429     0      0
-4     0      0
-3.98571     0      0
-3.97143     0      0
-3.95714     0      0
-3.94286     0      0
-3.92857     0      0
-3.91429     0      0
-3.9     0      0
-3.88571     0      0
-3.87143     0      0
-3.85714     0      0
-3.84286     0      0
-3.82857     0      0
-3.81429     0      0
-3.8     0      0
-3.78571     0      0
-3.77143     0      0
-3.75714     0      0
-3.74286     0      0
-3.72857     0      0
-3.71429     0      0
-3.7     0      0
-3.68571     0      0
-3.67143     0      0
-3.65714     0      0
-3.64286     0      0
-3.62857     0      0
-3.61429     0      0
-3.6     0      0
-3.58571     0      0
-3.57143     0      0
-3.55714     0      0
-3.54286     0      0
-3.52857     0      0
-3.51429     0      0
-3.5     0      0
-3.48571     0      0
-3.47143     0      0
-3.45714     0      0
-3.44286     0      0
-3.42857     0      0
-3.41429     0      0
-3.4     0      0
-3.38571     0      0
-3.37143     0      0
-3.35714     0      0
-3.34286     0      0
-3.32857     0      0
-3.31429     0      0
-3.3     0      0
-3.28571     0      0
-3.27143     0      0
-3.25714     0      0
-3.24286     0      0
-3.22857     0      0
-3.21429     0      0
-3.2     0      0
-3.18571     0      0
-3.17143     0      0
-3.15714     0      0
-3.14286     0      0
-3.12857     0      0
-3.11429     0      0
-3.1     0      0
-3.08571     0      0
-3.07143     0      0
-3.05714     0      0
-3.04286     0      0
-3.02857     0      0
-3.01429     0      0
-3     0      0
-2.98571     0      0
-2.97143     0      0
-2.95714     0      0
-2.94286     0      0
-2.92857     0      0
-2.91429     0      0
-2.9     0      0
-2.88571     0      0
-2.87143     0      0
-2.85714     0      0
-2.84286     0      0
-2.82857     0      0
-2.81429     0      0
-2.8     0      0
-2.78571     0      0
-2.77143     0      0
-2.75714     0      0
-2.74286     0      0
-2.72857     0      0
-2.71429     0      0
-2.7     0      0
-2.68571     0      0
-2.67143     0      0
-2.65714     0      0
-2.64286     0      0
-2.62857     0      0
-2.61429     0      0
-2.6     0      0
-2.58571     0      0
-2.57143     0      0
-2.55714     0      0
-2.54286     0      0
-2.52857     0      0
-2.51429     0      0
-2.5     0      0
-2.48571     0      0
-2.47143     0      0
-2.45714     0      0
-2.44286     0      0
-2.42857     0      0
-2.41429     0      0
-2.4     0      0
-2.38571     0      0
-2.37143     0      0
-2.35714     0      0
-2.34286     0      0
-2.32857     0      0
-2.31429     0      0
-2.3     0      0
-2.28571     0      0
-2.27143     0      0
-2.25714     0      0
-2.24286     0      0
-2.22857     0      0
-2.21429     0      0
-2.2     0      0
-2.18571     0      0
-2.17143     0      0
-2.15714     0      0
-2.14286     0      0
-2.12857     0      0
-2.11429     0      0
-2.1     0      0
-2.08571     0      0
-2.07143     0      0
-2.05714     0      0
-2.04286     0      0
-2.02857     0      0
-2.01429     0      0
-2     0      0
-1.98571     0      0
-1.97143     0      0
-1.95714     0      0
-1.94286     0      0
-1.92857     0      0
-1.91429     0      0
-1.9     0      0
-1.88571     0      0
-1.87143     0      0
-1.85714     0      0
-1.84286     0      0
-1.82857     0      0
-1.81429     0      0
-1.8     0      0
-1.78571     0      0
-1.77143     0      0
-1.75714     0      0
-1.74286     0      0
-1.72857     0      0
-1.71429     0      0
-1.7     0      0
-1.68571     0      0
-1.67143     0      0
-1.65714     0      0
-1.64286     0      0
-1.62857     0      0
-1.61429     0      0
-1.6     0      0
-1.58571     0      0
-1.57143     0      0
-1.55714     0      0
-1.54286     0      0
-1.52857     0      0
-1.51429     0      0
-1.5     0      0
-1.48571     0      0
-1.47143     0      0
-1.45714     0      0
-1.44286     0      0
-1.42857     0      0
-1.41429     0      0
-1.4     0      0
-1.38571     0      0
-1.37143     0      0
-1.35714     0      0
-1.34286     0      0
-1.32857     0      0
-1.31429     0      0
-1.3     0      0
-1.28571     0      0
-1.27143     0      0
-1.25714     0      0
-1.24286     0      0
-1.22857     0      0
-1.21429     0      0
-1.2     0      0
-1.18571     0      0
-1.17143     0      0
-1.15714     0      0
-1.14286     0      0
-1.12857     0      0
-1.11429     0      0
-1.1     0      0
-1.08571     0      0
-1.07143     0      0
-1.05714     0      0
-1.04286     0      0
-1.02857     0      0
-1.01429     0      0
-1     0      0
-0.985714     0      0
-0.971429     0      0
-0.957143     0      0
-0.942857     0      0
-0.928571     0.0012885      0
-0.914286     0.0089305      0
-0.9     0.0314      0
-0.885714     0.030666      0
-0.871429     0.030294      0
-0.857143     0.030174      0
-0.842857     0.030352      0
-0.828571     0.030676      0
-0.814286     0.031368      0
-0.8     0.032396      0
-0.785714     0.03377      0
-0.771429     0.03599      0
-0.757143     0.039776      0
-0.742857     0.052502      0
-0.728571     0.047198      0
-0.714286     0.035794      0
-0.7     0.030718      0
-0.685714     0.027452      0
-0.671429     0.024798      0
-0.657143     0.02292      0
-0.642857     0.021208      0
-0.628571     0.019836      0
-0.614286     0.018714      0
-0.6     0.017554      0
-0.585714     0.016604      0
-0.571429     0.015878      0
-0.557143     0.01504      0
-0.542857     0.01437      0
-0.528571     0.013742      0
-0.514286     0.013188      0
-0.5     0.012582      0
-0.485714     0.01215      0
-0.471429     0.011624      0
-0.457143     0.011256      0
-0.442857     0.010804      0
-0.428571     0.01045      0
-0.414286     0.010148      0
-0.4     0.009702      0
-0.385714     0.009424      0
-0.371429     0.009158      0
-0.357143     0.008788      0
-0.342857     0.008562      0
-0.328571     0.008346      0
-0.314286     0.008042      0
-0.3     0.007778      0
-0.285714     0.007576      0
-0.271429     0.007318      0
-0.257143     0.007162      0
-0.242857     0.006922      0
-0.228571     0.00673      0
-0.214286     0.006544      0
-0.2     0.006354      0
-0.185714     0.006182      0
-0.171429     0.006      0
-0.157143     0.005834      0
-0.142857     0.00568      0
-0.128571     0.004287      0
-0.114286     0      0
-0.1     0      0
-0.0857143     0      0
-0.0714286     0      0
-0.0571429     0      0
-0.0428571     0      0
-0.0285714     0      0
-0.0142857     0      0
0     0      0
0.0142857     0      0.0021025
0.0285714     0      0.005624
0.0428571     0      0.00554
0.0571429     0      0.005492
0.0714286     0      0.00541
0.0857143     0      0.005418
0.1     0      0.00533
0.114286     0      0.005322
0.128571     0      0.00527
0.142857     0      0.005294
0.157143     0      0.005246
0.171429     0      0.005208
0.185714     0      0.00522
0.2     0      0.005232
0.214286     0      0.00517
0.228571     0      0.00518
0.242857     0      0.005204
0.257143     0      0.00525
0.271429     0      0.005208
0.285714     0      0.005258
0.3     0      0.005214
0.314286     0      0.005244
0.328571     0      0.005278
0.342857     0      0.00533
0.357143     0      0.005108
0.371429     0      0.005458
0.385714     0      0.005438
0.4     0      0.005234
0.414286     0      0.005484
0.428571     0      0.005482
0.442857     0      0.005512
0.457143     0      0.005528
0.471429     0      0.005502
0.485714     0      0.005628
0.5     0      0.005672
0.514286     0      0.005724
0.528571     0      0.005852
0.542857     0      0.005846
0.557143     0      0.005876
0.571429     0      0.005976
0.585714     0      0.006078
0.6     0      0.006162
0.614286     0      0.006162
0.628571     0      0.00635
0.642857     0      0.00644
0.657143     0      0.006572
0.671429     0      0.00665
0.685714     0      0.006786
0.7     0      0.00701
0.714286     0      0.00715
0.728571     0      0.00738
0.742857     0      0.007618
0.757143     0      0.007912
0.771429     0      0.008358
0.785714     0      0.008914
0.8     0      0.009816
0.814286     0      0.012317
0.828571     0      0.010252
0.842857     0      0.009064
0.857143     0      0.008452
0.871429     0      0.007996
0.885714     0      0.007674
0.9     0      0.007402
0.914286     0      0.007168
0.928571     0      0.006958
0.942857     0      0.006836
0.957143     0      0.006624
0.971429     0      0.006484
0.985714     0      0.00637
1     0      0.006224
1.01429     0      0.006128
1.02857     0      0.006074
1.04286     0      0.005952
1.05714     0      0.00588
1.07143     0      0.005748
1.08571     0      0.005684
1.1     0      0.00561
1.11429     0      0.005544
1.12857     0      0.005506
1.14286     0      0.005394
1.15714     0      0.00529
1.17143     0      0.005334
1.18571     0      0.005236
1.2     0      0.005176
1.21429     0      0.005098
1.22857     0      0.005054
1.24286     0      0.00506
1.25714     0      0.00496
1.27143     0      0.004926
1.28571     0      0.004866
1.3     0      0.004894
1.31429     0      0.00471
1.32857     0      0.004758
1.34286     0      0.00471
1.35714     0      0.004668
1.37143     0      0.004626
1.38571     0      0.004618
1.4     0      0.004524
1.41429     0      0.004514
1.42857     0      0.004514
1.44286     0      0.004422
1.45714     0      0.004422
1.47143     0      0.004426
1.48571     0      0.004304
1.5     0      0.004322
1.51429     0      0.004354
1.52857     0      0.004208
1.54286     0      0.004242
1.55714     0      0.004238
1.57143     0      0.004164
1.58571     0      0.004138
1.6     0      0.004138
1.61429     0      0.00408
1.62857     0      0.004098
1.64286     0      0.004074
1.65714     0      0.003984
1.67143     0      0.00399
1.68571     0      0.003994
1.7     0      0.003924
1.71429     0      0.003946
1.72857     0      0.003926
1.74286     0      0.003844
1.75714     0      0.003862
1.77143     0      0.003874
1.78571     0      0.003768
1.8     0      0.003798
1.81429     0      0.003794
1.82857     0      0.003752
1.84286     0      0.00371
1.85714     0      0.003718
1.87143     0      0.003676
1.88571     0      0.00369
1.9     0      0.003642
1.91429     0      0.003662
1.92857     0      0.003584
1.94286     0      0.003614
1.95714     0      0.003578
1.97143     0      0.003556
1.98571     0      0.003562
2     0      0.003502
2.01429     0      0.003514
2.02857     0      0.003538
2.04286     0      0.00344
2.05714     0      0.003438
2.07143     0      0.003476
2.08571     0      0.003418
2.1     0      0.003432
2.11429     0      0.003358
2.12857     0      0.003398
2.14286     0      0.003342
2.15714     0      0.003382
2.17143     0      0.003342
2.18571     0      0.003334
2.2     0      0.00326
2.21429     0      0.003286
2.22857     0      0.003266
2.24286     0      0.003268
2.25714     0      0.003274
2.27143     0      0.003214
2.28571     0      0.003234
2.3     0      0.00321
2.31429     0      0.003194
2.32857     0      0.003188
2.34286     0      0.003158
2.35714     0      0.003142
2.37143     0      0.003138
2.38571     0      0.003126
2.4     0      0.003116
2.41429     0      0.003102
2.42857     0      0.00311
2.44286     0      0.003092
2.45714     0      0.003052
2.47143     0      0.003046
2.48571     0      0.003034
2.5     0      0.00306
2.51429     0      0.003024
2.52857     0      0.002998
2.54286     0      0.002968
2.55714     0      0.003008
2.57143     0      0.00296
2.58571     0      0.002978
2.6     0      0.002966
2.61429     0      0.002922
2.62857     0      0.00295
2.64286     0      0.00291
2.65714     0      0.002894
2.67143     0      0.002912
2.68571     0      0.002864
2.7     0      0.002886
2.71429     0      0.002888
2.72857     0      0.00284
2.74286     0      0.002834
2.75714     0      0.002852
2.77143     0      0.00283
2.78571     0      0.002818
2.8     0      0.002798
2.81429     0      0.00279
2.82857     0      0.002828
2.84286     0      0.002754
2.85714     0      0.002766
2.87143     0      0.002776
2.88571     0      0.002728
2.9     0      0.002748
2.91429     0      0.002734
2.92857     0      0.00273
2.94286     0      0.0027
2.95714     0      0.002702
2.97143     0      0.002722
2.98571     0      0.002662
3     0      0.002698
3.01429     0      0.002656
3.02857     0      0.002662
3.04286     0      0.002668
3.05714     0      0.002644
3.07143     0      0.002628
3.08571     0      0.002624
3.1     0      0.002638
3.11429     0      0.002604
3.12857     0      0.002604
3.14286     0      0.002598
3.15714     0      0.002588
3.17143     0      0.002582
3.18571     0      0.002558
3.2     0      0.0013465
3.21429     0      0
3.22857     0      0
3.24286     0      0
3.25714     0      0
3.27143     0      0
3.28571     0      0
3.3     0      0
3.31429     0      0
3.32857     0      0
3.34286     0      0
3.35714     0      0
3.37143     0      0
3.38571     0      0
3.4     0      0
3.41429     0      0
3.42857     0      0
3.44286     0      0
3.45714     0      0
3.47143     0      0
3.48571     0      0
3.5     0      0
3.51429     0      0
3.52857     0      0
3.54286     0      0
3.55714     0      0
3.57143     0      0
3.58571     0      0
3.6     0      0
3.61429     0      0
3.62857     0      0
3.64286     0      0
3.65714     0      0
3.67143     0      0
3.68571     0      0
3.7     0      0
3.71429     0      0
3.72857     0      0
3.74286     0      0
3.75714     0      0
3.77143     0      0
3.78571     0      0
3.8     0      0
3.81429     0      0
3.82857     0      0
3.84286     0      0
3.85714     0      0
3.87143     0      0
3.88571     0      0
3.9     0      0
3.91429     0      0
3.92857     0      0
3.94286     0      0
3.95714     0      0
3.97143     0      0
3.98571     0      0
4     0      0
4.01429     0      0
4.02857     0      0
4.04286     0      0
4.05714     0      0
4.07143     0      0
4.08571     0      0
4.1     0      0
4.11429     0      0
4.12857     0      0
4.14286     0      0
4.15714     0      0
4.17143     0      0
4.18571     0      0
4.2     0      0
4.21429     0      0
4.22857     0      0
4.24286     0      0
4.25714     0      0
4.27143     0      0
4.28571     0      0
4.3     0      0
4.31429     0      0
4.32857     0      0
4.34286     0      0
4.35714     0      0
4.37143     0      0
4.38571     0      0
4.4     0      0
4.41429     0      0
4.42857     0      0
4.44286     0      0
4.45714     0      0
4.47143     0      0
4.48571     0      0
4.5     0      0
4.51429     0      0
4.52857     0      0
4.54286     0      0
4.55714     0      0
4.57143     0      0
4.58571     0      0
4.6     0      0
4.61429     0      0
4.62857     0      0
4.64286     0      0
4.65714     0      0
4.67143     0      0
4.68571     0      0
4.7     0      0
4.71429     0      0
4.72857     0      0
4.74286     0      0
4.75714     0      0
4.77143     0      0
4.78571     0      0
4.8     0      0
4.81429     0      0
4.82857     0      0
4.84286     0      0
4.85714     0      0
4.87143     0      0
4.88571     0      0
4.9     0      0
4.91429     0      0
4.92857     0      0
4.94286     0      0
4.95714     0      0
4.97143     0      0
4.98571     0      0
