# U,mu,nA_up, nA_dn, nB_up, nB_dn, ms, mf, ntotal,mu,cint
#energy    dos_upn   dos_upp   dos_dnn  dos_dnp GRID=1000 bin=700
-5     0      0
-4.98571     0      0
-4.97143     0      0
-4.95714     0      0
-4.94286     0      0
-4.92857     0      0
-4.91429     0      0
-4.9     0      0
-4.88571     0      0
-4.87143     0      0
-4.85714     0      0
-4.84286     0      0
-4.82857     0      0
-4.81429     0      0
-4.8     0      0
-4.78571     0      0
-4.77143     0      0
-4.75714     0      0
-4.74286     0      0
-4.72857     0      0
-4.71429     0      0
-4.7     0      0
-4.68571     0      0
-4.67143     0      0
-4.65714     0      0
-4.64286     0      0
-4.62857     0      0
-4.61429     0      0
-4.6     0      0
-4.58571     0      0
-4.57143     0      0
-4.55714     0      0
-4.54286     0      0
-4.52857     0      0
-4.51429     0      0
-4.5     0      0
-4.48571     0      0
-4.47143     0      0
-4.45714     0      0
-4.44286     0      0
-4.42857     0      0
-4.41429     0      0
-4.4     0      0
-4.38571     0      0
-4.37143     0      0
-4.35714     0      0
-4.34286     0      0
-4.32857     0      0
-4.31429     0      0
-4.3     0      0
-4.28571     0      0
-4.27143     0      0
-4.25714     0      0
-4.24286     0      0
-4.22857     0      0
-4.21429     0      0
-4.2     0      0
-4.18571     0      0
-4.17143     0      0
-4.15714     0      0
-4.14286     0      0
-4.12857     0      0
-4.11429     0      0
-4.1     0      0
-4.08571     0      0
-4.07143     0      0
-4.05714     0      0
-4.04286     0      0
-4.02857     0      0
-4.01429     0      0
-4     0      0
-3.98571     0      0
-3.97143     0      0
-3.95714     0      0
-3.94286     0      0
-3.92857     0      0
-3.91429     0      0
-3.9     0      0
-3.88571     0      0
-3.87143     0      0
-3.85714     0      0
-3.84286     0      0
-3.82857     0      0
-3.81429     0      0
-3.8     0      0
-3.78571     0      0
-3.77143     0      0
-3.75714     0      0
-3.74286     0      0
-3.72857     0      0
-3.71429     0      0
-3.7     0      0
-3.68571     0      0
-3.67143     0      0
-3.65714     0      0
-3.64286     0      0
-3.62857     0      0
-3.61429     0      0
-3.6     0      0
-3.58571     0      0
-3.57143     0      0
-3.55714     0      0
-3.54286     0      0
-3.52857     0      0
-3.51429     0      0
-3.5     0      0
-3.48571     0      0
-3.47143     0      0
-3.45714     0      0
-3.44286     0      0
-3.42857     0      0
-3.41429     0      0
-3.4     0      0
-3.38571     0      0
-3.37143     0      0
-3.35714     0      0
-3.34286     0      0
-3.32857     0      0
-3.31429     0      0
-3.3     0      0
-3.28571     0      0
-3.27143     0      0
-3.25714     0      0
-3.24286     0      0
-3.22857     0      0
-3.21429     0      0
-3.2     0      0
-3.18571     0      0
-3.17143     0      0
-3.15714     0      0
-3.14286     0      0
-3.12857     0      0
-3.11429     0      0
-3.1     0      0
-3.08571     0      0
-3.07143     0      0
-3.05714     0      0
-3.04286     0      0
-3.02857     0      0
-3.01429     0      0
-3     0      0
-2.98571     0      0
-2.97143     0      0
-2.95714     0      0
-2.94286     0      0
-2.92857     0      0
-2.91429     0      0
-2.9     0      0
-2.88571     0      0
-2.87143     0      0
-2.85714     0      0
-2.84286     0      0
-2.82857     0      0
-2.81429     0      0
-2.8     0      0
-2.78571     0      0
-2.77143     0      0
-2.75714     0      0
-2.74286     0      0
-2.72857     0      0
-2.71429     0      0
-2.7     0      0
-2.68571     0      0
-2.67143     0      0
-2.65714     0      0
-2.64286     0      0
-2.62857     0      0
-2.61429     0      0
-2.6     0      0
-2.58571     0      0
-2.57143     0      0
-2.55714     0      0
-2.54286     0      0
-2.52857     0      0
-2.51429     0      0
-2.5     0      0
-2.48571     0      0
-2.47143     0      0
-2.45714     0      0
-2.44286     0      0
-2.42857     0      0
-2.41429     0      0
-2.4     0      0
-2.38571     0      0
-2.37143     0      0
-2.35714     0      0
-2.34286     0      0
-2.32857     0      0
-2.31429     0      0
-2.3     0      0
-2.28571     0      0
-2.27143     0      0
-2.25714     0      0
-2.24286     0      0
-2.22857     0      0
-2.21429     0      0
-2.2     0      0
-2.18571     0      0
-2.17143     0      0
-2.15714     0      0
-2.14286     4.1626e-44      0
-2.12857     1.27539e-42      0
-2.11429     2.30958e-37      0
-2.1     5.08789e-36      0
-2.08571     5.12305e-36      0
-2.07143     5.12695e-36      0
-2.05714     2.18165e-30      0
-2.04286     2.03516e-29      0
-2.02857     2.03438e-29      0
-2.01429     2.05156e-29      0
-2     1.76016e-23      0
-1.98571     8.11875e-23      0
-1.97143     8.1375e-23      0
-1.95714     8.16875e-23      0
-1.94286     1.20906e-16      0
-1.92857     3.24125e-16      0
-1.91429     3.2375e-16      0
-1.9     3.26375e-16      0
-1.88571     7.34625e-10      0
-1.87143     1.29e-09      0
-1.85714     1.2955e-09      0
-1.84286     1.305e-09      0
-1.82857     0.0041185      0
-1.81429     0.005142      0
-1.8     0.005202      0
-1.78571     0.005186      0
-1.77143     0.00524      0
-1.75714     0.005242      0
-1.74286     0.005264      0
-1.72857     0.00529      0
-1.71429     0.005294      0
-1.7     0.00535      0
-1.68571     0.005338      0
-1.67143     0.00537      0
-1.65714     0.005414      0
-1.64286     0.005404      0
-1.62857     0.00545      0
-1.61429     0.005484      0
-1.6     0.005478      0
-1.58571     0.0055      0
-1.57143     0.00555      0
-1.55714     0.005574      0
-1.54286     0.005584      0
-1.52857     0.005612      0
-1.51429     0.005648      0
-1.5     0.00567      0
-1.48571     0.005686      0
-1.47143     0.00575      0
-1.45714     0.005736      0
-1.44286     0.005772      0
-1.42857     0.005822      0
-1.41429     0.005852      0
-1.4     0.005848      0
-1.38571     0.005924      0
-1.37143     0.005922      0
-1.35714     0.00595      0
-1.34286     0.005996      0
-1.32857     0.006014      0
-1.31429     0.00608      0
-1.3     0.006062      0
-1.28571     0.006142      0
-1.27143     0.006134      0
-1.25714     0.006198      0
-1.24286     0.006254      0
-1.22857     0.00629      0
-1.21429     0.006306      0
-1.2     0.006308      0
-1.18571     0.006412      0
-1.17143     0.006416      0
-1.15714     0.00649      0
-1.14286     0.006492      0
-1.12857     0.00652      0
-1.11429     0.006608      0
-1.1     0.006652      0
-1.08571     0.00664      0
-1.07143     0.00675      0
-1.05714     0.00678      0
-1.04286     0.006846      0
-1.02857     0.006908      0
-1.01429     0.006892      0
-1     0.007006      0
-0.985714     0.007024      0
-0.971429     0.007052      0
-0.957143     0.007182      0
-0.942857     0.007224      0
-0.928571     0.00725      0
-0.914286     0.007388      0
-0.9     0.007392      0
-0.885714     0.00749      0
-0.871429     0.00749      0
-0.857143     0.007658      0
-0.842857     0.007668      0
-0.828571     0.007826      0
-0.814286     0.007818      0
-0.8     0.007968      0
-0.785714     0.008022      0
-0.771429     0.00812      0
-0.757143     0.008218      0
-0.742857     0.008316      0
-0.728571     0.008414      0
-0.714286     0.008586      0
-0.7     0.008628      0
-0.685714     0.008792      0
-0.671429     0.008966      0
-0.657143     0.009034      0
-0.642857     0.009202      0
-0.628571     0.00942      0
-0.614286     0.00953      0
-0.6     0.00973      0
-0.585714     0.00996      0
-0.571429     0.010146      0
-0.557143     0.01044      0
-0.542857     0.010648      0
-0.528571     0.011002      0
-0.514286     0.01127      0
-0.5     0.011656      0
-0.485714     0.01208      0
-0.471429     0.012588      0
-0.457143     0.013142      0
-0.442857     0.013806      0
-0.428571     0.014674      0
-0.414286     0.015704      0
-0.4     0.01714      0
-0.385714     0.019192      0
-0.371429     0.022558      0
-0.357143     0.030694      0
-0.342857     0.0648105      0
-0.328571     0.029392      0
-0.314286     0.02194      0
-0.3     0.018274      0
-0.285714     0.0158      0
-0.271429     0.014092      0
-0.257143     0.012724      0
-0.242857     0.000997      0
-0.228571     0      0
-0.214286     0      0
-0.2     0      0
-0.185714     0      0
-0.171429     0      0
-0.157143     0      0
-0.142857     0      0
-0.128571     0      0
-0.114286     0      0
-0.1     0      0
-0.0857143     0      0
-0.0714286     0      0
-0.0571429     0      0
-0.0428571     0      0
-0.0285714     0      0
-0.0142857     0      0
0     0      0
0.0142857     0      0
0.0285714     0      0
0.0428571     0      0
0.0571429     0      0
0.0714286     0      0
0.0857143     0      0
0.1     0      0
0.114286     0      0
0.128571     0      0
0.142857     0      0
0.157143     0      0
0.171429     0      0
0.185714     0      0
0.2     0      2.7063e-43
0.214286     0      1.14341e-35
0.228571     0      2.90645e-35
0.242857     0      1.02447e-28
0.257143     0      7.45392e-23
0.271429     0      4.81781e-22
0.285714     0      8.40282e-16
0.3     0      1.74663e-15
0.314286     0      4.42713e-09
0.328571     0      6.6155e-09
0.342857     0      0.0185205
0.357143     0      0.02584
0.371429     0      0.022232
0.385714     0      0.0209
0.4     0      0.020518
0.414286     0      0.02098
0.428571     0      0.022874
0.442857     0      0.027943
0.457143     0      0.020786
0.471429     0      0.017722
0.485714     0      0.015948
0.5     0      0.014664
0.514286     0      0.013634
0.528571     0      0.012958
0.542857     0      0.012282
0.557143     0      0.011768
0.571429     0      0.011358
0.585714     0      0.010898
0.6     0      0.010554
0.614286     0      0.010282
0.628571     0      0.009942
0.642857     0      0.009746
0.657143     0      0.009494
0.671429     0      0.009292
0.685714     0      0.009084
0.7     0      0.0089
0.714286     0      0.008724
0.728571     0      0.008598
0.742857     0      0.008438
0.757143     0      0.008284
0.771429     0      0.008144
0.785714     0      0.008058
0.8     0      0.007952
0.814286     0      0.00778
0.828571     0      0.00775
0.842857     0      0.00759
0.857143     0      0.007508
0.871429     0      0.007422
0.885714     0      0.00734
0.9     0      0.00726
0.914286     0      0.007192
0.928571     0      0.007086
0.942857     0      0.00699
0.957143     0      0.006972
0.971429     0      0.00686
0.985714     0      0.006852
1     0      0.006722
1.01429     0      0.0067
1.02857     0      0.0066
1.04286     0      0.006556
1.05714     0      0.00656
1.07143     0      0.00643
1.08571     0      0.006406
1.1     0      0.00633
1.11429     0      0.006292
1.12857     0      0.00628
1.14286     0      0.006182
1.15714     0      0.006152
1.17143     0      0.006128
1.18571     0      0.006054
1.2     0      0.006
1.21429     0      0.005976
1.22857     0      0.00593
1.24286     0      0.005876
1.25714     0      0.005876
1.27143     0      0.00579
1.28571     0      0.005768
1.3     0      0.005776
1.31429     0      0.00565
1.32857     0      0.005676
1.34286     0      0.00562
1.35714     0      0.005562
1.37143     0      0.005576
1.38571     0      0.005534
1.4     0      0.005464
1.41429     0      0.005456
1.42857     0      0.005422
1.44286     0      0.005404
1.45714     0      0.005326
1.47143     0      0.00538
1.48571     0      0.00528
1.5     0      0.005288
1.51429     0      0.00521
1.52857     0      0.00524
1.54286     0      0.00515
1.55714     0      0.005168
1.57143     0      0.005142
1.58571     0      0.005112
1.6     0      0.005084
1.61429     0      0.005044
1.62857     0      0.004996
1.64286     0      0.004992
1.65714     0      0.005
1.67143     0      0.004948
1.68571     0      0.004944
1.7     0      0.004868
1.71429     0      0.004888
1.72857     0      0.004854
1.74286     0      0.004844
1.75714     0      0.004786
1.77143     0      0.004782
1.78571     0      0.004792
1.8     0      0.004718
1.81429     0      0.004732
1.82857     0      0.004696
1.84286     0      0.00468
1.85714     0      0.004646
1.87143     0      0.00464
1.88571     0      0.004612
1.9     0      0.004604
1.91429     0      0.004588
1.92857     0      0.004552
1.94286     0      0.004504
1.95714     0      0.00453
1.97143     0      0.004506
1.98571     0      0.0045
2     0      0.004434
2.01429     0      0.00447
2.02857     0      0.004408
2.04286     0      0.004384
2.05714     0      0.004386
2.07143     0      0.004384
2.08571     0      0.004362
2.1     0      0.004326
2.11429     0      0.00432
2.12857     0      0.004306
2.14286     0      0.004278
2.15714     0      0.004268
2.17143     0      0.004274
2.18571     0      0.004208
2.2     0      0.004226
2.21429     0      0.004202
2.22857     0      0.0014705
2.24286     0      0
2.25714     0      0
2.27143     0      0
2.28571     0      0
2.3     0      0
2.31429     0      0
2.32857     0      0
2.34286     0      0
2.35714     0      0
2.37143     0      0
2.38571     0      0
2.4     0      0
2.41429     0      0
2.42857     0      0
2.44286     0      0
2.45714     0      0
2.47143     0      0
2.48571     0      0
2.5     0      0
2.51429     0      0
2.52857     0      0
2.54286     0      0
2.55714     0      0
2.57143     0      0
2.58571     0      0
2.6     0      0
2.61429     0      0
2.62857     0      0
2.64286     0      0
2.65714     0      0
2.67143     0      0
2.68571     0      0
2.7     0      0
2.71429     0      0
2.72857     0      0
2.74286     0      0
2.75714     0      0
2.77143     0      0
2.78571     0      0
2.8     0      0
2.81429     0      0
2.82857     0      0
2.84286     0      0
2.85714     0      0
2.87143     0      0
2.88571     0      0
2.9     0      0
2.91429     0      0
2.92857     0      0
2.94286     0      0
2.95714     0      0
2.97143     0      0
2.98571     0      0
3     0      0
3.01429     0      0
3.02857     0      0
3.04286     0      0
3.05714     0      0
3.07143     0      0
3.08571     0      0
3.1     0      0
3.11429     0      0
3.12857     0      0
3.14286     0      0
3.15714     0      0
3.17143     0      0
3.18571     0      0
3.2     0      0
3.21429     0      0
3.22857     0      0
3.24286     0      0
3.25714     0      0
3.27143     0      0
3.28571     0      0
3.3     0      0
3.31429     0      0
3.32857     0      0
3.34286     0      0
3.35714     0      0
3.37143     0      0
3.38571     0      0
3.4     0      0
3.41429     0      0
3.42857     0      0
3.44286     0      0
3.45714     0      0
3.47143     0      0
3.48571     0      0
3.5     0      0
3.51429     0      0
3.52857     0      0
3.54286     0      0
3.55714     0      0
3.57143     0      0
3.58571     0      0
3.6     0      0
3.61429     0      0
3.62857     0      0
3.64286     0      0
3.65714     0      0
3.67143     0      0
3.68571     0      0
3.7     0      0
3.71429     0      0
3.72857     0      0
3.74286     0      0
3.75714     0      0
3.77143     0      0
3.78571     0      0
3.8     0      0
3.81429     0      0
3.82857     0      0
3.84286     0      0
3.85714     0      0
3.87143     0      0
3.88571     0      0
3.9     0      0
3.91429     0      0
3.92857     0      0
3.94286     0      0
3.95714     0      0
3.97143     0      0
3.98571     0      0
4     0      0
4.01429     0      0
4.02857     0      0
4.04286     0      0
4.05714     0      0
4.07143     0      0
4.08571     0      0
4.1     0      0
4.11429     0      0
4.12857     0      0
4.14286     0      0
4.15714     0      0
4.17143     0      0
4.18571     0      0
4.2     0      0
4.21429     0      0
4.22857     0      0
4.24286     0      0
4.25714     0      0
4.27143     0      0
4.28571     0      0
4.3     0      0
4.31429     0      0
4.32857     0      0
4.34286     0      0
4.35714     0      0
4.37143     0      0
4.38571     0      0
4.4     0      0
4.41429     0      0
4.42857     0      0
4.44286     0      0
4.45714     0      0
4.47143     0      0
4.48571     0      0
4.5     0      0
4.51429     0      0
4.52857     0      0
4.54286     0      0
4.55714     0      0
4.57143     0      0
4.58571     0      0
4.6     0      0
4.61429     0      0
4.62857     0      0
4.64286     0      0
4.65714     0      0
4.67143     0      0
4.68571     0      0
4.7     0      0
4.71429     0      0
4.72857     0      0
4.74286     0      0
4.75714     0      0
4.77143     0      0
4.78571     0      0
4.8     0      0
4.81429     0      0
4.82857     0      0
4.84286     0      0
4.85714     0      0
4.87143     0      0
4.88571     0      0
4.9     0      0
4.91429     0      0
4.92857     0      0
4.94286     0      0
4.95714     0      0
4.97143     0      0
4.98571     0      0
