# U,mu,nA_up, nA_dn, nB_up, nB_dn, ms, mf, ntotal,mu,cint
#energy    dos_upn   dos_upp   dos_dnn  dos_dnp GRID=1000 bin=700
-5     0      0
-4.98571     0      0
-4.97143     0      0
-4.95714     0      0
-4.94286     0      0
-4.92857     0      0
-4.91429     0      0
-4.9     0      0
-4.88571     0      0
-4.87143     0      0
-4.85714     0      0
-4.84286     0      0
-4.82857     0      0
-4.81429     0      0
-4.8     0      0
-4.78571     0      0
-4.77143     0      0
-4.75714     0      0
-4.74286     0      0
-4.72857     0      0
-4.71429     0      0
-4.7     0      0
-4.68571     0      0
-4.67143     0      0
-4.65714     0      0
-4.64286     0      0
-4.62857     0      0
-4.61429     0      0
-4.6     0      0
-4.58571     0      0
-4.57143     0      0
-4.55714     0      0
-4.54286     0      0
-4.52857     0      0
-4.51429     0      0
-4.5     0      0
-4.48571     0      0
-4.47143     0      0
-4.45714     0      0
-4.44286     0      0
-4.42857     0      0
-4.41429     0      0
-4.4     0      0
-4.38571     0      0
-4.37143     0      0
-4.35714     0      0
-4.34286     0      0
-4.32857     0      0
-4.31429     0      0
-4.3     0      0
-4.28571     0      0
-4.27143     0      0
-4.25714     0      0
-4.24286     0      0
-4.22857     0      0
-4.21429     0      0
-4.2     0      0
-4.18571     0      0
-4.17143     0      0
-4.15714     0      0
-4.14286     0      0
-4.12857     0      0
-4.11429     0      0
-4.1     0      0
-4.08571     0      0
-4.07143     0      0
-4.05714     0      0
-4.04286     0      0
-4.02857     0      0
-4.01429     0      0
-4     0      0
-3.98571     0      0
-3.97143     0      0
-3.95714     0      0
-3.94286     0      0
-3.92857     0      0
-3.91429     0      0
-3.9     0      0
-3.88571     0      0
-3.87143     0      0
-3.85714     0      0
-3.84286     0      0
-3.82857     0      0
-3.81429     0      0
-3.8     0      0
-3.78571     0      0
-3.77143     0      0
-3.75714     0      0
-3.74286     0      0
-3.72857     0      0
-3.71429     0      0
-3.7     0      0
-3.68571     0      0
-3.67143     0      0
-3.65714     0      0
-3.64286     0      0
-3.62857     0      0
-3.61429     0      0
-3.6     0      0
-3.58571     0      0
-3.57143     0      0
-3.55714     0      0
-3.54286     0      0
-3.52857     0      0
-3.51429     0      0
-3.5     0      0
-3.48571     0      0
-3.47143     0      0
-3.45714     0      0
-3.44286     0      0
-3.42857     0      0
-3.41429     0      0
-3.4     0      0
-3.38571     0      0
-3.37143     0      0
-3.35714     0      0
-3.34286     0      0
-3.32857     0      0
-3.31429     0      0
-3.3     0      0
-3.28571     0      0
-3.27143     0      0
-3.25714     0      0
-3.24286     0      0
-3.22857     0      0
-3.21429     0      0
-3.2     0      0
-3.18571     0      0
-3.17143     0      0
-3.15714     0      0
-3.14286     0      0
-3.12857     0      0
-3.11429     0      0
-3.1     0      0
-3.08571     0      0
-3.07143     0      0
-3.05714     0      0
-3.04286     0      0
-3.02857     0      0
-3.01429     0      0
-3     0      0
-2.98571     0      0
-2.97143     0      0
-2.95714     0      0
-2.94286     0      0
-2.92857     0      0
-2.91429     0      0
-2.9     0      0
-2.88571     0      0
-2.87143     0      0
-2.85714     0      0
-2.84286     0      0
-2.82857     0      0
-2.81429     0      0
-2.8     0      0
-2.78571     0      0
-2.77143     0      0
-2.75714     0      0
-2.74286     0      0
-2.72857     0      0
-2.71429     0      0
-2.7     0      0
-2.68571     0      0
-2.67143     0      0
-2.65714     0      0
-2.64286     0      0
-2.62857     0      0
-2.61429     0      0
-2.6     0      0
-2.58571     0      0
-2.57143     0      0
-2.55714     0      0
-2.54286     0      0
-2.52857     0      0
-2.51429     0      0
-2.5     0      0
-2.48571     0      0
-2.47143     0      0
-2.45714     0      0
-2.44286     0      0
-2.42857     0      0
-2.41429     0      0
-2.4     0      0
-2.38571     0      0
-2.37143     0      0
-2.35714     0      0
-2.34286     0      0
-2.32857     0      0
-2.31429     0      0
-2.3     0      0
-2.28571     0      0
-2.27143     0      0
-2.25714     0      0
-2.24286     0      0
-2.22857     0      0
-2.21429     0      0
-2.2     0      0
-2.18571     0      0
-2.17143     0      0
-2.15714     0      0
-2.14286     0      0
-2.12857     0      0
-2.11429     0      0
-2.1     0      0
-2.08571     0      0
-2.07143     0      0
-2.05714     0      0
-2.04286     0      0
-2.02857     0      0
-2.01429     0      0
-2     0      0
-1.98571     0      0
-1.97143     0      0
-1.95714     0      0
-1.94286     0      0
-1.92857     0      0
-1.91429     0      0
-1.9     0      0
-1.88571     0      0
-1.87143     0      0
-1.85714     0      0
-1.84286     0.0041545      0
-1.82857     0.005086      0
-1.81429     0.005088      0
-1.8     0.005118      0
-1.78571     0.005144      0
-1.77143     0.00513      0
-1.75714     0.005188      0
-1.74286     0.005188      0
-1.72857     0.005218      0
-1.71429     0.005222      0
-1.7     0.005258      0
-1.68571     0.005286      0
-1.67143     0.005248      0
-1.65714     0.005304      0
-1.64286     0.005338      0
-1.62857     0.00537      0
-1.61429     0.005386      0
-1.6     0.00538      0
-1.58571     0.005408      0
-1.57143     0.005432      0
-1.55714     0.00547      0
-1.54286     0.005504      0
-1.52857     0.005472      0
-1.51429     0.005542      0
-1.5     0.005546      0
-1.48571     0.00559      0
-1.47143     0.005592      0
-1.45714     0.005624      0
-1.44286     0.00564      0
-1.42857     0.00568      0
-1.41429     0.005702      0
-1.4     0.005716      0
-1.38571     0.005728      0
-1.37143     0.005758      0
-1.35714     0.005842      0
-1.34286     0.005828      0
-1.32857     0.005836      0
-1.31429     0.005892      0
-1.3     0.005912      0
-1.28571     0.005916      0
-1.27143     0.005956      0
-1.25714     0.006022      0
-1.24286     0.006008      0
-1.22857     0.006066      0
-1.21429     0.006046      0
-1.2     0.006152      0
-1.18571     0.00612      0
-1.17143     0.006156      0
-1.15714     0.006226      0
-1.14286     0.006254      0
-1.12857     0.006288      0
-1.11429     0.006272      0
-1.1     0.006352      0
-1.08571     0.00638      0
-1.07143     0.006376      0
-1.05714     0.006492      0
-1.04286     0.006444      0
-1.02857     0.00652      0
-1.01429     0.006556      0
-1     0.006628      0
-0.985714     0.006644      0
-0.971429     0.006672      0
-0.957143     0.0067      0
-0.942857     0.006718      0
-0.928571     0.006832      0
-0.914286     0.006812      0
-0.9     0.0069      0
-0.885714     0.00691      0
-0.871429     0.006972      0
-0.857143     0.007      0
-0.842857     0.007086      0
-0.828571     0.007122      0
-0.814286     0.007148      0
-0.8     0.007204      0
-0.785714     0.00729      0
-0.771429     0.007296      0
-0.757143     0.00735      0
-0.742857     0.007422      0
-0.728571     0.0075      0
-0.714286     0.007554      0
-0.7     0.007568      0
-0.685714     0.007696      0
-0.671429     0.007688      0
-0.657143     0.007746      0
-0.642857     0.007878      0
-0.628571     0.007898      0
-0.614286     0.007978      0
-0.6     0.00807      0
-0.585714     0.008138      0
-0.571429     0.008186      0
-0.557143     0.00831      0
-0.542857     0.008372      0
-0.528571     0.008404      0
-0.514286     0.008544      0
-0.5     0.00861      0
-0.485714     0.008764      0
-0.471429     0.00881      0
-0.457143     0.008908      0
-0.442857     0.008984      0
-0.428571     0.009152      0
-0.414286     0.009256      0
-0.4     0.009372      0
-0.385714     0.00948      0
-0.371429     0.00964      0
-0.357143     0.009738      0
-0.342857     0.009946      0
-0.328571     0.010104      0
-0.314286     0.010258      0
-0.3     0.010384      0
-0.285714     0.01065      0
-0.271429     0.01088      0
-0.257143     0.01113      0
-0.242857     0.011278      0
-0.228571     0.011686      0
-0.214286     0.012052      0
-0.2     0.012436      0
-0.185714     0.012896      0
-0.171429     0.013264      0
-0.157143     0.014238      0
-0.142857     0.015718      0
-0.128571     0.017582      0
-0.114286     0.0251265      0
-0.1     0.030372      0
-0.0857143     0.013982      0
-0.0714286     0.010652      0
-0.0571429     0.00882      0
-0.0428571     0.007434      0
-0.0285714     0.00633      0
-0.0142857     0.005409      0
0     0      0
0.0142857     0      0.0123085
0.0285714     0      0.01556
0.0428571     0      0.013288
0.0571429     0      0.01264
0.0714286     0      0.01262
0.0857143     0      0.012914
0.1     0      0.013954
0.114286     0      0.016429
0.128571     0      0.013816
0.142857     0      0.012626
0.157143     0      0.011958
0.171429     0      0.011444
0.185714     0      0.01109
0.2     0      0.010744
0.214286     0      0.010454
0.228571     0      0.01024
0.242857     0      0.010048
0.257143     0      0.009822
0.271429     0      0.009588
0.285714     0      0.009504
0.3     0      0.009346
0.314286     0      0.009164
0.328571     0      0.009038
0.342857     0      0.008954
0.357143     0      0.008734
0.371429     0      0.008726
0.385714     0      0.008564
0.4     0      0.008444
0.414286     0      0.008398
0.428571     0      0.008202
0.442857     0      0.00822
0.457143     0      0.008078
0.471429     0      0.007982
0.485714     0      0.007924
0.5     0      0.007838
0.514286     0      0.00779
0.528571     0      0.007672
0.542857     0      0.007592
0.557143     0      0.007542
0.571429     0      0.007428
0.585714     0      0.007416
0.6     0      0.007382
0.614286     0      0.007236
0.628571     0      0.00722
0.642857     0      0.007128
0.657143     0      0.007116
0.671429     0      0.00702
0.685714     0      0.006952
0.7     0      0.00691
0.714286     0      0.006862
0.728571     0      0.006832
0.742857     0      0.006774
0.757143     0      0.006694
0.771429     0      0.006676
0.785714     0      0.006578
0.8     0      0.006582
0.814286     0      0.006524
0.828571     0      0.006468
0.842857     0      0.00642
0.857143     0      0.006384
0.871429     0      0.006334
0.885714     0      0.006312
0.9     0      0.006248
0.914286     0      0.006236
0.928571     0      0.006168
0.942857     0      0.006102
0.957143     0      0.006096
0.971429     0      0.006098
0.985714     0      0.005996
1     0      0.00603
1.01429     0      0.005886
1.02857     0      0.005928
1.04286     0      0.005846
1.05714     0      0.00586
1.07143     0      0.005794
1.08571     0      0.0058
1.1     0      0.005728
1.11429     0      0.005732
1.12857     0      0.00565
1.14286     0      0.005646
1.15714     0      0.005604
1.17143     0      0.005594
1.18571     0      0.005552
1.2     0      0.005516
1.21429     0      0.005488
1.22857     0      0.00547
1.24286     0      0.00543
1.25714     0      0.00538
1.27143     0      0.005424
1.28571     0      0.005314
1.3     0      0.005308
1.31429     0      0.005318
1.32857     0      0.00526
1.34286     0      0.00525
1.35714     0      0.005208
1.37143     0      0.005224
1.38571     0      0.005142
1.4     0      0.005138
1.41429     0      0.005124
1.42857     0      0.005084
1.44286     0      0.005066
1.45714     0      0.005036
1.47143     0      0.005034
1.48571     0      0.005024
1.5     0      0.004958
1.51429     0      0.004944
1.52857     0      0.004948
1.54286     0      0.004866
1.55714     0      0.004892
1.57143     0      0.004846
1.58571     0      0.004844
1.6     0      0.004826
1.61429     0      0.004804
1.62857     0      0.004772
1.64286     0      0.004776
1.65714     0      0.004724
1.67143     0      0.004732
1.68571     0      0.004678
1.7     0      0.00467
1.71429     0      0.004648
1.72857     0      0.004642
1.74286     0      0.00462
1.75714     0      0.004612
1.77143     0      0.004554
1.78571     0      0.00458
1.8     0      0.00454
1.81429     0      0.004508
1.82857     0      0.004512
1.84286     0      0.0045
1.85714     0      0.00447
1.87143     0      0.00444
1.88571     0      0.004448
1.9     0      0.004408
1.91429     0      0.00442
1.92857     0      0.004384
1.94286     0      0.004344
1.95714     0      0.004374
1.97143     0      0.004332
1.98571     0      0.004324
2     0      0.004282
2.01429     0      0.004296
2.02857     0      0.004262
2.04286     0      0.004266
2.05714     0      0.004242
2.07143     0      0.004226
2.08571     0      0.004198
2.1     0      0.004182
2.11429     0      0.00418
2.12857     0      0.004168
2.14286     0      0.004142
2.15714     0      0.0012805
2.17143     0      0
2.18571     0      0
2.2     0      0
2.21429     0      0
2.22857     0      0
2.24286     0      0
2.25714     0      0
2.27143     0      0
2.28571     0      0
2.3     0      0
2.31429     0      0
2.32857     0      0
2.34286     0      0
2.35714     0      0
2.37143     0      0
2.38571     0      0
2.4     0      0
2.41429     0      0
2.42857     0      0
2.44286     0      0
2.45714     0      0
2.47143     0      0
2.48571     0      0
2.5     0      0
2.51429     0      0
2.52857     0      0
2.54286     0      0
2.55714     0      0
2.57143     0      0
2.58571     0      0
2.6     0      0
2.61429     0      0
2.62857     0      0
2.64286     0      0
2.65714     0      0
2.67143     0      0
2.68571     0      0
2.7     0      0
2.71429     0      0
2.72857     0      0
2.74286     0      0
2.75714     0      0
2.77143     0      0
2.78571     0      0
2.8     0      0
2.81429     0      0
2.82857     0      0
2.84286     0      0
2.85714     0      0
2.87143     0      0
2.88571     0      0
2.9     0      0
2.91429     0      0
2.92857     0      0
2.94286     0      0
2.95714     0      0
2.97143     0      0
2.98571     0      0
3     0      0
3.01429     0      0
3.02857     0      0
3.04286     0      0
3.05714     0      0
3.07143     0      0
3.08571     0      0
3.1     0      0
3.11429     0      0
3.12857     0      0
3.14286     0      0
3.15714     0      0
3.17143     0      0
3.18571     0      0
3.2     0      0
3.21429     0      0
3.22857     0      0
3.24286     0      0
3.25714     0      0
3.27143     0      0
3.28571     0      0
3.3     0      0
3.31429     0      0
3.32857     0      0
3.34286     0      0
3.35714     0      0
3.37143     0      0
3.38571     0      0
3.4     0      0
3.41429     0      0
3.42857     0      0
3.44286     0      0
3.45714     0      0
3.47143     0      0
3.48571     0      0
3.5     0      0
3.51429     0      0
3.52857     0      0
3.54286     0      0
3.55714     0      0
3.57143     0      0
3.58571     0      0
3.6     0      0
3.61429     0      0
3.62857     0      0
3.64286     0      0
3.65714     0      0
3.67143     0      0
3.68571     0      0
3.7     0      0
3.71429     0      0
3.72857     0      0
3.74286     0      0
3.75714     0      0
3.77143     0      0
3.78571     0      0
3.8     0      0
3.81429     0      0
3.82857     0      0
3.84286     0      0
3.85714     0      0
3.87143     0      0
3.88571     0      0
3.9     0      0
3.91429     0      0
3.92857     0      0
3.94286     0      0
3.95714     0      0
3.97143     0      0
3.98571     0      0
4     0      0
4.01429     0      0
4.02857     0      0
4.04286     0      0
4.05714     0      0
4.07143     0      0
4.08571     0      0
4.1     0      0
4.11429     0      0
4.12857     0      0
4.14286     0      0
4.15714     0      0
4.17143     0      0
4.18571     0      0
4.2     0      0
4.21429     0      0
4.22857     0      0
4.24286     0      0
4.25714     0      0
4.27143     0      0
4.28571     0      0
4.3     0      0
4.31429     0      0
4.32857     0      0
4.34286     0      0
4.35714     0      0
4.37143     0      0
4.38571     0      0
4.4     0      0
4.41429     0      0
4.42857     0      0
4.44286     0      0
4.45714     0      0
4.47143     0      0
4.48571     0      0
4.5     0      0
4.51429     0      0
4.52857     0      0
4.54286     0      0
4.55714     0      0
4.57143     0      0
4.58571     0      0
4.6     0      0
4.61429     0      0
4.62857     0      0
4.64286     0      0
4.65714     0      0
4.67143     0      0
4.68571     0      0
4.7     0      0
4.71429     0      0
4.72857     0      0
4.74286     0      0
4.75714     0      0
4.77143     0      0
4.78571     0      0
4.8     0      0
4.81429     0      0
4.82857     0      0
4.84286     0      0
4.85714     0      0
4.87143     0      0
4.88571     0      0
4.9     0      0
4.91429     0      0
4.92857     0      0
4.94286     0      0
4.95714     0      0
4.97143     0      0
4.98571     0      0
