# U,mu,nA_up, nA_dn, nB_up, nB_dn, ms, mf, ntotal,mu,cint
#energy    dos_upn   dos_upp   dos_dnn  dos_dnp GRID=1000 bin=700
-5     0      0
-4.98571     0      0
-4.97143     0      0
-4.95714     0      0
-4.94286     0      0
-4.92857     0      0
-4.91429     0      0
-4.9     0      0
-4.88571     0      0
-4.87143     0      0
-4.85714     0      0
-4.84286     0      0
-4.82857     0      0
-4.81429     0      0
-4.8     0      0
-4.78571     0      0
-4.77143     0      0
-4.75714     0      0
-4.74286     0      0
-4.72857     0      0
-4.71429     0      0
-4.7     0      0
-4.68571     0      0
-4.67143     0      0
-4.65714     0      0
-4.64286     0      0
-4.62857     0      0
-4.61429     0      0
-4.6     0      0
-4.58571     0      0
-4.57143     0      0
-4.55714     0      0
-4.54286     0      0
-4.52857     0      0
-4.51429     0      0
-4.5     0      0
-4.48571     0      0
-4.47143     0      0
-4.45714     0      0
-4.44286     0      0
-4.42857     0      0
-4.41429     0      0
-4.4     0      0
-4.38571     0      0
-4.37143     0      0
-4.35714     0      0
-4.34286     0      0
-4.32857     0      0
-4.31429     0      0
-4.3     0      0
-4.28571     0      0
-4.27143     0      0
-4.25714     0      0
-4.24286     0      0
-4.22857     0      0
-4.21429     0      0
-4.2     0      0
-4.18571     0      0
-4.17143     0      0
-4.15714     0      0
-4.14286     0      0
-4.12857     0      0
-4.11429     0      0
-4.1     0      0
-4.08571     0      0
-4.07143     0      0
-4.05714     0      0
-4.04286     0      0
-4.02857     0      0
-4.01429     0      0
-4     0      0
-3.98571     0      0
-3.97143     0      0
-3.95714     0      0
-3.94286     0      0
-3.92857     0      0
-3.91429     0      0
-3.9     0      0
-3.88571     0      0
-3.87143     0      0
-3.85714     0      0
-3.84286     0      0
-3.82857     0      0
-3.81429     0      0
-3.8     0      0
-3.78571     0      0
-3.77143     0      0
-3.75714     0      0
-3.74286     0      0
-3.72857     0      0
-3.71429     0      0
-3.7     0      0
-3.68571     0      0
-3.67143     0      0
-3.65714     0      0
-3.64286     0      0
-3.62857     0      0
-3.61429     0      0
-3.6     0      0
-3.58571     0      0
-3.57143     0      0
-3.55714     0      0
-3.54286     0      0
-3.52857     0      0
-3.51429     0      0
-3.5     0      0
-3.48571     0      0
-3.47143     0      0
-3.45714     0      0
-3.44286     0      0
-3.42857     0      0
-3.41429     0      0
-3.4     0      0
-3.38571     0      0
-3.37143     0      0
-3.35714     0      0
-3.34286     0      0
-3.32857     0      0
-3.31429     0      0
-3.3     0      0
-3.28571     0      0
-3.27143     0      0
-3.25714     0      0
-3.24286     0      0
-3.22857     0      0
-3.21429     0      0
-3.2     0      0
-3.18571     0      0
-3.17143     0      0
-3.15714     0      0
-3.14286     0      0
-3.12857     0      0
-3.11429     0      0
-3.1     0      0
-3.08571     0      0
-3.07143     0      0
-3.05714     0      0
-3.04286     0      0
-3.02857     0      0
-3.01429     0      0
-3     0      0
-2.98571     0      0
-2.97143     0      0
-2.95714     0      0
-2.94286     0      0
-2.92857     0      0
-2.91429     0      0
-2.9     0      0
-2.88571     0      0
-2.87143     0      0
-2.85714     0      0
-2.84286     0      0
-2.82857     0      0
-2.81429     0      0
-2.8     0      0
-2.78571     0      0
-2.77143     0      0
-2.75714     0      0
-2.74286     0      0
-2.72857     0      0
-2.71429     0      0
-2.7     0      0
-2.68571     0      0
-2.67143     0      0
-2.65714     0      0
-2.64286     0      0
-2.62857     0      0
-2.61429     0      0
-2.6     0      0
-2.58571     0      0
-2.57143     0      0
-2.55714     0      0
-2.54286     0      0
-2.52857     0      0
-2.51429     0      0
-2.5     0      0
-2.48571     0      0
-2.47143     0      0
-2.45714     0      0
-2.44286     0      0
-2.42857     0      0
-2.41429     0      0
-2.4     0      0
-2.38571     0      0
-2.37143     0      0
-2.35714     0      0
-2.34286     0      0
-2.32857     0      0
-2.31429     0      0
-2.3     0      0
-2.28571     0      0
-2.27143     0      0
-2.25714     0      0
-2.24286     0      0
-2.22857     0      0
-2.21429     0      0
-2.2     0      0
-2.18571     0      0
-2.17143     0      0
-2.15714     0      0
-2.14286     2.4811e-123      0
-2.12857     7.60192e-122      0
-2.11429     1.37662e-116      0
-2.1     3.03262e-115      0
-2.08571     3.05357e-115      0
-2.07143     3.0559e-115      0
-2.05714     1.30036e-109      0
-2.04286     1.21305e-108      0
-2.02857     1.21258e-108      0
-2.01429     1.22283e-108      0
-2     1.04914e-102      0
-1.98571     4.83915e-102      0
-1.97143     4.85033e-102      0
-1.95714     4.86896e-102      0
-1.94286     7.20658e-96      0
-1.92857     1.93194e-95      0
-1.91429     1.9297e-95      0
-1.9     1.94535e-95      0
-1.88571     4.37871e-89      0
-1.87143     7.689e-89      0
-1.85714     7.72178e-89      0
-1.84286     7.77841e-89      0
-1.82857     2.45482e-82      0
-1.81429     3.06487e-82      0
-1.8     3.10063e-82      0
-1.78571     7.64135e-77      0
-1.77143     3.66516e-50      0
-1.75714     3.12256e-49      0
-1.74286     0.0042925      0
-1.72857     0.005098      0
-1.71429     0.005108      0
-1.7     0.005116      0
-1.68571     0.005168      0
-1.67143     0.00518      0
-1.65714     0.005184      0
-1.64286     0.005202      0
-1.62857     0.005236      0
-1.61429     0.005264      0
-1.6     0.005258      0
-1.58571     0.005304      0
-1.57143     0.005316      0
-1.55714     0.00532      0
-1.54286     0.005366      0
-1.52857     0.005396      0
-1.51429     0.005368      0
-1.5     0.005446      0
-1.48571     0.005426      0
-1.47143     0.00548      0
-1.45714     0.005488      0
-1.44286     0.005494      0
-1.42857     0.005546      0
-1.41429     0.005546      0
-1.4     0.00558      0
-1.38571     0.005592      0
-1.37143     0.00563      0
-1.35714     0.00566      0
-1.34286     0.005696      0
-1.32857     0.005716      0
-1.31429     0.005744      0
-1.3     0.005748      0
-1.28571     0.005756      0
-1.27143     0.005808      0
-1.25714     0.005844      0
-1.24286     0.005874      0
-1.22857     0.005898      0
-1.21429     0.005942      0
-1.2     0.005938      0
-1.18571     0.006006      0
-1.17143     0.005994      0
-1.15714     0.006034      0
-1.14286     0.006076      0
-1.12857     0.006086      0
-1.11429     0.006162      0
-1.1     0.006148      0
-1.08571     0.006228      0
-1.07143     0.006262      0
-1.05714     0.00624      0
-1.04286     0.006278      0
-1.02857     0.006364      0
-1.01429     0.006402      0
-1     0.006396      0
-0.985714     0.006452      0
-0.971429     0.006484      0
-0.957143     0.006496      0
-0.942857     0.006576      0
-0.928571     0.00658      0
-0.914286     0.00666      0
-0.9     0.006712      0
-0.885714     0.00674      0
-0.871429     0.006716      0
-0.857143     0.006832      0
-0.842857     0.006876      0
-0.828571     0.006858      0
-0.814286     0.007018      0
-0.8     0.00696      0
-0.785714     0.007064      0
-0.771429     0.007058      0
-0.757143     0.007208      0
-0.742857     0.00716      0
-0.728571     0.00731      0
-0.714286     0.007294      0
-0.7     0.00736      0
-0.685714     0.007424      0
-0.671429     0.007512      0
-0.657143     0.007572      0
-0.642857     0.007588      0
-0.628571     0.007696      0
-0.614286     0.007724      0
-0.6     0.007826      0
-0.585714     0.00793      0
-0.571429     0.007946      0
-0.557143     0.008042      0
-0.542857     0.008146      0
-0.528571     0.008192      0
-0.514286     0.00832      0
-0.5     0.00839      0
-0.485714     0.008496      0
-0.471429     0.008544      0
-0.457143     0.0087      0
-0.442857     0.00879      0
-0.428571     0.008926      0
-0.414286     0.00903      0
-0.4     0.009136      0
-0.385714     0.009356      0
-0.371429     0.00945      0
-0.357143     0.009602      0
-0.342857     0.009772      0
-0.328571     0.009918      0
-0.314286     0.01016      0
-0.3     0.010362      0
-0.285714     0.010562      0
-0.271429     0.010838      0
-0.257143     0.011136      0
-0.242857     0.011538      0
-0.228571     0.01185      0
-0.214286     0.012276      0
-0.2     0.012786      0
-0.185714     0.013592      0
-0.171429     0.014302      0
-0.157143     0.015502      0
-0.142857     0.017018      0
-0.128571     0.019906      0
-0.114286     0.0292085      0
-0.1     0.04616      0
-0.0857143     0.02037      0
-0.0714286     0.015612      0
-0.0571429     0.012884      0
-0.0428571     0.01116      0
-0.0285714     0.00985      0
-0.0142857     0.008781      0
0     0      0
0.0142857     0      0
0.0285714     0      0
0.0428571     0      0
0.0571429     0      0
0.0714286     0      0
0.0857143     0      0
0.1     0      0
0.114286     0      0
0.128571     0      0
0.142857     0      0
0.157143     0      0
0.171429     0      0
0.185714     0      0
0.2     0      1.61308e-122
0.214286     0      6.81525e-115
0.228571     0      0.0205285
0.242857     0      0.019972
0.257143     0      0.017396
0.271429     0      0.016546
0.285714     0      0.016314
0.3     0      0.0168
0.314286     0      0.018576
0.328571     0      0.021281
0.342857     0      0.016316
0.357143     0      0.014518
0.371429     0      0.013318
0.385714     0      0.012554
0.4     0      0.01186
0.414286     0      0.01144
0.428571     0      0.01101
0.442857     0      0.010598
0.457143     0      0.010362
0.471429     0      0.010034
0.485714     0      0.009788
0.5     0      0.009642
0.514286     0      0.009362
0.528571     0      0.009246
0.542857     0      0.009032
0.557143     0      0.008864
0.571429     0      0.00874
0.585714     0      0.008614
0.6     0      0.008476
0.614286     0      0.008312
0.628571     0      0.008266
0.642857     0      0.008108
0.657143     0      0.008054
0.671429     0      0.007942
0.685714     0      0.007818
0.7     0      0.007718
0.714286     0      0.007672
0.728571     0      0.00759
0.742857     0      0.00749
0.757143     0      0.00743
0.771429     0      0.007328
0.785714     0      0.00726
0.8     0      0.007254
0.814286     0      0.00711
0.828571     0      0.007128
0.842857     0      0.006946
0.857143     0      0.006946
0.871429     0      0.006906
0.885714     0      0.006818
0.9     0      0.006818
0.914286     0      0.006704
0.928571     0      0.006626
0.942857     0      0.006654
0.957143     0      0.006546
0.971429     0      0.006508
0.985714     0      0.006482
1     0      0.006434
1.01429     0      0.00636
1.02857     0      0.006286
1.04286     0      0.00628
1.05714     0      0.006256
1.07143     0      0.006192
1.08571     0      0.006118
1.1     0      0.006132
1.11429     0      0.006066
1.12857     0      0.006046
1.14286     0      0.005998
1.15714     0      0.005924
1.17143     0      0.005918
1.18571     0      0.005864
1.2     0      0.005876
1.21429     0      0.0058
1.22857     0      0.005762
1.24286     0      0.00574
1.25714     0      0.005698
1.27143     0      0.005682
1.28571     0      0.00565
1.3     0      0.005578
1.31429     0      0.005576
1.32857     0      0.005542
1.34286     0      0.00554
1.35714     0      0.005472
1.37143     0      0.005466
1.38571     0      0.005402
1.4     0      0.005402
1.41429     0      0.00535
1.42857     0      0.005318
1.44286     0      0.005306
1.45714     0      0.005326
1.47143     0      0.005226
1.48571     0      0.005234
1.5     0      0.005192
1.51429     0      0.005182
1.52857     0      0.005162
1.54286     0      0.005082
1.55714     0      0.005118
1.57143     0      0.00508
1.58571     0      0.005054
1.6     0      0.00504
1.61429     0      0.004994
1.62857     0      0.00496
1.64286     0      0.004964
1.65714     0      0.004922
1.67143     0      0.004904
1.68571     0      0.004896
1.7     0      0.004864
1.71429     0      0.00482
1.72857     0      0.004816
1.74286     0      0.00482
1.75714     0      0.004786
1.77143     0      0.004736
1.78571     0      0.004732
1.8     0      0.004722
1.81429     0      0.004692
1.82857     0      0.00469
1.84286     0      0.004656
1.85714     0      0.004624
1.87143     0      0.00463
1.88571     0      0.004586
1.9     0      0.004586
1.91429     0      0.004536
1.92857     0      0.004552
1.94286     0      0.004528
1.95714     0      0.00452
1.97143     0      0.004476
1.98571     0      0.004452
2     0      0.004438
2.01429     0      0.004454
2.02857     0      0.004398
2.04286     0      0.004392
2.05714     0      0.004396
2.07143     0      0.004378
2.08571     0      0.004308
2.1     0      0.004342
2.11429     0      0.004316
2.12857     0      0.004306
2.14286     0      0.00427
2.15714     0      0.00426
2.17143     0      0.004262
2.18571     0      0.004236
2.2     0      0.004214
2.21429     0      0.004192
2.22857     0      0.00419
2.24286     0      0.004168
2.25714     0      0.004162
2.27143     0      0.000502501
2.28571     0      1.22156e-16
2.3     0      1.48516e-23
2.31429     0      8.22269e-31
2.32857     0      6.44837e-56
2.34286     0      6.41785e-56
2.35714     0      6.41174e-56
2.37143     0      6.37207e-56
2.38571     0      1.28555e-56
2.4     0      0
2.41429     0      0
2.42857     0      0
2.44286     0      0
2.45714     0      0
2.47143     0      0
2.48571     0      0
2.5     0      0
2.51429     0      0
2.52857     0      0
2.54286     0      0
2.55714     0      0
2.57143     0      0
2.58571     0      0
2.6     0      0
2.61429     0      0
2.62857     0      0
2.64286     0      0
2.65714     0      0
2.67143     0      0
2.68571     0      0
2.7     0      0
2.71429     0      0
2.72857     0      0
2.74286     0      0
2.75714     0      0
2.77143     0      0
2.78571     0      0
2.8     0      0
2.81429     0      0
2.82857     0      0
2.84286     0      0
2.85714     0      0
2.87143     0      0
2.88571     0      0
2.9     0      0
2.91429     0      0
2.92857     0      0
2.94286     0      0
2.95714     0      0
2.97143     0      0
2.98571     0      0
3     0      0
3.01429     0      0
3.02857     0      0
3.04286     0      0
3.05714     0      0
3.07143     0      0
3.08571     0      0
3.1     0      0
3.11429     0      0
3.12857     0      0
3.14286     0      0
3.15714     0      0
3.17143     0      0
3.18571     0      0
3.2     0      0
3.21429     0      0
3.22857     0      0
3.24286     0      0
3.25714     0      0
3.27143     0      0
3.28571     0      0
3.3     0      0
3.31429     0      0
3.32857     0      0
3.34286     0      0
3.35714     0      0
3.37143     0      0
3.38571     0      0
3.4     0      0
3.41429     0      0
3.42857     0      0
3.44286     0      0
3.45714     0      0
3.47143     0      0
3.48571     0      0
3.5     0      0
3.51429     0      0
3.52857     0      0
3.54286     0      0
3.55714     0      0
3.57143     0      0
3.58571     0      0
3.6     0      0
3.61429     0      0
3.62857     0      0
3.64286     0      0
3.65714     0      0
3.67143     0      0
3.68571     0      0
3.7     0      0
3.71429     0      0
3.72857     0      0
3.74286     0      0
3.75714     0      0
3.77143     0      0
3.78571     0      0
3.8     0      0
3.81429     0      0
3.82857     0      0
3.84286     0      0
3.85714     0      0
3.87143     0      0
3.88571     0      0
3.9     0      0
3.91429     0      0
3.92857     0      0
3.94286     0      0
3.95714     0      0
3.97143     0      0
3.98571     0      0
4     0      0
4.01429     0      0
4.02857     0      0
4.04286     0      0
4.05714     0      0
4.07143     0      0
4.08571     0      0
4.1     0      0
4.11429     0      0
4.12857     0      0
4.14286     0      0
4.15714     0      0
4.17143     0      0
4.18571     0      0
4.2     0      0
4.21429     0      0
4.22857     0      0
4.24286     0      0
4.25714     0      0
4.27143     0      0
4.28571     0      0
4.3     0      0
4.31429     0      0
4.32857     0      0
4.34286     0      0
4.35714     0      0
4.37143     0      0
4.38571     0      0
4.4     0      0
4.41429     0      0
4.42857     0      0
4.44286     0      0
4.45714     0      0
4.47143     0      0
4.48571     0      0
4.5     0      0
4.51429     0      0
4.52857     0      0
4.54286     0      0
4.55714     0      0
4.57143     0      0
4.58571     0      0
4.6     0      0
4.61429     0      0
4.62857     0      0
4.64286     0      0
4.65714     0      0
4.67143     0      0
4.68571     0      0
4.7     0      0
4.71429     0      0
4.72857     0      0
4.74286     0      0
4.75714     0      0
4.77143     0      0
4.78571     0      0
4.8     0      0
4.81429     0      0
4.82857     0      0
4.84286     0      0
4.85714     0      0
4.87143     0      0
4.88571     0      0
4.9     0      0
4.91429     0      0
4.92857     0      0
4.94286     0      0
4.95714     0      0
4.97143     0      0
4.98571     0      0
