# U,mu,nA_up, nA_dn, nB_up, nB_dn, ms, mf, ntotal,mu,cint
#energy    dos_upn   dos_upp   dos_dnn  dos_dnp GRID=1000 bin=700
-5     0      0
-4.98571     0      0
-4.97143     0      0
-4.95714     0      0
-4.94286     0      0
-4.92857     0      0
-4.91429     0      0
-4.9     0      0
-4.88571     0      0
-4.87143     0      0
-4.85714     0      0
-4.84286     0      0
-4.82857     0      0
-4.81429     0      0
-4.8     0      0
-4.78571     0      0
-4.77143     0      0
-4.75714     0      0
-4.74286     0      0
-4.72857     0      0
-4.71429     0      0
-4.7     0      0
-4.68571     0      0
-4.67143     0      0
-4.65714     0      0
-4.64286     0      0
-4.62857     0      0
-4.61429     0      0
-4.6     0      0
-4.58571     0      0
-4.57143     0      0
-4.55714     0      0
-4.54286     0      0
-4.52857     0      0
-4.51429     0      0
-4.5     0      0
-4.48571     0      0
-4.47143     0      0
-4.45714     0      0
-4.44286     0      0
-4.42857     0      0
-4.41429     0      0
-4.4     0      0
-4.38571     0      0
-4.37143     0      0
-4.35714     0      0
-4.34286     0      0
-4.32857     0      0
-4.31429     0      0
-4.3     0      0
-4.28571     0      0
-4.27143     0      0
-4.25714     0      0
-4.24286     0      0
-4.22857     0      0
-4.21429     0      0
-4.2     0      0
-4.18571     0      0
-4.17143     0      0
-4.15714     0      0
-4.14286     0      0
-4.12857     0      0
-4.11429     0      0
-4.1     0      0
-4.08571     0      0
-4.07143     0      0
-4.05714     0      0
-4.04286     0      0
-4.02857     0      0
-4.01429     0      0
-4     0      0
-3.98571     0      0
-3.97143     0      0
-3.95714     0      0
-3.94286     0      0
-3.92857     0      0
-3.91429     0      0
-3.9     0      0
-3.88571     0      0
-3.87143     0      0
-3.85714     0      0
-3.84286     0      0
-3.82857     0      0
-3.81429     0      0
-3.8     0      0
-3.78571     0      0
-3.77143     0      0
-3.75714     0      0
-3.74286     0      0
-3.72857     0      0
-3.71429     0      0
-3.7     0      0
-3.68571     0      0
-3.67143     0      0
-3.65714     0      0
-3.64286     0      0
-3.62857     0      0
-3.61429     0      0
-3.6     0      0
-3.58571     0      0
-3.57143     0      0
-3.55714     0      0
-3.54286     0      0
-3.52857     0      0
-3.51429     0      0
-3.5     0      0
-3.48571     0      0
-3.47143     0      0
-3.45714     0      0
-3.44286     0      0
-3.42857     0      0
-3.41429     0      0
-3.4     0      0
-3.38571     0      0
-3.37143     0      0
-3.35714     0      0
-3.34286     0      0
-3.32857     0      0
-3.31429     0      0
-3.3     0      0
-3.28571     0      0
-3.27143     0      0
-3.25714     0      0
-3.24286     0      0
-3.22857     0      0
-3.21429     0      0
-3.2     0      0
-3.18571     0      0
-3.17143     0      0
-3.15714     0      0
-3.14286     0      0
-3.12857     0      0
-3.11429     0      0
-3.1     0      0
-3.08571     0      0
-3.07143     0      0
-3.05714     0      0
-3.04286     0      0
-3.02857     0      0
-3.01429     0      0
-3     0      0
-2.98571     0      0
-2.97143     0      0
-2.95714     0      0
-2.94286     0      0
-2.92857     0      0
-2.91429     0      0
-2.9     0      0
-2.88571     0      0
-2.87143     0      0
-2.85714     0      0
-2.84286     0      0
-2.82857     0      0
-2.81429     0      0
-2.8     0      0
-2.78571     0      0
-2.77143     0      0
-2.75714     0      0
-2.74286     0      0
-2.72857     0      0
-2.71429     0      0
-2.7     0      0
-2.68571     0      0
-2.67143     0      0
-2.65714     0      0
-2.64286     0      0
-2.62857     0      0
-2.61429     0      0
-2.6     0      0
-2.58571     0      0
-2.57143     0      0
-2.55714     0      0
-2.54286     0      0
-2.52857     0      0
-2.51429     0      0
-2.5     0      0
-2.48571     0      0
-2.47143     0      0
-2.45714     0      0
-2.44286     0      0
-2.42857     0      0
-2.41429     0      0
-2.4     0      0
-2.38571     0      0
-2.37143     0      0
-2.35714     0      0
-2.34286     0      0
-2.32857     0      0
-2.31429     0      0
-2.3     0      0
-2.28571     0      0
-2.27143     0      0
-2.25714     0      0
-2.24286     0      0
-2.22857     0      0
-2.21429     0      0
-2.2     0      0
-2.18571     0      0
-2.17143     0      0
-2.15714     0      0
-2.14286     6.05738e-163      0
-2.12857     1.85594e-161      0
-2.11429     3.36089e-156      0
-2.1     7.40386e-155      0
-2.08571     7.45502e-155      0
-2.07143     7.4607e-155      0
-2.05714     3.17471e-149      0
-2.04286     2.96154e-148      0
-2.02857     2.96041e-148      0
-2.01429     2.98542e-148      0
-2     2.56137e-142      0
-1.98571     1.18143e-141      0
-1.97143     1.18416e-141      0
-1.95714     1.18871e-141      0
-1.94286     1.75942e-135      0
-1.92857     4.71664e-135      0
-1.91429     4.71118e-135      0
-1.9     4.74938e-135      0
-1.88571     1.06902e-128      0
-1.87143     1.8772e-128      0
-1.85714     1.8852e-128      0
-1.84286     1.89903e-128      0
-1.82857     5.99321e-122      0
-1.81429     7.4826e-122      0
-1.8     7.56991e-122      0
-1.78571     0.0023585      0
-1.77143     0.005086      0
-1.75714     0.005112      0
-1.74286     0.005112      0
-1.72857     0.005142      0
-1.71429     0.005156      0
-1.7     0.005172      0
-1.68571     0.005182      0
-1.67143     0.005212      0
-1.65714     0.005232      0
-1.64286     0.005276      0
-1.62857     0.00527      0
-1.61429     0.00528      0
-1.6     0.00533      0
-1.58571     0.005338      0
-1.57143     0.005336      0
-1.55714     0.005392      0
-1.54286     0.005402      0
-1.52857     0.005404      0
-1.51429     0.005474      0
-1.5     0.00544      0
-1.48571     0.005486      0
-1.47143     0.005522      0
-1.45714     0.005554      0
-1.44286     0.005516      0
-1.42857     0.005616      0
-1.41429     0.005604      0
-1.4     0.00562      0
-1.38571     0.005664      0
-1.37143     0.005648      0
-1.35714     0.00573      0
-1.34286     0.005744      0
-1.32857     0.005748      0
-1.31429     0.00578      0
-1.3     0.005808      0
-1.28571     0.005848      0
-1.27143     0.005862      0
-1.25714     0.005878      0
-1.24286     0.005926      0
-1.22857     0.00593      0
-1.21429     0.005998      0
-1.2     0.006      0
-1.18571     0.006056      0
-1.17143     0.006052      0
-1.15714     0.006112      0
-1.14286     0.006126      0
-1.12857     0.006178      0
-1.11429     0.006176      0
-1.1     0.006212      0
-1.08571     0.006234      0
-1.07143     0.006332      0
-1.05714     0.00634      0
-1.04286     0.006368      0
-1.02857     0.006392      0
-1.01429     0.006412      0
-1     0.006476      0
-0.985714     0.006502      0
-0.971429     0.006524      0
-0.957143     0.00666      0
-0.942857     0.006604      0
-0.928571     0.006644      0
-0.914286     0.006686      0
-0.9     0.006776      0
-0.885714     0.006772      0
-0.871429     0.006832      0
-0.857143     0.006904      0
-0.842857     0.006932      0
-0.828571     0.006984      0
-0.814286     0.006992      0
-0.8     0.00708      0
-0.785714     0.007102      0
-0.771429     0.007128      0
-0.757143     0.007236      0
-0.742857     0.007304      0
-0.728571     0.007304      0
-0.714286     0.007428      0
-0.7     0.007402      0
-0.685714     0.00749      0
-0.671429     0.007534      0
-0.657143     0.007688      0
-0.642857     0.007674      0
-0.628571     0.00775      0
-0.614286     0.007804      0
-0.6     0.007892      0
-0.585714     0.007944      0
-0.571429     0.008062      0
-0.557143     0.00811      0
-0.542857     0.008202      0
-0.528571     0.008264      0
-0.514286     0.008364      0
-0.5     0.008468      0
-0.485714     0.008546      0
-0.471429     0.008628      0
-0.457143     0.008754      0
-0.442857     0.008808      0
-0.428571     0.008994      0
-0.414286     0.009064      0
-0.4     0.009212      0
-0.385714     0.009308      0
-0.371429     0.009488      0
-0.357143     0.009632      0
-0.342857     0.009764      0
-0.328571     0.009958      0
-0.314286     0.010128      0
-0.3     0.01036      0
-0.285714     0.010532      0
-0.271429     0.010804      0
-0.257143     0.01107      0
-0.242857     0.011362      0
-0.228571     0.011764      0
-0.214286     0.01213      0
-0.2     0.01265      0
-0.185714     0.013194      0
-0.171429     0.01395      0
-0.157143     0.01494      0
-0.142857     0.016754      0
-0.128571     0.018974      0
-0.114286     0.0277005      0
-0.1     0.040992      0
-0.0857143     0.018222      0
-0.0714286     0.013878      0
-0.0571429     0.01155      0
-0.0428571     0.009846      0
-0.0285714     0.008686      0
-0.0142857     0.007661      0
0     0      0
0.0142857     0      0
0.0285714     0      0
0.0428571     0      0
0.0571429     0      0
0.0714286     0      0
0.0857143     0      0
0.1     0      0
0.114286     0      0
0.128571     0      0
0.142857     0      0.0116105
0.157143     0      0.020144
0.171429     0      0.016536
0.185714     0      0.015394
0.2     0      0.015054
0.214286     0      0.015302
0.228571     0      0.016334
0.242857     0      0.019867
0.257143     0      0.016212
0.271429     0      0.014116
0.285714     0      0.013048
0.3     0      0.012256
0.314286     0      0.011728
0.328571     0      0.01126
0.342857     0      0.010822
0.357143     0      0.010502
0.371429     0      0.010296
0.385714     0      0.009956
0.4     0      0.009762
0.414286     0      0.009596
0.428571     0      0.009324
0.442857     0      0.009232
0.457143     0      0.009064
0.471429     0      0.008832
0.485714     0      0.008758
0.5     0      0.00866
0.514286     0      0.0085
0.528571     0      0.008408
0.542857     0      0.008254
0.557143     0      0.008166
0.571429     0      0.008092
0.585714     0      0.008018
0.6     0      0.00787
0.614286     0      0.00779
0.628571     0      0.007718
0.642857     0      0.007666
0.657143     0      0.007548
0.671429     0      0.007476
0.685714     0      0.007432
0.7     0      0.007316
0.714286     0      0.007282
0.728571     0      0.007268
0.742857     0      0.007124
0.757143     0      0.007072
0.771429     0      0.00702
0.785714     0      0.006968
0.8     0      0.006906
0.814286     0      0.006822
0.828571     0      0.006808
0.842857     0      0.006744
0.857143     0      0.006676
0.871429     0      0.006612
0.885714     0      0.0066
0.9     0      0.006544
0.914286     0      0.006486
0.928571     0      0.006496
0.942857     0      0.006322
0.957143     0      0.006378
0.971429     0      0.006288
0.985714     0      0.00629
1     0      0.00625
1.01429     0      0.006174
1.02857     0      0.006132
1.04286     0      0.006092
1.05714     0      0.006042
1.07143     0      0.006048
1.08571     0      0.005952
1.1     0      0.00596
1.11429     0      0.005886
1.12857     0      0.005892
1.14286     0      0.00581
1.15714     0      0.005848
1.17143     0      0.005772
1.18571     0      0.005724
1.2     0      0.00571
1.21429     0      0.005654
1.22857     0      0.005632
1.24286     0      0.005632
1.25714     0      0.00554
1.27143     0      0.005566
1.28571     0      0.005526
1.3     0      0.005456
1.31429     0      0.005472
1.32857     0      0.005414
1.34286     0      0.00538
1.35714     0      0.00537
1.37143     0      0.005396
1.38571     0      0.005268
1.4     0      0.005302
1.41429     0      0.005222
1.42857     0      0.005272
1.44286     0      0.00516
1.45714     0      0.00523
1.47143     0      0.005144
1.48571     0      0.00511
1.5     0      0.005132
1.51429     0      0.005074
1.52857     0      0.005082
1.54286     0      0.00499
1.55714     0      0.005014
1.57143     0      0.004976
1.58571     0      0.004968
1.6     0      0.004934
1.61429     0      0.004922
1.62857     0      0.004894
1.64286     0      0.004856
1.65714     0      0.004852
1.67143     0      0.004848
1.68571     0      0.0048
1.7     0      0.004784
1.71429     0      0.004732
1.72857     0      0.004764
1.74286     0      0.004722
1.75714     0      0.004716
1.77143     0      0.00468
1.78571     0      0.004676
1.8     0      0.004638
1.81429     0      0.004608
1.82857     0      0.004608
1.84286     0      0.004582
1.85714     0      0.004586
1.87143     0      0.00453
1.88571     0      0.00454
1.9     0      0.004492
1.91429     0      0.004492
1.92857     0      0.004476
1.94286     0      0.004482
1.95714     0      0.004458
1.97143     0      0.004398
1.98571     0      0.00441
2     0      0.004388
2.01429     0      0.004364
2.02857     0      0.004352
2.04286     0      0.004346
2.05714     0      0.004322
2.07143     0      0.004308
2.08571     0      0.004276
2.1     0      0.004276
2.11429     0      0.004256
2.12857     0      0.004256
2.14286     0      0.004216
2.15714     0      0.004202
2.17143     0      0.004208
2.18571     0      0.004182
2.2     0      0.004164
2.21429     0      0.004146
2.22857     0      0.000358501
2.24286     0      2.80703e-23
2.25714     0      2.09033e-36
2.27143     0      1.22681e-43
2.28571     0      2.98233e-56
2.3     0      3.62587e-63
2.31429     0      2.00749e-70
2.32857     0      1.57431e-95
2.34286     0      1.56686e-95
2.35714     0      1.56537e-95
2.37143     0      1.55568e-95
2.38571     0      3.13856e-96
2.4     0      0
2.41429     0      0
2.42857     0      0
2.44286     0      0
2.45714     0      0
2.47143     0      0
2.48571     0      0
2.5     0      0
2.51429     0      0
2.52857     0      0
2.54286     0      0
2.55714     0      0
2.57143     0      0
2.58571     0      0
2.6     0      0
2.61429     0      0
2.62857     0      0
2.64286     0      0
2.65714     0      0
2.67143     0      0
2.68571     0      0
2.7     0      0
2.71429     0      0
2.72857     0      0
2.74286     0      0
2.75714     0      0
2.77143     0      0
2.78571     0      0
2.8     0      0
2.81429     0      0
2.82857     0      0
2.84286     0      0
2.85714     0      0
2.87143     0      0
2.88571     0      0
2.9     0      0
2.91429     0      0
2.92857     0      0
2.94286     0      0
2.95714     0      0
2.97143     0      0
2.98571     0      0
3     0      0
3.01429     0      0
3.02857     0      0
3.04286     0      0
3.05714     0      0
3.07143     0      0
3.08571     0      0
3.1     0      0
3.11429     0      0
3.12857     0      0
3.14286     0      0
3.15714     0      0
3.17143     0      0
3.18571     0      0
3.2     0      0
3.21429     0      0
3.22857     0      0
3.24286     0      0
3.25714     0      0
3.27143     0      0
3.28571     0      0
3.3     0      0
3.31429     0      0
3.32857     0      0
3.34286     0      0
3.35714     0      0
3.37143     0      0
3.38571     0      0
3.4     0      0
3.41429     0      0
3.42857     0      0
3.44286     0      0
3.45714     0      0
3.47143     0      0
3.48571     0      0
3.5     0      0
3.51429     0      0
3.52857     0      0
3.54286     0      0
3.55714     0      0
3.57143     0      0
3.58571     0      0
3.6     0      0
3.61429     0      0
3.62857     0      0
3.64286     0      0
3.65714     0      0
3.67143     0      0
3.68571     0      0
3.7     0      0
3.71429     0      0
3.72857     0      0
3.74286     0      0
3.75714     0      0
3.77143     0      0
3.78571     0      0
3.8     0      0
3.81429     0      0
3.82857     0      0
3.84286     0      0
3.85714     0      0
3.87143     0      0
3.88571     0      0
3.9     0      0
3.91429     0      0
3.92857     0      0
3.94286     0      0
3.95714     0      0
3.97143     0      0
3.98571     0      0
4     0      0
4.01429     0      0
4.02857     0      0
4.04286     0      0
4.05714     0      0
4.07143     0      0
4.08571     0      0
4.1     0      0
4.11429     0      0
4.12857     0      0
4.14286     0      0
4.15714     0      0
4.17143     0      0
4.18571     0      0
4.2     0      0
4.21429     0      0
4.22857     0      0
4.24286     0      0
4.25714     0      0
4.27143     0      0
4.28571     0      0
4.3     0      0
4.31429     0      0
4.32857     0      0
4.34286     0      0
4.35714     0      0
4.37143     0      0
4.38571     0      0
4.4     0      0
4.41429     0      0
4.42857     0      0
4.44286     0      0
4.45714     0      0
4.47143     0      0
4.48571     0      0
4.5     0      0
4.51429     0      0
4.52857     0      0
4.54286     0      0
4.55714     0      0
4.57143     0      0
4.58571     0      0
4.6     0      0
4.61429     0      0
4.62857     0      0
4.64286     0      0
4.65714     0      0
4.67143     0      0
4.68571     0      0
4.7     0      0
4.71429     0      0
4.72857     0      0
4.74286     0      0
4.75714     0      0
4.77143     0      0
4.78571     0      0
4.8     0      0
4.81429     0      0
4.82857     0      0
4.84286     0      0
4.85714     0      0
4.87143     0      0
4.88571     0      0
4.9     0      0
4.91429     0      0
4.92857     0      0
4.94286     0      0
4.95714     0      0
4.97143     0      0
4.98571     0      0
