# U,mu,nA_up, nA_dn, nB_up, nB_dn, ms, mf, ntotal,mu,cint
#energy    dos_upn   dos_upp   dos_dnn  dos_dnp GRID=1000 bin=700
-5     0      0
-4.98571     0      0
-4.97143     0      0
-4.95714     0      0
-4.94286     0      0
-4.92857     0      0
-4.91429     0      0
-4.9     0      0
-4.88571     0      0
-4.87143     0      0
-4.85714     0      0
-4.84286     0      0
-4.82857     0      0
-4.81429     0      0
-4.8     0      0
-4.78571     0      0
-4.77143     0      0
-4.75714     0      0
-4.74286     0      0
-4.72857     0      0
-4.71429     0      0
-4.7     0      0
-4.68571     0      0
-4.67143     0      0
-4.65714     0      0
-4.64286     0      0
-4.62857     0      0
-4.61429     0      0
-4.6     0      0
-4.58571     0      0
-4.57143     0      0
-4.55714     0      0
-4.54286     0      0
-4.52857     0      0
-4.51429     0      0
-4.5     0      0
-4.48571     0      0
-4.47143     0      0
-4.45714     0      0
-4.44286     0      0
-4.42857     0      0
-4.41429     0      0
-4.4     0      0
-4.38571     0      0
-4.37143     0      0
-4.35714     0      0
-4.34286     0      0
-4.32857     0      0
-4.31429     0      0
-4.3     0      0
-4.28571     0      0
-4.27143     0      0
-4.25714     0      0
-4.24286     0      0
-4.22857     0      0
-4.21429     0      0
-4.2     0      0
-4.18571     0      0
-4.17143     0      0
-4.15714     0      0
-4.14286     0      0
-4.12857     0      0
-4.11429     0      0
-4.1     0      0
-4.08571     0      0
-4.07143     0      0
-4.05714     0      0
-4.04286     0      0
-4.02857     0      0
-4.01429     0      0
-4     0      0
-3.98571     0      0
-3.97143     0      0
-3.95714     0      0
-3.94286     0      0
-3.92857     0      0
-3.91429     0      0
-3.9     0      0
-3.88571     0      0
-3.87143     0      0
-3.85714     0      0
-3.84286     0      0
-3.82857     0      0
-3.81429     0      0
-3.8     0      0
-3.78571     0      0
-3.77143     0      0
-3.75714     0      0
-3.74286     0      0
-3.72857     0      0
-3.71429     0      0
-3.7     0      0
-3.68571     0      0
-3.67143     0      0
-3.65714     0      0
-3.64286     0      0
-3.62857     0      0
-3.61429     0      0
-3.6     0      0
-3.58571     0      0
-3.57143     0      0
-3.55714     0      0
-3.54286     0      0
-3.52857     0      0
-3.51429     0      0
-3.5     0      0
-3.48571     0      0
-3.47143     0      0
-3.45714     0      0
-3.44286     0      0
-3.42857     0      0
-3.41429     0      0
-3.4     0      0
-3.38571     0      0
-3.37143     0      0
-3.35714     0      0
-3.34286     0      0
-3.32857     0      0
-3.31429     0      0
-3.3     0      0
-3.28571     0      0
-3.27143     0      0
-3.25714     0      0
-3.24286     0      0
-3.22857     0      0
-3.21429     0      0
-3.2     0      0
-3.18571     0      0
-3.17143     0      0
-3.15714     0      0
-3.14286     0      0
-3.12857     0      0
-3.11429     0      0
-3.1     0      0
-3.08571     0      0
-3.07143     0      0
-3.05714     0      0
-3.04286     0      0
-3.02857     0      0
-3.01429     0      0
-3     0      0
-2.98571     0      0
-2.97143     0      0
-2.95714     0      0
-2.94286     0      0
-2.92857     0      0
-2.91429     0      0
-2.9     0      0
-2.88571     0      0
-2.87143     0      0
-2.85714     0      0
-2.84286     0      0
-2.82857     0      0
-2.81429     0      0
-2.8     0      0
-2.78571     0      0
-2.77143     0      0
-2.75714     0      0
-2.74286     0      0
-2.72857     0      0
-2.71429     0      0
-2.7     0      0
-2.68571     0      0
-2.67143     0      0
-2.65714     0      0
-2.64286     0      0
-2.62857     0      0
-2.61429     0      0
-2.6     0      0
-2.58571     0      0
-2.57143     0      0
-2.55714     0      0
-2.54286     0      0
-2.52857     0      0
-2.51429     0      0
-2.5     0      0
-2.48571     0      0
-2.47143     0      0
-2.45714     0      0
-2.44286     0      0
-2.42857     0      0
-2.41429     0      0
-2.4     0      0
-2.38571     0      0
-2.37143     0      0
-2.35714     0      0
-2.34286     0      0
-2.32857     0      0
-2.31429     0      0
-2.3     0      0
-2.28571     0      0
-2.27143     0      0
-2.25714     0      0
-2.24286     0      0
-2.22857     0      0
-2.21429     0      0
-2.2     0      0
-2.18571     0      0
-2.17143     0      0
-2.15714     0      0
-2.14286     2.54065e-90      0
-2.12857     7.78437e-89      0
-2.11429     1.40966e-83      0
-2.1     3.1054e-82      0
-2.08571     3.12686e-82      0
-2.07143     3.12924e-82      0
-2.05714     1.33157e-76      0
-2.04286     1.24216e-75      0
-2.02857     1.24168e-75      0
-2.01429     1.25217e-75      0
-2     1.07432e-69      0
-1.98571     4.95529e-69      0
-1.97143     4.96674e-69      0
-1.95714     4.98581e-69      0
-1.94286     7.37954e-63      0
-1.92857     1.9783e-62      0
-1.91429     1.97601e-62      0
-1.9     1.99204e-62      0
-1.88571     4.4838e-56      0
-1.87143     7.87354e-56      0
-1.85714     7.90711e-56      0
-1.84286     7.96509e-56      0
-1.82857     2.51373e-49      0
-1.81429     3.13843e-49      0
-1.8     3.17505e-49      0
-1.78571     7.82474e-44      0
-1.77143     3.75313e-17      0
-1.75714     3.1975e-16      0
-1.74286     3.19875e-16      0
-1.72857     3.2075e-16      0
-1.71429     6.49125e-10      0
-1.7     0.0035165      0
-1.68571     0.005108      0
-1.67143     0.005134      0
-1.65714     0.005126      0
-1.64286     0.005166      0
-1.62857     0.005186      0
-1.61429     0.005204      0
-1.6     0.00524      0
-1.58571     0.005228      0
-1.57143     0.005272      0
-1.55714     0.00528      0
-1.54286     0.005314      0
-1.52857     0.005334      0
-1.51429     0.005346      0
-1.5     0.005368      0
-1.48571     0.005402      0
-1.47143     0.005414      0
-1.45714     0.00544      0
-1.44286     0.005436      0
-1.42857     0.005488      0
-1.41429     0.005514      0
-1.4     0.005516      0
-1.38571     0.005578      0
-1.37143     0.005562      0
-1.35714     0.005602      0
-1.34286     0.005632      0
-1.32857     0.005632      0
-1.31429     0.005694      0
-1.3     0.005724      0
-1.28571     0.005712      0
-1.27143     0.005764      0
-1.25714     0.00578      0
-1.24286     0.0058      0
-1.22857     0.005848      0
-1.21429     0.005868      0
-1.2     0.00591      0
-1.18571     0.005906      0
-1.17143     0.005966      0
-1.15714     0.005962      0
-1.14286     0.006046      0
-1.12857     0.006022      0
-1.11429     0.006094      0
-1.1     0.0061      0
-1.08571     0.006156      0
-1.07143     0.00618      0
-1.05714     0.006184      0
-1.04286     0.006286      0
-1.02857     0.00622      0
-1.01429     0.006314      0
-1     0.00634      0
-0.985714     0.006406      0
-0.971429     0.00642      0
-0.957143     0.006476      0
-0.942857     0.006452      0
-0.928571     0.006594      0
-0.914286     0.006556      0
-0.9     0.006644      0
-0.885714     0.006644      0
-0.871429     0.006716      0
-0.857143     0.006738      0
-0.842857     0.006796      0
-0.828571     0.006862      0
-0.814286     0.006896      0
-0.8     0.006912      0
-0.785714     0.006964      0
-0.771429     0.007106      0
-0.757143     0.00706      0
-0.742857     0.007114      0
-0.728571     0.007212      0
-0.714286     0.00725      0
-0.7     0.007324      0
-0.685714     0.00735      0
-0.671429     0.00742      0
-0.657143     0.007494      0
-0.642857     0.007554      0
-0.628571     0.007616      0
-0.614286     0.007734      0
-0.6     0.007736      0
-0.585714     0.007896      0
-0.571429     0.007852      0
-0.557143     0.008026      0
-0.542857     0.00808      0
-0.528571     0.00814      0
-0.514286     0.008228      0
-0.5     0.00841      0
-0.485714     0.008396      0
-0.471429     0.008544      0
-0.457143     0.008674      0
-0.442857     0.00879      0
-0.428571     0.00886      0
-0.414286     0.009048      0
-0.4     0.009148      0
-0.385714     0.00929      0
-0.371429     0.00948      0
-0.357143     0.009606      0
-0.342857     0.009726      0
-0.328571     0.010028      0
-0.314286     0.010228      0
-0.3     0.010424      0
-0.285714     0.010624      0
-0.271429     0.011      0
-0.257143     0.011284      0
-0.242857     0.011638      0
-0.228571     0.01205      0
-0.214286     0.01253      0
-0.2     0.013174      0
-0.185714     0.013848      0
-0.171429     0.014718      0
-0.157143     0.016054      0
-0.142857     0.017852      0
-0.128571     0.02083      0
-0.114286     0.0305185      0
-0.1     0.05165      0
-0.0857143     0.022886      0
-0.0714286     0.017376      0
-0.0571429     0.014502      0
-0.0428571     0.012548      0
-0.0285714     0.011108      0
-0.0142857     0.009975      0
0     0      0
0.0142857     0      0
0.0285714     0      0
0.0428571     0      0
0.0571429     0      0
0.0714286     0      0
0.0857143     0      0
0.1     0      0
0.114286     0      0
0.128571     0      0
0.142857     0      0
0.157143     0      0
0.171429     0      0
0.185714     0      0
0.2     0      1.65179e-89
0.214286     0      6.97881e-82
0.228571     0      1.77395e-81
0.242857     0      6.25289e-75
0.257143     0      4.54951e-69
0.271429     0      2.94056e-68
0.285714     0      4.18781e-16
0.3     0      1.64237e-15
0.314286     0      1.29425e-15
0.328571     0      0.0224485
0.342857     0      0.021452
0.357143     0      0.018884
0.371429     0      0.017866
0.385714     0      0.017676
0.4     0      0.018258
0.414286     0      0.020228
0.428571     0      0.023143
0.442857     0      0.01733
0.457143     0      0.01536
0.471429     0      0.013974
0.485714     0      0.013064
0.5     0      0.012404
0.514286     0      0.011768
0.528571     0      0.011302
0.542857     0      0.010912
0.557143     0      0.010582
0.571429     0      0.010226
0.585714     0      0.009954
0.6     0      0.00976
0.614286     0      0.009554
0.628571     0      0.0093
0.642857     0      0.009124
0.657143     0      0.008976
0.671429     0      0.008826
0.685714     0      0.008602
0.7     0      0.00852
0.714286     0      0.008386
0.728571     0      0.008228
0.742857     0      0.008162
0.757143     0      0.008
0.771429     0      0.007974
0.785714     0      0.007836
0.8     0      0.007734
0.814286     0      0.007618
0.828571     0      0.007578
0.842857     0      0.007492
0.857143     0      0.007352
0.871429     0      0.007326
0.885714     0      0.007256
0.9     0      0.007136
0.914286     0      0.0071
0.928571     0      0.00704
0.942857     0      0.006984
0.957143     0      0.006888
0.971429     0      0.00687
0.985714     0      0.006766
1     0      0.006704
1.01429     0      0.006708
1.02857     0      0.006588
1.04286     0      0.006542
1.05714     0      0.006554
1.07143     0      0.006422
1.08571     0      0.0064
1.1     0      0.006402
1.11429     0      0.006302
1.12857     0      0.00625
1.14286     0      0.006228
1.15714     0      0.00619
1.17143     0      0.006146
1.18571     0      0.006078
1.2     0      0.006064
1.21429     0      0.00601
1.22857     0      0.005966
1.24286     0      0.005934
1.25714     0      0.005908
1.27143     0      0.005862
1.28571     0      0.00583
1.3     0      0.005798
1.31429     0      0.005718
1.32857     0      0.0057
1.34286     0      0.005726
1.35714     0      0.00566
1.37143     0      0.005584
1.38571     0      0.005554
1.4     0      0.005562
1.41429     0      0.005534
1.42857     0      0.005478
1.44286     0      0.005438
1.45714     0      0.005444
1.47143     0      0.005416
1.48571     0      0.00533
1.5     0      0.005354
1.51429     0      0.005338
1.52857     0      0.005262
1.54286     0      0.005254
1.55714     0      0.005212
1.57143     0      0.005214
1.58571     0      0.005184
1.6     0      0.005128
1.61429     0      0.00512
1.62857     0      0.005102
1.64286     0      0.00508
1.65714     0      0.005038
1.67143     0      0.005036
1.68571     0      0.004982
1.7     0      0.004996
1.71429     0      0.004956
1.72857     0      0.004906
1.74286     0      0.004906
1.75714     0      0.004868
1.77143     0      0.004884
1.78571     0      0.00481
1.8     0      0.00484
1.81429     0      0.004754
1.82857     0      0.004784
1.84286     0      0.00475
1.85714     0      0.00474
1.87143     0      0.004714
1.88571     0      0.004694
1.9     0      0.004646
1.91429     0      0.00466
1.92857     0      0.00462
1.94286     0      0.004602
1.95714     0      0.00459
1.97143     0      0.004612
1.98571     0      0.004502
2     0      0.004536
2.01429     0      0.00452
2.02857     0      0.004502
2.04286     0      0.004502
2.05714     0      0.004436
2.07143     0      0.004452
2.08571     0      0.004418
2.1     0      0.004382
2.11429     0      0.0044
2.12857     0      0.004382
2.14286     0      0.004346
2.15714     0      0.004338
2.17143     0      0.00435
2.18571     0      0.004276
2.2     0      0.004282
2.21429     0      0.004274
2.22857     0      0.004266
2.24286     0      0.004244
2.25714     0      0.004218
2.27143     0      0.004212
2.28571     0      0.00419
2.3     0      0.004182
2.31429     0      0.0039045
2.32857     0      6.60313e-23
2.34286     0      6.57188e-23
2.35714     0      6.56563e-23
2.37143     0      6.525e-23
2.38571     0      1.31641e-23
2.4     0      0
2.41429     0      0
2.42857     0      0
2.44286     0      0
2.45714     0      0
2.47143     0      0
2.48571     0      0
2.5     0      0
2.51429     0      0
2.52857     0      0
2.54286     0      0
2.55714     0      0
2.57143     0      0
2.58571     0      0
2.6     0      0
2.61429     0      0
2.62857     0      0
2.64286     0      0
2.65714     0      0
2.67143     0      0
2.68571     0      0
2.7     0      0
2.71429     0      0
2.72857     0      0
2.74286     0      0
2.75714     0      0
2.77143     0      0
2.78571     0      0
2.8     0      0
2.81429     0      0
2.82857     0      0
2.84286     0      0
2.85714     0      0
2.87143     0      0
2.88571     0      0
2.9     0      0
2.91429     0      0
2.92857     0      0
2.94286     0      0
2.95714     0      0
2.97143     0      0
2.98571     0      0
3     0      0
3.01429     0      0
3.02857     0      0
3.04286     0      0
3.05714     0      0
3.07143     0      0
3.08571     0      0
3.1     0      0
3.11429     0      0
3.12857     0      0
3.14286     0      0
3.15714     0      0
3.17143     0      0
3.18571     0      0
3.2     0      0
3.21429     0      0
3.22857     0      0
3.24286     0      0
3.25714     0      0
3.27143     0      0
3.28571     0      0
3.3     0      0
3.31429     0      0
3.32857     0      0
3.34286     0      0
3.35714     0      0
3.37143     0      0
3.38571     0      0
3.4     0      0
3.41429     0      0
3.42857     0      0
3.44286     0      0
3.45714     0      0
3.47143     0      0
3.48571     0      0
3.5     0      0
3.51429     0      0
3.52857     0      0
3.54286     0      0
3.55714     0      0
3.57143     0      0
3.58571     0      0
3.6     0      0
3.61429     0      0
3.62857     0      0
3.64286     0      0
3.65714     0      0
3.67143     0      0
3.68571     0      0
3.7     0      0
3.71429     0      0
3.72857     0      0
3.74286     0      0
3.75714     0      0
3.77143     0      0
3.78571     0      0
3.8     0      0
3.81429     0      0
3.82857     0      0
3.84286     0      0
3.85714     0      0
3.87143     0      0
3.88571     0      0
3.9     0      0
3.91429     0      0
3.92857     0      0
3.94286     0      0
3.95714     0      0
3.97143     0      0
3.98571     0      0
4     0      0
4.01429     0      0
4.02857     0      0
4.04286     0      0
4.05714     0      0
4.07143     0      0
4.08571     0      0
4.1     0      0
4.11429     0      0
4.12857     0      0
4.14286     0      0
4.15714     0      0
4.17143     0      0
4.18571     0      0
4.2     0      0
4.21429     0      0
4.22857     0      0
4.24286     0      0
4.25714     0      0
4.27143     0      0
4.28571     0      0
4.3     0      0
4.31429     0      0
4.32857     0      0
4.34286     0      0
4.35714     0      0
4.37143     0      0
4.38571     0      0
4.4     0      0
4.41429     0      0
4.42857     0      0
4.44286     0      0
4.45714     0      0
4.47143     0      0
4.48571     0      0
4.5     0      0
4.51429     0      0
4.52857     0      0
4.54286     0      0
4.55714     0      0
4.57143     0      0
4.58571     0      0
4.6     0      0
4.61429     0      0
4.62857     0      0
4.64286     0      0
4.65714     0      0
4.67143     0      0
4.68571     0      0
4.7     0      0
4.71429     0      0
4.72857     0      0
4.74286     0      0
4.75714     0      0
4.77143     0      0
4.78571     0      0
4.8     0      0
4.81429     0      0
4.82857     0      0
4.84286     0      0
4.85714     0      0
4.87143     0      0
4.88571     0      0
4.9     0      0
4.91429     0      0
4.92857     0      0
4.94286     0      0
4.95714     0      0
4.97143     0      0
4.98571     0      0
