# U,mu,nA_up, nA_dn, nB_up, nB_dn, ms, mf, ntotal,mu,cint
#energy    dos_upn   dos_upp   dos_dnn  dos_dnp GRID=1000 bin=700
-5     0      0
-4.98571     0      0
-4.97143     0      0
-4.95714     0      0
-4.94286     0      0
-4.92857     0      0
-4.91429     0      0
-4.9     0      0
-4.88571     0      0
-4.87143     0      0
-4.85714     0      0
-4.84286     0      0
-4.82857     0      0
-4.81429     0      0
-4.8     0      0
-4.78571     0      0
-4.77143     0      0
-4.75714     0      0
-4.74286     0      0
-4.72857     0      0
-4.71429     0      0
-4.7     0      0
-4.68571     0      0
-4.67143     0      0
-4.65714     0      0
-4.64286     0      0
-4.62857     0      0
-4.61429     0      0
-4.6     0      0
-4.58571     0      0
-4.57143     0      0
-4.55714     0      0
-4.54286     0      0
-4.52857     0      0
-4.51429     0      0
-4.5     0      0
-4.48571     0      0
-4.47143     0      0
-4.45714     0      0
-4.44286     0      0
-4.42857     0      0
-4.41429     0      0
-4.4     0      0
-4.38571     0      0
-4.37143     0      0
-4.35714     0      0
-4.34286     0      0
-4.32857     0      0
-4.31429     0      0
-4.3     0      0
-4.28571     0      0
-4.27143     0      0
-4.25714     0      0
-4.24286     0      0
-4.22857     0      0
-4.21429     0      0
-4.2     0      0
-4.18571     0      0
-4.17143     0      0
-4.15714     0      0
-4.14286     0      0
-4.12857     0      0
-4.11429     0      0
-4.1     0      0
-4.08571     0      0
-4.07143     0      0
-4.05714     0      0
-4.04286     0      0
-4.02857     0      0
-4.01429     0      0
-4     0      0
-3.98571     0      0
-3.97143     0      0
-3.95714     0      0
-3.94286     0      0
-3.92857     0      0
-3.91429     0      0
-3.9     0      0
-3.88571     0      0
-3.87143     0      0
-3.85714     0      0
-3.84286     0      0
-3.82857     0      0
-3.81429     0      0
-3.8     0      0
-3.78571     0      0
-3.77143     0      0
-3.75714     0      0
-3.74286     0      0
-3.72857     0      0
-3.71429     0      0
-3.7     0      0
-3.68571     0      0
-3.67143     0      0
-3.65714     0      0
-3.64286     0      0
-3.62857     0      0
-3.61429     0      0
-3.6     0      0
-3.58571     0      0
-3.57143     0      0
-3.55714     0      0
-3.54286     0      0
-3.52857     0      0
-3.51429     0      0
-3.5     0      0
-3.48571     0      0
-3.47143     0      0
-3.45714     0      0
-3.44286     0      0
-3.42857     0      0
-3.41429     0      0
-3.4     0      0
-3.38571     0      0
-3.37143     0      0
-3.35714     0      0
-3.34286     0      0
-3.32857     0      0
-3.31429     0      0
-3.3     0      0
-3.28571     0      0
-3.27143     0      0
-3.25714     0      0
-3.24286     0      0
-3.22857     0      0
-3.21429     0      0
-3.2     0      0
-3.18571     0      0
-3.17143     0      0
-3.15714     0      0
-3.14286     0      0
-3.12857     0      0
-3.11429     0      0
-3.1     0      0
-3.08571     0      0
-3.07143     0      0
-3.05714     0      0
-3.04286     0      0
-3.02857     0      0
-3.01429     0      0
-3     0      0
-2.98571     0      0
-2.97143     0      0
-2.95714     0      0
-2.94286     0      0
-2.92857     0      0
-2.91429     0      0
-2.9     0      0
-2.88571     0      0
-2.87143     0      0
-2.85714     0      0
-2.84286     0      0
-2.82857     0      0
-2.81429     0      0
-2.8     0      0
-2.78571     0      0
-2.77143     0      0
-2.75714     0      0
-2.74286     0      0
-2.72857     0      0
-2.71429     0      0
-2.7     0      0
-2.68571     0      0
-2.67143     0      0
-2.65714     0      0
-2.64286     0      0
-2.62857     0      0
-2.61429     0      0
-2.6     0      0
-2.58571     0      0
-2.57143     0      0
-2.55714     0      0
-2.54286     0      0
-2.52857     0      0
-2.51429     0      0
-2.5     0      0
-2.48571     0      0
-2.47143     0      0
-2.45714     0      0
-2.44286     0      0
-2.42857     0      0
-2.41429     0      0
-2.4     0      0
-2.38571     0      0
-2.37143     0      0
-2.35714     0      0
-2.34286     0      0
-2.32857     0      0
-2.31429     0      0
-2.3     0      0
-2.28571     0      0
-2.27143     0      0
-2.25714     0      0
-2.24286     0      0
-2.22857     0      0
-2.21429     0      0
-2.2     0      0
-2.18571     0      0
-2.17143     0      0
-2.15714     0      0
-2.14286     0      0
-2.12857     0      0
-2.11429     0      0
-2.1     0      0
-2.08571     0      0
-2.07143     0      0
-2.05714     0      0
-2.04286     0      0
-2.02857     0      0
-2.01429     0      0
-2     0      0
-1.98571     0      0
-1.97143     0      0
-1.95714     0      0
-1.94286     0      0
-1.92857     0      0
-1.91429     0      0
-1.9     0      0
-1.88571     0      0
-1.87143     0      0
-1.85714     0      0
-1.84286     0.0008785      0
-1.82857     0.005066      0
-1.81429     0.005096      0
-1.8     0.005112      0
-1.78571     0.005112      0
-1.77143     0.005132      0
-1.75714     0.005174      0
-1.74286     0.005182      0
-1.72857     0.00519      0
-1.71429     0.005214      0
-1.7     0.005254      0
-1.68571     0.005246      0
-1.67143     0.005278      0
-1.65714     0.0053      0
-1.64286     0.005308      0
-1.62857     0.005354      0
-1.61429     0.005362      0
-1.6     0.005372      0
-1.58571     0.00539      0
-1.57143     0.005476      0
-1.55714     0.005434      0
-1.54286     0.005432      0
-1.52857     0.005504      0
-1.51429     0.005528      0
-1.5     0.005516      0
-1.48571     0.00559      0
-1.47143     0.005576      0
-1.45714     0.005608      0
-1.44286     0.005624      0
-1.42857     0.005668      0
-1.41429     0.005668      0
-1.4     0.005704      0
-1.38571     0.005732      0
-1.37143     0.005786      0
-1.35714     0.00575      0
-1.34286     0.005834      0
-1.32857     0.005812      0
-1.31429     0.005856      0
-1.3     0.00594      0
-1.28571     0.005908      0
-1.27143     0.005932      0
-1.25714     0.005988      0
-1.24286     0.00598      0
-1.22857     0.006076      0
-1.21429     0.006044      0
-1.2     0.006112      0
-1.18571     0.006134      0
-1.17143     0.00612      0
-1.15714     0.00621      0
-1.14286     0.006228      0
-1.12857     0.006242      0
-1.11429     0.006292      0
-1.1     0.006328      0
-1.08571     0.006348      0
-1.07143     0.006404      0
-1.05714     0.00642      0
-1.04286     0.006464      0
-1.02857     0.006504      0
-1.01429     0.006498      0
-1     0.006598      0
-0.985714     0.00662      0
-0.971429     0.006652      0
-0.957143     0.006696      0
-0.942857     0.006756      0
-0.928571     0.00675      0
-0.914286     0.00682      0
-0.9     0.006832      0
-0.885714     0.00692      0
-0.871429     0.00693      0
-0.857143     0.007012      0
-0.842857     0.00702      0
-0.828571     0.007096      0
-0.814286     0.007156      0
-0.8     0.007188      0
-0.785714     0.007232      0
-0.771429     0.00729      0
-0.757143     0.007344      0
-0.742857     0.007386      0
-0.728571     0.007446      0
-0.714286     0.007528      0
-0.7     0.007586      0
-0.685714     0.007604      0
-0.671429     0.0077      0
-0.657143     0.007736      0
-0.642857     0.007848      0
-0.628571     0.007872      0
-0.614286     0.007906      0
-0.6     0.008054      0
-0.585714     0.008074      0
-0.571429     0.008206      0
-0.557143     0.008252      0
-0.542857     0.008304      0
-0.528571     0.008436      0
-0.514286     0.008522      0
-0.5     0.008592      0
-0.485714     0.008706      0
-0.471429     0.00876      0
-0.457143     0.008902      0
-0.442857     0.008944      0
-0.428571     0.00908      0
-0.414286     0.0092      0
-0.4     0.009376      0
-0.385714     0.00946      0
-0.371429     0.009608      0
-0.357143     0.0097      0
-0.342857     0.009834      0
-0.328571     0.010082      0
-0.314286     0.010248      0
-0.3     0.01042      0
-0.285714     0.01061      0
-0.271429     0.010756      0
-0.257143     0.011132      0
-0.242857     0.011346      0
-0.228571     0.011678      0
-0.214286     0.012002      0
-0.2     0.01228      0
-0.185714     0.012986      0
-0.171429     0.013598      0
-0.157143     0.014378      0
-0.142857     0.015678      0
-0.128571     0.01765      0
-0.114286     0.0258465      0
-0.1     0.032028      0
-0.0857143     0.014646      0
-0.0714286     0.011278      0
-0.0571429     0.009158      0
-0.0428571     0.007842      0
-0.0285714     0.006768      0
-0.0142857     0.005765      0
0     0      0
0.0142857     0      0
0.0285714     0      0.0054945
0.0428571     0      0.018486
0.0571429     0      0.014344
0.0714286     0      0.013228
0.0857143     0      0.012978
0.1     0      0.013184
0.114286     0      0.013874
0.128571     0      0.016681
0.142857     0      0.014938
0.157143     0      0.013142
0.171429     0      0.012338
0.185714     0      0.011648
0.2     0      0.011294
0.214286     0      0.010944
0.228571     0      0.010576
0.242857     0      0.01033
0.257143     0      0.010104
0.271429     0      0.009854
0.285714     0      0.009736
0.3     0      0.00953
0.314286     0      0.009312
0.328571     0      0.009256
0.342857     0      0.009092
0.357143     0      0.008912
0.371429     0      0.008822
0.385714     0      0.008738
0.4     0      0.008558
0.414286     0      0.008454
0.428571     0      0.008392
0.442857     0      0.00825
0.457143     0      0.008214
0.471429     0      0.00807
0.485714     0      0.007996
0.5     0      0.007962
0.514286     0      0.007806
0.528571     0      0.007764
0.542857     0      0.007734
0.557143     0      0.007528
0.571429     0      0.00758
0.585714     0      0.00747
0.6     0      0.007348
0.614286     0      0.007368
0.628571     0      0.007252
0.642857     0      0.007218
0.657143     0      0.00713
0.671429     0      0.007086
0.685714     0      0.007016
0.7     0      0.007012
0.714286     0      0.006884
0.728571     0      0.006836
0.742857     0      0.006864
0.757143     0      0.006696
0.771429     0      0.006712
0.785714     0      0.006676
0.8     0      0.006628
0.814286     0      0.006492
0.828571     0      0.00653
0.842857     0      0.006506
0.857143     0      0.006414
0.871429     0      0.00636
0.885714     0      0.006296
0.9     0      0.006314
0.914286     0      0.006266
0.928571     0      0.006226
0.942857     0      0.006124
0.957143     0      0.006112
0.971429     0      0.006102
0.985714     0      0.006048
1     0      0.00606
1.01429     0      0.005936
1.02857     0      0.00597
1.04286     0      0.005876
1.05714     0      0.005878
1.07143     0      0.005824
1.08571     0      0.005826
1.1     0      0.005766
1.11429     0      0.005738
1.12857     0      0.005696
1.14286     0      0.005642
1.15714     0      0.005636
1.17143     0      0.00561
1.18571     0      0.00561
1.2     0      0.005522
1.21429     0      0.005518
1.22857     0      0.005464
1.24286     0      0.005442
1.25714     0      0.005424
1.27143     0      0.00544
1.28571     0      0.005346
1.3     0      0.005344
1.31429     0      0.005326
1.32857     0      0.005284
1.34286     0      0.005278
1.35714     0      0.005216
1.37143     0      0.005232
1.38571     0      0.005174
1.4     0      0.005134
1.41429     0      0.005208
1.42857     0      0.005044
1.44286     0      0.00509
1.45714     0      0.005084
1.47143     0      0.005014
1.48571     0      0.005036
1.5     0      0.004978
1.51429     0      0.004972
1.52857     0      0.004934
1.54286     0      0.004928
1.55714     0      0.004928
1.57143     0      0.004866
1.58571     0      0.004836
1.6     0      0.00484
1.61429     0      0.004832
1.62857     0      0.00476
1.64286     0      0.004788
1.65714     0      0.004732
1.67143     0      0.004754
1.68571     0      0.00472
1.7     0      0.00468
1.71429     0      0.004666
1.72857     0      0.004644
1.74286     0      0.004676
1.75714     0      0.004582
1.77143     0      0.004584
1.78571     0      0.004596
1.8     0      0.004538
1.81429     0      0.00454
1.82857     0      0.004524
1.84286     0      0.00452
1.85714     0      0.004476
1.87143     0      0.004448
1.88571     0      0.004444
1.9     0      0.004434
1.91429     0      0.00443
1.92857     0      0.0044
1.94286     0      0.004368
1.95714     0      0.00436
1.97143     0      0.00435
1.98571     0      0.004326
2     0      0.004318
2.01429     0      0.004304
2.02857     0      0.004286
2.04286     0      0.004242
2.05714     0      0.00427
2.07143     0      0.004214
2.08571     0      0.004226
2.1     0      0.00421
2.11429     0      0.004188
2.12857     0      0.00418
2.14286     0      0.004152
2.15714     0      0.0041385
2.17143     0      0
2.18571     0      0
2.2     0      0
2.21429     0      0
2.22857     0      0
2.24286     0      0
2.25714     0      0
2.27143     0      0
2.28571     0      0
2.3     0      0
2.31429     0      0
2.32857     0      0
2.34286     0      0
2.35714     0      0
2.37143     0      0
2.38571     0      0
2.4     0      0
2.41429     0      0
2.42857     0      0
2.44286     0      0
2.45714     0      0
2.47143     0      0
2.48571     0      0
2.5     0      0
2.51429     0      0
2.52857     0      0
2.54286     0      0
2.55714     0      0
2.57143     0      0
2.58571     0      0
2.6     0      0
2.61429     0      0
2.62857     0      0
2.64286     0      0
2.65714     0      0
2.67143     0      0
2.68571     0      0
2.7     0      0
2.71429     0      0
2.72857     0      0
2.74286     0      0
2.75714     0      0
2.77143     0      0
2.78571     0      0
2.8     0      0
2.81429     0      0
2.82857     0      0
2.84286     0      0
2.85714     0      0
2.87143     0      0
2.88571     0      0
2.9     0      0
2.91429     0      0
2.92857     0      0
2.94286     0      0
2.95714     0      0
2.97143     0      0
2.98571     0      0
3     0      0
3.01429     0      0
3.02857     0      0
3.04286     0      0
3.05714     0      0
3.07143     0      0
3.08571     0      0
3.1     0      0
3.11429     0      0
3.12857     0      0
3.14286     0      0
3.15714     0      0
3.17143     0      0
3.18571     0      0
3.2     0      0
3.21429     0      0
3.22857     0      0
3.24286     0      0
3.25714     0      0
3.27143     0      0
3.28571     0      0
3.3     0      0
3.31429     0      0
3.32857     0      0
3.34286     0      0
3.35714     0      0
3.37143     0      0
3.38571     0      0
3.4     0      0
3.41429     0      0
3.42857     0      0
3.44286     0      0
3.45714     0      0
3.47143     0      0
3.48571     0      0
3.5     0      0
3.51429     0      0
3.52857     0      0
3.54286     0      0
3.55714     0      0
3.57143     0      0
3.58571     0      0
3.6     0      0
3.61429     0      0
3.62857     0      0
3.64286     0      0
3.65714     0      0
3.67143     0      0
3.68571     0      0
3.7     0      0
3.71429     0      0
3.72857     0      0
3.74286     0      0
3.75714     0      0
3.77143     0      0
3.78571     0      0
3.8     0      0
3.81429     0      0
3.82857     0      0
3.84286     0      0
3.85714     0      0
3.87143     0      0
3.88571     0      0
3.9     0      0
3.91429     0      0
3.92857     0      0
3.94286     0      0
3.95714     0      0
3.97143     0      0
3.98571     0      0
4     0      0
4.01429     0      0
4.02857     0      0
4.04286     0      0
4.05714     0      0
4.07143     0      0
4.08571     0      0
4.1     0      0
4.11429     0      0
4.12857     0      0
4.14286     0      0
4.15714     0      0
4.17143     0      0
4.18571     0      0
4.2     0      0
4.21429     0      0
4.22857     0      0
4.24286     0      0
4.25714     0      0
4.27143     0      0
4.28571     0      0
4.3     0      0
4.31429     0      0
4.32857     0      0
4.34286     0      0
4.35714     0      0
4.37143     0      0
4.38571     0      0
4.4     0      0
4.41429     0      0
4.42857     0      0
4.44286     0      0
4.45714     0      0
4.47143     0      0
4.48571     0      0
4.5     0      0
4.51429     0      0
4.52857     0      0
4.54286     0      0
4.55714     0      0
4.57143     0      0
4.58571     0      0
4.6     0      0
4.61429     0      0
4.62857     0      0
4.64286     0      0
4.65714     0      0
4.67143     0      0
4.68571     0      0
4.7     0      0
4.71429     0      0
4.72857     0      0
4.74286     0      0
4.75714     0      0
4.77143     0      0
4.78571     0      0
4.8     0      0
4.81429     0      0
4.82857     0      0
4.84286     0      0
4.85714     0      0
4.87143     0      0
4.88571     0      0
4.9     0      0
4.91429     0      0
4.92857     0      0
4.94286     0      0
4.95714     0      0
4.97143     0      0
4.98571     0      0
