# U,mu,nA_up, nA_dn, nB_up, nB_dn, ms, mf, ntotal,mu,cint
#energy    dos_upn   dos_upp   dos_dnn  dos_dnp GRID=1000 bin=700
-5     0      0
-4.98571     0      0
-4.97143     0      0
-4.95714     0      0
-4.94286     0      0
-4.92857     0      0
-4.91429     0      0
-4.9     0      0
-4.88571     0      0
-4.87143     0      0
-4.85714     0      0
-4.84286     0      0
-4.82857     0      0
-4.81429     0      0
-4.8     0      0
-4.78571     0      0
-4.77143     0      0
-4.75714     0      0
-4.74286     0      0
-4.72857     0      0
-4.71429     0      0
-4.7     0      0
-4.68571     0      0
-4.67143     0      0
-4.65714     0      0
-4.64286     0      0
-4.62857     0      0
-4.61429     0      0
-4.6     0      0
-4.58571     0      0
-4.57143     0      0
-4.55714     0      0
-4.54286     0      0
-4.52857     0      0
-4.51429     0      0
-4.5     0      0
-4.48571     0      0
-4.47143     0      0
-4.45714     0      0
-4.44286     0      0
-4.42857     0      0
-4.41429     0      0
-4.4     0      0
-4.38571     0      0
-4.37143     0      0
-4.35714     0      0
-4.34286     0      0
-4.32857     0      0
-4.31429     0      0
-4.3     0      0
-4.28571     0      0
-4.27143     0      0
-4.25714     0      0
-4.24286     0      0
-4.22857     0      0
-4.21429     0      0
-4.2     0      0
-4.18571     0      0
-4.17143     0      0
-4.15714     0      0
-4.14286     0      0
-4.12857     0      0
-4.11429     0      0
-4.1     0      0
-4.08571     0      0
-4.07143     0      0
-4.05714     0      0
-4.04286     0      0
-4.02857     0      0
-4.01429     0      0
-4     0      0
-3.98571     0      0
-3.97143     0      0
-3.95714     0      0
-3.94286     0      0
-3.92857     0      0
-3.91429     0      0
-3.9     0      0
-3.88571     0      0
-3.87143     0      0
-3.85714     0      0
-3.84286     0      0
-3.82857     0      0
-3.81429     0      0
-3.8     0      0
-3.78571     0      0
-3.77143     0      0
-3.75714     0      0
-3.74286     0      0
-3.72857     0      0
-3.71429     0      0
-3.7     0      0
-3.68571     0      0
-3.67143     0      0
-3.65714     0      0
-3.64286     0      0
-3.62857     0      0
-3.61429     0      0
-3.6     0      0
-3.58571     0      0
-3.57143     0      0
-3.55714     0      0
-3.54286     0      0
-3.52857     0      0
-3.51429     0      0
-3.5     0      0
-3.48571     0      0
-3.47143     0      0
-3.45714     0      0
-3.44286     0      0
-3.42857     0      0
-3.41429     0      0
-3.4     0      0
-3.38571     0      0
-3.37143     0      0
-3.35714     0      0
-3.34286     0      0
-3.32857     0      0
-3.31429     0      0
-3.3     0      0
-3.28571     0      0
-3.27143     0      0
-3.25714     0      0
-3.24286     0      0
-3.22857     0      0
-3.21429     0      0
-3.2     0      0
-3.18571     0      0
-3.17143     0      0
-3.15714     0      0
-3.14286     0      0
-3.12857     0      0
-3.11429     0      0
-3.1     0      0
-3.08571     0      0
-3.07143     0      0
-3.05714     0      0
-3.04286     0      0
-3.02857     0      0
-3.01429     0      0
-3     0      0
-2.98571     0      0
-2.97143     0      0
-2.95714     0      0
-2.94286     0      0
-2.92857     0      0
-2.91429     0      0
-2.9     0      0
-2.88571     0      0
-2.87143     0      0
-2.85714     0      0
-2.84286     0      0
-2.82857     0      0
-2.81429     0      0
-2.8     0      0
-2.78571     0      0
-2.77143     0      0
-2.75714     0      0
-2.74286     0      0
-2.72857     0      0
-2.71429     0      0
-2.7     0      0
-2.68571     0      0
-2.67143     0      0
-2.65714     0      0
-2.64286     0      0
-2.62857     0      0
-2.61429     0      0
-2.6     0      0
-2.58571     0      0
-2.57143     0      0
-2.55714     0      0
-2.54286     0      0
-2.52857     0      0
-2.51429     0      0
-2.5     0      0
-2.48571     0      0
-2.47143     0      0
-2.45714     0      0
-2.44286     0      0
-2.42857     0      0
-2.41429     0      0
-2.4     0      0
-2.38571     0      0
-2.37143     0      0
-2.35714     0      0
-2.34286     0      0
-2.32857     0      0
-2.31429     0      0
-2.3     0      0
-2.28571     0      0
-2.27143     0      0
-2.25714     0      0
-2.24286     0      0
-2.22857     0      0
-2.21429     0      0
-2.2     0      0
-2.18571     0      0
-2.17143     0      0
-2.15714     0      0
-2.14286     1.66504e-37      0
-2.12857     5.10156e-36      0
-2.11429     9.23833e-31      0
-2.1     2.03516e-29      0
-2.08571     2.04922e-29      0
-2.07143     2.05078e-29      0
-2.05714     8.72658e-24      0
-2.04286     8.14063e-23      0
-2.02857     8.1375e-23      0
-2.01429     8.20625e-23      0
-2     7.04063e-17      0
-1.98571     3.2475e-16      0
-1.97143     3.255e-16      0
-1.95714     3.2675e-16      0
-1.94286     4.83625e-10      0
-1.92857     1.2965e-09      0
-1.91429     1.295e-09      0
-1.9     1.3055e-09      0
-1.88571     0.0029385      0
-1.87143     0.00516      0
-1.85714     0.005182      0
-1.84286     0.00522      0
-1.82857     0.00523      0
-1.81429     0.005248      0
-1.8     0.005274      0
-1.78571     0.005304      0
-1.77143     0.005316      0
-1.75714     0.005336      0
-1.74286     0.005342      0
-1.72857     0.00539      0
-1.71429     0.0054      0
-1.7     0.00545      0
-1.68571     0.005442      0
-1.67143     0.005508      0
-1.65714     0.00546      0
-1.64286     0.005562      0
-1.62857     0.005532      0
-1.61429     0.00555      0
-1.6     0.005616      0
-1.58571     0.005644      0
-1.57143     0.005666      0
-1.55714     0.005696      0
-1.54286     0.005688      0
-1.52857     0.005754      0
-1.51429     0.005744      0
-1.5     0.005796      0
-1.48571     0.005834      0
-1.47143     0.005872      0
-1.45714     0.005884      0
-1.44286     0.005912      0
-1.42857     0.00594      0
-1.41429     0.005976      0
-1.4     0.005986      0
-1.38571     0.006054      0
-1.37143     0.006108      0
-1.35714     0.006118      0
-1.34286     0.006106      0
-1.32857     0.006186      0
-1.31429     0.006248      0
-1.3     0.006208      0
-1.28571     0.006342      0
-1.27143     0.006318      0
-1.25714     0.00637      0
-1.24286     0.0064      0
-1.22857     0.006484      0
-1.21429     0.006464      0
-1.2     0.006562      0
-1.18571     0.00658      0
-1.17143     0.00658      0
-1.15714     0.006732      0
-1.14286     0.0067      0
-1.12857     0.006774      0
-1.11429     0.0068      0
-1.1     0.006856      0
-1.08571     0.006942      0
-1.07143     0.006988      0
-1.05714     0.007042      0
-1.04286     0.007072      0
-1.02857     0.007128      0
-1.01429     0.007222      0
-1     0.007252      0
-0.985714     0.00737      0
-0.971429     0.007384      0
-0.957143     0.007486      0
-0.942857     0.007532      0
-0.928571     0.007638      0
-0.914286     0.007652      0
-0.9     0.007812      0
-0.885714     0.007874      0
-0.871429     0.007916      0
-0.857143     0.00803      0
-0.842857     0.008146      0
-0.828571     0.008226      0
-0.814286     0.008346      0
-0.8     0.008382      0
-0.785714     0.008614      0
-0.771429     0.008668      0
-0.757143     0.00881      0
-0.742857     0.008946      0
-0.728571     0.009102      0
-0.714286     0.00926      0
-0.7     0.009352      0
-0.685714     0.009624      0
-0.671429     0.009824      0
-0.657143     0.009956      0
-0.642857     0.010172      0
-0.628571     0.010468      0
-0.614286     0.010774      0
-0.6     0.011014      0
-0.585714     0.011382      0
-0.571429     0.011746      0
-0.557143     0.012148      0
-0.542857     0.01269      0
-0.528571     0.013226      0
-0.514286     0.014052      0
-0.5     0.01478      0
-0.485714     0.015956      0
-0.471429     0.017328      0
-0.457143     0.019486      0
-0.442857     0.022882      0
-0.428571     0.031718      0
-0.414286     0.0663425      0
-0.4     0.02992      0
-0.385714     0.022432      0
-0.371429     0.018676      0
-0.357143     0.016234      0
-0.342857     0.014468      0
-0.328571     0.013072      0
-0.314286     0.000595      0
-0.3     0      0
-0.285714     0      0
-0.271429     0      0
-0.257143     0      0
-0.242857     0      0
-0.228571     0      0
-0.214286     0      0
-0.2     0      0
-0.185714     0      0
-0.171429     0      0
-0.157143     0      0
-0.142857     0      0
-0.128571     0      0
-0.114286     0      0
-0.1     0      0
-0.0857143     0      0
-0.0714286     0      0
-0.0571429     0      0
-0.0428571     0      0
-0.0285714     0      0
-0.0142857     0      0
0     0      0
0.0142857     0      0
0.0285714     0      0
0.0428571     0      0
0.0571429     0      0
0.0714286     0      0
0.0857143     0      0
0.1     0      0
0.114286     0      0
0.128571     0      0
0.142857     0      0
0.157143     0      0
0.171429     0      0
0.185714     0      0
0.2     0      1.08252e-36
0.214286     0      4.57364e-29
0.228571     0      1.16258e-28
0.242857     0      4.09789e-22
0.257143     0      2.98157e-16
0.271429     0      1.92713e-15
0.285714     0      3.36113e-09
0.3     0      6.9865e-09
0.314286     0      0.0177085
0.328571     0      0.026462
0.342857     0      0.022716
0.357143     0      0.021334
0.371429     0      0.02097
0.385714     0      0.021376
0.4     0      0.023234
0.414286     0      0.028615
0.428571     0      0.021414
0.442857     0      0.018074
0.457143     0      0.016222
0.471429     0      0.01492
0.485714     0      0.013908
0.5     0      0.013106
0.514286     0      0.01252
0.528571     0      0.01189
0.542857     0      0.011426
0.557143     0      0.011078
0.571429     0      0.01066
0.585714     0      0.010342
0.6     0      0.010074
0.614286     0      0.009788
0.628571     0      0.009522
0.642857     0      0.009386
0.657143     0      0.009128
0.671429     0      0.008982
0.685714     0      0.008724
0.7     0      0.008646
0.714286     0      0.008474
0.728571     0      0.008348
0.742857     0      0.008184
0.757143     0      0.008042
0.771429     0      0.007966
0.785714     0      0.007858
0.8     0      0.007684
0.814286     0      0.007664
0.828571     0      0.0075
0.842857     0      0.007462
0.857143     0      0.007358
0.871429     0      0.007232
0.885714     0      0.007206
0.9     0      0.007086
0.914286     0      0.007032
0.928571     0      0.006954
0.942857     0      0.006862
0.957143     0      0.006834
0.971429     0      0.006754
0.985714     0      0.006712
1     0      0.006604
1.01429     0      0.006576
1.02857     0      0.006508
1.04286     0      0.006482
1.05714     0      0.006368
1.07143     0      0.006332
1.08571     0      0.006332
1.1     0      0.00621
1.11429     0      0.00618
1.12857     0      0.006148
1.14286     0      0.006114
1.15714     0      0.006036
1.17143     0      0.005996
1.18571     0      0.005974
1.2     0      0.005946
1.21429     0      0.005874
1.22857     0      0.005802
1.24286     0      0.005822
1.25714     0      0.005766
1.27143     0      0.005674
1.28571     0      0.005748
1.3     0      0.005608
1.31429     0      0.005654
1.32857     0      0.00554
1.34286     0      0.00553
1.35714     0      0.00554
1.37143     0      0.005468
1.38571     0      0.005448
1.4     0      0.005426
1.41429     0      0.005372
1.42857     0      0.005342
1.44286     0      0.005318
1.45714     0      0.005268
1.47143     0      0.005292
1.48571     0      0.005198
1.5     0      0.005204
1.51429     0      0.00519
1.52857     0      0.005128
1.54286     0      0.005132
1.55714     0      0.005066
1.57143     0      0.005072
1.58571     0      0.005044
1.6     0      0.00502
1.61429     0      0.004992
1.62857     0      0.004932
1.64286     0      0.004952
1.65714     0      0.004908
1.67143     0      0.004886
1.68571     0      0.004876
1.7     0      0.004842
1.71429     0      0.004832
1.72857     0      0.004786
1.74286     0      0.004766
1.75714     0      0.004726
1.77143     0      0.004762
1.78571     0      0.004702
1.8     0      0.004688
1.81429     0      0.004642
1.82857     0      0.004664
1.84286     0      0.004628
1.85714     0      0.004604
1.87143     0      0.004576
1.88571     0      0.00456
1.9     0      0.004524
1.91429     0      0.004532
1.92857     0      0.004504
1.94286     0      0.004476
1.95714     0      0.00448
1.97143     0      0.004444
1.98571     0      0.004424
2     0      0.004422
2.01429     0      0.004388
2.02857     0      0.004366
2.04286     0      0.004378
2.05714     0      0.004332
2.07143     0      0.004314
2.08571     0      0.004314
2.1     0      0.0043
2.11429     0      0.00425
2.12857     0      0.004264
2.14286     0      0.004238
2.15714     0      0.004224
2.17143     0      0.00421
2.18571     0      0.0005025
2.2     0      0
2.21429     0      0
2.22857     0      0
2.24286     0      0
2.25714     0      0
2.27143     0      0
2.28571     0      0
2.3     0      0
2.31429     0      0
2.32857     0      0
2.34286     0      0
2.35714     0      0
2.37143     0      0
2.38571     0      0
2.4     0      0
2.41429     0      0
2.42857     0      0
2.44286     0      0
2.45714     0      0
2.47143     0      0
2.48571     0      0
2.5     0      0
2.51429     0      0
2.52857     0      0
2.54286     0      0
2.55714     0      0
2.57143     0      0
2.58571     0      0
2.6     0      0
2.61429     0      0
2.62857     0      0
2.64286     0      0
2.65714     0      0
2.67143     0      0
2.68571     0      0
2.7     0      0
2.71429     0      0
2.72857     0      0
2.74286     0      0
2.75714     0      0
2.77143     0      0
2.78571     0      0
2.8     0      0
2.81429     0      0
2.82857     0      0
2.84286     0      0
2.85714     0      0
2.87143     0      0
2.88571     0      0
2.9     0      0
2.91429     0      0
2.92857     0      0
2.94286     0      0
2.95714     0      0
2.97143     0      0
2.98571     0      0
3     0      0
3.01429     0      0
3.02857     0      0
3.04286     0      0
3.05714     0      0
3.07143     0      0
3.08571     0      0
3.1     0      0
3.11429     0      0
3.12857     0      0
3.14286     0      0
3.15714     0      0
3.17143     0      0
3.18571     0      0
3.2     0      0
3.21429     0      0
3.22857     0      0
3.24286     0      0
3.25714     0      0
3.27143     0      0
3.28571     0      0
3.3     0      0
3.31429     0      0
3.32857     0      0
3.34286     0      0
3.35714     0      0
3.37143     0      0
3.38571     0      0
3.4     0      0
3.41429     0      0
3.42857     0      0
3.44286     0      0
3.45714     0      0
3.47143     0      0
3.48571     0      0
3.5     0      0
3.51429     0      0
3.52857     0      0
3.54286     0      0
3.55714     0      0
3.57143     0      0
3.58571     0      0
3.6     0      0
3.61429     0      0
3.62857     0      0
3.64286     0      0
3.65714     0      0
3.67143     0      0
3.68571     0      0
3.7     0      0
3.71429     0      0
3.72857     0      0
3.74286     0      0
3.75714     0      0
3.77143     0      0
3.78571     0      0
3.8     0      0
3.81429     0      0
3.82857     0      0
3.84286     0      0
3.85714     0      0
3.87143     0      0
3.88571     0      0
3.9     0      0
3.91429     0      0
3.92857     0      0
3.94286     0      0
3.95714     0      0
3.97143     0      0
3.98571     0      0
4     0      0
4.01429     0      0
4.02857     0      0
4.04286     0      0
4.05714     0      0
4.07143     0      0
4.08571     0      0
4.1     0      0
4.11429     0      0
4.12857     0      0
4.14286     0      0
4.15714     0      0
4.17143     0      0
4.18571     0      0
4.2     0      0
4.21429     0      0
4.22857     0      0
4.24286     0      0
4.25714     0      0
4.27143     0      0
4.28571     0      0
4.3     0      0
4.31429     0      0
4.32857     0      0
4.34286     0      0
4.35714     0      0
4.37143     0      0
4.38571     0      0
4.4     0      0
4.41429     0      0
4.42857     0      0
4.44286     0      0
4.45714     0      0
4.47143     0      0
4.48571     0      0
4.5     0      0
4.51429     0      0
4.52857     0      0
4.54286     0      0
4.55714     0      0
4.57143     0      0
4.58571     0      0
4.6     0      0
4.61429     0      0
4.62857     0      0
4.64286     0      0
4.65714     0      0
4.67143     0      0
4.68571     0      0
4.7     0      0
4.71429     0      0
4.72857     0      0
4.74286     0      0
4.75714     0      0
4.77143     0      0
4.78571     0      0
4.8     0      0
4.81429     0      0
4.82857     0      0
4.84286     0      0
4.85714     0      0
4.87143     0      0
4.88571     0      0
4.9     0      0
4.91429     0      0
4.92857     0      0
4.94286     0      0
4.95714     0      0
4.97143     0      0
4.98571     0      0
