# U,mu,nA_up, nA_dn, nB_up, nB_dn, ms, mf, ntotal,mu,cint
#energy    dos_upn   dos_upp   dos_dnn  dos_dnp GRID=1000 bin=700
-5     0      0
-4.98571     0      0
-4.97143     0      0
-4.95714     0      0
-4.94286     0      0
-4.92857     0      0
-4.91429     0      0
-4.9     0      0
-4.88571     0      0
-4.87143     0      0
-4.85714     0      0
-4.84286     0      0
-4.82857     0      0
-4.81429     0      0
-4.8     0      0
-4.78571     0      0
-4.77143     0      0
-4.75714     0      0
-4.74286     0      0
-4.72857     0      0
-4.71429     0      0
-4.7     0      0
-4.68571     0      0
-4.67143     0      0
-4.65714     0      0
-4.64286     0      0
-4.62857     0      0
-4.61429     0      0
-4.6     0      0
-4.58571     0      0
-4.57143     0      0
-4.55714     0      0
-4.54286     0      0
-4.52857     0      0
-4.51429     0      0
-4.5     0      0
-4.48571     0      0
-4.47143     0      0
-4.45714     0      0
-4.44286     0      0
-4.42857     0      0
-4.41429     0      0
-4.4     0      0
-4.38571     0      0
-4.37143     0      0
-4.35714     0      0
-4.34286     0      0
-4.32857     0      0
-4.31429     0      0
-4.3     0      0
-4.28571     0      0
-4.27143     0      0
-4.25714     0      0
-4.24286     0      0
-4.22857     0      0
-4.21429     0      0
-4.2     0      0
-4.18571     0      0
-4.17143     0      0
-4.15714     0      0
-4.14286     0      0
-4.12857     0      0
-4.11429     0      0
-4.1     0      0
-4.08571     0      0
-4.07143     0      0
-4.05714     0      0
-4.04286     0      0
-4.02857     0      0
-4.01429     0      0
-4     0      0
-3.98571     0      0
-3.97143     0      0
-3.95714     0      0
-3.94286     0      0
-3.92857     0      0
-3.91429     0      0
-3.9     0      0
-3.88571     0      0
-3.87143     0      0
-3.85714     0      0
-3.84286     0      0
-3.82857     0      0
-3.81429     0      0
-3.8     0      0
-3.78571     0      0
-3.77143     0      0
-3.75714     0      0
-3.74286     0      0
-3.72857     0      0
-3.71429     0      0
-3.7     0      0
-3.68571     0      0
-3.67143     0      0
-3.65714     0      0
-3.64286     0      0
-3.62857     0      0
-3.61429     0      0
-3.6     0      0
-3.58571     0      0
-3.57143     0      0
-3.55714     0      0
-3.54286     0      0
-3.52857     0      0
-3.51429     0      0
-3.5     0      0
-3.48571     0      0
-3.47143     0      0
-3.45714     0      0
-3.44286     0      0
-3.42857     0      0
-3.41429     0      0
-3.4     0      0
-3.38571     0      0
-3.37143     0      0
-3.35714     0      0
-3.34286     0      0
-3.32857     0      0
-3.31429     0      0
-3.3     0      0
-3.28571     0      0
-3.27143     0      0
-3.25714     0      0
-3.24286     0      0
-3.22857     0      0
-3.21429     0      0
-3.2     0      0
-3.18571     0      0
-3.17143     0      0
-3.15714     0      0
-3.14286     0      0
-3.12857     0      0
-3.11429     0      0
-3.1     0      0
-3.08571     0      0
-3.07143     0      0
-3.05714     0      0
-3.04286     0      0
-3.02857     0      0
-3.01429     0      0
-3     0      0
-2.98571     0      0
-2.97143     0      0
-2.95714     0      0
-2.94286     0      0
-2.92857     0      0
-2.91429     0      0
-2.9     0      0
-2.88571     0      0
-2.87143     0      0
-2.85714     0      0
-2.84286     0      0
-2.82857     0      0
-2.81429     0      0
-2.8     0      0
-2.78571     0      0
-2.77143     0      0
-2.75714     0      0
-2.74286     0      0
-2.72857     0      0
-2.71429     0      0
-2.7     0      0
-2.68571     0      0
-2.67143     0      0
-2.65714     0      0
-2.64286     0      0
-2.62857     0      0
-2.61429     0      0
-2.6     0      0
-2.58571     0      0
-2.57143     0      0
-2.55714     0      0
-2.54286     0      0
-2.52857     0      0
-2.51429     0      0
-2.5     0      0
-2.48571     0      0
-2.47143     0      0
-2.45714     0      0
-2.44286     0      0
-2.42857     0      0
-2.41429     0      0
-2.4     0      0
-2.38571     0      0
-2.37143     0      0
-2.35714     0      0
-2.34286     0      0
-2.32857     0      0
-2.31429     0      0
-2.3     0      0
-2.28571     0      0
-2.27143     0      0
-2.25714     0      0
-2.24286     0      0
-2.22857     0      0
-2.21429     0      0
-2.2     0      0
-2.18571     0      0
-2.17143     0      0
-2.15714     0      0
-2.14286     1.62601e-70      0
-2.12857     4.98199e-69      0
-2.11429     9.02181e-64      0
-2.1     1.98746e-62      0
-2.08571     2.00119e-62      0
-2.07143     2.00272e-62      0
-2.05714     8.52205e-57      0
-2.04286     7.94983e-56      0
-2.02857     7.94678e-56      0
-2.01429     8.01392e-56      0
-2     6.87562e-50      0
-1.98571     3.17139e-49      0
-1.97143     3.17871e-49      0
-1.95714     3.19092e-49      0
-1.94286     4.7229e-43      0
-1.92857     1.26611e-42      0
-1.91429     1.26465e-42      0
-1.9     1.2749e-42      0
-1.88571     2.86963e-36      0
-1.87143     5.03906e-36      0
-1.85714     5.06055e-36      0
-1.84286     5.09766e-36      0
-1.82857     1.60879e-29      0
-1.81429     2.00859e-29      0
-1.8     2.03203e-29      0
-1.78571     5.00783e-24      0
-1.77143     8.02188e-23      0
-1.75714     8.07188e-23      0
-1.74286     8.09375e-23      0
-1.72857     1.12406e-16      0
-1.71429     3.21875e-16      0
-1.7     3.2175e-16      0
-1.68571     3.23375e-16      0
-1.67143     8.57625e-10      0
-1.65714     0.0018765      0
-1.64286     0.005122      0
-1.62857     0.005132      0
-1.61429     0.00516      0
-1.6     0.005176      0
-1.58571     0.005194      0
-1.57143     0.00523      0
-1.55714     0.005244      0
-1.54286     0.00526      0
-1.52857     0.005276      0
-1.51429     0.005294      0
-1.5     0.005334      0
-1.48571     0.005338      0
-1.47143     0.005376      0
-1.45714     0.00539      0
-1.44286     0.00542      0
-1.42857     0.005414      0
-1.41429     0.005472      0
-1.4     0.005452      0
-1.38571     0.005542      0
-1.37143     0.005522      0
-1.35714     0.00553      0
-1.34286     0.005578      0
-1.32857     0.00564      0
-1.31429     0.005596      0
-1.3     0.005682      0
-1.28571     0.005688      0
-1.27143     0.005676      0
-1.25714     0.00572      0
-1.24286     0.005786      0
-1.22857     0.005804      0
-1.21429     0.00576      0
-1.2     0.005874      0
-1.18571     0.005862      0
-1.17143     0.005936      0
-1.15714     0.00592      0
-1.14286     0.005948      0
-1.12857     0.006004      0
-1.11429     0.006054      0
-1.1     0.006006      0
-1.08571     0.006134      0
-1.07143     0.00611      0
-1.05714     0.00613      0
-1.04286     0.00622      0
-1.02857     0.006216      0
-1.01429     0.006252      0
-1     0.006296      0
-0.985714     0.006358      0
-0.971429     0.006348      0
-0.957143     0.006402      0
-0.942857     0.00647      0
-0.928571     0.006468      0
-0.914286     0.006528      0
-0.9     0.006552      0
-0.885714     0.00663      0
-0.871429     0.006636      0
-0.857143     0.006692      0
-0.842857     0.00675      0
-0.828571     0.006792      0
-0.814286     0.006864      0
-0.8     0.00688      0
-0.785714     0.006936      0
-0.771429     0.006994      0
-0.757143     0.007038      0
-0.742857     0.007084      0
-0.728571     0.007158      0
-0.714286     0.007196      0
-0.7     0.007256      0
-0.685714     0.00735      0
-0.671429     0.007374      0
-0.657143     0.007476      0
-0.642857     0.00751      0
-0.628571     0.007608      0
-0.614286     0.007642      0
-0.6     0.00773      0
-0.585714     0.00781      0
-0.571429     0.007896      0
-0.557143     0.007954      0
-0.542857     0.008058      0
-0.528571     0.008142      0
-0.514286     0.008274      0
-0.5     0.008304      0
-0.485714     0.008436      0
-0.471429     0.00855      0
-0.457143     0.008648      0
-0.442857     0.00877      0
-0.428571     0.008924      0
-0.414286     0.009106      0
-0.4     0.009156      0
-0.385714     0.00934      0
-0.371429     0.009506      0
-0.357143     0.009642      0
-0.342857     0.009916      0
-0.328571     0.01006      0
-0.314286     0.010308      0
-0.3     0.010544      0
-0.285714     0.010828      0
-0.271429     0.011106      0
-0.257143     0.011544      0
-0.242857     0.01185      0
-0.228571     0.012312      0
-0.214286     0.012896      0
-0.2     0.013576      0
-0.185714     0.014304      0
-0.171429     0.015332      0
-0.157143     0.016736      0
-0.142857     0.018674      0
-0.128571     0.022508      0
-0.114286     0.0392765      0
-0.1     0.049694      0
-0.0857143     0.024618      0
-0.0714286     0.018962      0
-0.0571429     0.015844      0
-0.0428571     0.013818      0
-0.0285714     0.012264      0
-0.0142857     0.010145      0
0     0      0
0.0142857     0      0
0.0285714     0      0
0.0428571     0      0
0.0571429     0      0
0.0714286     0      0
0.0857143     0      0
0.1     0      0
0.114286     0      0
0.128571     0      0
0.142857     0      0
0.157143     0      0
0.171429     0      0
0.185714     0      0
0.2     0      1.05715e-69
0.214286     0      4.46644e-62
0.228571     0      1.13533e-61
0.242857     0      4.00185e-55
0.257143     0      2.91169e-49
0.271429     0      1.88196e-48
0.285714     0      3.28235e-42
0.3     0      6.82276e-42
0.314286     0      1.72935e-35
0.328571     0      2.58418e-35
0.342857     0      7.23457e-29
0.357143     0      1.00938e-28
0.371429     0      2.57133e-22
0.385714     0      4.03063e-22
0.4     0      7.09532e-16
0.414286     0      1.66263e-15
0.428571     0      0.0030725
0.442857     0      0.028424
0.457143     0      0.021826
0.471429     0      0.01976
0.485714     0      0.019076
0.5     0      0.019106
0.514286     0      0.02002
0.528571     0      0.024607
0.542857     0      0.021954
0.557143     0      0.017598
0.571429     0      0.015618
0.585714     0      0.014388
0.6     0      0.013368
0.614286     0      0.012648
0.628571     0      0.012046
0.642857     0      0.011554
0.657143     0      0.011084
0.671429     0      0.010738
0.685714     0      0.010422
0.7     0      0.010122
0.714286     0      0.009826
0.728571     0      0.009606
0.742857     0      0.009412
0.757143     0      0.009164
0.771429     0      0.009026
0.785714     0      0.008888
0.8     0      0.008626
0.814286     0      0.00852
0.828571     0      0.008422
0.842857     0      0.008288
0.857143     0      0.008136
0.871429     0      0.00801
0.885714     0      0.007892
0.9     0      0.007822
0.914286     0      0.00774
0.928571     0      0.007586
0.942857     0      0.007554
0.957143     0      0.007438
0.971429     0      0.007376
0.985714     0      0.007276
1     0      0.00722
1.01429     0      0.00715
1.02857     0      0.007038
1.04286     0      0.007026
1.05714     0      0.006878
1.07143     0      0.006866
1.08571     0      0.006782
1.1     0      0.00673
1.11429     0      0.006686
1.12857     0      0.006618
1.14286     0      0.006564
1.15714     0      0.006484
1.17143     0      0.006456
1.18571     0      0.006432
1.2     0      0.006348
1.21429     0      0.006274
1.22857     0      0.00626
1.24286     0      0.006204
1.25714     0      0.00618
1.27143     0      0.006094
1.28571     0      0.006138
1.3     0      0.006014
1.31429     0      0.005986
1.32857     0      0.005936
1.34286     0      0.005912
1.35714     0      0.0059
1.37143     0      0.005846
1.38571     0      0.005782
1.4     0      0.005734
1.41429     0      0.00573
1.42857     0      0.005698
1.44286     0      0.005678
1.45714     0      0.00561
1.47143     0      0.005574
1.48571     0      0.005548
1.5     0      0.005564
1.51429     0      0.005442
1.52857     0      0.00547
1.54286     0      0.005442
1.55714     0      0.005366
1.57143     0      0.005378
1.58571     0      0.005344
1.6     0      0.005288
1.61429     0      0.005324
1.62857     0      0.005226
1.64286     0      0.005214
1.65714     0      0.0052
1.67143     0      0.00517
1.68571     0      0.005136
1.7     0      0.005122
1.71429     0      0.005092
1.72857     0      0.005068
1.74286     0      0.005014
1.75714     0      0.005028
1.77143     0      0.00502
1.78571     0      0.004942
1.8     0      0.004936
1.81429     0      0.004924
1.82857     0      0.004898
1.84286     0      0.004878
1.85714     0      0.004828
1.87143     0      0.004832
1.88571     0      0.004802
1.9     0      0.004784
1.91429     0      0.00477
1.92857     0      0.004758
1.94286     0      0.00469
1.95714     0      0.0047
1.97143     0      0.00469
1.98571     0      0.004652
2     0      0.004624
2.01429     0      0.004632
2.02857     0      0.004612
2.04286     0      0.004558
2.05714     0      0.004564
2.07143     0      0.004532
2.08571     0      0.004504
2.1     0      0.004536
2.11429     0      0.004456
2.12857     0      0.00448
2.14286     0      0.004428
2.15714     0      0.004424
2.17143     0      0.00442
2.18571     0      0.004392
2.2     0      0.004382
2.21429     0      0.004356
2.22857     0      0.00433
2.24286     0      0.004342
2.25714     0      0.004304
2.27143     0      0.004278
2.28571     0      0.004274
2.3     0      0.00427
2.31429     0      0.004242
2.32857     0      0.004226
2.34286     0      0.004206
2.35714     0      0.004202
2.37143     0      0.004176
2.38571     0      0.0008425
2.4     0      0
2.41429     0      0
2.42857     0      0
2.44286     0      0
2.45714     0      0
2.47143     0      0
2.48571     0      0
2.5     0      0
2.51429     0      0
2.52857     0      0
2.54286     0      0
2.55714     0      0
2.57143     0      0
2.58571     0      0
2.6     0      0
2.61429     0      0
2.62857     0      0
2.64286     0      0
2.65714     0      0
2.67143     0      0
2.68571     0      0
2.7     0      0
2.71429     0      0
2.72857     0      0
2.74286     0      0
2.75714     0      0
2.77143     0      0
2.78571     0      0
2.8     0      0
2.81429     0      0
2.82857     0      0
2.84286     0      0
2.85714     0      0
2.87143     0      0
2.88571     0      0
2.9     0      0
2.91429     0      0
2.92857     0      0
2.94286     0      0
2.95714     0      0
2.97143     0      0
2.98571     0      0
3     0      0
3.01429     0      0
3.02857     0      0
3.04286     0      0
3.05714     0      0
3.07143     0      0
3.08571     0      0
3.1     0      0
3.11429     0      0
3.12857     0      0
3.14286     0      0
3.15714     0      0
3.17143     0      0
3.18571     0      0
3.2     0      0
3.21429     0      0
3.22857     0      0
3.24286     0      0
3.25714     0      0
3.27143     0      0
3.28571     0      0
3.3     0      0
3.31429     0      0
3.32857     0      0
3.34286     0      0
3.35714     0      0
3.37143     0      0
3.38571     0      0
3.4     0      0
3.41429     0      0
3.42857     0      0
3.44286     0      0
3.45714     0      0
3.47143     0      0
3.48571     0      0
3.5     0      0
3.51429     0      0
3.52857     0      0
3.54286     0      0
3.55714     0      0
3.57143     0      0
3.58571     0      0
3.6     0      0
3.61429     0      0
3.62857     0      0
3.64286     0      0
3.65714     0      0
3.67143     0      0
3.68571     0      0
3.7     0      0
3.71429     0      0
3.72857     0      0
3.74286     0      0
3.75714     0      0
3.77143     0      0
3.78571     0      0
3.8     0      0
3.81429     0      0
3.82857     0      0
3.84286     0      0
3.85714     0      0
3.87143     0      0
3.88571     0      0
3.9     0      0
3.91429     0      0
3.92857     0      0
3.94286     0      0
3.95714     0      0
3.97143     0      0
3.98571     0      0
4     0      0
4.01429     0      0
4.02857     0      0
4.04286     0      0
4.05714     0      0
4.07143     0      0
4.08571     0      0
4.1     0      0
4.11429     0      0
4.12857     0      0
4.14286     0      0
4.15714     0      0
4.17143     0      0
4.18571     0      0
4.2     0      0
4.21429     0      0
4.22857     0      0
4.24286     0      0
4.25714     0      0
4.27143     0      0
4.28571     0      0
4.3     0      0
4.31429     0      0
4.32857     0      0
4.34286     0      0
4.35714     0      0
4.37143     0      0
4.38571     0      0
4.4     0      0
4.41429     0      0
4.42857     0      0
4.44286     0      0
4.45714     0      0
4.47143     0      0
4.48571     0      0
4.5     0      0
4.51429     0      0
4.52857     0      0
4.54286     0      0
4.55714     0      0
4.57143     0      0
4.58571     0      0
4.6     0      0
4.61429     0      0
4.62857     0      0
4.64286     0      0
4.65714     0      0
4.67143     0      0
4.68571     0      0
4.7     0      0
4.71429     0      0
4.72857     0      0
4.74286     0      0
4.75714     0      0
4.77143     0      0
4.78571     0      0
4.8     0      0
4.81429     0      0
4.82857     0      0
4.84286     0      0
4.85714     0      0
4.87143     0      0
4.88571     0      0
4.9     0      0
4.91429     0      0
4.92857     0      0
4.94286     0      0
4.95714     0      0
4.97143     0      0
4.98571     0      0
