# U,mu,nA_up, nA_dn, nB_up, nB_dn, ms, mf, ntotal,mu,cint
#energy    dos_upn   dos_upp   dos_dnn  dos_dnp GRID=1000 bin=700
-5     0      0
-4.98571     0      0
-4.97143     0      0
-4.95714     0      0
-4.94286     0      0
-4.92857     0      0
-4.91429     0      0
-4.9     0      0
-4.88571     0      0
-4.87143     0      0
-4.85714     0      0
-4.84286     0      0
-4.82857     0      0
-4.81429     0      0
-4.8     0      0
-4.78571     0      0
-4.77143     0      0
-4.75714     0      0
-4.74286     0      0
-4.72857     0      0
-4.71429     0      0
-4.7     0      0
-4.68571     0      0
-4.67143     0      0
-4.65714     0      0
-4.64286     0      0
-4.62857     0      0
-4.61429     0      0
-4.6     0      0
-4.58571     0      0
-4.57143     0      0
-4.55714     0      0
-4.54286     0      0
-4.52857     0      0
-4.51429     0      0
-4.5     0      0
-4.48571     0      0
-4.47143     0      0
-4.45714     0      0
-4.44286     0      0
-4.42857     0      0
-4.41429     0      0
-4.4     0      0
-4.38571     0      0
-4.37143     0      0
-4.35714     0      0
-4.34286     0      0
-4.32857     0      0
-4.31429     0      0
-4.3     0      0
-4.28571     0      0
-4.27143     0      0
-4.25714     0      0
-4.24286     0      0
-4.22857     0      0
-4.21429     0      0
-4.2     0      0
-4.18571     0      0
-4.17143     0      0
-4.15714     0      0
-4.14286     0      0
-4.12857     0      0
-4.11429     0      0
-4.1     0      0
-4.08571     0      0
-4.07143     0      0
-4.05714     0      0
-4.04286     0      0
-4.02857     0      0
-4.01429     0      0
-4     0      0
-3.98571     0      0
-3.97143     0      0
-3.95714     0      0
-3.94286     0      0
-3.92857     0      0
-3.91429     0      0
-3.9     0      0
-3.88571     0      0
-3.87143     0      0
-3.85714     0      0
-3.84286     0      0
-3.82857     0      0
-3.81429     0      0
-3.8     0      0
-3.78571     0      0
-3.77143     0      0
-3.75714     0      0
-3.74286     0      0
-3.72857     0      0
-3.71429     0      0
-3.7     0      0
-3.68571     0      0
-3.67143     0      0
-3.65714     0      0
-3.64286     0      0
-3.62857     0      0
-3.61429     0      0
-3.6     0      0
-3.58571     0      0
-3.57143     0      0
-3.55714     0      0
-3.54286     0      0
-3.52857     0      0
-3.51429     0      0
-3.5     0      0
-3.48571     0      0
-3.47143     0      0
-3.45714     0      0
-3.44286     0      0
-3.42857     0      0
-3.41429     0      0
-3.4     0      0
-3.38571     0      0
-3.37143     0      0
-3.35714     0      0
-3.34286     0      0
-3.32857     0      0
-3.31429     0      0
-3.3     0      0
-3.28571     0      0
-3.27143     0      0
-3.25714     0      0
-3.24286     0      0
-3.22857     0      0
-3.21429     0      0
-3.2     0      0
-3.18571     0      0
-3.17143     0      0
-3.15714     0      0
-3.14286     0      0
-3.12857     0      0
-3.11429     0      0
-3.1     0      0
-3.08571     0      0
-3.07143     0      0
-3.05714     0      0
-3.04286     0      0
-3.02857     0      0
-3.01429     0      0
-3     0      0
-2.98571     0      0
-2.97143     0      0
-2.95714     0      0
-2.94286     0      0
-2.92857     0      0
-2.91429     0      0
-2.9     0      0
-2.88571     0      0
-2.87143     0      0
-2.85714     0      0
-2.84286     0      0
-2.82857     0      0
-2.81429     0      0
-2.8     0      0
-2.78571     0      0
-2.77143     0      0
-2.75714     0      0
-2.74286     0      0
-2.72857     0      0
-2.71429     0      0
-2.7     0      0
-2.68571     0      0
-2.67143     0      0
-2.65714     0      0
-2.64286     0      0
-2.62857     0      0
-2.61429     0      0
-2.6     0      0
-2.58571     0      0
-2.57143     0      0
-2.55714     0      0
-2.54286     0      0
-2.52857     0      0
-2.51429     0      0
-2.5     0      0
-2.48571     0      0
-2.47143     0      0
-2.45714     0      0
-2.44286     0      0
-2.42857     0      0
-2.41429     0      0
-2.4     0      0
-2.38571     0      0
-2.37143     0      0
-2.35714     0      0
-2.34286     0      0
-2.32857     0      0
-2.31429     0      0
-2.3     0      0
-2.28571     0      0
-2.27143     0      0
-2.25714     0      0
-2.24286     0      0
-2.22857     0      0
-2.21429     0      0
-2.2     0      0
-2.18571     0      0
-2.17143     0      0
-2.15714     0      0
-2.14286     0      0
-2.12857     0      0
-2.11429     0      0
-2.1     0      0
-2.08571     0      0
-2.07143     0      0
-2.05714     0      0
-2.04286     0      0
-2.02857     0      0
-2.01429     0      0
-2     0      0
-1.98571     0      0
-1.97143     0      0
-1.95714     0      0
-1.94286     0      0
-1.92857     0      0
-1.91429     0      0
-1.9     0      0
-1.88571     0      0
-1.87143     0      0
-1.85714     0.0021025      0
-1.84286     0.005074      0
-1.82857     0.005096      0
-1.81429     0.005114      0
-1.8     0.005104      0
-1.78571     0.005144      0
-1.77143     0.005156      0
-1.75714     0.005208      0
-1.74286     0.005206      0
-1.72857     0.005214      0
-1.71429     0.005244      0
-1.7     0.005262      0
-1.68571     0.005294      0
-1.67143     0.00529      0
-1.65714     0.005316      0
-1.64286     0.00535      0
-1.62857     0.005346      0
-1.61429     0.005384      0
-1.6     0.005416      0
-1.58571     0.005388      0
-1.57143     0.005466      0
-1.55714     0.005476      0
-1.54286     0.005518      0
-1.52857     0.00549      0
-1.51429     0.00555      0
-1.5     0.00558      0
-1.48571     0.005572      0
-1.47143     0.00561      0
-1.45714     0.00564      0
-1.44286     0.00566      0
-1.42857     0.005684      0
-1.41429     0.00571      0
-1.4     0.005702      0
-1.38571     0.005784      0
-1.37143     0.005804      0
-1.35714     0.005796      0
-1.34286     0.00586      0
-1.32857     0.005852      0
-1.31429     0.005904      0
-1.3     0.005892      0
-1.28571     0.005978      0
-1.27143     0.005958      0
-1.25714     0.006038      0
-1.24286     0.00602      0
-1.22857     0.00607      0
-1.21429     0.006098      0
-1.2     0.006128      0
-1.18571     0.006164      0
-1.17143     0.00618      0
-1.15714     0.006208      0
-1.14286     0.00625      0
-1.12857     0.00632      0
-1.11429     0.006308      0
-1.1     0.006364      0
-1.08571     0.00638      0
-1.07143     0.006412      0
-1.05714     0.006484      0
-1.04286     0.0065      0
-1.02857     0.006526      0
-1.01429     0.006572      0
-1     0.006616      0
-0.985714     0.006668      0
-0.971429     0.006702      0
-0.957143     0.006736      0
-0.942857     0.006772      0
-0.928571     0.006808      0
-0.914286     0.006848      0
-0.9     0.00691      0
-0.885714     0.006908      0
-0.871429     0.007024      0
-0.857143     0.007018      0
-0.842857     0.007084      0
-0.828571     0.007162      0
-0.814286     0.00717      0
-0.8     0.007228      0
-0.785714     0.007304      0
-0.771429     0.007338      0
-0.757143     0.007348      0
-0.742857     0.007444      0
-0.728571     0.007524      0
-0.714286     0.007544      0
-0.7     0.007622      0
-0.685714     0.007714      0
-0.671429     0.00773      0
-0.657143     0.007788      0
-0.642857     0.007892      0
-0.628571     0.007924      0
-0.614286     0.008012      0
-0.6     0.008076      0
-0.585714     0.008152      0
-0.571429     0.008216      0
-0.557143     0.008332      0
-0.542857     0.008374      0
-0.528571     0.008468      0
-0.514286     0.00856      0
-0.5     0.008632      0
-0.485714     0.008708      0
-0.471429     0.008846      0
-0.457143     0.008968      0
-0.442857     0.009076      0
-0.428571     0.009152      0
-0.414286     0.009254      0
-0.4     0.009374      0
-0.385714     0.009504      0
-0.371429     0.009676      0
-0.357143     0.009802      0
-0.342857     0.009858      0
-0.328571     0.010136      0
-0.314286     0.01028      0
-0.3     0.010464      0
-0.285714     0.010536      0
-0.271429     0.010904      0
-0.257143     0.011102      0
-0.242857     0.011322      0
-0.228571     0.011562      0
-0.214286     0.011972      0
-0.2     0.012348      0
-0.185714     0.012728      0
-0.171429     0.013148      0
-0.157143     0.013978      0
-0.142857     0.015164      0
-0.128571     0.016564      0
-0.114286     0.020428      0
-0.1     0.0321265      0
-0.0857143     0.01439      0
-0.0714286     0.010604      0
-0.0571429     0.008596      0
-0.0428571     0.007142      0
-0.0285714     0.006056      0
-0.0142857     0.005102      0.0011305
0     0.001265      0.018436
0.0142857     0      0.013154
0.0285714     0      0.01221
0.0428571     0      0.01194
0.0571429     0      0.012168
0.0714286     0      0.012786
0.0857143     0      0.014851
0.1     0      0.014548
0.114286     0      0.012816
0.128571     0      0.011992
0.142857     0      0.011512
0.157143     0      0.011156
0.171429     0      0.010838
0.185714     0      0.01056
0.2     0      0.010354
0.214286     0      0.010118
0.228571     0      0.009906
0.242857     0      0.009732
0.257143     0      0.009602
0.271429     0      0.009348
0.285714     0      0.009332
0.3     0      0.00907
0.314286     0      0.009014
0.328571     0      0.008946
0.342857     0      0.00874
0.357143     0      0.00866
0.371429     0      0.008546
0.385714     0      0.00848
0.4     0      0.00835
0.414286     0      0.008224
0.428571     0      0.008178
0.442857     0      0.008078
0.457143     0      0.00802
0.471429     0      0.007894
0.485714     0      0.007816
0.5     0      0.007748
0.514286     0      0.007678
0.528571     0      0.007646
0.542857     0      0.007532
0.557143     0      0.007468
0.571429     0      0.007438
0.585714     0      0.007256
0.6     0      0.007324
0.614286     0      0.007184
0.628571     0      0.00715
0.642857     0      0.007102
0.657143     0      0.007062
0.671429     0      0.006948
0.685714     0      0.006946
0.7     0      0.00683
0.714286     0      0.00684
0.728571     0      0.006786
0.742857     0      0.006722
0.757143     0      0.006624
0.771429     0      0.006642
0.785714     0      0.00659
0.8     0      0.006532
0.814286     0      0.006434
0.828571     0      0.006448
0.842857     0      0.0064
0.857143     0      0.006332
0.871429     0      0.006324
0.885714     0      0.006246
0.9     0      0.00624
0.914286     0      0.006188
0.928571     0      0.006152
0.942857     0      0.006076
0.957143     0      0.006062
0.971429     0      0.006008
0.985714     0      0.006014
1     0      0.005952
1.01429     0      0.005926
1.02857     0      0.005882
1.04286     0      0.005882
1.05714     0      0.00576
1.07143     0      0.005822
1.08571     0      0.005716
1.1     0      0.005722
1.11429     0      0.00568
1.12857     0      0.005652
1.14286     0      0.005632
1.15714     0      0.005566
1.17143     0      0.005548
1.18571     0      0.005538
1.2     0      0.005522
1.21429     0      0.005466
1.22857     0      0.005434
1.24286     0      0.0054
1.25714     0      0.005374
1.27143     0      0.005366
1.28571     0      0.00535
1.3     0      0.005286
1.31429     0      0.005254
1.32857     0      0.005294
1.34286     0      0.005186
1.35714     0      0.005194
1.37143     0      0.005194
1.38571     0      0.005148
1.4     0      0.00511
1.41429     0      0.00511
1.42857     0      0.005074
1.44286     0      0.005042
1.45714     0      0.005032
1.47143     0      0.004994
1.48571     0      0.005
1.5     0      0.004954
1.51429     0      0.004916
1.52857     0      0.004936
1.54286     0      0.004862
1.55714     0      0.004872
1.57143     0      0.004872
1.58571     0      0.004794
1.6     0      0.004794
1.61429     0      0.004784
1.62857     0      0.004764
1.64286     0      0.004772
1.65714     0      0.004702
1.67143     0      0.004716
1.68571     0      0.004678
1.7     0      0.00466
1.71429     0      0.004618
1.72857     0      0.00466
1.74286     0      0.00458
1.75714     0      0.004586
1.77143     0      0.004558
1.78571     0      0.004554
1.8     0      0.00454
1.81429     0      0.004516
1.82857     0      0.004492
1.84286     0      0.004488
1.85714     0      0.004448
1.87143     0      0.004438
1.88571     0      0.00443
1.9     0      0.004386
1.91429     0      0.004406
1.92857     0      0.004372
1.94286     0      0.004356
1.95714     0      0.00432
1.97143     0      0.004324
1.98571     0      0.004318
2     0      0.00428
2.01429     0      0.004286
2.02857     0      0.004252
2.04286     0      0.004244
2.05714     0      0.004234
2.07143     0      0.00421
2.08571     0      0.004192
2.1     0      0.004194
2.11429     0      0.004152
2.12857     0      0.004156
2.14286     0      0.0027485
2.15714     0      1.93176e-50
2.17143     0      0
2.18571     0      0
2.2     0      0
2.21429     0      0
2.22857     0      0
2.24286     0      0
2.25714     0      0
2.27143     0      0
2.28571     0      0
2.3     0      0
2.31429     0      0
2.32857     0      0
2.34286     0      0
2.35714     0      0
2.37143     0      0
2.38571     0      0
2.4     0      0
2.41429     0      0
2.42857     0      0
2.44286     0      0
2.45714     0      0
2.47143     0      0
2.48571     0      0
2.5     0      0
2.51429     0      0
2.52857     0      0
2.54286     0      0
2.55714     0      0
2.57143     0      0
2.58571     0      0
2.6     0      0
2.61429     0      0
2.62857     0      0
2.64286     0      0
2.65714     0      0
2.67143     0      0
2.68571     0      0
2.7     0      0
2.71429     0      0
2.72857     0      0
2.74286     0      0
2.75714     0      0
2.77143     0      0
2.78571     0      0
2.8     0      0
2.81429     0      0
2.82857     0      0
2.84286     0      0
2.85714     0      0
2.87143     0      0
2.88571     0      0
2.9     0      0
2.91429     0      0
2.92857     0      0
2.94286     0      0
2.95714     0      0
2.97143     0      0
2.98571     0      0
3     0      0
3.01429     0      0
3.02857     0      0
3.04286     0      0
3.05714     0      0
3.07143     0      0
3.08571     0      0
3.1     0      0
3.11429     0      0
3.12857     0      0
3.14286     0      0
3.15714     0      0
3.17143     0      0
3.18571     0      0
3.2     0      0
3.21429     0      0
3.22857     0      0
3.24286     0      0
3.25714     0      0
3.27143     0      0
3.28571     0      0
3.3     0      0
3.31429     0      0
3.32857     0      0
3.34286     0      0
3.35714     0      0
3.37143     0      0
3.38571     0      0
3.4     0      0
3.41429     0      0
3.42857     0      0
3.44286     0      0
3.45714     0      0
3.47143     0      0
3.48571     0      0
3.5     0      0
3.51429     0      0
3.52857     0      0
3.54286     0      0
3.55714     0      0
3.57143     0      0
3.58571     0      0
3.6     0      0
3.61429     0      0
3.62857     0      0
3.64286     0      0
3.65714     0      0
3.67143     0      0
3.68571     0      0
3.7     0      0
3.71429     0      0
3.72857     0      0
3.74286     0      0
3.75714     0      0
3.77143     0      0
3.78571     0      0
3.8     0      0
3.81429     0      0
3.82857     0      0
3.84286     0      0
3.85714     0      0
3.87143     0      0
3.88571     0      0
3.9     0      0
3.91429     0      0
3.92857     0      0
3.94286     0      0
3.95714     0      0
3.97143     0      0
3.98571     0      0
4     0      0
4.01429     0      0
4.02857     0      0
4.04286     0      0
4.05714     0      0
4.07143     0      0
4.08571     0      0
4.1     0      0
4.11429     0      0
4.12857     0      0
4.14286     0      0
4.15714     0      0
4.17143     0      0
4.18571     0      0
4.2     0      0
4.21429     0      0
4.22857     0      0
4.24286     0      0
4.25714     0      0
4.27143     0      0
4.28571     0      0
4.3     0      0
4.31429     0      0
4.32857     0      0
4.34286     0      0
4.35714     0      0
4.37143     0      0
4.38571     0      0
4.4     0      0
4.41429     0      0
4.42857     0      0
4.44286     0      0
4.45714     0      0
4.47143     0      0
4.48571     0      0
4.5     0      0
4.51429     0      0
4.52857     0      0
4.54286     0      0
4.55714     0      0
4.57143     0      0
4.58571     0      0
4.6     0      0
4.61429     0      0
4.62857     0      0
4.64286     0      0
4.65714     0      0
4.67143     0      0
4.68571     0      0
4.7     0      0
4.71429     0      0
4.72857     0      0
4.74286     0      0
4.75714     0      0
4.77143     0      0
4.78571     0      0
4.8     0      0
4.81429     0      0
4.82857     0      0
4.84286     0      0
4.85714     0      0
4.87143     0      0
4.88571     0      0
4.9     0      0
4.91429     0      0
4.92857     0      0
4.94286     0      0
4.95714     0      0
4.97143     0      0
4.98571     0      0
