# U,mu,nA_up, nA_dn, nB_up, nB_dn, ms, mf, ntotal,mu,cint
#energy    dos_upn   dos_upp   dos_dnn  dos_dnp GRID=1000 bin=700
-5     0      0
-4.98571     0      0
-4.97143     0      0
-4.95714     0      0
-4.94286     0      0
-4.92857     0      0
-4.91429     0      0
-4.9     0      0
-4.88571     0      0
-4.87143     0      0
-4.85714     0      0
-4.84286     0      0
-4.82857     0      0
-4.81429     0      0
-4.8     0      0
-4.78571     0      0
-4.77143     0      0
-4.75714     0      0
-4.74286     0      0
-4.72857     0      0
-4.71429     0      0
-4.7     0      0
-4.68571     0      0
-4.67143     0      0
-4.65714     0      0
-4.64286     0      0
-4.62857     0      0
-4.61429     0      0
-4.6     0      0
-4.58571     0      0
-4.57143     0      0
-4.55714     0      0
-4.54286     0      0
-4.52857     0      0
-4.51429     0      0
-4.5     0      0
-4.48571     0      0
-4.47143     0      0
-4.45714     0      0
-4.44286     0      0
-4.42857     0      0
-4.41429     0      0
-4.4     0      0
-4.38571     0      0
-4.37143     0      0
-4.35714     0      0
-4.34286     0      0
-4.32857     0      0
-4.31429     0      0
-4.3     0      0
-4.28571     0      0
-4.27143     0      0
-4.25714     0      0
-4.24286     0      0
-4.22857     0      0
-4.21429     0      0
-4.2     0      0
-4.18571     0      0
-4.17143     0      0
-4.15714     0      0
-4.14286     0      0
-4.12857     0      0
-4.11429     0      0
-4.1     0      0
-4.08571     0      0
-4.07143     0      0
-4.05714     0      0
-4.04286     0      0
-4.02857     0      0
-4.01429     0      0
-4     0      0
-3.98571     0      0
-3.97143     0      0
-3.95714     0      0
-3.94286     0      0
-3.92857     0      0
-3.91429     0      0
-3.9     0      0
-3.88571     0      0
-3.87143     0      0
-3.85714     0      0
-3.84286     0      0
-3.82857     0      0
-3.81429     0      0
-3.8     0      0
-3.78571     0      0
-3.77143     0      0
-3.75714     0      0
-3.74286     0      0
-3.72857     0      0
-3.71429     0      0
-3.7     0      0
-3.68571     0      0
-3.67143     0      0
-3.65714     0      0
-3.64286     0      0
-3.62857     0      0
-3.61429     0      0
-3.6     0      0
-3.58571     0      0
-3.57143     0      0
-3.55714     0      0
-3.54286     0      0
-3.52857     0      0
-3.51429     0      0
-3.5     0      0
-3.48571     0      0
-3.47143     0      0
-3.45714     0      0
-3.44286     0      0
-3.42857     0      0
-3.41429     0      0
-3.4     0      0
-3.38571     0      0
-3.37143     0      0
-3.35714     0      0
-3.34286     0      0
-3.32857     0      0
-3.31429     0      0
-3.3     0      0
-3.28571     0      0
-3.27143     0      0
-3.25714     0      0
-3.24286     0      0
-3.22857     0      0
-3.21429     0      0
-3.2     0      0
-3.18571     0      0
-3.17143     0      0
-3.15714     0      0
-3.14286     0      0
-3.12857     0      0
-3.11429     0      0
-3.1     0      0
-3.08571     0      0
-3.07143     0      0
-3.05714     0      0
-3.04286     0      0
-3.02857     0      0
-3.01429     0      0
-3     0      0
-2.98571     0      0
-2.97143     0      0
-2.95714     0      0
-2.94286     0      0
-2.92857     0      0
-2.91429     0      0
-2.9     0      0
-2.88571     0      0
-2.87143     0      0
-2.85714     0      0
-2.84286     0      0
-2.82857     0      0
-2.81429     0      0
-2.8     0      0
-2.78571     0      0
-2.77143     0      0
-2.75714     0      0
-2.74286     0      0
-2.72857     0      0
-2.71429     0      0
-2.7     0      0
-2.68571     0      0
-2.67143     0      0
-2.65714     0      0
-2.64286     0      0
-2.62857     0      0
-2.61429     0      0
-2.6     0      0
-2.58571     0      0
-2.57143     0      0
-2.55714     0      0
-2.54286     0      0
-2.52857     0      0
-2.51429     0      0
-2.5     0      0
-2.48571     0      0
-2.47143     0      0
-2.45714     0      0
-2.44286     0      0
-2.42857     0      0
-2.41429     0      0
-2.4     0      0
-2.38571     0      0
-2.37143     0      0
-2.35714     0      0
-2.34286     0      0
-2.32857     0      0
-2.31429     0      0
-2.3     0      0
-2.28571     0      0
-2.27143     0      0
-2.25714     0      0
-2.24286     0      0
-2.22857     0      0
-2.21429     0      0
-2.2     0      0
-2.18571     0      0
-2.17143     0      0
-2.15714     0      0
-2.14286     3.61048e-242      0
-2.12857     1.10623e-240      0
-2.11429     2.00324e-235      0
-2.1     4.41304e-234      0
-2.08571     4.44354e-234      0
-2.07143     4.44692e-234      0
-2.05714     1.89228e-228      0
-2.04286     1.76522e-227      0
-2.02857     1.76454e-227      0
-2.01429     1.77945e-227      0
-2     1.52669e-221      0
-1.98571     7.04189e-221      0
-1.97143     7.05816e-221      0
-1.95714     7.08526e-221      0
-1.94286     1.0487e-214      0
-1.92857     2.81134e-214      0
-1.91429     2.80808e-214      0
-1.9     2.83085e-214      0
-1.88571     6.37186e-208      0
-1.87143     1.1189e-207      0
-1.85714     1.12367e-207      0
-1.84286     1.13191e-207      0
-1.82857     0.0027245      0
-1.81429     0.005074      0
-1.8     0.005088      0
-1.78571     0.00513      0
-1.77143     0.005116      0
-1.75714     0.005148      0
-1.74286     0.005176      0
-1.72857     0.005194      0
-1.71429     0.005202      0
-1.7     0.005222      0
-1.68571     0.005234      0
-1.67143     0.005254      0
-1.65714     0.005306      0
-1.64286     0.005296      0
-1.62857     0.005334      0
-1.61429     0.005372      0
-1.6     0.005354      0
-1.58571     0.00538      0
-1.57143     0.005424      0
-1.55714     0.005418      0
-1.54286     0.005476      0
-1.52857     0.005504      0
-1.51429     0.005466      0
-1.5     0.005544      0
-1.48571     0.005556      0
-1.47143     0.005572      0
-1.45714     0.005584      0
-1.44286     0.005616      0
-1.42857     0.005624      0
-1.41429     0.005676      0
-1.4     0.00567      0
-1.38571     0.005756      0
-1.37143     0.005748      0
-1.35714     0.005784      0
-1.34286     0.00577      0
-1.32857     0.00583      0
-1.31429     0.005874      0
-1.3     0.005842      0
-1.28571     0.005922      0
-1.27143     0.005918      0
-1.25714     0.00597      0
-1.24286     0.006012      0
-1.22857     0.005992      0
-1.21429     0.006064      0
-1.2     0.006084      0
-1.18571     0.006096      0
-1.17143     0.006126      0
-1.15714     0.006194      0
-1.14286     0.006192      0
-1.12857     0.006248      0
-1.11429     0.006238      0
-1.1     0.006328      0
-1.08571     0.006344      0
-1.07143     0.006364      0
-1.05714     0.006412      0
-1.04286     0.006428      0
-1.02857     0.0065      0
-1.01429     0.006512      0
-1     0.006572      0
-0.985714     0.00654      0
-0.971429     0.006684      0
-0.957143     0.006656      0
-0.942857     0.006692      0
-0.928571     0.006812      0
-0.914286     0.00678      0
-0.9     0.006846      0
-0.885714     0.006876      0
-0.871429     0.006912      0
-0.857143     0.006964      0
-0.842857     0.00703      0
-0.828571     0.00704      0
-0.814286     0.007146      0
-0.8     0.007158      0
-0.785714     0.0072      0
-0.771429     0.00728      0
-0.757143     0.007322      0
-0.742857     0.007348      0
-0.728571     0.007432      0
-0.714286     0.007504      0
-0.7     0.007556      0
-0.685714     0.007578      0
-0.671429     0.007678      0
-0.657143     0.007738      0
-0.642857     0.007744      0
-0.628571     0.007884      0
-0.614286     0.007896      0
-0.6     0.008028      0
-0.585714     0.008044      0
-0.571429     0.00816      0
-0.557143     0.008188      0
-0.542857     0.008348      0
-0.528571     0.008394      0
-0.514286     0.008472      0
-0.5     0.008536      0
-0.485714     0.008676      0
-0.471429     0.00875      0
-0.457143     0.008856      0
-0.442857     0.008972      0
-0.428571     0.009052      0
-0.414286     0.009178      0
-0.4     0.00924      0
-0.385714     0.009474      0
-0.371429     0.00958      0
-0.357143     0.009708      0
-0.342857     0.009868      0
-0.328571     0.010018      0
-0.314286     0.010154      0
-0.3     0.01039      0
-0.285714     0.010632      0
-0.271429     0.010814      0
-0.257143     0.011068      0
-0.242857     0.011332      0
-0.228571     0.01155      0
-0.214286     0.012062      0
-0.2     0.012478      0
-0.185714     0.012986      0
-0.171429     0.01365      0
-0.157143     0.014518      0
-0.142857     0.015578      0
-0.128571     0.018204      0
-0.114286     0.0268625      0
-0.1     0.033008      0
-0.0857143     0.01535      0
-0.0714286     0.01164      0
-0.0571429     0.009642      0
-0.0428571     0.008178      0
-0.0285714     0.007132      0
-0.0142857     0.006079      0
0     0      0
0.0142857     0      0
0.0285714     0      0
0.0428571     0      0
0.0571429     0      0.0193265
0.0714286     0      0.015618
0.0857143     0      0.013952
0.1     0      0.013414
0.114286     0      0.013454
0.128571     0      0.013952
0.142857     0      0.015576
0.157143     0      0.017017
0.171429     0      0.01387
0.185714     0      0.012692
0.2     0      0.012014
0.214286     0      0.011466
0.228571     0      0.011132
0.242857     0      0.010716
0.257143     0      0.01049
0.271429     0      0.010158
0.285714     0      0.01
0.3     0      0.009784
0.314286     0      0.00955
0.328571     0      0.009428
0.342857     0      0.009262
0.357143     0      0.009146
0.371429     0      0.008952
0.385714     0      0.00884
0.4     0      0.00874
0.414286     0      0.008586
0.428571     0      0.008468
0.442857     0      0.00845
0.457143     0      0.008272
0.471429     0      0.0082
0.485714     0      0.008086
0.5     0      0.008
0.514286     0      0.007952
0.528571     0      0.007806
0.542857     0      0.007758
0.557143     0      0.007704
0.571429     0      0.007604
0.585714     0      0.007514
0.6     0      0.00752
0.614286     0      0.007344
0.628571     0      0.007326
0.642857     0      0.007276
0.657143     0      0.007224
0.671429     0      0.00712
0.685714     0      0.007078
0.7     0      0.007014
0.714286     0      0.006962
0.728571     0      0.00693
0.742857     0      0.006828
0.757143     0      0.006822
0.771429     0      0.006758
0.785714     0      0.006664
0.8     0      0.00667
0.814286     0      0.006594
0.828571     0      0.006564
0.842857     0      0.00652
0.857143     0      0.006432
0.871429     0      0.00642
0.885714     0      0.006358
0.9     0      0.00636
0.914286     0      0.00629
0.928571     0      0.006214
0.942857     0      0.006204
0.957143     0      0.006158
0.971429     0      0.006144
0.985714     0      0.006072
1     0      0.006068
1.01429     0      0.005976
1.02857     0      0.005978
1.04286     0      0.005912
1.05714     0      0.005902
1.07143     0      0.005856
1.08571     0      0.005866
1.1     0      0.00579
1.11429     0      0.005754
1.12857     0      0.005708
1.14286     0      0.00569
1.15714     0      0.005664
1.17143     0      0.005658
1.18571     0      0.005616
1.2     0      0.00554
1.21429     0      0.005538
1.22857     0      0.005492
1.24286     0      0.005486
1.25714     0      0.005478
1.27143     0      0.005418
1.28571     0      0.00539
1.3     0      0.005374
1.31429     0      0.005304
1.32857     0      0.005336
1.34286     0      0.005262
1.35714     0      0.00526
1.37143     0      0.005268
1.38571     0      0.005178
1.4     0      0.005178
1.41429     0      0.00518
1.42857     0      0.005088
1.44286     0      0.005118
1.45714     0      0.005088
1.47143     0      0.00507
1.48571     0      0.005012
1.5     0      0.005002
1.51429     0      0.004988
1.52857     0      0.00495
1.54286     0      0.004956
1.55714     0      0.004914
1.57143     0      0.004904
1.58571     0      0.004884
1.6     0      0.004834
1.61429     0      0.004812
1.62857     0      0.004854
1.64286     0      0.004768
1.65714     0      0.004788
1.67143     0      0.00472
1.68571     0      0.004746
1.7     0      0.004704
1.71429     0      0.00469
1.72857     0      0.004644
1.74286     0      0.004662
1.75714     0      0.004608
1.77143     0      0.00462
1.78571     0      0.00458
1.8     0      0.004604
1.81429     0      0.00451
1.82857     0      0.004528
1.84286     0      0.004536
1.85714     0      0.0045
1.87143     0      0.004484
1.88571     0      0.00446
1.9     0      0.00443
1.91429     0      0.004416
1.92857     0      0.004432
1.94286     0      0.00439
1.95714     0      0.004376
1.97143     0      0.004356
1.98571     0      0.00432
2     0      0.004342
2.01429     0      0.004324
2.02857     0      0.004276
2.04286     0      0.004278
2.05714     0      0.00425
2.07143     0      0.004254
2.08571     0      0.00424
2.1     0      0.004212
2.11429     0      0.004212
2.12857     0      0.004164
2.14286     0      0.004176
2.15714     0      0.00415
2.17143     0      0.0028405
2.18571     0      2.64063e-17
2.2     0      9.12171e-50
2.21429     0      1.29175e-69
2.22857     0      2.13683e-83
2.24286     0      1.67312e-102
2.25714     0      1.24594e-115
2.27143     0      7.31235e-123
2.28571     0      1.77761e-135
2.3     0      2.16119e-142
2.31429     0      1.19656e-149
2.32857     0      9.38361e-175
2.34286     0      9.3392e-175
2.35714     0      9.33032e-175
2.37143     0      9.27258e-175
2.38571     0      1.87073e-175
2.4     0      0
2.41429     0      0
2.42857     0      0
2.44286     0      0
2.45714     0      0
2.47143     0      0
2.48571     0      0
2.5     0      0
2.51429     0      0
2.52857     0      0
2.54286     0      0
2.55714     0      0
2.57143     0      0
2.58571     0      0
2.6     0      0
2.61429     0      0
2.62857     0      0
2.64286     0      0
2.65714     0      0
2.67143     0      0
2.68571     0      0
2.7     0      0
2.71429     0      0
2.72857     0      0
2.74286     0      0
2.75714     0      0
2.77143     0      0
2.78571     0      0
2.8     0      0
2.81429     0      0
2.82857     0      0
2.84286     0      0
2.85714     0      0
2.87143     0      0
2.88571     0      0
2.9     0      0
2.91429     0      0
2.92857     0      0
2.94286     0      0
2.95714     0      0
2.97143     0      0
2.98571     0      0
3     0      0
3.01429     0      0
3.02857     0      0
3.04286     0      0
3.05714     0      0
3.07143     0      0
3.08571     0      0
3.1     0      0
3.11429     0      0
3.12857     0      0
3.14286     0      0
3.15714     0      0
3.17143     0      0
3.18571     0      0
3.2     0      0
3.21429     0      0
3.22857     0      0
3.24286     0      0
3.25714     0      0
3.27143     0      0
3.28571     0      0
3.3     0      0
3.31429     0      0
3.32857     0      0
3.34286     0      0
3.35714     0      0
3.37143     0      0
3.38571     0      0
3.4     0      0
3.41429     0      0
3.42857     0      0
3.44286     0      0
3.45714     0      0
3.47143     0      0
3.48571     0      0
3.5     0      0
3.51429     0      0
3.52857     0      0
3.54286     0      0
3.55714     0      0
3.57143     0      0
3.58571     0      0
3.6     0      0
3.61429     0      0
3.62857     0      0
3.64286     0      0
3.65714     0      0
3.67143     0      0
3.68571     0      0
3.7     0      0
3.71429     0      0
3.72857     0      0
3.74286     0      0
3.75714     0      0
3.77143     0      0
3.78571     0      0
3.8     0      0
3.81429     0      0
3.82857     0      0
3.84286     0      0
3.85714     0      0
3.87143     0      0
3.88571     0      0
3.9     0      0
3.91429     0      0
3.92857     0      0
3.94286     0      0
3.95714     0      0
3.97143     0      0
3.98571     0      0
4     0      0
4.01429     0      0
4.02857     0      0
4.04286     0      0
4.05714     0      0
4.07143     0      0
4.08571     0      0
4.1     0      0
4.11429     0      0
4.12857     0      0
4.14286     0      0
4.15714     0      0
4.17143     0      0
4.18571     0      0
4.2     0      0
4.21429     0      0
4.22857     0      0
4.24286     0      0
4.25714     0      0
4.27143     0      0
4.28571     0      0
4.3     0      0
4.31429     0      0
4.32857     0      0
4.34286     0      0
4.35714     0      0
4.37143     0      0
4.38571     0      0
4.4     0      0
4.41429     0      0
4.42857     0      0
4.44286     0      0
4.45714     0      0
4.47143     0      0
4.48571     0      0
4.5     0      0
4.51429     0      0
4.52857     0      0
4.54286     0      0
4.55714     0      0
4.57143     0      0
4.58571     0      0
4.6     0      0
4.61429     0      0
4.62857     0      0
4.64286     0      0
4.65714     0      0
4.67143     0      0
4.68571     0      0
4.7     0      0
4.71429     0      0
4.72857     0      0
4.74286     0      0
4.75714     0      0
4.77143     0      0
4.78571     0      0
4.8     0      0
4.81429     0      0
4.82857     0      0
4.84286     0      0
4.85714     0      0
4.87143     0      0
4.88571     0      0
4.9     0      0
4.91429     0      0
4.92857     0      0
4.94286     0      0
4.95714     0      0
4.97143     0      0
4.98571     0      0
