# U,mu,nA_up, nA_dn, nB_up, nB_dn, ms, mf, ntotal,mu,cint
#energy    dos_upn   dos_upp   dos_dnn  dos_dnp GRID=1000 bin=700
-5     0      0
-4.98571     0      0
-4.97143     0      0
-4.95714     0      0
-4.94286     0      0
-4.92857     0      0
-4.91429     0      0
-4.9     0      0
-4.88571     0      0
-4.87143     0      0
-4.85714     0      0
-4.84286     0      0
-4.82857     0      0
-4.81429     0      0
-4.8     0      0
-4.78571     0      0
-4.77143     0      0
-4.75714     0      0
-4.74286     0      0
-4.72857     0      0
-4.71429     0      0
-4.7     0      0
-4.68571     0      0
-4.67143     0      0
-4.65714     0      0
-4.64286     0      0
-4.62857     0      0
-4.61429     0      0
-4.6     0      0
-4.58571     0      0
-4.57143     0      0
-4.55714     0      0
-4.54286     0      0
-4.52857     0      0
-4.51429     0      0
-4.5     0      0
-4.48571     0      0
-4.47143     0      0
-4.45714     0      0
-4.44286     0      0
-4.42857     0      0
-4.41429     0      0
-4.4     0      0
-4.38571     0      0
-4.37143     0      0
-4.35714     0      0
-4.34286     0      0
-4.32857     0      0
-4.31429     0      0
-4.3     0      0
-4.28571     0      0
-4.27143     0      0
-4.25714     0      0
-4.24286     0      0
-4.22857     0      0
-4.21429     0      0
-4.2     0      0
-4.18571     0      0
-4.17143     0      0
-4.15714     0      0
-4.14286     0      0
-4.12857     0      0
-4.11429     0      0
-4.1     0      0
-4.08571     0      0
-4.07143     0      0
-4.05714     0      0
-4.04286     0      0
-4.02857     0      0
-4.01429     0      0
-4     0      0
-3.98571     0      0
-3.97143     0      0
-3.95714     0      0
-3.94286     0      0
-3.92857     0      0
-3.91429     0      0
-3.9     0      0
-3.88571     0      0
-3.87143     0      0
-3.85714     0      0
-3.84286     0      0
-3.82857     0      0
-3.81429     0      0
-3.8     0      0
-3.78571     0      0
-3.77143     0      0
-3.75714     0      0
-3.74286     0      0
-3.72857     0      0
-3.71429     0      0
-3.7     0      0
-3.68571     0      0
-3.67143     0      0
-3.65714     0      0
-3.64286     0      0
-3.62857     0      0
-3.61429     0      0
-3.6     0      0
-3.58571     0      0
-3.57143     0      0
-3.55714     0      0
-3.54286     0      0
-3.52857     0      0
-3.51429     0      0
-3.5     0      0
-3.48571     0      0
-3.47143     0      0
-3.45714     0      0
-3.44286     0      0
-3.42857     0      0
-3.41429     0      0
-3.4     0      0
-3.38571     0      0
-3.37143     0      0
-3.35714     0      0
-3.34286     0      0
-3.32857     0      0
-3.31429     0      0
-3.3     0      0
-3.28571     0      0
-3.27143     0      0
-3.25714     0      0
-3.24286     0      0
-3.22857     0      0
-3.21429     0      0
-3.2     0      0
-3.18571     0      0
-3.17143     0      0
-3.15714     0      0
-3.14286     0      0
-3.12857     0      0
-3.11429     0      0
-3.1     0      0
-3.08571     0      0
-3.07143     0      0
-3.05714     0      0
-3.04286     0      0
-3.02857     0      0
-3.01429     0      0
-3     0      0
-2.98571     0      0
-2.97143     0      0
-2.95714     0      0
-2.94286     0      0
-2.92857     0      0
-2.91429     0      0
-2.9     0      0
-2.88571     0      0
-2.87143     0      0
-2.85714     0      0
-2.84286     0      0
-2.82857     0      0
-2.81429     0      0
-2.8     0      0
-2.78571     0      0
-2.77143     0      0
-2.75714     0      0
-2.74286     0      0
-2.72857     0      0
-2.71429     0      0
-2.7     0      0
-2.68571     0      0
-2.67143     0      0
-2.65714     0      0
-2.64286     0      0
-2.62857     0      0
-2.61429     0      0
-2.6     0      0
-2.58571     0      0
-2.57143     0      0
-2.55714     0      0
-2.54286     0      0
-2.52857     0      0
-2.51429     0      0
-2.5     0      0
-2.48571     0      0
-2.47143     0      0
-2.45714     0      0
-2.44286     0      0
-2.42857     0      0
-2.41429     0      0
-2.4     0      0
-2.38571     0      0
-2.37143     0      0
-2.35714     0      0
-2.34286     0      0
-2.32857     0      0
-2.31429     0      0
-2.3     0      0
-2.28571     0      0
-2.27143     0      0
-2.25714     0      0
-2.24286     0      0
-2.22857     0      0
-2.21429     0      0
-2.2     0      0
-2.18571     0      0
-2.17143     0      0
-2.15714     0      0
-2.14286     6.66016e-31      0
-2.12857     2.04063e-29      0
-2.11429     3.69533e-24      0
-2.1     8.14063e-23      0
-2.08571     8.19688e-23      0
-2.07143     8.20313e-23      0
-2.05714     3.49063e-17      0
-2.04286     3.25625e-16      0
-2.02857     3.255e-16      0
-2.01429     3.2825e-16      0
-2     2.81625e-10      0
-1.98571     1.299e-09      0
-1.97143     1.302e-09      0
-1.95714     1.307e-09      0
-1.94286     0.0019345      0
-1.92857     0.005186      0
-1.91429     0.00518      0
-1.9     0.005222      0
-1.88571     0.00523      0
-1.87143     0.005274      0
-1.85714     0.005282      0
-1.84286     0.005302      0
-1.82857     0.005322      0
-1.81429     0.005346      0
-1.8     0.00539      0
-1.78571     0.00539      0
-1.77143     0.00541      0
-1.75714     0.005444      0
-1.74286     0.005468      0
-1.72857     0.005492      0
-1.71429     0.005496      0
-1.7     0.005554      0
-1.68571     0.00556      0
-1.67143     0.005608      0
-1.65714     0.005608      0
-1.64286     0.005642      0
-1.62857     0.005692      0
-1.61429     0.005694      0
-1.6     0.0057      0
-1.58571     0.005788      0
-1.57143     0.005764      0
-1.55714     0.005842      0
-1.54286     0.005828      0
-1.52857     0.005856      0
-1.51429     0.00592      0
-1.5     0.00594      0
-1.48571     0.005958      0
-1.47143     0.006012      0
-1.45714     0.006016      0
-1.44286     0.006116      0
-1.42857     0.006082      0
-1.41429     0.006122      0
-1.4     0.00619      0
-1.38571     0.006192      0
-1.37143     0.006252      0
-1.35714     0.006308      0
-1.34286     0.00631      0
-1.32857     0.006378      0
-1.31429     0.006398      0
-1.3     0.006428      0
-1.28571     0.00652      0
-1.27143     0.00652      0
-1.25714     0.006574      0
-1.24286     0.006628      0
-1.22857     0.006614      0
-1.21429     0.006762      0
-1.2     0.006752      0
-1.18571     0.00683      0
-1.17143     0.006856      0
-1.15714     0.006934      0
-1.14286     0.006988      0
-1.12857     0.006998      0
-1.11429     0.007116      0
-1.1     0.007096      0
-1.08571     0.007258      0
-1.07143     0.00726      0
-1.05714     0.00735      0
-1.04286     0.007408      0
-1.02857     0.00747      0
-1.01429     0.007524      0
-1     0.007662      0
-0.985714     0.00769      0
-0.971429     0.007772      0
-0.957143     0.007886      0
-0.942857     0.007962      0
-0.928571     0.00804      0
-0.914286     0.008126      0
-0.9     0.008276      0
-0.885714     0.00837      0
-0.871429     0.008474      0
-0.857143     0.00859      0
-0.842857     0.008682      0
-0.828571     0.008858      0
-0.814286     0.008992      0
-0.8     0.009142      0
-0.785714     0.009284      0
-0.771429     0.009412      0
-0.757143     0.0097      0
-0.742857     0.009844      0
-0.728571     0.010076      0
-0.714286     0.010268      0
-0.7     0.010514      0
-0.685714     0.010868      0
-0.671429     0.011134      0
-0.657143     0.011462      0
-0.642857     0.011912      0
-0.628571     0.01234      0
-0.614286     0.012826      0
-0.6     0.013484      0
-0.585714     0.014212      0
-0.571429     0.015146      0
-0.557143     0.0162      0
-0.542857     0.017848      0
-0.528571     0.020084      0
-0.514286     0.0239      0
-0.5     0.0399925      0
-0.485714     0.06146      0
-0.471429     0.029374      0
-0.457143     0.022444      0
-0.442857     0.018826      0
-0.428571     0.016456      0
-0.414286     0.01466      0
-0.4     0.012167      0
-0.385714     0      0
-0.371429     0      0
-0.357143     0      0
-0.342857     0      0
-0.328571     0      0
-0.314286     0      0
-0.3     0      0
-0.285714     0      0
-0.271429     0      0
-0.257143     0      0
-0.242857     0      0
-0.228571     0      0
-0.214286     0      0
-0.2     0      0
-0.185714     0      0
-0.171429     0      0
-0.157143     0      0
-0.142857     0      0
-0.128571     0      0
-0.114286     0      0
-0.1     0      0
-0.0857143     0      0
-0.0714286     0      0
-0.0571429     0      0
-0.0428571     0      0
-0.0285714     0      0
-0.0142857     0      0
0     0      0
0.0142857     0      0
0.0285714     0      0
0.0428571     0      0
0.0571429     0      0
0.0714286     0      0
0.0857143     0      0
0.1     0      0
0.114286     0      0
0.128571     0      0
0.142857     0      0
0.157143     0      0
0.171429     0      0
0.185714     0      0
0.2     0      4.33008e-30
0.214286     0      1.82945e-22
0.228571     0      4.65031e-22
0.242857     0      1.63916e-15
0.257143     0      1.19263e-09
0.271429     0      7.7085e-09
0.285714     0      0.0134445
0.3     0      0.027946
0.314286     0      0.023474
0.328571     0      0.02188
0.342857     0      0.021374
0.357143     0      0.021704
0.371429     0      0.023322
0.385714     0      0.029293
0.4     0      0.022554
0.414286     0      0.018812
0.428571     0      0.01671
0.442857     0      0.015296
0.457143     0      0.014234
0.471429     0      0.013372
0.485714     0      0.012726
0.5     0      0.012096
0.514286     0      0.011674
0.528571     0      0.011166
0.542857     0      0.010838
0.557143     0      0.01051
0.571429     0      0.010174
0.585714     0      0.009892
0.6     0      0.009634
0.614286     0      0.009442
0.628571     0      0.009232
0.642857     0      0.008996
0.657143     0      0.008836
0.671429     0      0.008754
0.685714     0      0.008464
0.7     0      0.008392
0.714286     0      0.00823
0.728571     0      0.008108
0.742857     0      0.008004
0.757143     0      0.00786
0.771429     0      0.00777
0.785714     0      0.007672
0.8     0      0.00756
0.814286     0      0.007452
0.828571     0      0.007364
0.842857     0      0.0073
0.857143     0      0.0072
0.871429     0      0.007116
0.885714     0      0.00704
0.9     0      0.00698
0.914286     0      0.006872
0.928571     0      0.006878
0.942857     0      0.006706
0.957143     0      0.00671
0.971429     0      0.006614
0.985714     0      0.006606
1     0      0.006492
1.01429     0      0.00646
1.02857     0      0.006408
1.04286     0      0.006342
1.05714     0      0.006314
1.07143     0      0.006218
1.08571     0      0.006178
1.1     0      0.006142
1.11429     0      0.006106
1.12857     0      0.00606
1.14286     0      0.005984
1.15714     0      0.005974
1.17143     0      0.005904
1.18571     0      0.005898
1.2     0      0.005856
1.21429     0      0.005788
1.22857     0      0.00573
1.24286     0      0.005756
1.25714     0      0.005624
1.27143     0      0.005716
1.28571     0      0.005542
1.3     0      0.005578
1.31429     0      0.00558
1.32857     0      0.005444
1.34286     0      0.005492
1.35714     0      0.005406
1.37143     0      0.005444
1.38571     0      0.005346
1.4     0      0.005352
1.41429     0      0.005298
1.42857     0      0.005268
1.44286     0      0.005266
1.45714     0      0.005224
1.47143     0      0.005212
1.48571     0      0.005146
1.5     0      0.005148
1.51429     0      0.005124
1.52857     0      0.005038
1.54286     0      0.005048
1.55714     0      0.005034
1.57143     0      0.004996
1.58571     0      0.005012
1.6     0      0.004924
1.61429     0      0.00493
1.62857     0      0.00492
1.64286     0      0.004876
1.65714     0      0.004846
1.67143     0      0.004808
1.68571     0      0.00481
1.7     0      0.004822
1.71429     0      0.00475
1.72857     0      0.004694
1.74286     0      0.004768
1.75714     0      0.004672
1.77143     0      0.004672
1.78571     0      0.00466
1.8     0      0.004648
1.81429     0      0.004596
1.82857     0      0.004608
1.84286     0      0.004554
1.85714     0      0.004536
1.87143     0      0.00455
1.88571     0      0.004502
1.9     0      0.0045
1.91429     0      0.004484
1.92857     0      0.004426
1.94286     0      0.004484
1.95714     0      0.0044
1.97143     0      0.004388
1.98571     0      0.0044
2     0      0.004332
2.01429     0      0.004364
2.02857     0      0.004318
2.04286     0      0.004324
2.05714     0      0.004306
2.07143     0      0.004276
2.08571     0      0.004256
2.1     0      0.004246
2.11429     0      0.004222
2.12857     0      0.0038965
2.14286     0      0
2.15714     0      0
2.17143     0      0
2.18571     0      0
2.2     0      0
2.21429     0      0
2.22857     0      0
2.24286     0      0
2.25714     0      0
2.27143     0      0
2.28571     0      0
2.3     0      0
2.31429     0      0
2.32857     0      0
2.34286     0      0
2.35714     0      0
2.37143     0      0
2.38571     0      0
2.4     0      0
2.41429     0      0
2.42857     0      0
2.44286     0      0
2.45714     0      0
2.47143     0      0
2.48571     0      0
2.5     0      0
2.51429     0      0
2.52857     0      0
2.54286     0      0
2.55714     0      0
2.57143     0      0
2.58571     0      0
2.6     0      0
2.61429     0      0
2.62857     0      0
2.64286     0      0
2.65714     0      0
2.67143     0      0
2.68571     0      0
2.7     0      0
2.71429     0      0
2.72857     0      0
2.74286     0      0
2.75714     0      0
2.77143     0      0
2.78571     0      0
2.8     0      0
2.81429     0      0
2.82857     0      0
2.84286     0      0
2.85714     0      0
2.87143     0      0
2.88571     0      0
2.9     0      0
2.91429     0      0
2.92857     0      0
2.94286     0      0
2.95714     0      0
2.97143     0      0
2.98571     0      0
3     0      0
3.01429     0      0
3.02857     0      0
3.04286     0      0
3.05714     0      0
3.07143     0      0
3.08571     0      0
3.1     0      0
3.11429     0      0
3.12857     0      0
3.14286     0      0
3.15714     0      0
3.17143     0      0
3.18571     0      0
3.2     0      0
3.21429     0      0
3.22857     0      0
3.24286     0      0
3.25714     0      0
3.27143     0      0
3.28571     0      0
3.3     0      0
3.31429     0      0
3.32857     0      0
3.34286     0      0
3.35714     0      0
3.37143     0      0
3.38571     0      0
3.4     0      0
3.41429     0      0
3.42857     0      0
3.44286     0      0
3.45714     0      0
3.47143     0      0
3.48571     0      0
3.5     0      0
3.51429     0      0
3.52857     0      0
3.54286     0      0
3.55714     0      0
3.57143     0      0
3.58571     0      0
3.6     0      0
3.61429     0      0
3.62857     0      0
3.64286     0      0
3.65714     0      0
3.67143     0      0
3.68571     0      0
3.7     0      0
3.71429     0      0
3.72857     0      0
3.74286     0      0
3.75714     0      0
3.77143     0      0
3.78571     0      0
3.8     0      0
3.81429     0      0
3.82857     0      0
3.84286     0      0
3.85714     0      0
3.87143     0      0
3.88571     0      0
3.9     0      0
3.91429     0      0
3.92857     0      0
3.94286     0      0
3.95714     0      0
3.97143     0      0
3.98571     0      0
4     0      0
4.01429     0      0
4.02857     0      0
4.04286     0      0
4.05714     0      0
4.07143     0      0
4.08571     0      0
4.1     0      0
4.11429     0      0
4.12857     0      0
4.14286     0      0
4.15714     0      0
4.17143     0      0
4.18571     0      0
4.2     0      0
4.21429     0      0
4.22857     0      0
4.24286     0      0
4.25714     0      0
4.27143     0      0
4.28571     0      0
4.3     0      0
4.31429     0      0
4.32857     0      0
4.34286     0      0
4.35714     0      0
4.37143     0      0
4.38571     0      0
4.4     0      0
4.41429     0      0
4.42857     0      0
4.44286     0      0
4.45714     0      0
4.47143     0      0
4.48571     0      0
4.5     0      0
4.51429     0      0
4.52857     0      0
4.54286     0      0
4.55714     0      0
4.57143     0      0
4.58571     0      0
4.6     0      0
4.61429     0      0
4.62857     0      0
4.64286     0      0
4.65714     0      0
4.67143     0      0
4.68571     0      0
4.7     0      0
4.71429     0      0
4.72857     0      0
4.74286     0      0
4.75714     0      0
4.77143     0      0
4.78571     0      0
4.8     0      0
4.81429     0      0
4.82857     0      0
4.84286     0      0
4.85714     0      0
4.87143     0      0
4.88571     0      0
4.9     0      0
4.91429     0      0
4.92857     0      0
4.94286     0      0
4.95714     0      0
4.97143     0      0
4.98571     0      0
