# U,mu,nA_up, nA_dn, nB_up, nB_dn, ms, mf, ntotal,mu,cint
#energy    dos_upn   dos_upp   dos_dnn  dos_dnp GRID=1000 bin=700
-5     0      0
-4.98571     0      0
-4.97143     0      0
-4.95714     0      0
-4.94286     0      0
-4.92857     0      0
-4.91429     0      0
-4.9     0      0
-4.88571     0      0
-4.87143     0      0
-4.85714     0      0
-4.84286     0      0
-4.82857     0      0
-4.81429     0      0
-4.8     0      0
-4.78571     0      0
-4.77143     0      0
-4.75714     0      0
-4.74286     0      0
-4.72857     0      0
-4.71429     0      0
-4.7     0      0
-4.68571     0      0
-4.67143     0      0
-4.65714     0      0
-4.64286     0      0
-4.62857     0      0
-4.61429     0      0
-4.6     0      0
-4.58571     0      0
-4.57143     0      0
-4.55714     0      0
-4.54286     0      0
-4.52857     0      0
-4.51429     0      0
-4.5     0      0
-4.48571     0      0
-4.47143     0      0
-4.45714     0      0
-4.44286     0      0
-4.42857     0      0
-4.41429     0      0
-4.4     0      0
-4.38571     0      0
-4.37143     0      0
-4.35714     0      0
-4.34286     0      0
-4.32857     0      0
-4.31429     0      0
-4.3     0      0
-4.28571     0      0
-4.27143     0      0
-4.25714     0      0
-4.24286     0      0
-4.22857     0      0
-4.21429     0      0
-4.2     0      0
-4.18571     0      0
-4.17143     0      0
-4.15714     0      0
-4.14286     0      0
-4.12857     0      0
-4.11429     0      0
-4.1     0      0
-4.08571     0      0
-4.07143     0      0
-4.05714     0      0
-4.04286     0      0
-4.02857     0      0
-4.01429     0      0
-4     0      0
-3.98571     0      0
-3.97143     0      0
-3.95714     0      0
-3.94286     0      0
-3.92857     0      0
-3.91429     0      0
-3.9     0      0
-3.88571     0      0
-3.87143     0      0
-3.85714     0      0
-3.84286     0      0
-3.82857     0      0
-3.81429     0      0
-3.8     0      0
-3.78571     0      0
-3.77143     0      0
-3.75714     0      0
-3.74286     0      0
-3.72857     0      0
-3.71429     0      0
-3.7     0      0
-3.68571     0      0
-3.67143     0      0
-3.65714     0      0
-3.64286     0      0
-3.62857     0      0
-3.61429     0      0
-3.6     0      0
-3.58571     0      0
-3.57143     0      0
-3.55714     0      0
-3.54286     0      0
-3.52857     0      0
-3.51429     0      0
-3.5     0      0
-3.48571     0      0
-3.47143     0      0
-3.45714     0      0
-3.44286     0      0
-3.42857     0      0
-3.41429     0      0
-3.4     0      0
-3.38571     0      0
-3.37143     0      0
-3.35714     0      0
-3.34286     0      0
-3.32857     0      0
-3.31429     0      0
-3.3     0      0
-3.28571     0      0
-3.27143     0      0
-3.25714     0      0
-3.24286     0      0
-3.22857     0      0
-3.21429     0      0
-3.2     0      0
-3.18571     0      0
-3.17143     0      0
-3.15714     0      0
-3.14286     0      0
-3.12857     0      0
-3.11429     0      0
-3.1     0      0
-3.08571     0      0
-3.07143     0      0
-3.05714     0      0
-3.04286     0      0
-3.02857     0      0
-3.01429     0      0
-3     0      0
-2.98571     0      0
-2.97143     0      0
-2.95714     0      0
-2.94286     0      0
-2.92857     0      0
-2.91429     0      0
-2.9     0      0
-2.88571     0      0
-2.87143     0      0
-2.85714     0      0
-2.84286     0      0
-2.82857     0      0
-2.81429     0      0
-2.8     0      0
-2.78571     0      0
-2.77143     0      0
-2.75714     0      0
-2.74286     0      0
-2.72857     0      0
-2.71429     0      0
-2.7     0      0
-2.68571     0      0
-2.67143     0      0
-2.65714     0      0
-2.64286     0      0
-2.62857     0      0
-2.61429     0      0
-2.6     0      0
-2.58571     0      0
-2.57143     0      0
-2.55714     0      0
-2.54286     0      0
-2.52857     0      0
-2.51429     0      0
-2.5     0      0
-2.48571     0      0
-2.47143     0      0
-2.45714     0      0
-2.44286     0      0
-2.42857     0      0
-2.41429     0      0
-2.4     0      0
-2.38571     0      0
-2.37143     0      0
-2.35714     0      0
-2.34286     0      0
-2.32857     0      0
-2.31429     0      0
-2.3     0      0
-2.28571     0      0
-2.27143     0      0
-2.25714     0      0
-2.24286     0      0
-2.22857     0      0
-2.21429     0      0
-2.2     0      0
-2.18571     0      0
-2.17143     0      0
-2.15714     0      0
-2.14286     0      0
-2.12857     0      0
-2.11429     0      0
-2.1     0      0
-2.08571     0      0
-2.07143     0      0
-2.05714     0      0
-2.04286     0      0
-2.02857     0      0
-2.01429     0      0
-2     0      0
-1.98571     0      0
-1.97143     0      0
-1.95714     0      0
-1.94286     0      0
-1.92857     0      0
-1.91429     0      0
-1.9     0      0
-1.88571     0      0
-1.87143     0      0
-1.85714     0      0
-1.84286     0.0029545      0
-1.82857     0.005068      0
-1.81429     0.005104      0
-1.8     0.005084      0
-1.78571     0.005154      0
-1.77143     0.00514      0
-1.75714     0.005174      0
-1.74286     0.00518      0
-1.72857     0.00522      0
-1.71429     0.005208      0
-1.7     0.005266      0
-1.68571     0.00525      0
-1.67143     0.00528      0
-1.65714     0.005312      0
-1.64286     0.005328      0
-1.62857     0.005344      0
-1.61429     0.005386      0
-1.6     0.005364      0
-1.58571     0.005418      0
-1.57143     0.005436      0
-1.55714     0.005456      0
-1.54286     0.005468      0
-1.52857     0.005518      0
-1.51429     0.005504      0
-1.5     0.005576      0
-1.48571     0.005556      0
-1.47143     0.00556      0
-1.45714     0.005646      0
-1.44286     0.005644      0
-1.42857     0.005676      0
-1.41429     0.005692      0
-1.4     0.00568      0
-1.38571     0.005752      0
-1.37143     0.005804      0
-1.35714     0.00579      0
-1.34286     0.005786      0
-1.32857     0.00587      0
-1.31429     0.005862      0
-1.3     0.005914      0
-1.28571     0.005906      0
-1.27143     0.006002      0
-1.25714     0.005936      0
-1.24286     0.006052      0
-1.22857     0.00604      0
-1.21429     0.006076      0
-1.2     0.006102      0
-1.18571     0.006158      0
-1.17143     0.006156      0
-1.15714     0.006188      0
-1.14286     0.006224      0
-1.12857     0.006254      0
-1.11429     0.006324      0
-1.1     0.006348      0
-1.08571     0.006352      0
-1.07143     0.006392      0
-1.05714     0.006432      0
-1.04286     0.006476      0
-1.02857     0.006528      0
-1.01429     0.006524      0
-1     0.006602      0
-0.985714     0.006614      0
-0.971429     0.006692      0
-0.957143     0.006696      0
-0.942857     0.006776      0
-0.928571     0.006788      0
-0.914286     0.006818      0
-0.9     0.006868      0
-0.885714     0.006912      0
-0.871429     0.006952      0
-0.857143     0.00701      0
-0.842857     0.007052      0
-0.828571     0.007124      0
-0.814286     0.007152      0
-0.8     0.00718      0
-0.785714     0.00728      0
-0.771429     0.007314      0
-0.757143     0.007348      0
-0.742857     0.007382      0
-0.728571     0.007446      0
-0.714286     0.007564      0
-0.7     0.007618      0
-0.685714     0.00763      0
-0.671429     0.007718      0
-0.657143     0.007756      0
-0.642857     0.00784      0
-0.628571     0.007912      0
-0.614286     0.00793      0
-0.6     0.008074      0
-0.585714     0.0081      0
-0.571429     0.0082      0
-0.557143     0.008284      0
-0.542857     0.008324      0
-0.528571     0.00844      0
-0.514286     0.008558      0
-0.5     0.008624      0
-0.485714     0.008698      0
-0.471429     0.008792      0
-0.457143     0.00887      0
-0.442857     0.008992      0
-0.428571     0.009112      0
-0.414286     0.009284      0
-0.4     0.009344      0
-0.385714     0.009516      0
-0.371429     0.009538      0
-0.357143     0.009752      0
-0.342857     0.009928      0
-0.328571     0.010082      0
-0.314286     0.01025      0
-0.3     0.010354      0
-0.285714     0.010652      0
-0.271429     0.010902      0
-0.257143     0.011084      0
-0.242857     0.011344      0
-0.228571     0.011614      0
-0.214286     0.012028      0
-0.2     0.012458      0
-0.185714     0.012934      0
-0.171429     0.01354      0
-0.157143     0.014288      0
-0.142857     0.015464      0
-0.128571     0.017696      0
-0.114286     0.0256105      0
-0.1     0.030734      0
-0.0857143     0.014244      0
-0.0714286     0.01093      0
-0.0571429     0.008874      0
-0.0428571     0.007568      0
-0.0285714     0.006486      0
-0.0142857     0.005565      0
0     0      0
0.0142857     0      0.0006945
0.0285714     0      0.020314
0.0428571     0      0.01427
0.0571429     0      0.013082
0.0714286     0      0.012676
0.0857143     0      0.012882
0.1     0      0.01346
0.114286     0      0.015757
0.128571     0      0.015354
0.142857     0      0.013212
0.157143     0      0.012314
0.171429     0      0.011688
0.185714     0      0.01132
0.2     0      0.010886
0.214286     0      0.01064
0.228571     0      0.010346
0.242857     0      0.010088
0.257143     0      0.009922
0.271429     0      0.009744
0.285714     0      0.00956
0.3     0      0.009358
0.314286     0      0.009264
0.328571     0      0.009162
0.342857     0      0.008914
0.357143     0      0.008868
0.371429     0      0.008718
0.385714     0      0.008604
0.4     0      0.008564
0.414286     0      0.00833
0.428571     0      0.008348
0.442857     0      0.008222
0.457143     0      0.008074
0.471429     0      0.008064
0.485714     0      0.00793
0.5     0      0.007874
0.514286     0      0.00777
0.528571     0      0.007694
0.542857     0      0.007662
0.557143     0      0.007568
0.571429     0      0.007464
0.585714     0      0.007482
0.6     0      0.007312
0.614286     0      0.007296
0.628571     0      0.007236
0.642857     0      0.007154
0.657143     0      0.007098
0.671429     0      0.007078
0.685714     0      0.00696
0.7     0      0.006968
0.714286     0      0.006896
0.728571     0      0.006776
0.742857     0      0.006816
0.757143     0      0.006712
0.771429     0      0.006676
0.785714     0      0.006652
0.8     0      0.006584
0.814286     0      0.00648
0.828571     0      0.00649
0.842857     0      0.00646
0.857143     0      0.006388
0.871429     0      0.006364
0.885714     0      0.006264
0.9     0      0.006302
0.914286     0      0.006208
0.928571     0      0.006216
0.942857     0      0.006156
0.957143     0      0.006084
0.971429     0      0.006074
0.985714     0      0.006012
1     0      0.00601
1.01429     0      0.005958
1.02857     0      0.005918
1.04286     0      0.005884
1.05714     0      0.005842
1.07143     0      0.005808
1.08571     0      0.00579
1.1     0      0.005764
1.11429     0      0.00572
1.12857     0      0.005684
1.14286     0      0.005662
1.15714     0      0.005596
1.17143     0      0.005602
1.18571     0      0.00557
1.2     0      0.00555
1.21429     0      0.005482
1.22857     0      0.005468
1.24286     0      0.005446
1.25714     0      0.005398
1.27143     0      0.005402
1.28571     0      0.005362
1.3     0      0.005302
1.31429     0      0.005308
1.32857     0      0.005312
1.34286     0      0.005202
1.35714     0      0.005226
1.37143     0      0.005208
1.38571     0      0.005168
1.4     0      0.00515
1.41429     0      0.005156
1.42857     0      0.005058
1.44286     0      0.00509
1.45714     0      0.005046
1.47143     0      0.005006
1.48571     0      0.005008
1.5     0      0.00499
1.51429     0      0.004972
1.52857     0      0.00491
1.54286     0      0.004908
1.55714     0      0.0049
1.57143     0      0.004854
1.58571     0      0.00485
1.6     0      0.004848
1.61429     0      0.004804
1.62857     0      0.004778
1.64286     0      0.00476
1.65714     0      0.004726
1.67143     0      0.004748
1.68571     0      0.004674
1.7     0      0.004696
1.71429     0      0.004664
1.72857     0      0.00464
1.74286     0      0.00463
1.75714     0      0.004584
1.77143     0      0.0046
1.78571     0      0.004542
1.8     0      0.004588
1.81429     0      0.004514
1.82857     0      0.004498
1.84286     0      0.0045
1.85714     0      0.004474
1.87143     0      0.004452
1.88571     0      0.00445
1.9     0      0.004418
1.91429     0      0.004418
1.92857     0      0.004404
1.94286     0      0.004358
1.95714     0      0.004346
1.97143     0      0.004328
1.98571     0      0.004358
2     0      0.004284
2.01429     0      0.004284
2.02857     0      0.004274
2.04286     0      0.00425
2.05714     0      0.004242
2.07143     0      0.00425
2.08571     0      0.004202
2.1     0      0.004184
2.11429     0      0.004186
2.12857     0      0.00417
2.14286     0      0.004156
2.15714     0      0.0023225
2.17143     0      0
2.18571     0      0
2.2     0      0
2.21429     0      0
2.22857     0      0
2.24286     0      0
2.25714     0      0
2.27143     0      0
2.28571     0      0
2.3     0      0
2.31429     0      0
2.32857     0      0
2.34286     0      0
2.35714     0      0
2.37143     0      0
2.38571     0      0
2.4     0      0
2.41429     0      0
2.42857     0      0
2.44286     0      0
2.45714     0      0
2.47143     0      0
2.48571     0      0
2.5     0      0
2.51429     0      0
2.52857     0      0
2.54286     0      0
2.55714     0      0
2.57143     0      0
2.58571     0      0
2.6     0      0
2.61429     0      0
2.62857     0      0
2.64286     0      0
2.65714     0      0
2.67143     0      0
2.68571     0      0
2.7     0      0
2.71429     0      0
2.72857     0      0
2.74286     0      0
2.75714     0      0
2.77143     0      0
2.78571     0      0
2.8     0      0
2.81429     0      0
2.82857     0      0
2.84286     0      0
2.85714     0      0
2.87143     0      0
2.88571     0      0
2.9     0      0
2.91429     0      0
2.92857     0      0
2.94286     0      0
2.95714     0      0
2.97143     0      0
2.98571     0      0
3     0      0
3.01429     0      0
3.02857     0      0
3.04286     0      0
3.05714     0      0
3.07143     0      0
3.08571     0      0
3.1     0      0
3.11429     0      0
3.12857     0      0
3.14286     0      0
3.15714     0      0
3.17143     0      0
3.18571     0      0
3.2     0      0
3.21429     0      0
3.22857     0      0
3.24286     0      0
3.25714     0      0
3.27143     0      0
3.28571     0      0
3.3     0      0
3.31429     0      0
3.32857     0      0
3.34286     0      0
3.35714     0      0
3.37143     0      0
3.38571     0      0
3.4     0      0
3.41429     0      0
3.42857     0      0
3.44286     0      0
3.45714     0      0
3.47143     0      0
3.48571     0      0
3.5     0      0
3.51429     0      0
3.52857     0      0
3.54286     0      0
3.55714     0      0
3.57143     0      0
3.58571     0      0
3.6     0      0
3.61429     0      0
3.62857     0      0
3.64286     0      0
3.65714     0      0
3.67143     0      0
3.68571     0      0
3.7     0      0
3.71429     0      0
3.72857     0      0
3.74286     0      0
3.75714     0      0
3.77143     0      0
3.78571     0      0
3.8     0      0
3.81429     0      0
3.82857     0      0
3.84286     0      0
3.85714     0      0
3.87143     0      0
3.88571     0      0
3.9     0      0
3.91429     0      0
3.92857     0      0
3.94286     0      0
3.95714     0      0
3.97143     0      0
3.98571     0      0
4     0      0
4.01429     0      0
4.02857     0      0
4.04286     0      0
4.05714     0      0
4.07143     0      0
4.08571     0      0
4.1     0      0
4.11429     0      0
4.12857     0      0
4.14286     0      0
4.15714     0      0
4.17143     0      0
4.18571     0      0
4.2     0      0
4.21429     0      0
4.22857     0      0
4.24286     0      0
4.25714     0      0
4.27143     0      0
4.28571     0      0
4.3     0      0
4.31429     0      0
4.32857     0      0
4.34286     0      0
4.35714     0      0
4.37143     0      0
4.38571     0      0
4.4     0      0
4.41429     0      0
4.42857     0      0
4.44286     0      0
4.45714     0      0
4.47143     0      0
4.48571     0      0
4.5     0      0
4.51429     0      0
4.52857     0      0
4.54286     0      0
4.55714     0      0
4.57143     0      0
4.58571     0      0
4.6     0      0
4.61429     0      0
4.62857     0      0
4.64286     0      0
4.65714     0      0
4.67143     0      0
4.68571     0      0
4.7     0      0
4.71429     0      0
4.72857     0      0
4.74286     0      0
4.75714     0      0
4.77143     0      0
4.78571     0      0
4.8     0      0
4.81429     0      0
4.82857     0      0
4.84286     0      0
4.85714     0      0
4.87143     0      0
4.88571     0      0
4.9     0      0
4.91429     0      0
4.92857     0      0
4.94286     0      0
4.95714     0      0
4.97143     0      0
4.98571     0      0
