# U,mu,nA_up, nA_dn, nB_up, nB_dn, ms, mf, ntotal,mu,cint
#energy    dos_upn   dos_upp   dos_dnn  dos_dnp GRID=1000 bin=700
-5     0      0
-4.98571     0      0
-4.97143     0      0
-4.95714     0      0
-4.94286     0      0
-4.92857     0      0
-4.91429     0      0
-4.9     0      0
-4.88571     0      0
-4.87143     0      0
-4.85714     0      0
-4.84286     0      0
-4.82857     0      0
-4.81429     0      0
-4.8     0      0
-4.78571     0      0
-4.77143     0      0
-4.75714     0      0
-4.74286     0      0
-4.72857     0      0
-4.71429     0      0
-4.7     0      0
-4.68571     0      0
-4.67143     0      0
-4.65714     0      0
-4.64286     0      0
-4.62857     0      0
-4.61429     0      0
-4.6     0      0
-4.58571     0      0
-4.57143     0      0
-4.55714     0      0
-4.54286     0      0
-4.52857     0      0
-4.51429     0      0
-4.5     0      0
-4.48571     0      0
-4.47143     0      0
-4.45714     0      0
-4.44286     0      0
-4.42857     0      0
-4.41429     0      0
-4.4     0      0
-4.38571     0      0
-4.37143     0      0
-4.35714     0      0
-4.34286     0      0
-4.32857     0      0
-4.31429     0      0
-4.3     0      0
-4.28571     0      0
-4.27143     0      0
-4.25714     0      0
-4.24286     0      0
-4.22857     0      0
-4.21429     0      0
-4.2     0      0
-4.18571     0      0
-4.17143     0      0
-4.15714     0      0
-4.14286     0      0
-4.12857     0      0
-4.11429     0      0
-4.1     0      0
-4.08571     0      0
-4.07143     0      0
-4.05714     0      0
-4.04286     0      0
-4.02857     0      0
-4.01429     0      0
-4     0      0
-3.98571     0      0
-3.97143     0      0
-3.95714     0      0
-3.94286     0      0
-3.92857     0      0
-3.91429     0      0
-3.9     0      0
-3.88571     0      0
-3.87143     0      0
-3.85714     0      0
-3.84286     0      0
-3.82857     0      0
-3.81429     0      0
-3.8     0      0
-3.78571     0      0
-3.77143     0      0
-3.75714     0      0
-3.74286     0      0
-3.72857     0      0
-3.71429     0      0
-3.7     0      0
-3.68571     0      0
-3.67143     0      0
-3.65714     0      0
-3.64286     0      0
-3.62857     0      0
-3.61429     0      0
-3.6     0      0
-3.58571     0      0
-3.57143     0      0
-3.55714     0      0
-3.54286     0      0
-3.52857     0      0
-3.51429     0      0
-3.5     0      0
-3.48571     0      0
-3.47143     0      0
-3.45714     0      0
-3.44286     0      0
-3.42857     0      0
-3.41429     0      0
-3.4     0      0
-3.38571     0      0
-3.37143     0      0
-3.35714     0      0
-3.34286     0      0
-3.32857     0      0
-3.31429     0      0
-3.3     0      0
-3.28571     0      0
-3.27143     0      0
-3.25714     0      0
-3.24286     0      0
-3.22857     0      0
-3.21429     0      0
-3.2     0      0
-3.18571     0      0
-3.17143     0      0
-3.15714     0      0
-3.14286     0      0
-3.12857     0      0
-3.11429     0      0
-3.1     0      0
-3.08571     0      0
-3.07143     0      0
-3.05714     0      0
-3.04286     0      0
-3.02857     0      0
-3.01429     0      0
-3     0      0
-2.98571     0      0
-2.97143     0      0
-2.95714     0      0
-2.94286     0      0
-2.92857     0      0
-2.91429     0      0
-2.9     0      0
-2.88571     0      0
-2.87143     0      0
-2.85714     0      0
-2.84286     0      0
-2.82857     0      0
-2.81429     0      0
-2.8     0      0
-2.78571     0      0
-2.77143     0      0
-2.75714     0      0
-2.74286     0      0
-2.72857     0      0
-2.71429     0      0
-2.7     0      0
-2.68571     0      0
-2.67143     0      0
-2.65714     0      0
-2.64286     0      0
-2.62857     0      0
-2.61429     0      0
-2.6     0      0
-2.58571     0      0
-2.57143     0      0
-2.55714     0      0
-2.54286     0      0
-2.52857     0      0
-2.51429     0      0
-2.5     0      0
-2.48571     0      0
-2.47143     0      0
-2.45714     0      0
-2.44286     0      0
-2.42857     0      0
-2.41429     0      0
-2.4     0      0
-2.38571     0      0
-2.37143     0      0
-2.35714     0      0
-2.34286     0      0
-2.32857     0      0
-2.31429     0      0
-2.3     0      0
-2.28571     0      0
-2.27143     0      0
-2.25714     0      0
-2.24286     0      0
-2.22857     0      0
-2.21429     0      0
-2.2     0      0
-2.18571     0      0
-2.17143     0      0
-2.15714     0      0
-2.14286     4.06504e-77      0
-2.12857     1.2455e-75      0
-2.11429     2.25545e-70      0
-2.1     4.96864e-69      0
-2.08571     5.00298e-69      0
-2.07143     5.00679e-69      0
-2.05714     2.13051e-63      0
-2.04286     1.98746e-62      0
-2.02857     1.98669e-62      0
-2.01429     2.00348e-62      0
-2     1.7189e-56      0
-1.98571     7.92847e-56      0
-1.97143     7.94678e-56      0
-1.95714     7.9773e-56      0
-1.94286     1.18073e-49      0
-1.92857     3.16528e-49      0
-1.91429     3.16162e-49      0
-1.9     3.18726e-49      0
-1.88571     7.17408e-43      0
-1.87143     1.25977e-42      0
-1.85714     1.26514e-42      0
-1.84286     1.27441e-42      0
-1.82857     4.02197e-36      0
-1.81429     5.02149e-36      0
-1.8     5.08008e-36      0
-1.78571     1.25196e-30      0
-1.77143     0.0006005      0
-1.75714     0.005116      0
-1.74286     0.005118      0
-1.72857     0.005132      0
-1.71429     0.00518      0
-1.7     0.00517      0
-1.68571     0.005198      0
-1.67143     0.005238      0
-1.65714     0.005238      0
-1.64286     0.005274      0
-1.62857     0.005282      0
-1.61429     0.005278      0
-1.6     0.005328      0
-1.58571     0.00536      0
-1.57143     0.005392      0
-1.55714     0.00539      0
-1.54286     0.005376      0
-1.52857     0.005456      0
-1.51429     0.00545      0
-1.5     0.00547      0
-1.48571     0.005528      0
-1.47143     0.005494      0
-1.45714     0.005578      0
-1.44286     0.00559      0
-1.42857     0.005594      0
-1.41429     0.00565      0
-1.4     0.005636      0
-1.38571     0.005672      0
-1.37143     0.005702      0
-1.35714     0.005744      0
-1.34286     0.005776      0
-1.32857     0.00576      0
-1.31429     0.0058      0
-1.3     0.005864      0
-1.28571     0.005872      0
-1.27143     0.00589      0
-1.25714     0.005922      0
-1.24286     0.00598      0
-1.22857     0.00599      0
-1.21429     0.006022      0
-1.2     0.006038      0
-1.18571     0.006072      0
-1.17143     0.006144      0
-1.15714     0.006108      0
-1.14286     0.006222      0
-1.12857     0.006214      0
-1.11429     0.006232      0
-1.1     0.00627      0
-1.08571     0.00634      0
-1.07143     0.006344      0
-1.05714     0.006396      0
-1.04286     0.00643      0
-1.02857     0.006498      0
-1.01429     0.006512      0
-1     0.006536      0
-0.985714     0.006622      0
-0.971429     0.006652      0
-0.957143     0.006668      0
-0.942857     0.006704      0
-0.928571     0.006746      0
-0.914286     0.006834      0
-0.9     0.006908      0
-0.885714     0.006872      0
-0.871429     0.006936      0
-0.857143     0.007038      0
-0.842857     0.007068      0
-0.828571     0.007096      0
-0.814286     0.007182      0
-0.8     0.007238      0
-0.785714     0.007288      0
-0.771429     0.007364      0
-0.757143     0.00733      0
-0.742857     0.007538      0
-0.728571     0.007496      0
-0.714286     0.007634      0
-0.7     0.007646      0
-0.685714     0.00776      0
-0.671429     0.007818      0
-0.657143     0.007894      0
-0.642857     0.007994      0
-0.628571     0.008078      0
-0.614286     0.008104      0
-0.6     0.008284      0
-0.585714     0.008314      0
-0.571429     0.00845      0
-0.557143     0.008572      0
-0.542857     0.00863      0
-0.528571     0.008766      0
-0.514286     0.008932      0
-0.5     0.00899      0
-0.485714     0.009122      0
-0.471429     0.009366      0
-0.457143     0.009466      0
-0.442857     0.009602      0
-0.428571     0.009884      0
-0.414286     0.010008      0
-0.4     0.010224      0
-0.385714     0.010474      0
-0.371429     0.01071      0
-0.357143     0.011062      0
-0.342857     0.011332      0
-0.328571     0.011808      0
-0.314286     0.012132      0
-0.3     0.012694      0
-0.285714     0.013318      0
-0.271429     0.013994      0
-0.257143     0.015036      0
-0.242857     0.01634      0
-0.228571     0.01818      0
-0.214286     0.021446      0
-0.2     0.0325225      0
-0.185714     0.052946      0
-0.171429     0.02384      0
-0.157143     0.01817      0
-0.142857     0.01526      0
-0.128571     0.013128      0
-0.114286     0.011726      0
-0.1     0.010297      0
-0.0857143     6.1545e-09      0
-0.0714286     4.7405e-09      0
-0.0571429     3.961e-09      0
-0.0428571     3.4545e-09      0
-0.0285714     3.066e-09      0
-0.0142857     2.53625e-09      0
0     0      0
0.0142857     0      0
0.0285714     0      0
0.0428571     0      0
0.0571429     0      0
0.0714286     0      0
0.0857143     0      0
0.1     0      0
0.114286     0      0
0.128571     0      0
0.142857     0      0
0.157143     0      0
0.171429     0      0
0.185714     0      0
0.2     0      2.64287e-76
0.214286     0      1.11661e-68
0.228571     0      2.83833e-68
0.242857     0      1.00046e-61
0.257143     0      7.27922e-56
0.271429     0      4.7049e-55
0.285714     0      0.0067005
0.3     0      0.026278
0.314286     0      0.020708
0.328571     0      0.018974
0.342857     0      0.018348
0.357143     0      0.018466
0.371429     0      0.019482
0.385714     0      0.024153
0.4     0      0.020376
0.414286     0      0.016852
0.428571     0      0.015042
0.442857     0      0.013878
0.457143     0      0.012992
0.471429     0      0.012332
0.485714     0      0.01178
0.5     0      0.011286
0.514286     0      0.01092
0.528571     0      0.010534
0.542857     0      0.010258
0.557143     0      0.009974
0.571429     0      0.009698
0.585714     0      0.009542
0.6     0      0.00927
0.614286     0      0.009098
0.628571     0      0.008938
0.642857     0      0.00878
0.657143     0      0.00863
0.671429     0      0.008462
0.685714     0      0.008368
0.7     0      0.00821
0.714286     0      0.008108
0.728571     0      0.008002
0.742857     0      0.007924
0.757143     0      0.007784
0.771429     0      0.007676
0.785714     0      0.00761
0.8     0      0.0075
0.814286     0      0.007432
0.828571     0      0.00738
0.842857     0      0.007258
0.857143     0      0.00719
0.871429     0      0.007138
0.885714     0      0.007054
0.9     0      0.006994
0.914286     0      0.006926
0.928571     0      0.006922
0.942857     0      0.006758
0.957143     0      0.006744
0.971429     0      0.00668
0.985714     0      0.006636
1     0      0.006586
1.01429     0      0.006498
1.02857     0      0.006466
1.04286     0      0.006448
1.05714     0      0.006348
1.07143     0      0.006308
1.08571     0      0.006294
1.1     0      0.006254
1.11429     0      0.006142
1.12857     0      0.006156
1.14286     0      0.006062
1.15714     0      0.006082
1.17143     0      0.006002
1.18571     0      0.005976
1.2     0      0.00593
1.21429     0      0.005932
1.22857     0      0.005824
1.24286     0      0.00581
1.25714     0      0.005764
1.27143     0      0.0058
1.28571     0      0.005718
1.3     0      0.005668
1.31429     0      0.005622
1.32857     0      0.005632
1.34286     0      0.005536
1.35714     0      0.005526
1.37143     0      0.005538
1.38571     0      0.00549
1.4     0      0.005434
1.41429     0      0.005406
1.42857     0      0.005444
1.44286     0      0.005324
1.45714     0      0.005334
1.47143     0      0.005316
1.48571     0      0.005242
1.5     0      0.005286
1.51429     0      0.005198
1.52857     0      0.00517
1.54286     0      0.005204
1.55714     0      0.00511
1.57143     0      0.005132
1.58571     0      0.005078
1.6     0      0.005056
1.61429     0      0.00503
1.62857     0      0.005032
1.64286     0      0.004996
1.65714     0      0.004954
1.67143     0      0.004912
1.68571     0      0.004928
1.7     0      0.004934
1.71429     0      0.004826
1.72857     0      0.00488
1.74286     0      0.0048
1.75714     0      0.004818
1.77143     0      0.004792
1.78571     0      0.004752
1.8     0      0.004722
1.81429     0      0.004736
1.82857     0      0.0047
1.84286     0      0.004676
1.85714     0      0.00465
1.87143     0      0.004652
1.88571     0      0.004622
1.9     0      0.00459
1.91429     0      0.004588
1.92857     0      0.004534
1.94286     0      0.004524
1.95714     0      0.004544
1.97143     0      0.004518
1.98571     0      0.00449
2     0      0.004444
2.01429     0      0.004472
2.02857     0      0.00443
2.04286     0      0.004374
2.05714     0      0.004412
2.07143     0      0.004394
2.08571     0      0.004354
2.1     0      0.004342
2.11429     0      0.004354
2.12857     0      0.004284
2.14286     0      0.004298
2.15714     0      0.004274
2.17143     0      0.004268
2.18571     0      0.004246
2.2     0      0.004222
2.21429     0      0.004224
2.22857     0      0.004198
2.24286     0      0.004176
2.25714     0      0.0038425
2.27143     0      1.0695e-09
2.28571     0      1.0685e-09
2.3     0      1.0675e-09
2.31429     0      1.0605e-09
2.32857     0      1.0565e-09
2.34286     0      1.0515e-09
2.35714     0      1.0505e-09
2.37143     0      1.044e-09
2.38571     0      2.10625e-10
2.4     0      0
2.41429     0      0
2.42857     0      0
2.44286     0      0
2.45714     0      0
2.47143     0      0
2.48571     0      0
2.5     0      0
2.51429     0      0
2.52857     0      0
2.54286     0      0
2.55714     0      0
2.57143     0      0
2.58571     0      0
2.6     0      0
2.61429     0      0
2.62857     0      0
2.64286     0      0
2.65714     0      0
2.67143     0      0
2.68571     0      0
2.7     0      0
2.71429     0      0
2.72857     0      0
2.74286     0      0
2.75714     0      0
2.77143     0      0
2.78571     0      0
2.8     0      0
2.81429     0      0
2.82857     0      0
2.84286     0      0
2.85714     0      0
2.87143     0      0
2.88571     0      0
2.9     0      0
2.91429     0      0
2.92857     0      0
2.94286     0      0
2.95714     0      0
2.97143     0      0
2.98571     0      0
3     0      0
3.01429     0      0
3.02857     0      0
3.04286     0      0
3.05714     0      0
3.07143     0      0
3.08571     0      0
3.1     0      0
3.11429     0      0
3.12857     0      0
3.14286     0      0
3.15714     0      0
3.17143     0      0
3.18571     0      0
3.2     0      0
3.21429     0      0
3.22857     0      0
3.24286     0      0
3.25714     0      0
3.27143     0      0
3.28571     0      0
3.3     0      0
3.31429     0      0
3.32857     0      0
3.34286     0      0
3.35714     0      0
3.37143     0      0
3.38571     0      0
3.4     0      0
3.41429     0      0
3.42857     0      0
3.44286     0      0
3.45714     0      0
3.47143     0      0
3.48571     0      0
3.5     0      0
3.51429     0      0
3.52857     0      0
3.54286     0      0
3.55714     0      0
3.57143     0      0
3.58571     0      0
3.6     0      0
3.61429     0      0
3.62857     0      0
3.64286     0      0
3.65714     0      0
3.67143     0      0
3.68571     0      0
3.7     0      0
3.71429     0      0
3.72857     0      0
3.74286     0      0
3.75714     0      0
3.77143     0      0
3.78571     0      0
3.8     0      0
3.81429     0      0
3.82857     0      0
3.84286     0      0
3.85714     0      0
3.87143     0      0
3.88571     0      0
3.9     0      0
3.91429     0      0
3.92857     0      0
3.94286     0      0
3.95714     0      0
3.97143     0      0
3.98571     0      0
4     0      0
4.01429     0      0
4.02857     0      0
4.04286     0      0
4.05714     0      0
4.07143     0      0
4.08571     0      0
4.1     0      0
4.11429     0      0
4.12857     0      0
4.14286     0      0
4.15714     0      0
4.17143     0      0
4.18571     0      0
4.2     0      0
4.21429     0      0
4.22857     0      0
4.24286     0      0
4.25714     0      0
4.27143     0      0
4.28571     0      0
4.3     0      0
4.31429     0      0
4.32857     0      0
4.34286     0      0
4.35714     0      0
4.37143     0      0
4.38571     0      0
4.4     0      0
4.41429     0      0
4.42857     0      0
4.44286     0      0
4.45714     0      0
4.47143     0      0
4.48571     0      0
4.5     0      0
4.51429     0      0
4.52857     0      0
4.54286     0      0
4.55714     0      0
4.57143     0      0
4.58571     0      0
4.6     0      0
4.61429     0      0
4.62857     0      0
4.64286     0      0
4.65714     0      0
4.67143     0      0
4.68571     0      0
4.7     0      0
4.71429     0      0
4.72857     0      0
4.74286     0      0
4.75714     0      0
4.77143     0      0
4.78571     0      0
4.8     0      0
4.81429     0      0
4.82857     0      0
4.84286     0      0
4.85714     0      0
4.87143     0      0
4.88571     0      0
4.9     0      0
4.91429     0      0
4.92857     0      0
4.94286     0      0
4.95714     0      0
4.97143     0      0
4.98571     0      0
