# U,mu,nA_up, nA_dn, nB_up, nB_dn, ms, mf, ntotal,mu,cint
#energy    dos_upn   dos_upp   dos_dnn  dos_dnp GRID=1000 bin=700
-5     0      0
-4.98571     0      0
-4.97143     0      0
-4.95714     0      0
-4.94286     0      0
-4.92857     0      0
-4.91429     0      0
-4.9     0      0
-4.88571     0      0
-4.87143     0      0
-4.85714     0      0
-4.84286     0      0
-4.82857     0      0
-4.81429     0      0
-4.8     0      0
-4.78571     0      0
-4.77143     0      0
-4.75714     0      0
-4.74286     0      0
-4.72857     0      0
-4.71429     0      0
-4.7     0      0
-4.68571     0      0
-4.67143     0      0
-4.65714     0      0
-4.64286     0      0
-4.62857     0      0
-4.61429     0      0
-4.6     0      0
-4.58571     0      0
-4.57143     0      0
-4.55714     0      0
-4.54286     0      0
-4.52857     0      0
-4.51429     0      0
-4.5     0      0
-4.48571     0      0
-4.47143     0      0
-4.45714     0      0
-4.44286     0      0
-4.42857     0      0
-4.41429     0      0
-4.4     0      0
-4.38571     0      0
-4.37143     0      0
-4.35714     0      0
-4.34286     0      0
-4.32857     0      0
-4.31429     0      0
-4.3     0      0
-4.28571     0      0
-4.27143     0      0
-4.25714     0      0
-4.24286     0      0
-4.22857     0      0
-4.21429     0      0
-4.2     0      0
-4.18571     0      0
-4.17143     0      0
-4.15714     0      0
-4.14286     0      0
-4.12857     0      0
-4.11429     0      0
-4.1     0      0
-4.08571     0      0
-4.07143     0      0
-4.05714     0      0
-4.04286     0      0
-4.02857     0      0
-4.01429     0      0
-4     0      0
-3.98571     0      0
-3.97143     0      0
-3.95714     0      0
-3.94286     0      0
-3.92857     0      0
-3.91429     0      0
-3.9     0      0
-3.88571     0      0
-3.87143     0      0
-3.85714     0      0
-3.84286     0      0
-3.82857     0      0
-3.81429     0      0
-3.8     0      0
-3.78571     0      0
-3.77143     0      0
-3.75714     0      0
-3.74286     0      0
-3.72857     0      0
-3.71429     0      0
-3.7     0      0
-3.68571     0      0
-3.67143     0      0
-3.65714     0      0
-3.64286     0      0
-3.62857     0      0
-3.61429     0      0
-3.6     0      0
-3.58571     0      0
-3.57143     0      0
-3.55714     0      0
-3.54286     0      0
-3.52857     0      0
-3.51429     0      0
-3.5     0      0
-3.48571     0      0
-3.47143     0      0
-3.45714     0      0
-3.44286     0      0
-3.42857     0      0
-3.41429     0      0
-3.4     0      0
-3.38571     0      0
-3.37143     0      0
-3.35714     0      0
-3.34286     0      0
-3.32857     0      0
-3.31429     0      0
-3.3     0      0
-3.28571     0      0
-3.27143     0      0
-3.25714     0      0
-3.24286     0      0
-3.22857     0      0
-3.21429     0      0
-3.2     0      0
-3.18571     0      0
-3.17143     0      0
-3.15714     0      0
-3.14286     0      0
-3.12857     0      0
-3.11429     0      0
-3.1     0      0
-3.08571     0      0
-3.07143     0      0
-3.05714     0      0
-3.04286     0      0
-3.02857     0      0
-3.01429     0      0
-3     0      0
-2.98571     0      0
-2.97143     0      0
-2.95714     0      0
-2.94286     0      0
-2.92857     0      0
-2.91429     0      0
-2.9     0      0
-2.88571     0      0
-2.87143     0      0
-2.85714     0      0
-2.84286     0      0
-2.82857     0      0
-2.81429     0      0
-2.8     0      0
-2.78571     0      0
-2.77143     0      0
-2.75714     0      0
-2.74286     0      0
-2.72857     0      0
-2.71429     0      0
-2.7     0      0
-2.68571     0      0
-2.67143     0      0
-2.65714     0      0
-2.64286     0      0
-2.62857     0      0
-2.61429     0      0
-2.6     0      0
-2.58571     0      0
-2.57143     0      0
-2.55714     0      0
-2.54286     0      0
-2.52857     0      0
-2.51429     0      0
-2.5     0      0
-2.48571     0      0
-2.47143     0      0
-2.45714     0      0
-2.44286     0      0
-2.42857     0      0
-2.41429     0      0
-2.4     0      0
-2.38571     0      0
-2.37143     0      0
-2.35714     0      0
-2.34286     0      0
-2.32857     0      0
-2.31429     0      0
-2.3     0      0
-2.28571     0      0
-2.27143     0      0
-2.25714     0      0
-2.24286     0      0
-2.22857     0      0
-2.21429     0      0
-2.2     0      0
-2.18571     0      0
-2.17143     0      0
-2.15714     0      0
-2.14286     0      0
-2.12857     0      0
-2.11429     0      0
-2.1     0      0
-2.08571     0      0
-2.07143     0      0
-2.05714     0      0
-2.04286     0      0
-2.02857     0      0
-2.01429     0      0
-2     0      0
-1.98571     0      0
-1.97143     0      0
-1.95714     0      0
-1.94286     0      0
-1.92857     0      0
-1.91429     0      0
-1.9     0      0
-1.88571     0      0
-1.87143     0      0
-1.85714     0      0
-1.84286     0.0035645      0
-1.82857     0.005076      0
-1.81429     0.005078      0
-1.8     0.005122      0
-1.78571     0.005124      0
-1.77143     0.00516      0
-1.75714     0.00518      0
-1.74286     0.005188      0
-1.72857     0.00521      0
-1.71429     0.00521      0
-1.7     0.005262      0
-1.68571     0.005258      0
-1.67143     0.005284      0
-1.65714     0.005294      0
-1.64286     0.005342      0
-1.62857     0.005358      0
-1.61429     0.005394      0
-1.6     0.005372      0
-1.58571     0.00539      0
-1.57143     0.005456      0
-1.55714     0.005452      0
-1.54286     0.005482      0
-1.52857     0.005512      0
-1.51429     0.0055      0
-1.5     0.005582      0
-1.48571     0.005572      0
-1.47143     0.00558      0
-1.45714     0.00562      0
-1.44286     0.00564      0
-1.42857     0.005668      0
-1.41429     0.00568      0
-1.4     0.005748      0
-1.38571     0.005742      0
-1.37143     0.00578      0
-1.35714     0.005798      0
-1.34286     0.005818      0
-1.32857     0.00584      0
-1.31429     0.00588      0
-1.3     0.005928      0
-1.28571     0.005908      0
-1.27143     0.005926      0
-1.25714     0.006018      0
-1.24286     0.006028      0
-1.22857     0.006042      0
-1.21429     0.006086      0
-1.2     0.006104      0
-1.18571     0.006116      0
-1.17143     0.006222      0
-1.15714     0.006176      0
-1.14286     0.006268      0
-1.12857     0.006248      0
-1.11429     0.006292      0
-1.1     0.006316      0
-1.08571     0.006406      0
-1.07143     0.0064      0
-1.05714     0.00646      0
-1.04286     0.006476      0
-1.02857     0.006496      0
-1.01429     0.006548      0
-1     0.006572      0
-0.985714     0.006668      0
-0.971429     0.006644      0
-0.957143     0.006702      0
-0.942857     0.006764      0
-0.928571     0.006776      0
-0.914286     0.00687      0
-0.9     0.006882      0
-0.885714     0.006924      0
-0.871429     0.006944      0
-0.857143     0.007024      0
-0.842857     0.007066      0
-0.828571     0.007076      0
-0.814286     0.007184      0
-0.8     0.007206      0
-0.785714     0.007232      0
-0.771429     0.007304      0
-0.757143     0.007384      0
-0.742857     0.007432      0
-0.728571     0.007458      0
-0.714286     0.007526      0
-0.7     0.007602      0
-0.685714     0.007624      0
-0.671429     0.007736      0
-0.657143     0.00778      0
-0.642857     0.007852      0
-0.628571     0.007916      0
-0.614286     0.007968      0
-0.6     0.008064      0
-0.585714     0.008108      0
-0.571429     0.00822      0
-0.557143     0.008252      0
-0.542857     0.008356      0
-0.528571     0.008422      0
-0.514286     0.008528      0
-0.5     0.008596      0
-0.485714     0.008714      0
-0.471429     0.008844      0
-0.457143     0.008918      0
-0.442857     0.009028      0
-0.428571     0.009086      0
-0.414286     0.009248      0
-0.4     0.009342      0
-0.385714     0.009492      0
-0.371429     0.009628      0
-0.357143     0.009772      0
-0.342857     0.009898      0
-0.328571     0.010022      0
-0.314286     0.010302      0
-0.3     0.010454      0
-0.285714     0.01063      0
-0.271429     0.010812      0
-0.257143     0.011092      0
-0.242857     0.0114      0
-0.228571     0.011678      0
-0.214286     0.011972      0
-0.2     0.01234      0
-0.185714     0.012942      0
-0.171429     0.013562      0
-0.157143     0.014364      0
-0.142857     0.015528      0
-0.128571     0.01759      0
-0.114286     0.0252485      0
-0.1     0.030668      0
-0.0857143     0.01407      0
-0.0714286     0.010736      0
-0.0571429     0.008892      0
-0.0428571     0.007474      0
-0.0285714     0.00641      0
-0.0142857     0.005501      0
0     0      0
0.0142857     0      0.0075685
0.0285714     0      0.017058
0.0428571     0      0.013696
0.0571429     0      0.012842
0.0714286     0      0.012638
0.0857143     0      0.012854
0.1     0      0.013674
0.114286     0      0.016441
0.128571     0      0.014388
0.142857     0      0.012814
0.157143     0      0.012166
0.171429     0      0.011546
0.185714     0      0.011184
0.2     0      0.010798
0.214286     0      0.010544
0.228571     0      0.010326
0.242857     0      0.010026
0.257143     0      0.009888
0.271429     0      0.009702
0.285714     0      0.009476
0.3     0      0.009392
0.314286     0      0.009226
0.328571     0      0.009022
0.342857     0      0.008968
0.357143     0      0.008838
0.371429     0      0.008658
0.385714     0      0.008638
0.4     0      0.008482
0.414286     0      0.008376
0.428571     0      0.008324
0.442857     0      0.00815
0.457143     0      0.008128
0.471429     0      0.00798
0.485714     0      0.007906
0.5     0      0.007876
0.514286     0      0.007758
0.528571     0      0.007702
0.542857     0      0.007628
0.557143     0      0.007528
0.571429     0      0.00751
0.585714     0      0.007396
0.6     0      0.007356
0.614286     0      0.007304
0.628571     0      0.007166
0.642857     0      0.007178
0.657143     0      0.007094
0.671429     0      0.007012
0.685714     0      0.007044
0.7     0      0.006892
0.714286     0      0.00689
0.728571     0      0.006798
0.742857     0      0.006776
0.757143     0      0.006742
0.771429     0      0.00665
0.785714     0      0.006616
0.8     0      0.006564
0.814286     0      0.006528
0.828571     0      0.0065
0.842857     0      0.00643
0.857143     0      0.00636
0.871429     0      0.006336
0.885714     0      0.006328
0.9     0      0.006264
0.914286     0      0.006222
0.928571     0      0.006172
0.942857     0      0.006144
0.957143     0      0.006128
0.971429     0      0.006056
0.985714     0      0.006018
1     0      0.006
1.01429     0      0.005934
1.02857     0      0.005908
1.04286     0      0.005898
1.05714     0      0.005854
1.07143     0      0.00581
1.08571     0      0.00576
1.1     0      0.005746
1.11429     0      0.005708
1.12857     0      0.005654
1.14286     0      0.005692
1.15714     0      0.005592
1.17143     0      0.005584
1.18571     0      0.005554
1.2     0      0.00552
1.21429     0      0.005498
1.22857     0      0.005482
1.24286     0      0.005458
1.25714     0      0.005386
1.27143     0      0.005354
1.28571     0      0.005348
1.3     0      0.005368
1.31429     0      0.00527
1.32857     0      0.00528
1.34286     0      0.00525
1.35714     0      0.005236
1.37143     0      0.005154
1.38571     0      0.005194
1.4     0      0.00515
1.41429     0      0.005098
1.42857     0      0.005126
1.44286     0      0.005056
1.45714     0      0.005026
1.47143     0      0.005044
1.48571     0      0.004978
1.5     0      0.004992
1.51429     0      0.00495
1.52857     0      0.004952
1.54286     0      0.00492
1.55714     0      0.004854
1.57143     0      0.004888
1.58571     0      0.004848
1.6     0      0.004802
1.61429     0      0.004784
1.62857     0      0.004798
1.64286     0      0.004752
1.65714     0      0.004736
1.67143     0      0.004726
1.68571     0      0.004704
1.7     0      0.004648
1.71429     0      0.00467
1.72857     0      0.004644
1.74286     0      0.00464
1.75714     0      0.00459
1.77143     0      0.004592
1.78571     0      0.004548
1.8     0      0.004568
1.81429     0      0.004506
1.82857     0      0.004492
1.84286     0      0.0045
1.85714     0      0.004488
1.87143     0      0.004436
1.88571     0      0.004468
1.9     0      0.004404
1.91429     0      0.004408
1.92857     0      0.00438
1.94286     0      0.004364
1.95714     0      0.004366
1.97143     0      0.004336
1.98571     0      0.004316
2     0      0.004302
2.01429     0      0.004276
2.02857     0      0.004292
2.04286     0      0.004258
2.05714     0      0.004238
2.07143     0      0.004218
2.08571     0      0.004204
2.1     0      0.004192
2.11429     0      0.00418
2.12857     0      0.004172
2.14286     0      0.004156
2.15714     0      0.0017885
2.17143     0      0
2.18571     0      0
2.2     0      0
2.21429     0      0
2.22857     0      0
2.24286     0      0
2.25714     0      0
2.27143     0      0
2.28571     0      0
2.3     0      0
2.31429     0      0
2.32857     0      0
2.34286     0      0
2.35714     0      0
2.37143     0      0
2.38571     0      0
2.4     0      0
2.41429     0      0
2.42857     0      0
2.44286     0      0
2.45714     0      0
2.47143     0      0
2.48571     0      0
2.5     0      0
2.51429     0      0
2.52857     0      0
2.54286     0      0
2.55714     0      0
2.57143     0      0
2.58571     0      0
2.6     0      0
2.61429     0      0
2.62857     0      0
2.64286     0      0
2.65714     0      0
2.67143     0      0
2.68571     0      0
2.7     0      0
2.71429     0      0
2.72857     0      0
2.74286     0      0
2.75714     0      0
2.77143     0      0
2.78571     0      0
2.8     0      0
2.81429     0      0
2.82857     0      0
2.84286     0      0
2.85714     0      0
2.87143     0      0
2.88571     0      0
2.9     0      0
2.91429     0      0
2.92857     0      0
2.94286     0      0
2.95714     0      0
2.97143     0      0
2.98571     0      0
3     0      0
3.01429     0      0
3.02857     0      0
3.04286     0      0
3.05714     0      0
3.07143     0      0
3.08571     0      0
3.1     0      0
3.11429     0      0
3.12857     0      0
3.14286     0      0
3.15714     0      0
3.17143     0      0
3.18571     0      0
3.2     0      0
3.21429     0      0
3.22857     0      0
3.24286     0      0
3.25714     0      0
3.27143     0      0
3.28571     0      0
3.3     0      0
3.31429     0      0
3.32857     0      0
3.34286     0      0
3.35714     0      0
3.37143     0      0
3.38571     0      0
3.4     0      0
3.41429     0      0
3.42857     0      0
3.44286     0      0
3.45714     0      0
3.47143     0      0
3.48571     0      0
3.5     0      0
3.51429     0      0
3.52857     0      0
3.54286     0      0
3.55714     0      0
3.57143     0      0
3.58571     0      0
3.6     0      0
3.61429     0      0
3.62857     0      0
3.64286     0      0
3.65714     0      0
3.67143     0      0
3.68571     0      0
3.7     0      0
3.71429     0      0
3.72857     0      0
3.74286     0      0
3.75714     0      0
3.77143     0      0
3.78571     0      0
3.8     0      0
3.81429     0      0
3.82857     0      0
3.84286     0      0
3.85714     0      0
3.87143     0      0
3.88571     0      0
3.9     0      0
3.91429     0      0
3.92857     0      0
3.94286     0      0
3.95714     0      0
3.97143     0      0
3.98571     0      0
4     0      0
4.01429     0      0
4.02857     0      0
4.04286     0      0
4.05714     0      0
4.07143     0      0
4.08571     0      0
4.1     0      0
4.11429     0      0
4.12857     0      0
4.14286     0      0
4.15714     0      0
4.17143     0      0
4.18571     0      0
4.2     0      0
4.21429     0      0
4.22857     0      0
4.24286     0      0
4.25714     0      0
4.27143     0      0
4.28571     0      0
4.3     0      0
4.31429     0      0
4.32857     0      0
4.34286     0      0
4.35714     0      0
4.37143     0      0
4.38571     0      0
4.4     0      0
4.41429     0      0
4.42857     0      0
4.44286     0      0
4.45714     0      0
4.47143     0      0
4.48571     0      0
4.5     0      0
4.51429     0      0
4.52857     0      0
4.54286     0      0
4.55714     0      0
4.57143     0      0
4.58571     0      0
4.6     0      0
4.61429     0      0
4.62857     0      0
4.64286     0      0
4.65714     0      0
4.67143     0      0
4.68571     0      0
4.7     0      0
4.71429     0      0
4.72857     0      0
4.74286     0      0
4.75714     0      0
4.77143     0      0
4.78571     0      0
4.8     0      0
4.81429     0      0
4.82857     0      0
4.84286     0      0
4.85714     0      0
4.87143     0      0
4.88571     0      0
4.9     0      0
4.91429     0      0
4.92857     0      0
4.94286     0      0
4.95714     0      0
4.97143     0      0
4.98571     0      0
