# U,mu,nA_up, nA_dn, nB_up, nB_dn, ms, mf, ntotal,mu,cint
#energy    dos_upn   dos_upp   dos_dnn  dos_dnp GRID=1000 bin=700
-5     0      0
-4.98571     0      0
-4.97143     0      0
-4.95714     0      0
-4.94286     0      0
-4.92857     0      0
-4.91429     0      0
-4.9     0      0
-4.88571     0      0
-4.87143     0      0
-4.85714     0      0
-4.84286     0      0
-4.82857     0      0
-4.81429     0      0
-4.8     0      0
-4.78571     0      0
-4.77143     0      0
-4.75714     0      0
-4.74286     0      0
-4.72857     0      0
-4.71429     0      0
-4.7     0      0
-4.68571     0      0
-4.67143     0      0
-4.65714     0      0
-4.64286     0      0
-4.62857     0      0
-4.61429     0      0
-4.6     0      0
-4.58571     0      0
-4.57143     0      0
-4.55714     0      0
-4.54286     0      0
-4.52857     0      0
-4.51429     0      0
-4.5     0      0
-4.48571     0      0
-4.47143     0      0
-4.45714     0      0
-4.44286     0      0
-4.42857     0      0
-4.41429     0      0
-4.4     0      0
-4.38571     0      0
-4.37143     0      0
-4.35714     0      0
-4.34286     0      0
-4.32857     0      0
-4.31429     0      0
-4.3     0      0
-4.28571     0      0
-4.27143     0      0
-4.25714     0      0
-4.24286     0      0
-4.22857     0      0
-4.21429     0      0
-4.2     0      0
-4.18571     0      0
-4.17143     0      0
-4.15714     0      0
-4.14286     0      0
-4.12857     0      0
-4.11429     0      0
-4.1     0      0
-4.08571     0      0
-4.07143     0      0
-4.05714     0      0
-4.04286     0      0
-4.02857     0      0
-4.01429     0      0
-4     0      0
-3.98571     0      0
-3.97143     0      0
-3.95714     0      0
-3.94286     0      0
-3.92857     0      0
-3.91429     0      0
-3.9     0      0
-3.88571     0      0
-3.87143     0      0
-3.85714     0      0
-3.84286     0      0
-3.82857     0      0
-3.81429     0      0
-3.8     0      0
-3.78571     0      0
-3.77143     0      0
-3.75714     0      0
-3.74286     0      0
-3.72857     0      0
-3.71429     0      0
-3.7     0      0
-3.68571     0      0
-3.67143     0      0
-3.65714     0      0
-3.64286     0      0
-3.62857     0      0
-3.61429     0      0
-3.6     0      0
-3.58571     0      0
-3.57143     0      0
-3.55714     0      0
-3.54286     0      0
-3.52857     0      0
-3.51429     0      0
-3.5     0      0
-3.48571     0      0
-3.47143     0      0
-3.45714     0      0
-3.44286     0      0
-3.42857     0      0
-3.41429     0      0
-3.4     0      0
-3.38571     0      0
-3.37143     0      0
-3.35714     0      0
-3.34286     0      0
-3.32857     0      0
-3.31429     0      0
-3.3     0      0
-3.28571     0      0
-3.27143     0      0
-3.25714     0      0
-3.24286     0      0
-3.22857     0      0
-3.21429     0      0
-3.2     0      0
-3.18571     0      0
-3.17143     0      0
-3.15714     0      0
-3.14286     0      0
-3.12857     0      0
-3.11429     0      0
-3.1     0      0
-3.08571     0      0
-3.07143     0      0
-3.05714     0      0
-3.04286     0      0
-3.02857     0      0
-3.01429     0      0
-3     0      0
-2.98571     0      0
-2.97143     0      0
-2.95714     0      0
-2.94286     0      0
-2.92857     0      0
-2.91429     0      0
-2.9     0      0
-2.88571     0      0
-2.87143     0      0
-2.85714     0      0
-2.84286     0      0
-2.82857     0      0
-2.81429     0      0
-2.8     0      0
-2.78571     0      0
-2.77143     0      0
-2.75714     0      0
-2.74286     0      0
-2.72857     0      0
-2.71429     0      0
-2.7     0      0
-2.68571     0      0
-2.67143     0      0
-2.65714     0      0
-2.64286     0      0
-2.62857     0      0
-2.61429     0      0
-2.6     0      0
-2.58571     0      0
-2.57143     0      0
-2.55714     0      0
-2.54286     0      0
-2.52857     0      0
-2.51429     0      0
-2.5     0      0
-2.48571     0      0
-2.47143     0      0
-2.45714     0      0
-2.44286     0      0
-2.42857     0      0
-2.41429     0      0
-2.4     0      0
-2.38571     0      0
-2.37143     0      0
-2.35714     0      0
-2.34286     0      0
-2.32857     0      0
-2.31429     0      0
-2.3     0      0
-2.28571     0      0
-2.27143     0      0
-2.25714     0      0
-2.24286     0      0
-2.22857     0      0
-2.21429     0      0
-2.2     0      0
-2.18571     0      0
-2.17143     0      0
-2.15714     0      0
-2.14286     5.91541e-196      0
-2.12857     1.81244e-194      0
-2.11429     3.28212e-189      0
-2.1     7.23033e-188      0
-2.08571     7.28029e-188      0
-2.07143     7.28584e-188      0
-2.05714     3.10031e-182      0
-2.04286     2.89213e-181      0
-2.02857     2.89102e-181      0
-2.01429     2.91545e-181      0
-2     2.50134e-175      0
-1.98571     1.15374e-174      0
-1.97143     1.15641e-174      0
-1.95714     1.16085e-174      0
-1.94286     1.71818e-168      0
-1.92857     4.60609e-168      0
-1.91429     4.60077e-168      0
-1.9     4.63807e-168      0
-1.88571     1.04397e-161      0
-1.87143     1.8332e-161      0
-1.85714     1.84102e-161      0
-1.84286     1.85452e-161      0
-1.82857     5.85274e-155      0
-1.81429     3.05e-05      0
-1.8     0.005064      0
-1.78571     0.00509      0
-1.77143     0.00511      0
-1.75714     0.005122      0
-1.74286     0.005132      0
-1.72857     0.005192      0
-1.71429     0.005158      0
-1.7     0.005208      0
-1.68571     0.005218      0
-1.67143     0.005226      0
-1.65714     0.005278      0
-1.64286     0.005248      0
-1.62857     0.00535      0
-1.61429     0.005316      0
-1.6     0.005326      0
-1.58571     0.005378      0
-1.57143     0.005356      0
-1.55714     0.005394      0
-1.54286     0.005436      0
-1.52857     0.00548      0
-1.51429     0.005442      0
-1.5     0.005514      0
-1.48571     0.00553      0
-1.47143     0.005508      0
-1.45714     0.005592      0
-1.44286     0.005596      0
-1.42857     0.005588      0
-1.41429     0.005616      0
-1.4     0.005664      0
-1.38571     0.005686      0
-1.37143     0.005724      0
-1.35714     0.005756      0
-1.34286     0.005768      0
-1.32857     0.00577      0
-1.31429     0.005802      0
-1.3     0.005876      0
-1.28571     0.005842      0
-1.27143     0.0059      0
-1.25714     0.005924      0
-1.24286     0.00598      0
-1.22857     0.005954      0
-1.21429     0.006014      0
-1.2     0.006048      0
-1.18571     0.006072      0
-1.17143     0.006104      0
-1.15714     0.006128      0
-1.14286     0.006168      0
-1.12857     0.006218      0
-1.11429     0.00622      0
-1.1     0.006256      0
-1.08571     0.006292      0
-1.07143     0.00633      0
-1.05714     0.006356      0
-1.04286     0.006434      0
-1.02857     0.006402      0
-1.01429     0.006512      0
-1     0.006508      0
-0.985714     0.006556      0
-0.971429     0.006568      0
-0.957143     0.006616      0
-0.942857     0.006692      0
-0.928571     0.006688      0
-0.914286     0.006718      0
-0.9     0.00685      0
-0.885714     0.006828      0
-0.871429     0.006872      0
-0.857143     0.00692      0
-0.842857     0.006974      0
-0.828571     0.007008      0
-0.814286     0.007092      0
-0.8     0.00709      0
-0.785714     0.007164      0
-0.771429     0.007222      0
-0.757143     0.00727      0
-0.742857     0.00732      0
-0.728571     0.00738      0
-0.714286     0.007394      0
-0.7     0.007482      0
-0.685714     0.007552      0
-0.671429     0.00765      0
-0.657143     0.007658      0
-0.642857     0.007742      0
-0.628571     0.00776      0
-0.614286     0.00786      0
-0.6     0.00796      0
-0.585714     0.008004      0
-0.571429     0.00806      0
-0.557143     0.008174      0
-0.542857     0.00825      0
-0.528571     0.00833      0
-0.514286     0.00842      0
-0.5     0.00849      0
-0.485714     0.00858      0
-0.471429     0.008658      0
-0.457143     0.008814      0
-0.442857     0.008918      0
-0.428571     0.009002      0
-0.414286     0.009152      0
-0.4     0.009218      0
-0.385714     0.009398      0
-0.371429     0.009474      0
-0.357143     0.009682      0
-0.342857     0.009804      0
-0.328571     0.009974      0
-0.314286     0.010084      0
-0.3     0.010372      0
-0.285714     0.010558      0
-0.271429     0.010818      0
-0.257143     0.011064      0
-0.242857     0.01134      0
-0.228571     0.011702      0
-0.214286     0.01206      0
-0.2     0.012516      0
-0.185714     0.013072      0
-0.171429     0.013788      0
-0.157143     0.014712      0
-0.142857     0.015978      0
-0.128571     0.018752      0
-0.114286     0.0269645      0
-0.1     0.03753      0
-0.0857143     0.01687      0
-0.0714286     0.012766      0
-0.0571429     0.010664      0
-0.0428571     0.009046      0
-0.0285714     0.007914      0
-0.0142857     0.006935      0
0     0      0
0.0142857     0      0
0.0285714     0      0
0.0428571     0      0
0.0571429     0      0
0.0714286     0      0
0.0857143     0      0
0.1     0      0.0167845
0.114286     0      0.017532
0.128571     0      0.015184
0.142857     0      0.014392
0.157143     0      0.01426
0.171429     0      0.014678
0.185714     0      0.016006
0.2     0      0.018657
0.214286     0      0.014772
0.228571     0      0.013336
0.242857     0      0.012494
0.257143     0      0.011824
0.271429     0      0.011376
0.285714     0      0.01095
0.3     0      0.010586
0.314286     0      0.01035
0.328571     0      0.010094
0.342857     0      0.009856
0.357143     0      0.009634
0.371429     0      0.009492
0.385714     0      0.009256
0.4     0      0.00918
0.414286     0      0.009018
0.428571     0      0.008814
0.442857     0      0.008714
0.457143     0      0.00865
0.471429     0      0.008478
0.485714     0      0.008338
0.5     0      0.008284
0.514286     0      0.008194
0.528571     0      0.008054
0.542857     0      0.00802
0.557143     0      0.00791
0.571429     0      0.00783
0.585714     0      0.007686
0.6     0      0.007654
0.614286     0      0.007582
0.628571     0      0.007494
0.642857     0      0.007458
0.657143     0      0.007398
0.671429     0      0.007234
0.685714     0      0.007254
0.7     0      0.007178
0.714286     0      0.00711
0.728571     0      0.007008
0.742857     0      0.007018
0.757143     0      0.006902
0.771429     0      0.006856
0.785714     0      0.006856
0.8     0      0.006752
0.814286     0      0.006704
0.828571     0      0.006668
0.842857     0      0.006644
0.857143     0      0.006548
0.871429     0      0.00649
0.885714     0      0.006486
0.9     0      0.006446
0.914286     0      0.006348
0.928571     0      0.006344
0.942857     0      0.006304
0.957143     0      0.00622
0.971429     0      0.006222
0.985714     0      0.00616
1     0      0.006154
1.01429     0      0.006076
1.02857     0      0.006104
1.04286     0      0.005952
1.05714     0      0.005984
1.07143     0      0.005914
1.08571     0      0.005924
1.1     0      0.00585
1.11429     0      0.005866
1.12857     0      0.00577
1.14286     0      0.00576
1.15714     0      0.005738
1.17143     0      0.005706
1.18571     0      0.00566
1.2     0      0.005648
1.21429     0      0.005596
1.22857     0      0.005534
1.24286     0      0.005516
1.25714     0      0.005554
1.27143     0      0.005502
1.28571     0      0.005422
1.3     0      0.005422
1.31429     0      0.005374
1.32857     0      0.005356
1.34286     0      0.005384
1.35714     0      0.005278
1.37143     0      0.005292
1.38571     0      0.005242
1.4     0      0.005244
1.41429     0      0.00519
1.42857     0      0.005214
1.44286     0      0.005142
1.45714     0      0.005106
1.47143     0      0.005128
1.48571     0      0.00505
1.5     0      0.005046
1.51429     0      0.005028
1.52857     0      0.005034
1.54286     0      0.004972
1.55714     0      0.00497
1.57143     0      0.004916
1.58571     0      0.004956
1.6     0      0.004862
1.61429     0      0.00488
1.62857     0      0.004848
1.64286     0      0.004832
1.65714     0      0.004816
1.67143     0      0.004744
1.68571     0      0.004792
1.7     0      0.00474
1.71429     0      0.004718
1.72857     0      0.004708
1.74286     0      0.004686
1.75714     0      0.004668
1.77143     0      0.004652
1.78571     0      0.004624
1.8     0      0.004578
1.81429     0      0.004612
1.82857     0      0.004556
1.84286     0      0.004556
1.85714     0      0.004536
1.87143     0      0.00451
1.88571     0      0.00448
1.9     0      0.004476
1.91429     0      0.004492
1.92857     0      0.00442
1.94286     0      0.004416
1.95714     0      0.004416
1.97143     0      0.004404
1.98571     0      0.00436
2     0      0.004336
2.01429     0      0.004378
2.02857     0      0.004292
2.04286     0      0.004304
2.05714     0      0.00431
2.07143     0      0.004262
2.08571     0      0.004264
2.1     0      0.00425
2.11429     0      0.004228
2.12857     0      0.004204
2.14286     0      0.004186
2.15714     0      0.0042
2.17143     0      0.00417
2.18571     0      0.004144
2.2     0      0.0014945
2.21429     0      2.11641e-23
2.22857     0      3.50098e-37
2.24286     0      2.74124e-56
2.25714     0      2.04134e-69
2.27143     0      1.19806e-76
2.28571     0      2.91243e-89
2.3     0      3.54089e-96
2.31429     0      1.96044e-103
2.32857     0      1.53741e-128
2.34286     0      1.53013e-128
2.35714     0      1.52868e-128
2.37143     0      1.51922e-128
2.38571     0      3.065e-129
2.4     0      0
2.41429     0      0
2.42857     0      0
2.44286     0      0
2.45714     0      0
2.47143     0      0
2.48571     0      0
2.5     0      0
2.51429     0      0
2.52857     0      0
2.54286     0      0
2.55714     0      0
2.57143     0      0
2.58571     0      0
2.6     0      0
2.61429     0      0
2.62857     0      0
2.64286     0      0
2.65714     0      0
2.67143     0      0
2.68571     0      0
2.7     0      0
2.71429     0      0
2.72857     0      0
2.74286     0      0
2.75714     0      0
2.77143     0      0
2.78571     0      0
2.8     0      0
2.81429     0      0
2.82857     0      0
2.84286     0      0
2.85714     0      0
2.87143     0      0
2.88571     0      0
2.9     0      0
2.91429     0      0
2.92857     0      0
2.94286     0      0
2.95714     0      0
2.97143     0      0
2.98571     0      0
3     0      0
3.01429     0      0
3.02857     0      0
3.04286     0      0
3.05714     0      0
3.07143     0      0
3.08571     0      0
3.1     0      0
3.11429     0      0
3.12857     0      0
3.14286     0      0
3.15714     0      0
3.17143     0      0
3.18571     0      0
3.2     0      0
3.21429     0      0
3.22857     0      0
3.24286     0      0
3.25714     0      0
3.27143     0      0
3.28571     0      0
3.3     0      0
3.31429     0      0
3.32857     0      0
3.34286     0      0
3.35714     0      0
3.37143     0      0
3.38571     0      0
3.4     0      0
3.41429     0      0
3.42857     0      0
3.44286     0      0
3.45714     0      0
3.47143     0      0
3.48571     0      0
3.5     0      0
3.51429     0      0
3.52857     0      0
3.54286     0      0
3.55714     0      0
3.57143     0      0
3.58571     0      0
3.6     0      0
3.61429     0      0
3.62857     0      0
3.64286     0      0
3.65714     0      0
3.67143     0      0
3.68571     0      0
3.7     0      0
3.71429     0      0
3.72857     0      0
3.74286     0      0
3.75714     0      0
3.77143     0      0
3.78571     0      0
3.8     0      0
3.81429     0      0
3.82857     0      0
3.84286     0      0
3.85714     0      0
3.87143     0      0
3.88571     0      0
3.9     0      0
3.91429     0      0
3.92857     0      0
3.94286     0      0
3.95714     0      0
3.97143     0      0
3.98571     0      0
4     0      0
4.01429     0      0
4.02857     0      0
4.04286     0      0
4.05714     0      0
4.07143     0      0
4.08571     0      0
4.1     0      0
4.11429     0      0
4.12857     0      0
4.14286     0      0
4.15714     0      0
4.17143     0      0
4.18571     0      0
4.2     0      0
4.21429     0      0
4.22857     0      0
4.24286     0      0
4.25714     0      0
4.27143     0      0
4.28571     0      0
4.3     0      0
4.31429     0      0
4.32857     0      0
4.34286     0      0
4.35714     0      0
4.37143     0      0
4.38571     0      0
4.4     0      0
4.41429     0      0
4.42857     0      0
4.44286     0      0
4.45714     0      0
4.47143     0      0
4.48571     0      0
4.5     0      0
4.51429     0      0
4.52857     0      0
4.54286     0      0
4.55714     0      0
4.57143     0      0
4.58571     0      0
4.6     0      0
4.61429     0      0
4.62857     0      0
4.64286     0      0
4.65714     0      0
4.67143     0      0
4.68571     0      0
4.7     0      0
4.71429     0      0
4.72857     0      0
4.74286     0      0
4.75714     0      0
4.77143     0      0
4.78571     0      0
4.8     0      0
4.81429     0      0
4.82857     0      0
4.84286     0      0
4.85714     0      0
4.87143     0      0
4.88571     0      0
4.9     0      0
4.91429     0      0
4.92857     0      0
4.94286     0      0
4.95714     0      0
4.97143     0      0
4.98571     0      0
