# U,mu,nA_up, nA_dn, nB_up, nB_dn, ms, mf, ntotal,mu,cint
#energy    dos_upn   dos_upp   dos_dnn  dos_dnp GRID=1000 bin=700
-5     0      0
-4.98571     0      0
-4.97143     0      0
-4.95714     0      0
-4.94286     0      0
-4.92857     0      0
-4.91429     0      0
-4.9     0      0
-4.88571     0      0
-4.87143     0      0
-4.85714     0      0
-4.84286     0      0
-4.82857     0      0
-4.81429     0      0
-4.8     0      0
-4.78571     0      0
-4.77143     0      0
-4.75714     0      0
-4.74286     0      0
-4.72857     0      0
-4.71429     0      0
-4.7     0      0
-4.68571     0      0
-4.67143     0      0
-4.65714     0      0
-4.64286     0      0
-4.62857     0      0
-4.61429     0      0
-4.6     0      0
-4.58571     0      0
-4.57143     0      0
-4.55714     0      0
-4.54286     0      0
-4.52857     0      0
-4.51429     0      0
-4.5     0      0
-4.48571     0      0
-4.47143     0      0
-4.45714     0      0
-4.44286     0      0
-4.42857     0      0
-4.41429     0      0
-4.4     0      0
-4.38571     0      0
-4.37143     0      0
-4.35714     0      0
-4.34286     0      0
-4.32857     0      0
-4.31429     0      0
-4.3     0      0
-4.28571     0      0
-4.27143     0      0
-4.25714     0      0
-4.24286     0      0
-4.22857     0      0
-4.21429     0      0
-4.2     0      0
-4.18571     0      0
-4.17143     0      0
-4.15714     0      0
-4.14286     0      0
-4.12857     0      0
-4.11429     0      0
-4.1     0      0
-4.08571     0      0
-4.07143     0      0
-4.05714     0      0
-4.04286     0      0
-4.02857     0      0
-4.01429     0      0
-4     0      0
-3.98571     0      0
-3.97143     0      0
-3.95714     0      0
-3.94286     0      0
-3.92857     0      0
-3.91429     0      0
-3.9     0      0
-3.88571     0      0
-3.87143     0      0
-3.85714     0      0
-3.84286     0      0
-3.82857     0      0
-3.81429     0      0
-3.8     0      0
-3.78571     0      0
-3.77143     0      0
-3.75714     0      0
-3.74286     0      0
-3.72857     0      0
-3.71429     0      0
-3.7     0      0
-3.68571     0      0
-3.67143     0      0
-3.65714     0      0
-3.64286     0      0
-3.62857     0      0
-3.61429     0      0
-3.6     0      0
-3.58571     0      0
-3.57143     0      0
-3.55714     0      0
-3.54286     0      0
-3.52857     0      0
-3.51429     0      0
-3.5     0      0
-3.48571     0      0
-3.47143     0      0
-3.45714     0      0
-3.44286     0      0
-3.42857     0      0
-3.41429     0      0
-3.4     0      0
-3.38571     0      0
-3.37143     0      0
-3.35714     0      0
-3.34286     0      0
-3.32857     0      0
-3.31429     0      0
-3.3     0      0
-3.28571     0      0
-3.27143     0      0
-3.25714     0      0
-3.24286     0      0
-3.22857     0      0
-3.21429     0      0
-3.2     0      0
-3.18571     0      0
-3.17143     0      0
-3.15714     0      0
-3.14286     0      0
-3.12857     0      0
-3.11429     0      0
-3.1     0      0
-3.08571     0      0
-3.07143     0      0
-3.05714     0      0
-3.04286     0      0
-3.02857     0      0
-3.01429     0      0
-3     0      0
-2.98571     0      0
-2.97143     0      0
-2.95714     0      0
-2.94286     0      0
-2.92857     0      0
-2.91429     0      0
-2.9     0      0
-2.88571     0      0
-2.87143     0      0
-2.85714     0      0
-2.84286     0      0
-2.82857     0      0
-2.81429     0      0
-2.8     0      0
-2.78571     0      0
-2.77143     0      0
-2.75714     0      0
-2.74286     0      0
-2.72857     0      0
-2.71429     0      0
-2.7     0      0
-2.68571     0      0
-2.67143     0      0
-2.65714     0      0
-2.64286     0      0
-2.62857     0      0
-2.61429     0      0
-2.6     0      0
-2.58571     0      0
-2.57143     0      0
-2.55714     0      0
-2.54286     0      0
-2.52857     0      0
-2.51429     0      0
-2.5     0      0
-2.48571     0      0
-2.47143     0      0
-2.45714     0      0
-2.44286     0      0
-2.42857     0      0
-2.41429     0      0
-2.4     0      0
-2.38571     0      0
-2.37143     0      0
-2.35714     0      0
-2.34286     0      0
-2.32857     0      0
-2.31429     0      0
-2.3     0      0
-2.28571     0      0
-2.27143     0      0
-2.25714     0      0
-2.24286     0      0
-2.22857     0      0
-2.21429     0      0
-2.2     0      0
-2.18571     0      0
-2.17143     0      0
-2.15714     0      0
-2.14286     6.50406e-64      0
-2.12857     1.9928e-62      0
-2.11429     3.60872e-57      0
-2.1     7.94983e-56      0
-2.08571     8.00476e-56      0
-2.07143     8.01087e-56      0
-2.05714     3.40882e-50      0
-2.04286     3.17993e-49      0
-2.02857     3.17871e-49      0
-2.01429     3.20557e-49      0
-2     2.75025e-43      0
-1.98571     1.26856e-42      0
-1.97143     1.27148e-42      0
-1.95714     1.27637e-42      0
-1.94286     1.88916e-36      0
-1.92857     5.06445e-36      0
-1.91429     5.0586e-36      0
-1.9     5.09961e-36      0
-1.88571     1.14785e-29      0
-1.87143     2.01563e-29      0
-1.85714     2.02422e-29      0
-1.84286     2.03906e-29      0
-1.82857     6.43516e-23      0
-1.81429     8.03438e-23      0
-1.8     8.12813e-23      0
-1.78571     2.00313e-17      0
-1.77143     3.20875e-16      0
-1.75714     3.22875e-16      0
-1.74286     3.2375e-16      0
-1.72857     4.49625e-10      0
-1.71429     1.2875e-09      0
-1.7     1.287e-09      0
-1.68571     1.2935e-09      0
-1.67143     0.0034305      0
-1.65714     0.005128      0
-1.64286     0.00515      0
-1.62857     0.005164      0
-1.61429     0.00521      0
-1.6     0.00521      0
-1.58571     0.005236      0
-1.57143     0.005258      0
-1.55714     0.005268      0
-1.54286     0.005272      0
-1.52857     0.005356      0
-1.51429     0.005326      0
-1.5     0.00534      0
-1.48571     0.00541      0
-1.47143     0.005406      0
-1.45714     0.005406      0
-1.44286     0.00547      0
-1.42857     0.00547      0
-1.41429     0.005514      0
-1.4     0.00552      0
-1.38571     0.005536      0
-1.37143     0.005574      0
-1.35714     0.005566      0
-1.34286     0.005646      0
-1.32857     0.00563      0
-1.31429     0.005714      0
-1.3     0.005672      0
-1.28571     0.005716      0
-1.27143     0.005786      0
-1.25714     0.005776      0
-1.24286     0.005796      0
-1.22857     0.005854      0
-1.21429     0.005852      0
-1.2     0.005886      0
-1.18571     0.005942      0
-1.17143     0.005984      0
-1.15714     0.005972      0
-1.14286     0.005996      0
-1.12857     0.006076      0
-1.11429     0.006076      0
-1.1     0.006116      0
-1.08571     0.006136      0
-1.07143     0.006206      0
-1.05714     0.006226      0
-1.04286     0.00625      0
-1.02857     0.006288      0
-1.01429     0.006314      0
-1     0.006378      0
-0.985714     0.006404      0
-0.971429     0.006454      0
-0.957143     0.006484      0
-0.942857     0.006532      0
-0.928571     0.006548      0
-0.914286     0.006634      0
-0.9     0.006656      0
-0.885714     0.006676      0
-0.871429     0.006758      0
-0.857143     0.00682      0
-0.842857     0.006816      0
-0.828571     0.006888      0
-0.814286     0.006938      0
-0.8     0.006988      0
-0.785714     0.00704      0
-0.771429     0.007108      0
-0.757143     0.007162      0
-0.742857     0.007198      0
-0.728571     0.007268      0
-0.714286     0.007362      0
-0.7     0.00736      0
-0.685714     0.007478      0
-0.671429     0.007544      0
-0.657143     0.007582      0
-0.642857     0.007694      0
-0.628571     0.007684      0
-0.614286     0.00789      0
-0.6     0.007872      0
-0.585714     0.00802      0
-0.571429     0.008042      0
-0.557143     0.008202      0
-0.542857     0.008238      0
-0.528571     0.00841      0
-0.514286     0.008466      0
-0.5     0.008606      0
-0.485714     0.008664      0
-0.471429     0.008862      0
-0.457143     0.008934      0
-0.442857     0.009124      0
-0.428571     0.009224      0
-0.414286     0.009384      0
-0.4     0.009578      0
-0.385714     0.009752      0
-0.371429     0.009978      0
-0.357143     0.010148      0
-0.342857     0.010412      0
-0.328571     0.01071      0
-0.314286     0.01094      0
-0.3     0.011286      0
-0.285714     0.011638      0
-0.271429     0.012068      0
-0.257143     0.012578      0
-0.242857     0.013162      0
-0.228571     0.013864      0
-0.214286     0.014738      0
-0.2     0.015828      0
-0.185714     0.01735      0
-0.171429     0.01995      0
-0.157143     0.024528      0
-0.142857     0.0559865      0
-0.128571     0.035294      0
-0.114286     0.02298      0
-0.1     0.018376      0
-0.0857143     0.015564      0
-0.0714286     0.01368      0
-0.0571429     0.01225      0
-0.0428571     0.006839      0
-0.0285714     0      0
-0.0142857     0      0
0     0      0
0.0142857     0      0
0.0285714     0      0
0.0428571     0      0
0.0571429     0      0
0.0714286     0      0
0.0857143     0      0
0.1     0      0
0.114286     0      0
0.128571     0      0
0.142857     0      0
0.157143     0      0
0.171429     0      0
0.185714     0      0
0.2     0      4.22859e-63
0.214286     0      1.78658e-55
0.228571     0      4.54132e-55
0.242857     0      1.60074e-48
0.257143     0      1.16467e-42
0.271429     0      7.52783e-42
0.285714     0      1.31294e-35
0.3     0      2.7291e-35
0.314286     0      6.91739e-29
0.328571     0      1.03367e-28
0.342857     0      2.89383e-22
0.357143     0      4.0375e-22
0.371429     0      1.02853e-15
0.385714     0      1.61225e-15
0.4     0      2.83813e-09
0.414286     0      6.6505e-09
0.428571     0      0.00231651
0.442857     0      0.029188
0.457143     0      0.022198
0.471429     0      0.02021
0.485714     0      0.01946
0.5     0      0.019462
0.514286     0      0.020372
0.528571     0      0.024943
0.542857     0      0.022628
0.557143     0      0.017944
0.571429     0      0.015894
0.585714     0      0.014538
0.6     0      0.013566
0.614286     0      0.012806
0.628571     0      0.012202
0.642857     0      0.011646
0.657143     0      0.0112
0.671429     0      0.010818
0.685714     0      0.010466
0.7     0      0.010186
0.714286     0      0.009918
0.728571     0      0.009678
0.742857     0      0.009426
0.757143     0      0.009268
0.771429     0      0.00902
0.785714     0      0.008892
0.8     0      0.008708
0.814286     0      0.008554
0.828571     0      0.008434
0.842857     0      0.008288
0.857143     0      0.008162
0.871429     0      0.008036
0.885714     0      0.007926
0.9     0      0.00783
0.914286     0      0.00771
0.928571     0      0.007636
0.942857     0      0.007576
0.957143     0      0.007404
0.971429     0      0.00736
0.985714     0      0.007294
1     0      0.007186
1.01429     0      0.00713
1.02857     0      0.007054
1.04286     0      0.006994
1.05714     0      0.006914
1.07143     0      0.00685
1.08571     0      0.006798
1.1     0      0.006762
1.11429     0      0.006642
1.12857     0      0.006642
1.14286     0      0.006522
1.15714     0      0.00651
1.17143     0      0.00647
1.18571     0      0.006374
1.2     0      0.006356
1.21429     0      0.006296
1.22857     0      0.006216
1.24286     0      0.00621
1.25714     0      0.006202
1.27143     0      0.006098
1.28571     0      0.006042
1.3     0      0.006028
1.31429     0      0.005972
1.32857     0      0.005956
1.34286     0      0.005922
1.35714     0      0.005864
1.37143     0      0.00578
1.38571     0      0.005794
1.4     0      0.005782
1.41429     0      0.00571
1.42857     0      0.005658
1.44286     0      0.005642
1.45714     0      0.00563
1.47143     0      0.005554
1.48571     0      0.005518
1.5     0      0.005536
1.51429     0      0.005464
1.52857     0      0.005442
1.54286     0      0.005436
1.55714     0      0.005386
1.57143     0      0.005324
1.58571     0      0.005352
1.6     0      0.005302
1.61429     0      0.005256
1.62857     0      0.005226
1.64286     0      0.005234
1.65714     0      0.005176
1.67143     0      0.00515
1.68571     0      0.005128
1.7     0      0.005144
1.71429     0      0.00503
1.72857     0      0.005052
1.74286     0      0.005018
1.75714     0      0.004996
1.77143     0      0.004984
1.78571     0      0.005004
1.8     0      0.004882
1.81429     0      0.004896
1.82857     0      0.004874
1.84286     0      0.004876
1.85714     0      0.004832
1.87143     0      0.004822
1.88571     0      0.004808
1.9     0      0.004748
1.91429     0      0.004746
1.92857     0      0.00475
1.94286     0      0.004698
1.95714     0      0.00467
1.97143     0      0.004686
1.98571     0      0.004634
2     0      0.00462
2.01429     0      0.004614
2.02857     0      0.004564
2.04286     0      0.004556
2.05714     0      0.004556
2.07143     0      0.004548
2.08571     0      0.004492
2.1     0      0.004504
2.11429     0      0.00446
2.12857     0      0.004456
2.14286     0      0.004452
2.15714     0      0.0044
2.17143     0      0.004404
2.18571     0      0.004382
2.2     0      0.004366
2.21429     0      0.00436
2.22857     0      0.004308
2.24286     0      0.004302
2.25714     0      0.00431
2.27143     0      0.004286
2.28571     0      0.004242
2.3     0      0.004244
2.31429     0      0.004248
2.32857     0      0.004224
2.34286     0      0.004192
2.35714     0      0.004176
2.37143     0      0.0009305
2.38571     0      0
2.4     0      0
2.41429     0      0
2.42857     0      0
2.44286     0      0
2.45714     0      0
2.47143     0      0
2.48571     0      0
2.5     0      0
2.51429     0      0
2.52857     0      0
2.54286     0      0
2.55714     0      0
2.57143     0      0
2.58571     0      0
2.6     0      0
2.61429     0      0
2.62857     0      0
2.64286     0      0
2.65714     0      0
2.67143     0      0
2.68571     0      0
2.7     0      0
2.71429     0      0
2.72857     0      0
2.74286     0      0
2.75714     0      0
2.77143     0      0
2.78571     0      0
2.8     0      0
2.81429     0      0
2.82857     0      0
2.84286     0      0
2.85714     0      0
2.87143     0      0
2.88571     0      0
2.9     0      0
2.91429     0      0
2.92857     0      0
2.94286     0      0
2.95714     0      0
2.97143     0      0
2.98571     0      0
3     0      0
3.01429     0      0
3.02857     0      0
3.04286     0      0
3.05714     0      0
3.07143     0      0
3.08571     0      0
3.1     0      0
3.11429     0      0
3.12857     0      0
3.14286     0      0
3.15714     0      0
3.17143     0      0
3.18571     0      0
3.2     0      0
3.21429     0      0
3.22857     0      0
3.24286     0      0
3.25714     0      0
3.27143     0      0
3.28571     0      0
3.3     0      0
3.31429     0      0
3.32857     0      0
3.34286     0      0
3.35714     0      0
3.37143     0      0
3.38571     0      0
3.4     0      0
3.41429     0      0
3.42857     0      0
3.44286     0      0
3.45714     0      0
3.47143     0      0
3.48571     0      0
3.5     0      0
3.51429     0      0
3.52857     0      0
3.54286     0      0
3.55714     0      0
3.57143     0      0
3.58571     0      0
3.6     0      0
3.61429     0      0
3.62857     0      0
3.64286     0      0
3.65714     0      0
3.67143     0      0
3.68571     0      0
3.7     0      0
3.71429     0      0
3.72857     0      0
3.74286     0      0
3.75714     0      0
3.77143     0      0
3.78571     0      0
3.8     0      0
3.81429     0      0
3.82857     0      0
3.84286     0      0
3.85714     0      0
3.87143     0      0
3.88571     0      0
3.9     0      0
3.91429     0      0
3.92857     0      0
3.94286     0      0
3.95714     0      0
3.97143     0      0
3.98571     0      0
4     0      0
4.01429     0      0
4.02857     0      0
4.04286     0      0
4.05714     0      0
4.07143     0      0
4.08571     0      0
4.1     0      0
4.11429     0      0
4.12857     0      0
4.14286     0      0
4.15714     0      0
4.17143     0      0
4.18571     0      0
4.2     0      0
4.21429     0      0
4.22857     0      0
4.24286     0      0
4.25714     0      0
4.27143     0      0
4.28571     0      0
4.3     0      0
4.31429     0      0
4.32857     0      0
4.34286     0      0
4.35714     0      0
4.37143     0      0
4.38571     0      0
4.4     0      0
4.41429     0      0
4.42857     0      0
4.44286     0      0
4.45714     0      0
4.47143     0      0
4.48571     0      0
4.5     0      0
4.51429     0      0
4.52857     0      0
4.54286     0      0
4.55714     0      0
4.57143     0      0
4.58571     0      0
4.6     0      0
4.61429     0      0
4.62857     0      0
4.64286     0      0
4.65714     0      0
4.67143     0      0
4.68571     0      0
4.7     0      0
4.71429     0      0
4.72857     0      0
4.74286     0      0
4.75714     0      0
4.77143     0      0
4.78571     0      0
4.8     0      0
4.81429     0      0
4.82857     0      0
4.84286     0      0
4.85714     0      0
4.87143     0      0
4.88571     0      0
4.9     0      0
4.91429     0      0
4.92857     0      0
4.94286     0      0
4.95714     0      0
4.97143     0      0
4.98571     0      0
