# U,mu,nA_up, nA_dn, nB_up, nB_dn, ms, mf, ntotal,mu,cint
#energy    dos_upn   dos_upp   dos_dnn  dos_dnp GRID=1000 bin=700
-5     0      0
-4.98571     0      0
-4.97143     0      0
-4.95714     0      0
-4.94286     0      0
-4.92857     0      0
-4.91429     0      0
-4.9     0      0
-4.88571     0      0
-4.87143     0      0
-4.85714     0      0
-4.84286     0      0
-4.82857     0      0
-4.81429     0      0
-4.8     0      0
-4.78571     0      0
-4.77143     0      0
-4.75714     0      0
-4.74286     0      0
-4.72857     0      0
-4.71429     0      0
-4.7     0      0
-4.68571     0      0
-4.67143     0      0
-4.65714     0      0
-4.64286     0      0
-4.62857     0      0
-4.61429     0      0
-4.6     0      0
-4.58571     0      0
-4.57143     0      0
-4.55714     0      0
-4.54286     0      0
-4.52857     0      0
-4.51429     0      0
-4.5     0      0
-4.48571     0      0
-4.47143     0      0
-4.45714     0      0
-4.44286     0      0
-4.42857     0      0
-4.41429     0      0
-4.4     0      0
-4.38571     0      0
-4.37143     0      0
-4.35714     0      0
-4.34286     0      0
-4.32857     0      0
-4.31429     0      0
-4.3     0      0
-4.28571     0      0
-4.27143     0      0
-4.25714     0      0
-4.24286     0      0
-4.22857     0      0
-4.21429     0      0
-4.2     0      0
-4.18571     0      0
-4.17143     0      0
-4.15714     0      0
-4.14286     0      0
-4.12857     0      0
-4.11429     0      0
-4.1     0      0
-4.08571     0      0
-4.07143     0      0
-4.05714     0      0
-4.04286     0      0
-4.02857     0      0
-4.01429     0      0
-4     0      0
-3.98571     0      0
-3.97143     0      0
-3.95714     0      0
-3.94286     0      0
-3.92857     0      0
-3.91429     0      0
-3.9     0      0
-3.88571     0      0
-3.87143     0      0
-3.85714     0      0
-3.84286     0      0
-3.82857     0      0
-3.81429     0      0
-3.8     0      0
-3.78571     0      0
-3.77143     0      0
-3.75714     0      0
-3.74286     0      0
-3.72857     0      0
-3.71429     0      0
-3.7     0      0
-3.68571     0      0
-3.67143     0      0
-3.65714     0      0
-3.64286     0      0
-3.62857     0      0
-3.61429     0      0
-3.6     0      0
-3.58571     0      0
-3.57143     0      0
-3.55714     0      0
-3.54286     0      0
-3.52857     0      0
-3.51429     0      0
-3.5     0      0
-3.48571     0      0
-3.47143     0      0
-3.45714     0      0
-3.44286     0      0
-3.42857     0      0
-3.41429     0      0
-3.4     0      0
-3.38571     0      0
-3.37143     0      0
-3.35714     0      0
-3.34286     0      0
-3.32857     0      0
-3.31429     0      0
-3.3     0      0
-3.28571     0      0
-3.27143     0      0
-3.25714     0      0
-3.24286     0      0
-3.22857     0      0
-3.21429     0      0
-3.2     0      0
-3.18571     0      0
-3.17143     0      0
-3.15714     0      0
-3.14286     0      0
-3.12857     0      0
-3.11429     0      0
-3.1     0      0
-3.08571     0      0
-3.07143     0      0
-3.05714     0      0
-3.04286     0      0
-3.02857     0      0
-3.01429     0      0
-3     0      0
-2.98571     0      0
-2.97143     0      0
-2.95714     0      0
-2.94286     0      0
-2.92857     0      0
-2.91429     0      0
-2.9     0      0
-2.88571     0      0
-2.87143     0      0
-2.85714     0      0
-2.84286     0      0
-2.82857     0      0
-2.81429     0      0
-2.8     0      0
-2.78571     0      0
-2.77143     0      0
-2.75714     0      0
-2.74286     0      0
-2.72857     0      0
-2.71429     0      0
-2.7     0      0
-2.68571     0      0
-2.67143     0      0
-2.65714     0      0
-2.64286     0      0
-2.62857     0      0
-2.61429     0      0
-2.6     0      0
-2.58571     0      0
-2.57143     0      0
-2.55714     0      0
-2.54286     0      0
-2.52857     0      0
-2.51429     0      0
-2.5     0      0
-2.48571     0      0
-2.47143     0      0
-2.45714     0      0
-2.44286     0      0
-2.42857     0      0
-2.41429     0      0
-2.4     0      0
-2.38571     0      0
-2.37143     0      0
-2.35714     0      0
-2.34286     0      0
-2.32857     0      0
-2.31429     0      0
-2.3     0      0
-2.28571     0      0
-2.27143     0      0
-2.25714     0      0
-2.24286     0      0
-2.22857     0      0
-2.21429     0      0
-2.2     0      0
-2.18571     0      0
-2.17143     0      0
-2.15714     0      0
-2.14286     1.5879e-103      0
-2.12857     4.86523e-102      0
-2.11429     8.81036e-97      0
-2.1     1.94088e-95      0
-2.08571     1.95429e-95      0
-2.07143     1.95578e-95      0
-2.05714     8.32232e-90      0
-2.04286     7.76351e-89      0
-2.02857     7.76053e-89      0
-2.01429     7.82609e-89      0
-2     6.71447e-83      0
-1.98571     3.09706e-82      0
-1.97143     3.10421e-82      0
-1.95714     3.11613e-82      0
-1.94286     4.61221e-76      0
-1.92857     1.23644e-75      0
-1.91429     1.23501e-75      0
-1.9     1.24502e-75      0
-1.88571     2.80237e-69      0
-1.87143     4.92096e-69      0
-1.85714     4.94194e-69      0
-1.84286     4.97818e-69      0
-1.82857     1.57108e-62      0
-1.81429     1.96152e-62      0
-1.8     1.98441e-62      0
-1.78571     4.89046e-57      0
-1.77143     2.3457e-30      0
-1.75714     1.99844e-29      0
-1.74286     1.99922e-29      0
-1.72857     0.0004265      0
-1.71429     0.005098      0
-1.7     0.005104      0
-1.68571     0.005124      0
-1.67143     0.00514      0
-1.65714     0.005162      0
-1.64286     0.005198      0
-1.62857     0.005194      0
-1.61429     0.005228      0
-1.6     0.00525      0
-1.58571     0.005266      0
-1.57143     0.005282      0
-1.55714     0.00531      0
-1.54286     0.005312      0
-1.52857     0.005354      0
-1.51429     0.00538      0
-1.5     0.005366      0
-1.48571     0.005432      0
-1.47143     0.005418      0
-1.45714     0.005504      0
-1.44286     0.00547      0
-1.42857     0.005512      0
-1.41429     0.005472      0
-1.4     0.005592      0
-1.38571     0.005574      0
-1.37143     0.0056      0
-1.35714     0.005608      0
-1.34286     0.005664      0
-1.32857     0.005684      0
-1.31429     0.005694      0
-1.3     0.005736      0
-1.28571     0.005748      0
-1.27143     0.005768      0
-1.25714     0.00583      0
-1.24286     0.005822      0
-1.22857     0.00586      0
-1.21429     0.005868      0
-1.2     0.005948      0
-1.18571     0.005938      0
-1.17143     0.005986      0
-1.15714     0.006018      0
-1.14286     0.006042      0
-1.12857     0.006038      0
-1.11429     0.006136      0
-1.1     0.006126      0
-1.08571     0.006178      0
-1.07143     0.006204      0
-1.05714     0.006228      0
-1.04286     0.00625      0
-1.02857     0.006288      0
-1.01429     0.006362      0
-1     0.0064      0
-0.985714     0.006376      0
-0.971429     0.006478      0
-0.957143     0.006468      0
-0.942857     0.006532      0
-0.928571     0.006568      0
-0.914286     0.006604      0
-0.9     0.006636      0
-0.885714     0.006672      0
-0.871429     0.006764      0
-0.857143     0.00678      0
-0.842857     0.006812      0
-0.828571     0.00684      0
-0.814286     0.006924      0
-0.8     0.007018      0
-0.785714     0.006978      0
-0.771429     0.007064      0
-0.757143     0.007116      0
-0.742857     0.007164      0
-0.728571     0.007212      0
-0.714286     0.007308      0
-0.7     0.007324      0
-0.685714     0.007388      0
-0.671429     0.007456      0
-0.657143     0.007496      0
-0.642857     0.007608      0
-0.628571     0.007628      0
-0.614286     0.00772      0
-0.6     0.007806      0
-0.585714     0.007866      0
-0.571429     0.007902      0
-0.557143     0.008044      0
-0.542857     0.008112      0
-0.528571     0.00814      0
-0.514286     0.008292      0
-0.5     0.008334      0
-0.485714     0.008498      0
-0.471429     0.008548      0
-0.457143     0.00866      0
-0.442857     0.008798      0
-0.428571     0.008854      0
-0.414286     0.00907      0
-0.4     0.009168      0
-0.385714     0.00928      0
-0.371429     0.009448      0
-0.357143     0.00958      0
-0.342857     0.009778      0
-0.328571     0.009988      0
-0.314286     0.0102      0
-0.3     0.010378      0
-0.285714     0.010598      0
-0.271429     0.010874      0
-0.257143     0.01128      0
-0.242857     0.011566      0
-0.228571     0.011902      0
-0.214286     0.01251      0
-0.2     0.012978      0
-0.185714     0.013712      0
-0.171429     0.014536      0
-0.157143     0.015848      0
-0.142857     0.017512      0
-0.128571     0.020684      0
-0.114286     0.0298105      0
-0.1     0.049146      0
-0.0857143     0.021782      0
-0.0714286     0.016604      0
-0.0571429     0.013824      0
-0.0428571     0.011978      0
-0.0285714     0.010542      0
-0.0142857     0.009443      0
0     0      0
0.0142857     0      0
0.0285714     0      0
0.0428571     0      0
0.0571429     0      0
0.0714286     0      0
0.0857143     0      0
0.1     0      0
0.114286     0      0
0.128571     0      0
0.142857     0      0
0.157143     0      0
0.171429     0      0
0.185714     0      0
0.2     0      1.03237e-102
0.214286     0      4.36176e-95
0.228571     0      1.10872e-94
0.242857     0      3.90805e-88
0.257143     0      2.84344e-82
0.271429     0      1.83785e-81
0.285714     0      0.0242285
0.3     0      0.020386
0.314286     0      0.018084
0.328571     0      0.017252
0.342857     0      0.017112
0.357143     0      0.017752
0.371429     0      0.020028
0.385714     0      0.021861
0.4     0      0.016604
0.414286     0      0.014712
0.428571     0      0.013648
0.442857     0      0.012722
0.457143     0      0.012088
0.471429     0      0.01164
0.485714     0      0.011102
0.5     0      0.01074
0.514286     0      0.010394
0.528571     0      0.010144
0.542857     0      0.00989
0.557143     0      0.009642
0.571429     0      0.00944
0.585714     0      0.009268
0.6     0      0.00907
0.614286     0      0.008898
0.628571     0      0.008708
0.642857     0      0.00866
0.657143     0      0.00846
0.671429     0      0.00833
0.685714     0      0.008236
0.7     0      0.008146
0.714286     0      0.008008
0.728571     0      0.007938
0.742857     0      0.007784
0.757143     0      0.007712
0.771429     0      0.007646
0.785714     0      0.007556
0.8     0      0.007448
0.814286     0      0.0074
0.828571     0      0.00734
0.842857     0      0.007252
0.857143     0      0.007162
0.871429     0      0.00708
0.885714     0      0.007056
0.9     0      0.006964
0.914286     0      0.006934
0.928571     0      0.006878
0.942857     0      0.006786
0.957143     0      0.006734
0.971429     0      0.006684
0.985714     0      0.006602
1     0      0.006614
1.01429     0      0.00651
1.02857     0      0.00644
1.04286     0      0.00647
1.05714     0      0.006354
1.07143     0      0.00635
1.08571     0      0.0063
1.1     0      0.006242
1.11429     0      0.006178
1.12857     0      0.00614
1.14286     0      0.006122
1.15714     0      0.006076
1.17143     0      0.006048
1.18571     0      0.00601
1.2     0      0.00592
1.21429     0      0.005914
1.22857     0      0.005864
1.24286     0      0.005868
1.25714     0      0.005788
1.27143     0      0.00575
1.28571     0      0.00574
1.3     0      0.00573
1.31429     0      0.005696
1.32857     0      0.00558
1.34286     0      0.005586
1.35714     0      0.005588
1.37143     0      0.005584
1.38571     0      0.005486
1.4     0      0.005476
1.41429     0      0.005426
1.42857     0      0.005436
1.44286     0      0.005382
1.45714     0      0.00534
1.47143     0      0.00537
1.48571     0      0.005276
1.5     0      0.005258
1.51429     0      0.005282
1.52857     0      0.00519
1.54286     0      0.00521
1.55714     0      0.005156
1.57143     0      0.005138
1.58571     0      0.005136
1.6     0      0.005074
1.61429     0      0.005092
1.62857     0      0.005018
1.64286     0      0.00505
1.65714     0      0.004948
1.67143     0      0.004968
1.68571     0      0.004954
1.7     0      0.004904
1.71429     0      0.004896
1.72857     0      0.004924
1.74286     0      0.004818
1.75714     0      0.004844
1.77143     0      0.004798
1.78571     0      0.0048
1.8     0      0.004764
1.81429     0      0.004742
1.82857     0      0.004728
1.84286     0      0.00473
1.85714     0      0.004676
1.87143     0      0.004664
1.88571     0      0.004624
1.9     0      0.004642
1.91429     0      0.004624
1.92857     0      0.004584
1.94286     0      0.004536
1.95714     0      0.00456
1.97143     0      0.004556
1.98571     0      0.004504
2     0      0.004482
2.01429     0      0.004484
2.02857     0      0.004468
2.04286     0      0.004428
2.05714     0      0.004428
2.07143     0      0.004404
2.08571     0      0.00438
2.1     0      0.004406
2.11429     0      0.004304
2.12857     0      0.004364
2.14286     0      0.004314
2.15714     0      0.004302
2.17143     0      0.0043
2.18571     0      0.00425
2.2     0      0.004258
2.21429     0      0.004246
2.22857     0      0.004222
2.24286     0      0.004226
2.25714     0      0.004186
2.27143     0      0.00417
2.28571     0      0.004172
2.3     0      0.000950501
2.31429     0      5.26252e-11
2.32857     0      4.12695e-36
2.34286     0      4.10742e-36
2.35714     0      4.10352e-36
2.37143     0      4.07813e-36
2.38571     0      8.22754e-37
2.4     0      0
2.41429     0      0
2.42857     0      0
2.44286     0      0
2.45714     0      0
2.47143     0      0
2.48571     0      0
2.5     0      0
2.51429     0      0
2.52857     0      0
2.54286     0      0
2.55714     0      0
2.57143     0      0
2.58571     0      0
2.6     0      0
2.61429     0      0
2.62857     0      0
2.64286     0      0
2.65714     0      0
2.67143     0      0
2.68571     0      0
2.7     0      0
2.71429     0      0
2.72857     0      0
2.74286     0      0
2.75714     0      0
2.77143     0      0
2.78571     0      0
2.8     0      0
2.81429     0      0
2.82857     0      0
2.84286     0      0
2.85714     0      0
2.87143     0      0
2.88571     0      0
2.9     0      0
2.91429     0      0
2.92857     0      0
2.94286     0      0
2.95714     0      0
2.97143     0      0
2.98571     0      0
3     0      0
3.01429     0      0
3.02857     0      0
3.04286     0      0
3.05714     0      0
3.07143     0      0
3.08571     0      0
3.1     0      0
3.11429     0      0
3.12857     0      0
3.14286     0      0
3.15714     0      0
3.17143     0      0
3.18571     0      0
3.2     0      0
3.21429     0      0
3.22857     0      0
3.24286     0      0
3.25714     0      0
3.27143     0      0
3.28571     0      0
3.3     0      0
3.31429     0      0
3.32857     0      0
3.34286     0      0
3.35714     0      0
3.37143     0      0
3.38571     0      0
3.4     0      0
3.41429     0      0
3.42857     0      0
3.44286     0      0
3.45714     0      0
3.47143     0      0
3.48571     0      0
3.5     0      0
3.51429     0      0
3.52857     0      0
3.54286     0      0
3.55714     0      0
3.57143     0      0
3.58571     0      0
3.6     0      0
3.61429     0      0
3.62857     0      0
3.64286     0      0
3.65714     0      0
3.67143     0      0
3.68571     0      0
3.7     0      0
3.71429     0      0
3.72857     0      0
3.74286     0      0
3.75714     0      0
3.77143     0      0
3.78571     0      0
3.8     0      0
3.81429     0      0
3.82857     0      0
3.84286     0      0
3.85714     0      0
3.87143     0      0
3.88571     0      0
3.9     0      0
3.91429     0      0
3.92857     0      0
3.94286     0      0
3.95714     0      0
3.97143     0      0
3.98571     0      0
4     0      0
4.01429     0      0
4.02857     0      0
4.04286     0      0
4.05714     0      0
4.07143     0      0
4.08571     0      0
4.1     0      0
4.11429     0      0
4.12857     0      0
4.14286     0      0
4.15714     0      0
4.17143     0      0
4.18571     0      0
4.2     0      0
4.21429     0      0
4.22857     0      0
4.24286     0      0
4.25714     0      0
4.27143     0      0
4.28571     0      0
4.3     0      0
4.31429     0      0
4.32857     0      0
4.34286     0      0
4.35714     0      0
4.37143     0      0
4.38571     0      0
4.4     0      0
4.41429     0      0
4.42857     0      0
4.44286     0      0
4.45714     0      0
4.47143     0      0
4.48571     0      0
4.5     0      0
4.51429     0      0
4.52857     0      0
4.54286     0      0
4.55714     0      0
4.57143     0      0
4.58571     0      0
4.6     0      0
4.61429     0      0
4.62857     0      0
4.64286     0      0
4.65714     0      0
4.67143     0      0
4.68571     0      0
4.7     0      0
4.71429     0      0
4.72857     0      0
4.74286     0      0
4.75714     0      0
4.77143     0      0
4.78571     0      0
4.8     0      0
4.81429     0      0
4.82857     0      0
4.84286     0      0
4.85714     0      0
4.87143     0      0
4.88571     0      0
4.9     0      0
4.91429     0      0
4.92857     0      0
4.94286     0      0
4.95714     0      0
4.97143     0      0
4.98571     0      0
