# U,mu,nA_up, nA_dn, nB_up, nB_dn, ms, mf, ntotal,mu,cint
#energy    dos_upn   dos_upp   dos_dnn  dos_dnp GRID=1000 bin=700
-5     0      0
-4.98571     0      0
-4.97143     0      0
-4.95714     0      0
-4.94286     0      0
-4.92857     0      0
-4.91429     0      0
-4.9     0      0
-4.88571     0      0
-4.87143     0      0
-4.85714     0      0
-4.84286     0      0
-4.82857     0      0
-4.81429     0      0
-4.8     0      0
-4.78571     0      0
-4.77143     0      0
-4.75714     0      0
-4.74286     0      0
-4.72857     0      0
-4.71429     0      0
-4.7     0      0
-4.68571     0      0
-4.67143     0      0
-4.65714     0      0
-4.64286     0      0
-4.62857     0      0
-4.61429     0      0
-4.6     0      0
-4.58571     0      0
-4.57143     0      0
-4.55714     0      0
-4.54286     0      0
-4.52857     0      0
-4.51429     0      0
-4.5     0      0
-4.48571     0      0
-4.47143     0      0
-4.45714     0      0
-4.44286     0      0
-4.42857     0      0
-4.41429     0      0
-4.4     0      0
-4.38571     0      0
-4.37143     0      0
-4.35714     0      0
-4.34286     0      0
-4.32857     0      0
-4.31429     0      0
-4.3     0      0
-4.28571     0      0
-4.27143     0      0
-4.25714     0      0
-4.24286     0      0
-4.22857     0      0
-4.21429     0      0
-4.2     0      0
-4.18571     0      0
-4.17143     0      0
-4.15714     0      0
-4.14286     0      0
-4.12857     0      0
-4.11429     0      0
-4.1     0      0
-4.08571     0      0
-4.07143     0      0
-4.05714     0      0
-4.04286     0      0
-4.02857     0      0
-4.01429     0      0
-4     0      0
-3.98571     0      0
-3.97143     0      0
-3.95714     0      0
-3.94286     0      0
-3.92857     0      0
-3.91429     0      0
-3.9     0      0
-3.88571     0      0
-3.87143     0      0
-3.85714     0      0
-3.84286     0      0
-3.82857     0      0
-3.81429     0      0
-3.8     0      0
-3.78571     0      0
-3.77143     0      0
-3.75714     0      0
-3.74286     0      0
-3.72857     0      0
-3.71429     0      0
-3.7     0      0
-3.68571     0      0
-3.67143     0      0
-3.65714     0      0
-3.64286     0      0
-3.62857     0      0
-3.61429     0      0
-3.6     0      0
-3.58571     0      0
-3.57143     0      0
-3.55714     0      0
-3.54286     0      0
-3.52857     0      0
-3.51429     0      0
-3.5     0      0
-3.48571     0      0
-3.47143     0      0
-3.45714     0      0
-3.44286     0      0
-3.42857     0      0
-3.41429     0      0
-3.4     0      0
-3.38571     0      0
-3.37143     0      0
-3.35714     0      0
-3.34286     0      0
-3.32857     0      0
-3.31429     0      0
-3.3     0      0
-3.28571     0      0
-3.27143     0      0
-3.25714     0      0
-3.24286     0      0
-3.22857     0      0
-3.21429     0      0
-3.2     0      0
-3.18571     0      0
-3.17143     0      0
-3.15714     0      0
-3.14286     0      0
-3.12857     0      0
-3.11429     0      0
-3.1     0      0
-3.08571     0      0
-3.07143     0      0
-3.05714     0      0
-3.04286     0      0
-3.02857     0      0
-3.01429     0      0
-3     0      0
-2.98571     0      0
-2.97143     0      0
-2.95714     0      0
-2.94286     0      0
-2.92857     0      0
-2.91429     0      0
-2.9     0      0
-2.88571     0      0
-2.87143     0      0
-2.85714     0      0
-2.84286     0      0
-2.82857     0      0
-2.81429     0      0
-2.8     0      0
-2.78571     0      0
-2.77143     0      0
-2.75714     0      0
-2.74286     0      0
-2.72857     0      0
-2.71429     0      0
-2.7     0      0
-2.68571     0      0
-2.67143     0      0
-2.65714     0      0
-2.64286     0      0
-2.62857     0      0
-2.61429     0      0
-2.6     0      0
-2.58571     0      0
-2.57143     0      0
-2.55714     0      0
-2.54286     0      0
-2.52857     0      0
-2.51429     0      0
-2.5     0      0
-2.48571     0      0
-2.47143     0      0
-2.45714     0      0
-2.44286     0      0
-2.42857     0      0
-2.41429     0      0
-2.4     0      0
-2.38571     0      0
-2.37143     0      0
-2.35714     0      0
-2.34286     0      0
-2.32857     0      0
-2.31429     0      0
-2.3     0      0
-2.28571     0      0
-2.27143     0      0
-2.25714     0      0
-2.24286     0      0
-2.22857     0      0
-2.21429     0      0
-2.2     0      0
-2.18571     0      0
-2.17143     0      0
-2.15714     0      0
-2.14286     4.2625e-11      0
-2.12857     1.306e-09      0
-2.11429     0.000236501      0
-2.1     0.00521      0
-2.08571     0.005246      0
-2.07143     0.00525      0
-2.05714     0.005294      0
-2.04286     0.005306      0
-2.02857     0.005322      0
-2.01429     0.005344      0
-2     0.005382      0
-1.98571     0.005418      0
-1.97143     0.00542      0
-1.95714     0.005448      0
-1.94286     0.005474      0
-1.92857     0.005502      0
-1.91429     0.005506      0
-1.9     0.005556      0
-1.88571     0.005578      0
-1.87143     0.005602      0
-1.85714     0.005628      0
-1.84286     0.005642      0
-1.82857     0.00568      0
-1.81429     0.00574      0
-1.8     0.005746      0
-1.78571     0.005778      0
-1.77143     0.00579      0
-1.75714     0.005838      0
-1.74286     0.005874      0
-1.72857     0.00589      0
-1.71429     0.005928      0
-1.7     0.005952      0
-1.68571     0.00598      0
-1.67143     0.006054      0
-1.65714     0.006076      0
-1.64286     0.006092      0
-1.62857     0.006134      0
-1.61429     0.00618      0
-1.6     0.006206      0
-1.58571     0.006246      0
-1.57143     0.006312      0
-1.55714     0.00631      0
-1.54286     0.006356      0
-1.52857     0.00641      0
-1.51429     0.006486      0
-1.5     0.00651      0
-1.48571     0.006542      0
-1.47143     0.006626      0
-1.45714     0.006602      0
-1.44286     0.006722      0
-1.42857     0.006742      0
-1.41429     0.006752      0
-1.4     0.006888      0
-1.38571     0.006876      0
-1.37143     0.006982      0
-1.35714     0.006994      0
-1.34286     0.007066      0
-1.32857     0.007178      0
-1.31429     0.00716      0
-1.3     0.007278      0
-1.28571     0.00731      0
-1.27143     0.00746      0
-1.25714     0.007486      0
-1.24286     0.007532      0
-1.22857     0.007622      0
-1.21429     0.007722      0
-1.2     0.007786      0
-1.18571     0.007878      0
-1.17143     0.008014      0
-1.15714     0.008094      0
-1.14286     0.00817      0
-1.12857     0.008314      0
-1.11429     0.00843      0
-1.1     0.008506      0
-1.08571     0.00861      0
-1.07143     0.0088      0
-1.05714     0.008922      0
-1.04286     0.009054      0
-1.02857     0.009208      0
-1.01429     0.009402      0
-1     0.009568      0
-0.985714     0.009768      0
-0.971429     0.009984      0
-0.957143     0.010228      0
-0.942857     0.010466      0
-0.928571     0.010712      0
-0.914286     0.011038      0
-0.9     0.011404      0
-0.885714     0.01176      0
-0.871429     0.012132      0
-0.857143     0.012712      0
-0.842857     0.013192      0
-0.828571     0.013858      0
-0.814286     0.014726      0
-0.8     0.015652      0
-0.785714     0.016878      0
-0.771429     0.018588      0
-0.757143     0.021028      0
-0.742857     0.025256      0
-0.728571     0.0467265      0
-0.714286     0.062238      0
-0.7     0.031416      0
-0.685714     0.024308      0
-0.671429     0.020384      0
-0.657143     0.017872      0
-0.642857     0.016008      0
-0.628571     0.012437      0
-0.614286     0      0
-0.6     0      0
-0.585714     0      0
-0.571429     0      0
-0.557143     0      0
-0.542857     0      0
-0.528571     0      0
-0.514286     0      0
-0.5     0      0
-0.485714     0      0
-0.471429     0      0
-0.457143     0      0
-0.442857     0      0
-0.428571     0      0
-0.414286     0      0
-0.4     0      0
-0.385714     0      0
-0.371429     0      0
-0.357143     0      0
-0.342857     0      0
-0.328571     0      0
-0.314286     0      0
-0.3     0      0
-0.285714     0      0
-0.271429     0      0
-0.257143     0      0
-0.242857     0      0
-0.228571     0      0
-0.214286     0      0
-0.2     0      0
-0.185714     0      0
-0.171429     0      0
-0.157143     0      0
-0.142857     0      0
-0.128571     0      0
-0.114286     0      0
-0.1     0      0
-0.0857143     0      0
-0.0714286     0      0
-0.0571429     0      0
-0.0428571     0      0
-0.0285714     0      0
-0.0142857     0      0
0     0      0
0.0142857     0      0
0.0285714     0      0
0.0428571     0      0
0.0571429     0      0
0.0714286     0      0
0.0857143     0      0
0.1     0      0
0.114286     0      0
0.128571     0      0
0.142857     0      0
0.157143     0      0
0.171429     0      0
0.185714     0      0
0.2     0      2.77125e-10
0.214286     0      0.0117085
0.228571     0      0.029762
0.242857     0      0.024984
0.257143     0      0.023238
0.271429     0      0.02271
0.285714     0      0.023062
0.3     0      0.024702
0.314286     0      0.031245
0.328571     0      0.024454
0.342857     0      0.020032
0.357143     0      0.017744
0.371429     0      0.016152
0.385714     0      0.014948
0.4     0      0.013996
0.414286     0      0.013286
0.428571     0      0.012572
0.442857     0      0.012082
0.457143     0      0.011564
0.471429     0      0.011176
0.485714     0      0.01077
0.5     0      0.010452
0.514286     0      0.010182
0.528571     0      0.009898
0.542857     0      0.009654
0.557143     0      0.009394
0.571429     0      0.00922
0.585714     0      0.009018
0.6     0      0.008808
0.614286     0      0.008704
0.628571     0      0.008506
0.642857     0      0.008324
0.657143     0      0.00822
0.671429     0      0.008084
0.685714     0      0.00797
0.7     0      0.007808
0.714286     0      0.00776
0.728571     0      0.0076
0.742857     0      0.007528
0.757143     0      0.007454
0.771429     0      0.00729
0.785714     0      0.007236
0.8     0      0.007184
0.814286     0      0.007062
0.828571     0      0.006994
0.842857     0      0.006916
0.857143     0      0.006882
0.871429     0      0.006754
0.885714     0      0.00674
0.9     0      0.006582
0.914286     0      0.006632
0.928571     0      0.006472
0.942857     0      0.006496
0.957143     0      0.006366
0.971429     0      0.006346
0.985714     0      0.006274
1     0      0.00626
1.01429     0      0.006174
1.02857     0      0.006152
1.04286     0      0.006036
1.05714     0      0.006088
1.07143     0      0.005954
1.08571     0      0.005948
1.1     0      0.005924
1.11429     0      0.005828
1.12857     0      0.005818
1.14286     0      0.005776
1.15714     0      0.005714
1.17143     0      0.005708
1.18571     0      0.00567
1.2     0      0.005598
1.21429     0      0.005578
1.22857     0      0.005516
1.24286     0      0.005528
1.25714     0      0.005466
1.27143     0      0.005448
1.28571     0      0.005386
1.3     0      0.005368
1.31429     0      0.005368
1.32857     0      0.005274
1.34286     0      0.005288
1.35714     0      0.005264
1.37143     0      0.005208
1.38571     0      0.005164
1.4     0      0.005144
1.41429     0      0.005152
1.42857     0      0.005096
1.44286     0      0.005082
1.45714     0      0.005036
1.47143     0      0.005008
1.48571     0      0.00501
1.5     0      0.004964
1.51429     0      0.004924
1.52857     0      0.004906
1.54286     0      0.004868
1.55714     0      0.004912
1.57143     0      0.00481
1.58571     0      0.0048
1.6     0      0.004808
1.61429     0      0.00475
1.62857     0      0.004744
1.64286     0      0.00474
1.65714     0      0.004716
1.67143     0      0.00465
1.68571     0      0.00466
1.7     0      0.004654
1.71429     0      0.004604
1.72857     0      0.004586
1.74286     0      0.004566
1.75714     0      0.004564
1.77143     0      0.00453
1.78571     0      0.004524
1.8     0      0.004478
1.81429     0      0.004464
1.82857     0      0.00445
1.84286     0      0.004424
1.85714     0      0.004434
1.87143     0      0.004402
1.88571     0      0.004348
1.9     0      0.00437
1.91429     0      0.004344
1.92857     0      0.004348
1.94286     0      0.004298
1.95714     0      0.004286
1.97143     0      0.004278
1.98571     0      0.004242
2     0      0.0025245
2.01429     0      0
2.02857     0      0
2.04286     0      0
2.05714     0      0
2.07143     0      0
2.08571     0      0
2.1     0      0
2.11429     0      0
2.12857     0      0
2.14286     0      0
2.15714     0      0
2.17143     0      0
2.18571     0      0
2.2     0      0
2.21429     0      0
2.22857     0      0
2.24286     0      0
2.25714     0      0
2.27143     0      0
2.28571     0      0
2.3     0      0
2.31429     0      0
2.32857     0      0
2.34286     0      0
2.35714     0      0
2.37143     0      0
2.38571     0      0
2.4     0      0
2.41429     0      0
2.42857     0      0
2.44286     0      0
2.45714     0      0
2.47143     0      0
2.48571     0      0
2.5     0      0
2.51429     0      0
2.52857     0      0
2.54286     0      0
2.55714     0      0
2.57143     0      0
2.58571     0      0
2.6     0      0
2.61429     0      0
2.62857     0      0
2.64286     0      0
2.65714     0      0
2.67143     0      0
2.68571     0      0
2.7     0      0
2.71429     0      0
2.72857     0      0
2.74286     0      0
2.75714     0      0
2.77143     0      0
2.78571     0      0
2.8     0      0
2.81429     0      0
2.82857     0      0
2.84286     0      0
2.85714     0      0
2.87143     0      0
2.88571     0      0
2.9     0      0
2.91429     0      0
2.92857     0      0
2.94286     0      0
2.95714     0      0
2.97143     0      0
2.98571     0      0
3     0      0
3.01429     0      0
3.02857     0      0
3.04286     0      0
3.05714     0      0
3.07143     0      0
3.08571     0      0
3.1     0      0
3.11429     0      0
3.12857     0      0
3.14286     0      0
3.15714     0      0
3.17143     0      0
3.18571     0      0
3.2     0      0
3.21429     0      0
3.22857     0      0
3.24286     0      0
3.25714     0      0
3.27143     0      0
3.28571     0      0
3.3     0      0
3.31429     0      0
3.32857     0      0
3.34286     0      0
3.35714     0      0
3.37143     0      0
3.38571     0      0
3.4     0      0
3.41429     0      0
3.42857     0      0
3.44286     0      0
3.45714     0      0
3.47143     0      0
3.48571     0      0
3.5     0      0
3.51429     0      0
3.52857     0      0
3.54286     0      0
3.55714     0      0
3.57143     0      0
3.58571     0      0
3.6     0      0
3.61429     0      0
3.62857     0      0
3.64286     0      0
3.65714     0      0
3.67143     0      0
3.68571     0      0
3.7     0      0
3.71429     0      0
3.72857     0      0
3.74286     0      0
3.75714     0      0
3.77143     0      0
3.78571     0      0
3.8     0      0
3.81429     0      0
3.82857     0      0
3.84286     0      0
3.85714     0      0
3.87143     0      0
3.88571     0      0
3.9     0      0
3.91429     0      0
3.92857     0      0
3.94286     0      0
3.95714     0      0
3.97143     0      0
3.98571     0      0
4     0      0
4.01429     0      0
4.02857     0      0
4.04286     0      0
4.05714     0      0
4.07143     0      0
4.08571     0      0
4.1     0      0
4.11429     0      0
4.12857     0      0
4.14286     0      0
4.15714     0      0
4.17143     0      0
4.18571     0      0
4.2     0      0
4.21429     0      0
4.22857     0      0
4.24286     0      0
4.25714     0      0
4.27143     0      0
4.28571     0      0
4.3     0      0
4.31429     0      0
4.32857     0      0
4.34286     0      0
4.35714     0      0
4.37143     0      0
4.38571     0      0
4.4     0      0
4.41429     0      0
4.42857     0      0
4.44286     0      0
4.45714     0      0
4.47143     0      0
4.48571     0      0
4.5     0      0
4.51429     0      0
4.52857     0      0
4.54286     0      0
4.55714     0      0
4.57143     0      0
4.58571     0      0
4.6     0      0
4.61429     0      0
4.62857     0      0
4.64286     0      0
4.65714     0      0
4.67143     0      0
4.68571     0      0
4.7     0      0
4.71429     0      0
4.72857     0      0
4.74286     0      0
4.75714     0      0
4.77143     0      0
4.78571     0      0
4.8     0      0
4.81429     0      0
4.82857     0      0
4.84286     0      0
4.85714     0      0
4.87143     0      0
4.88571     0      0
4.9     0      0
4.91429     0      0
4.92857     0      0
4.94286     0      0
4.95714     0      0
4.97143     0      0
4.98571     0      0
