# U,mu,nA_up, nA_dn, nB_up, nB_dn, ms, mf, ntotal,mu,cint
#energy    dos_upn   dos_upp   dos_dnn  dos_dnp GRID=1000 bin=700
-5     0      0
-4.98571     0      0
-4.97143     0      0
-4.95714     0      0
-4.94286     0      0
-4.92857     0      0
-4.91429     0      0
-4.9     0      0
-4.88571     0      0
-4.87143     0      0
-4.85714     0      0
-4.84286     0      0
-4.82857     0      0
-4.81429     0      0
-4.8     0      0
-4.78571     0      0
-4.77143     0      0
-4.75714     0      0
-4.74286     0      0
-4.72857     0      0
-4.71429     0      0
-4.7     0      0
-4.68571     0      0
-4.67143     0      0
-4.65714     0      0
-4.64286     0      0
-4.62857     0      0
-4.61429     0      0
-4.6     0      0
-4.58571     0      0
-4.57143     0      0
-4.55714     0      0
-4.54286     0      0
-4.52857     0      0
-4.51429     0      0
-4.5     0      0
-4.48571     0      0
-4.47143     0      0
-4.45714     0      0
-4.44286     0      0
-4.42857     0      0
-4.41429     0      0
-4.4     0      0
-4.38571     0      0
-4.37143     0      0
-4.35714     0      0
-4.34286     0      0
-4.32857     0      0
-4.31429     0      0
-4.3     0      0
-4.28571     0      0
-4.27143     0      0
-4.25714     0      0
-4.24286     0      0
-4.22857     0      0
-4.21429     0      0
-4.2     0      0
-4.18571     0      0
-4.17143     0      0
-4.15714     0      0
-4.14286     0      0
-4.12857     0      0
-4.11429     0      0
-4.1     0      0
-4.08571     0      0
-4.07143     0      0
-4.05714     0      0
-4.04286     0      0
-4.02857     0      0
-4.01429     0      0
-4     0      0
-3.98571     0      0
-3.97143     0      0
-3.95714     0      0
-3.94286     0      0
-3.92857     0      0
-3.91429     0      0
-3.9     0      0
-3.88571     0      0
-3.87143     0      0
-3.85714     0      0
-3.84286     0      0
-3.82857     0      0
-3.81429     0      0
-3.8     0      0
-3.78571     0      0
-3.77143     0      0
-3.75714     0      0
-3.74286     0      0
-3.72857     0      0
-3.71429     0      0
-3.7     0      0
-3.68571     0      0
-3.67143     0      0
-3.65714     0      0
-3.64286     0      0
-3.62857     0      0
-3.61429     0      0
-3.6     0      0
-3.58571     0      0
-3.57143     0      0
-3.55714     0      0
-3.54286     0      0
-3.52857     0      0
-3.51429     0      0
-3.5     0      0
-3.48571     0      0
-3.47143     0      0
-3.45714     0      0
-3.44286     0      0
-3.42857     0      0
-3.41429     0      0
-3.4     0      0
-3.38571     0      0
-3.37143     0      0
-3.35714     0      0
-3.34286     0      0
-3.32857     0      0
-3.31429     0      0
-3.3     0      0
-3.28571     0      0
-3.27143     0      0
-3.25714     0      0
-3.24286     0      0
-3.22857     0      0
-3.21429     0      0
-3.2     0      0
-3.18571     0      0
-3.17143     0      0
-3.15714     0      0
-3.14286     0      0
-3.12857     0      0
-3.11429     0      0
-3.1     0      0
-3.08571     0      0
-3.07143     0      0
-3.05714     0      0
-3.04286     0      0
-3.02857     0      0
-3.01429     0      0
-3     0      0
-2.98571     0      0
-2.97143     0      0
-2.95714     0      0
-2.94286     0      0
-2.92857     0      0
-2.91429     0      0
-2.9     0      0
-2.88571     0      0
-2.87143     0      0
-2.85714     0      0
-2.84286     0      0
-2.82857     0      0
-2.81429     0      0
-2.8     0      0
-2.78571     0      0
-2.77143     0      0
-2.75714     0      0
-2.74286     0      0
-2.72857     0      0
-2.71429     0      0
-2.7     0      0
-2.68571     0      0
-2.67143     0      0
-2.65714     0      0
-2.64286     0      0
-2.62857     0      0
-2.61429     0      0
-2.6     0      0
-2.58571     0      0
-2.57143     0      0
-2.55714     0      0
-2.54286     0      0
-2.52857     0      0
-2.51429     0      0
-2.5     0      0
-2.48571     0      0
-2.47143     0      0
-2.45714     0      0
-2.44286     0      0
-2.42857     0      0
-2.41429     0      0
-2.4     0      0
-2.38571     0      0
-2.37143     0      0
-2.35714     0      0
-2.34286     0      0
-2.32857     0      0
-2.31429     0      0
-2.3     0      0
-2.28571     0      0
-2.27143     0      0
-2.25714     0      0
-2.24286     0      0
-2.22857     0      0
-2.21429     0      0
-2.2     0      0
-2.18571     0      0
-2.17143     0      0
-2.15714     0      0
-2.14286     1.55069e-136      0
-2.12857     4.7512e-135      0
-2.11429     8.60387e-130      0
-2.1     1.89539e-128      0
-2.08571     1.90848e-128      0
-2.07143     1.90994e-128      0
-2.05714     8.12726e-123      0
-2.04286     7.58155e-122      0
-2.02857     7.57864e-122      0
-2.01429     7.64267e-122      0
-2     6.5571e-116      0
-1.98571     3.02447e-115      0
-1.97143     3.03146e-115      0
-1.95714     3.0431e-115      0
-1.94286     4.50411e-109      0
-1.92857     1.20746e-108      0
-1.91429     1.20606e-108      0
-1.9     1.21584e-108      0
-1.88571     2.73669e-102      0
-1.87143     4.80563e-102      0
-1.85714     4.82611e-102      0
-1.84286     4.86151e-102      0
-1.82857     1.53426e-95      0
-1.81429     1.91554e-95      0
-1.8     1.9379e-95      0
-1.78571     4.77584e-90      0
-1.77143     2.29073e-63      0
-1.75714     0.0042605      0
-1.74286     0.005094      0
-1.72857     0.005112      0
-1.71429     0.00512      0
-1.7     0.005152      0
-1.68571     0.00518      0
-1.67143     0.005162      0
-1.65714     0.005216      0
-1.64286     0.005226      0
-1.62857     0.00527      0
-1.61429     0.00525      0
-1.6     0.005282      0
-1.58571     0.005318      0
-1.57143     0.005324      0
-1.55714     0.005362      0
-1.54286     0.005384      0
-1.52857     0.00538      0
-1.51429     0.00541      0
-1.5     0.005438      0
-1.48571     0.00546      0
-1.47143     0.005488      0
-1.45714     0.005492      0
-1.44286     0.005532      0
-1.42857     0.00555      0
-1.41429     0.005588      0
-1.4     0.005592      0
-1.38571     0.005634      0
-1.37143     0.00566      0
-1.35714     0.005668      0
-1.34286     0.005712      0
-1.32857     0.005692      0
-1.31429     0.005764      0
-1.3     0.005744      0
-1.28571     0.005832      0
-1.27143     0.005844      0
-1.25714     0.005818      0
-1.24286     0.00593      0
-1.22857     0.00591      0
-1.21429     0.00595      0
-1.2     0.005974      0
-1.18571     0.005968      0
-1.17143     0.006056      0
-1.15714     0.006072      0
-1.14286     0.006068      0
-1.12857     0.006148      0
-1.11429     0.006164      0
-1.1     0.006164      0
-1.08571     0.00622      0
-1.07143     0.00627      0
-1.05714     0.006304      0
-1.04286     0.006296      0
-1.02857     0.006356      0
-1.01429     0.006356      0
-1     0.006478      0
-0.985714     0.006456      0
-0.971429     0.006544      0
-0.957143     0.006544      0
-0.942857     0.006584      0
-0.928571     0.006616      0
-0.914286     0.006664      0
-0.9     0.006676      0
-0.885714     0.006798      0
-0.871429     0.006764      0
-0.857143     0.00687      0
-0.842857     0.006896      0
-0.828571     0.006896      0
-0.814286     0.006984      0
-0.8     0.006994      0
-0.785714     0.007092      0
-0.771429     0.00711      0
-0.757143     0.007232      0
-0.742857     0.007202      0
-0.728571     0.00728      0
-0.714286     0.007328      0
-0.7     0.007392      0
-0.685714     0.007464      0
-0.671429     0.00754      0
-0.657143     0.007568      0
-0.642857     0.007608      0
-0.628571     0.007728      0
-0.614286     0.007796      0
-0.6     0.007816      0
-0.585714     0.007944      0
-0.571429     0.007948      0
-0.557143     0.008086      0
-0.542857     0.008182      0
-0.528571     0.008218      0
-0.514286     0.00832      0
-0.5     0.008396      0
-0.485714     0.00852      0
-0.471429     0.00859      0
-0.457143     0.008716      0
-0.442857     0.00881      0
-0.428571     0.0089      0
-0.414286     0.009042      0
-0.4     0.00919      0
-0.385714     0.009278      0
-0.371429     0.009478      0
-0.357143     0.009606      0
-0.342857     0.009772      0
-0.328571     0.00995      0
-0.314286     0.010156      0
-0.3     0.010364      0
-0.285714     0.010568      0
-0.271429     0.010824      0
-0.257143     0.011102      0
-0.242857     0.011446      0
-0.228571     0.011792      0
-0.214286     0.012206      0
-0.2     0.012782      0
-0.185714     0.0134      0
-0.171429     0.014204      0
-0.157143     0.01513      0
-0.142857     0.017108      0
-0.128571     0.019746      0
-0.114286     0.0286205      0
-0.1     0.044086      0
-0.0857143     0.01957      0
-0.0714286     0.014996      0
-0.0571429     0.012402      0
-0.0428571     0.010674      0
-0.0285714     0.009382      0
-0.0142857     0.008359      0
0     0      0
0.0142857     0      0
0.0285714     0      0
0.0428571     0      0
0.0571429     0      0
0.0714286     0      0
0.0857143     0      0
0.1     0      0
0.114286     0      0
0.128571     0      0
0.142857     0      0
0.157143     0      0
0.171429     0      0
0.185714     0      0
0.2     0      0.0234365
0.214286     0      0.018782
0.228571     0      0.016696
0.242857     0      0.016012
0.257143     0      0.015904
0.271429     0      0.01648
0.285714     0      0.018686
0.3     0      0.020029
0.314286     0      0.015564
0.328571     0      0.013982
0.342857     0      0.012972
0.357143     0      0.012288
0.371429     0      0.011708
0.385714     0      0.011132
0.4     0      0.010888
0.414286     0      0.010464
0.428571     0      0.01023
0.442857     0      0.00995
0.457143     0      0.00974
0.471429     0      0.00953
0.485714     0      0.00934
0.5     0      0.0091
0.514286     0      0.009032
0.528571     0      0.00886
0.542857     0      0.00869
0.557143     0      0.008552
0.571429     0      0.00846
0.585714     0      0.00836
0.6     0      0.008222
0.614286     0      0.00811
0.628571     0      0.008008
0.642857     0      0.007902
0.657143     0      0.00785
0.671429     0      0.007742
0.685714     0      0.007634
0.7     0      0.00762
0.714286     0      0.00746
0.728571     0      0.007448
0.742857     0      0.00734
0.757143     0      0.00725
0.771429     0      0.007234
0.785714     0      0.007138
0.8     0      0.007076
0.814286     0      0.007004
0.828571     0      0.006956
0.842857     0      0.006916
0.857143     0      0.006844
0.871429     0      0.006788
0.885714     0      0.006704
0.9     0      0.00666
0.914286     0      0.006662
0.928571     0      0.006578
0.942857     0      0.006504
0.957143     0      0.006474
0.971429     0      0.006462
0.985714     0      0.00635
1     0      0.006356
1.01429     0      0.006286
1.02857     0      0.006262
1.04286     0      0.006218
1.05714     0      0.006144
1.07143     0      0.006116
1.08571     0      0.006066
1.1     0      0.006084
1.11429     0      0.005972
1.12857     0      0.005972
1.14286     0      0.00591
1.15714     0      0.005908
1.17143     0      0.00587
1.18571     0      0.005842
1.2     0      0.005774
1.21429     0      0.00575
1.22857     0      0.00572
1.24286     0      0.005654
1.25714     0      0.005688
1.27143     0      0.005612
1.28571     0      0.00556
1.3     0      0.005582
1.31429     0      0.00551
1.32857     0      0.005524
1.34286     0      0.005468
1.35714     0      0.005426
1.37143     0      0.00538
1.38571     0      0.005414
1.4     0      0.005328
1.41429     0      0.005304
1.42857     0      0.00531
1.44286     0      0.0053
1.45714     0      0.00521
1.47143     0      0.005218
1.48571     0      0.005178
1.5     0      0.005158
1.51429     0      0.005178
1.52857     0      0.005076
1.54286     0      0.005094
1.55714     0      0.00506
1.57143     0      0.005038
1.58571     0      0.005016
1.6     0      0.00499
1.61429     0      0.004964
1.62857     0      0.004956
1.64286     0      0.004886
1.65714     0      0.004908
1.67143     0      0.00492
1.68571     0      0.00481
1.7     0      0.004856
1.71429     0      0.004802
1.72857     0      0.004784
1.74286     0      0.00478
1.75714     0      0.004746
1.77143     0      0.004724
1.78571     0      0.004692
1.8     0      0.00469
1.81429     0      0.004672
1.82857     0      0.004658
1.84286     0      0.00464
1.85714     0      0.00458
1.87143     0      0.004612
1.88571     0      0.004554
1.9     0      0.004552
1.91429     0      0.004564
1.92857     0      0.004508
1.94286     0      0.00448
1.95714     0      0.004472
1.97143     0      0.004448
1.98571     0      0.00445
2     0      0.004442
2.01429     0      0.004392
2.02857     0      0.004414
2.04286     0      0.004372
2.05714     0      0.00435
2.07143     0      0.004324
2.08571     0      0.004326
2.1     0      0.00433
2.11429     0      0.004264
2.12857     0      0.004278
2.14286     0      0.004262
2.15714     0      0.004242
2.17143     0      0.004256
2.18571     0      0.00419
2.2     0      0.0042
2.21429     0      0.004192
2.22857     0      0.004146
2.24286     0      0.0039825
2.25714     0      5.35125e-10
2.27143     0      3.14063e-17
2.28571     0      7.63477e-30
2.3     0      9.28224e-37
2.31429     0      5.13918e-44
2.32857     0      4.03023e-69
2.34286     0      4.01116e-69
2.35714     0      4.00734e-69
2.37143     0      3.98254e-69
2.38571     0      8.03471e-70
2.4     0      0
2.41429     0      0
2.42857     0      0
2.44286     0      0
2.45714     0      0
2.47143     0      0
2.48571     0      0
2.5     0      0
2.51429     0      0
2.52857     0      0
2.54286     0      0
2.55714     0      0
2.57143     0      0
2.58571     0      0
2.6     0      0
2.61429     0      0
2.62857     0      0
2.64286     0      0
2.65714     0      0
2.67143     0      0
2.68571     0      0
2.7     0      0
2.71429     0      0
2.72857     0      0
2.74286     0      0
2.75714     0      0
2.77143     0      0
2.78571     0      0
2.8     0      0
2.81429     0      0
2.82857     0      0
2.84286     0      0
2.85714     0      0
2.87143     0      0
2.88571     0      0
2.9     0      0
2.91429     0      0
2.92857     0      0
2.94286     0      0
2.95714     0      0
2.97143     0      0
2.98571     0      0
3     0      0
3.01429     0      0
3.02857     0      0
3.04286     0      0
3.05714     0      0
3.07143     0      0
3.08571     0      0
3.1     0      0
3.11429     0      0
3.12857     0      0
3.14286     0      0
3.15714     0      0
3.17143     0      0
3.18571     0      0
3.2     0      0
3.21429     0      0
3.22857     0      0
3.24286     0      0
3.25714     0      0
3.27143     0      0
3.28571     0      0
3.3     0      0
3.31429     0      0
3.32857     0      0
3.34286     0      0
3.35714     0      0
3.37143     0      0
3.38571     0      0
3.4     0      0
3.41429     0      0
3.42857     0      0
3.44286     0      0
3.45714     0      0
3.47143     0      0
3.48571     0      0
3.5     0      0
3.51429     0      0
3.52857     0      0
3.54286     0      0
3.55714     0      0
3.57143     0      0
3.58571     0      0
3.6     0      0
3.61429     0      0
3.62857     0      0
3.64286     0      0
3.65714     0      0
3.67143     0      0
3.68571     0      0
3.7     0      0
3.71429     0      0
3.72857     0      0
3.74286     0      0
3.75714     0      0
3.77143     0      0
3.78571     0      0
3.8     0      0
3.81429     0      0
3.82857     0      0
3.84286     0      0
3.85714     0      0
3.87143     0      0
3.88571     0      0
3.9     0      0
3.91429     0      0
3.92857     0      0
3.94286     0      0
3.95714     0      0
3.97143     0      0
3.98571     0      0
4     0      0
4.01429     0      0
4.02857     0      0
4.04286     0      0
4.05714     0      0
4.07143     0      0
4.08571     0      0
4.1     0      0
4.11429     0      0
4.12857     0      0
4.14286     0      0
4.15714     0      0
4.17143     0      0
4.18571     0      0
4.2     0      0
4.21429     0      0
4.22857     0      0
4.24286     0      0
4.25714     0      0
4.27143     0      0
4.28571     0      0
4.3     0      0
4.31429     0      0
4.32857     0      0
4.34286     0      0
4.35714     0      0
4.37143     0      0
4.38571     0      0
4.4     0      0
4.41429     0      0
4.42857     0      0
4.44286     0      0
4.45714     0      0
4.47143     0      0
4.48571     0      0
4.5     0      0
4.51429     0      0
4.52857     0      0
4.54286     0      0
4.55714     0      0
4.57143     0      0
4.58571     0      0
4.6     0      0
4.61429     0      0
4.62857     0      0
4.64286     0      0
4.65714     0      0
4.67143     0      0
4.68571     0      0
4.7     0      0
4.71429     0      0
4.72857     0      0
4.74286     0      0
4.75714     0      0
4.77143     0      0
4.78571     0      0
4.8     0      0
4.81429     0      0
4.82857     0      0
4.84286     0      0
4.85714     0      0
4.87143     0      0
4.88571     0      0
4.9     0      0
4.91429     0      0
4.92857     0      0
4.94286     0      0
4.95714     0      0
4.97143     0      0
4.98571     0      0
