# U,mu,nA_up, nA_dn, nB_up, nB_dn, ms, mf, ntotal,mu,cint
#energy    dos_upn   dos_upp   dos_dnn  dos_dnp GRID=1000 bin=700
-5     0      0
-4.98571     0      0
-4.97143     0      0
-4.95714     0      0
-4.94286     0      0
-4.92857     0      0
-4.91429     0      0
-4.9     0      0
-4.88571     0      0
-4.87143     0      0
-4.85714     0      0
-4.84286     0      0
-4.82857     0      0
-4.81429     0      0
-4.8     0      0
-4.78571     0      0
-4.77143     0      0
-4.75714     0      0
-4.74286     0      0
-4.72857     0      0
-4.71429     0      0
-4.7     0      0
-4.68571     0      0
-4.67143     0      0
-4.65714     0      0
-4.64286     0      0
-4.62857     0      0
-4.61429     0      0
-4.6     0      0
-4.58571     0      0
-4.57143     0      0
-4.55714     0      0
-4.54286     0      0
-4.52857     0      0
-4.51429     0      0
-4.5     0      0
-4.48571     0      0
-4.47143     0      0
-4.45714     0      0
-4.44286     0      0
-4.42857     0      0
-4.41429     0      0
-4.4     0      0
-4.38571     0      0
-4.37143     0      0
-4.35714     0      0
-4.34286     0      0
-4.32857     0      0
-4.31429     0      0
-4.3     0      0
-4.28571     0      0
-4.27143     0      0
-4.25714     0      0
-4.24286     0      0
-4.22857     0      0
-4.21429     0      0
-4.2     0      0
-4.18571     0      0
-4.17143     0      0
-4.15714     0      0
-4.14286     0      0
-4.12857     0      0
-4.11429     0      0
-4.1     0      0
-4.08571     0      0
-4.07143     0      0
-4.05714     0      0
-4.04286     0      0
-4.02857     0      0
-4.01429     0      0
-4     0      0
-3.98571     0      0
-3.97143     0      0
-3.95714     0      0
-3.94286     0      0
-3.92857     0      0
-3.91429     0      0
-3.9     0      0
-3.88571     0      0
-3.87143     0      0
-3.85714     0      0
-3.84286     0      0
-3.82857     0      0
-3.81429     0      0
-3.8     0      0
-3.78571     0      0
-3.77143     0      0
-3.75714     0      0
-3.74286     0      0
-3.72857     0      0
-3.71429     0      0
-3.7     0      0
-3.68571     0      0
-3.67143     0      0
-3.65714     0      0
-3.64286     0      0
-3.62857     0      0
-3.61429     0      0
-3.6     0      0
-3.58571     0      0
-3.57143     0      0
-3.55714     0      0
-3.54286     0      0
-3.52857     0      0
-3.51429     0      0
-3.5     0      0
-3.48571     0      0
-3.47143     0      0
-3.45714     0      0
-3.44286     0      0
-3.42857     0      0
-3.41429     0      0
-3.4     0      0
-3.38571     0      0
-3.37143     0      0
-3.35714     0      0
-3.34286     0      0
-3.32857     0      0
-3.31429     0      0
-3.3     0      0
-3.28571     0      0
-3.27143     0      0
-3.25714     0      0
-3.24286     0      0
-3.22857     0      0
-3.21429     0      0
-3.2     0      0
-3.18571     0      0
-3.17143     0      0
-3.15714     0      0
-3.14286     0      0
-3.12857     0      0
-3.11429     0      0
-3.1     0      0
-3.08571     0      0
-3.07143     0      0
-3.05714     0      0
-3.04286     0      0
-3.02857     0      0
-3.01429     0      0
-3     0      0
-2.98571     0      0
-2.97143     0      0
-2.95714     0      0
-2.94286     0      0
-2.92857     0      0
-2.91429     0      0
-2.9     0      0
-2.88571     0      0
-2.87143     0      0
-2.85714     0      0
-2.84286     0      0
-2.82857     0      0
-2.81429     0      0
-2.8     0      0
-2.78571     0      0
-2.77143     0      0
-2.75714     0      0
-2.74286     0      0
-2.72857     0      0
-2.71429     0      0
-2.7     0      0
-2.68571     0      0
-2.67143     0      0
-2.65714     0      0
-2.64286     0      0
-2.62857     0      0
-2.61429     0      0
-2.6     0      0
-2.58571     0      0
-2.57143     0      0
-2.55714     0      0
-2.54286     0      0
-2.52857     0      0
-2.51429     0      0
-2.5     0      0
-2.48571     0      0
-2.47143     0      0
-2.45714     0      0
-2.44286     0      0
-2.42857     0      0
-2.41429     0      0
-2.4     0      0
-2.38571     0      0
-2.37143     0      0
-2.35714     0      0
-2.34286     0      0
-2.32857     0      0
-2.31429     0      0
-2.3     0      0
-2.28571     0      0
-2.27143     0      0
-2.25714     0      0
-2.24286     0      0
-2.22857     0      0
-2.21429     0      0
-2.2     0      0
-2.18571     0      0
-2.17143     0      0
-2.15714     0      0
-2.14286     1.06563e-17      0
-2.12857     3.265e-16      0
-2.11429     5.91253e-11      0
-2.1     1.3025e-09      0
-2.08571     1.3115e-09      0
-2.07143     1.3125e-09      0
-2.05714     0.000558501      0
-2.04286     0.00521      0
-2.02857     0.005208      0
-2.01429     0.005252      0
-2     0.005274      0
-1.98571     0.00527      0
-1.97143     0.005334      0
-1.95714     0.005314      0
-1.94286     0.005362      0
-1.92857     0.005378      0
-1.91429     0.0054      0
-1.9     0.00542      0
-1.88571     0.005462      0
-1.87143     0.005494      0
-1.85714     0.005494      0
-1.84286     0.005512      0
-1.82857     0.005558      0
-1.81429     0.005586      0
-1.8     0.005596      0
-1.78571     0.00564      0
-1.77143     0.005634      0
-1.75714     0.005704      0
-1.74286     0.005712      0
-1.72857     0.00574      0
-1.71429     0.005782      0
-1.7     0.005804      0
-1.68571     0.005838      0
-1.67143     0.005846      0
-1.65714     0.005898      0
-1.64286     0.005964      0
-1.62857     0.005956      0
-1.61429     0.005984      0
-1.6     0.006002      0
-1.58571     0.006092      0
-1.57143     0.006056      0
-1.55714     0.00618      0
-1.54286     0.006166      0
-1.52857     0.006176      0
-1.51429     0.006246      0
-1.5     0.006282      0
-1.48571     0.006356      0
-1.47143     0.006332      0
-1.45714     0.006398      0
-1.44286     0.006484      0
-1.42857     0.00646      0
-1.41429     0.006568      0
-1.4     0.00654      0
-1.38571     0.006678      0
-1.37143     0.006644      0
-1.35714     0.006736      0
-1.34286     0.006774      0
-1.32857     0.006832      0
-1.31429     0.00689      0
-1.3     0.006942      0
-1.28571     0.006994      0
-1.27143     0.00704      0
-1.25714     0.007094      0
-1.24286     0.007184      0
-1.22857     0.007258      0
-1.21429     0.007284      0
-1.2     0.007382      0
-1.18571     0.00741      0
-1.17143     0.007548      0
-1.15714     0.007602      0
-1.14286     0.007658      0
-1.12857     0.007768      0
-1.11429     0.007834      0
-1.1     0.007946      0
-1.08571     0.00801      0
-1.07143     0.008104      0
-1.05714     0.008262      0
-1.04286     0.008338      0
-1.02857     0.008426      0
-1.01429     0.00857      0
-1     0.008708      0
-0.985714     0.008854      0
-0.971429     0.00897      0
-0.957143     0.00912      0
-0.942857     0.009282      0
-0.928571     0.009468      0
-0.914286     0.0096      0
-0.9     0.009834      0
-0.885714     0.010072      0
-0.871429     0.010318      0
-0.857143     0.010548      0
-0.842857     0.010798      0
-0.828571     0.011146      0
-0.814286     0.011492      0
-0.8     0.011908      0
-0.785714     0.012304      0
-0.771429     0.012884      0
-0.757143     0.013398      0
-0.742857     0.014182      0
-0.728571     0.015042      0
-0.714286     0.016094      0
-0.7     0.017532      0
-0.685714     0.019508      0
-0.671429     0.022512      0
-0.657143     0.028922      0
-0.642857     0.0708565      0
-0.628571     0.036742      0
-0.614286     0.02615      0
-0.6     0.02134      0
-0.585714     0.01834      0
-0.571429     0.016324      0
-0.557143     0.014694      0
-0.542857     0.004327      0
-0.528571     0      0
-0.514286     0      0
-0.5     0      0
-0.485714     0      0
-0.471429     0      0
-0.457143     0      0
-0.442857     0      0
-0.428571     0      0
-0.414286     0      0
-0.4     0      0
-0.385714     0      0
-0.371429     0      0
-0.357143     0      0
-0.342857     0      0
-0.328571     0      0
-0.314286     0      0
-0.3     0      0
-0.285714     0      0
-0.271429     0      0
-0.257143     0      0
-0.242857     0      0
-0.228571     0      0
-0.214286     0      0
-0.2     0      0
-0.185714     0      0
-0.171429     0      0
-0.157143     0      0
-0.142857     0      0
-0.128571     0      0
-0.114286     0      0
-0.1     0      0
-0.0857143     0      0
-0.0714286     0      0
-0.0571429     0      0
-0.0428571     0      0
-0.0285714     0      0
-0.0142857     0      0
0     0      0
0.0142857     0      0
0.0285714     0      0
0.0428571     0      0
0.0571429     0      0
0.0714286     0      0
0.0857143     0      0
0.1     0      0
0.114286     0      0
0.128571     0      0
0.142857     0      0
0.157143     0      0
0.171429     0      0
0.185714     0      0
0.2     0      6.92812e-17
0.214286     0      2.92713e-09
0.228571     0      7.4405e-09
0.242857     0      0.0262265
0.257143     0      0.026408
0.271429     0      0.023534
0.285714     0      0.02241
0.3     0      0.022308
0.314286     0      0.023112
0.328571     0      0.025962
0.342857     0      0.029775
0.357143     0      0.021472
0.371429     0      0.018528
0.385714     0      0.01662
0.4     0      0.015322
0.414286     0      0.0143
0.428571     0      0.01343
0.442857     0      0.012734
0.457143     0      0.012238
0.471429     0      0.011688
0.485714     0      0.011284
0.5     0      0.010868
0.514286     0      0.010546
0.528571     0      0.010198
0.542857     0      0.010004
0.557143     0      0.009706
0.571429     0      0.009448
0.585714     0      0.009254
0.6     0      0.009072
0.614286     0      0.008836
0.628571     0      0.0087
0.642857     0      0.008536
0.657143     0      0.00843
0.671429     0      0.008216
0.685714     0      0.008128
0.7     0      0.008036
0.714286     0      0.007838
0.728571     0      0.007788
0.742857     0      0.007652
0.757143     0      0.00757
0.771429     0      0.00741
0.785714     0      0.007392
0.8     0      0.007256
0.814286     0      0.007224
0.828571     0      0.007072
0.842857     0      0.007036
0.857143     0      0.006974
0.871429     0      0.006822
0.885714     0      0.006852
0.9     0      0.006706
0.914286     0      0.006674
0.928571     0      0.006606
0.942857     0      0.006588
0.957143     0      0.006464
0.971429     0      0.006434
0.985714     0      0.006332
1     0      0.006368
1.01429     0      0.006228
1.02857     0      0.006256
1.04286     0      0.00611
1.05714     0      0.006164
1.07143     0      0.006028
1.08571     0      0.006084
1.1     0      0.005898
1.11429     0      0.005946
1.12857     0      0.00589
1.14286     0      0.005834
1.15714     0      0.005804
1.17143     0      0.005754
1.18571     0      0.005768
1.2     0      0.005656
1.21429     0      0.005648
1.22857     0      0.00559
1.24286     0      0.005616
1.25714     0      0.005482
1.27143     0      0.00552
1.28571     0      0.00547
1.3     0      0.00542
1.31429     0      0.00541
1.32857     0      0.00538
1.34286     0      0.005312
1.35714     0      0.005298
1.37143     0      0.00528
1.38571     0      0.005234
1.4     0      0.005204
1.41429     0      0.005184
1.42857     0      0.0052
1.44286     0      0.00509
1.45714     0      0.005092
1.47143     0      0.005082
1.48571     0      0.005012
1.5     0      0.00504
1.51429     0      0.005026
1.52857     0      0.004916
1.54286     0      0.00494
1.55714     0      0.004922
1.57143     0      0.0049
1.58571     0      0.004866
1.6     0      0.00483
1.61429     0      0.004806
1.62857     0      0.004828
1.64286     0      0.004756
1.65714     0      0.004758
1.67143     0      0.004696
1.68571     0      0.004728
1.7     0      0.00468
1.71429     0      0.00465
1.72857     0      0.00464
1.74286     0      0.004634
1.75714     0      0.004584
1.77143     0      0.004582
1.78571     0      0.004554
1.8     0      0.00453
1.81429     0      0.004516
1.82857     0      0.004486
1.84286     0      0.00449
1.85714     0      0.004434
1.87143     0      0.004466
1.88571     0      0.004388
1.9     0      0.004432
1.91429     0      0.004374
1.92857     0      0.004368
1.94286     0      0.004346
1.95714     0      0.004312
1.97143     0      0.004324
1.98571     0      0.0043
2     0      0.00428
2.01429     0      0.00426
2.02857     0      0.004236
2.04286     0      0.0027905
2.05714     0      0
2.07143     0      0
2.08571     0      0
2.1     0      0
2.11429     0      0
2.12857     0      0
2.14286     0      0
2.15714     0      0
2.17143     0      0
2.18571     0      0
2.2     0      0
2.21429     0      0
2.22857     0      0
2.24286     0      0
2.25714     0      0
2.27143     0      0
2.28571     0      0
2.3     0      0
2.31429     0      0
2.32857     0      0
2.34286     0      0
2.35714     0      0
2.37143     0      0
2.38571     0      0
2.4     0      0
2.41429     0      0
2.42857     0      0
2.44286     0      0
2.45714     0      0
2.47143     0      0
2.48571     0      0
2.5     0      0
2.51429     0      0
2.52857     0      0
2.54286     0      0
2.55714     0      0
2.57143     0      0
2.58571     0      0
2.6     0      0
2.61429     0      0
2.62857     0      0
2.64286     0      0
2.65714     0      0
2.67143     0      0
2.68571     0      0
2.7     0      0
2.71429     0      0
2.72857     0      0
2.74286     0      0
2.75714     0      0
2.77143     0      0
2.78571     0      0
2.8     0      0
2.81429     0      0
2.82857     0      0
2.84286     0      0
2.85714     0      0
2.87143     0      0
2.88571     0      0
2.9     0      0
2.91429     0      0
2.92857     0      0
2.94286     0      0
2.95714     0      0
2.97143     0      0
2.98571     0      0
3     0      0
3.01429     0      0
3.02857     0      0
3.04286     0      0
3.05714     0      0
3.07143     0      0
3.08571     0      0
3.1     0      0
3.11429     0      0
3.12857     0      0
3.14286     0      0
3.15714     0      0
3.17143     0      0
3.18571     0      0
3.2     0      0
3.21429     0      0
3.22857     0      0
3.24286     0      0
3.25714     0      0
3.27143     0      0
3.28571     0      0
3.3     0      0
3.31429     0      0
3.32857     0      0
3.34286     0      0
3.35714     0      0
3.37143     0      0
3.38571     0      0
3.4     0      0
3.41429     0      0
3.42857     0      0
3.44286     0      0
3.45714     0      0
3.47143     0      0
3.48571     0      0
3.5     0      0
3.51429     0      0
3.52857     0      0
3.54286     0      0
3.55714     0      0
3.57143     0      0
3.58571     0      0
3.6     0      0
3.61429     0      0
3.62857     0      0
3.64286     0      0
3.65714     0      0
3.67143     0      0
3.68571     0      0
3.7     0      0
3.71429     0      0
3.72857     0      0
3.74286     0      0
3.75714     0      0
3.77143     0      0
3.78571     0      0
3.8     0      0
3.81429     0      0
3.82857     0      0
3.84286     0      0
3.85714     0      0
3.87143     0      0
3.88571     0      0
3.9     0      0
3.91429     0      0
3.92857     0      0
3.94286     0      0
3.95714     0      0
3.97143     0      0
3.98571     0      0
4     0      0
4.01429     0      0
4.02857     0      0
4.04286     0      0
4.05714     0      0
4.07143     0      0
4.08571     0      0
4.1     0      0
4.11429     0      0
4.12857     0      0
4.14286     0      0
4.15714     0      0
4.17143     0      0
4.18571     0      0
4.2     0      0
4.21429     0      0
4.22857     0      0
4.24286     0      0
4.25714     0      0
4.27143     0      0
4.28571     0      0
4.3     0      0
4.31429     0      0
4.32857     0      0
4.34286     0      0
4.35714     0      0
4.37143     0      0
4.38571     0      0
4.4     0      0
4.41429     0      0
4.42857     0      0
4.44286     0      0
4.45714     0      0
4.47143     0      0
4.48571     0      0
4.5     0      0
4.51429     0      0
4.52857     0      0
4.54286     0      0
4.55714     0      0
4.57143     0      0
4.58571     0      0
4.6     0      0
4.61429     0      0
4.62857     0      0
4.64286     0      0
4.65714     0      0
4.67143     0      0
4.68571     0      0
4.7     0      0
4.71429     0      0
4.72857     0      0
4.74286     0      0
4.75714     0      0
4.77143     0      0
4.78571     0      0
4.8     0      0
4.81429     0      0
4.82857     0      0
4.84286     0      0
4.85714     0      0
4.87143     0      0
4.88571     0      0
4.9     0      0
4.91429     0      0
4.92857     0      0
4.94286     0      0
4.95714     0      0
4.97143     0      0
4.98571     0      0
