# U,mu,nA_up, nA_dn, nB_up, nB_dn, ms, mf, ntotal,mu,cint
#energy    dos_upn   dos_upp   dos_dnn  dos_dnp GRID=1000 bin=700
-5     0      0
-4.98571     0      0
-4.97143     0      0
-4.95714     0      0
-4.94286     0      0
-4.92857     0      0
-4.91429     0      0
-4.9     0      0
-4.88571     0      0
-4.87143     0      0
-4.85714     0      0
-4.84286     0      0
-4.82857     0      0
-4.81429     0      0
-4.8     0      0
-4.78571     0      0
-4.77143     0      0
-4.75714     0      0
-4.74286     0      0
-4.72857     0      0
-4.71429     0      0
-4.7     0      0
-4.68571     0      0
-4.67143     0      0
-4.65714     0      0
-4.64286     0      0
-4.62857     0      0
-4.61429     0      0
-4.6     0      0
-4.58571     0      0
-4.57143     0      0
-4.55714     0      0
-4.54286     0      0
-4.52857     0      0
-4.51429     0      0
-4.5     0      0
-4.48571     0      0
-4.47143     0      0
-4.45714     0      0
-4.44286     0      0
-4.42857     0      0
-4.41429     0      0
-4.4     0      0
-4.38571     0      0
-4.37143     0      0
-4.35714     0      0
-4.34286     0      0
-4.32857     0      0
-4.31429     0      0
-4.3     0      0
-4.28571     0      0
-4.27143     0      0
-4.25714     0      0
-4.24286     0      0
-4.22857     0      0
-4.21429     0      0
-4.2     0      0
-4.18571     0      0
-4.17143     0      0
-4.15714     0      0
-4.14286     0      0
-4.12857     0      0
-4.11429     0      0
-4.1     0      0
-4.08571     0      0
-4.07143     0      0
-4.05714     0      0
-4.04286     0      0
-4.02857     0      0
-4.01429     0      0
-4     0      0
-3.98571     0      0
-3.97143     0      0
-3.95714     0      0
-3.94286     0      0
-3.92857     0      0
-3.91429     0      0
-3.9     0      0
-3.88571     0      0
-3.87143     0      0
-3.85714     0      0
-3.84286     0      0
-3.82857     0      0
-3.81429     0      0
-3.8     0      0
-3.78571     0      0
-3.77143     0      0
-3.75714     0      0
-3.74286     0      0
-3.72857     0      0
-3.71429     0      0
-3.7     0      0
-3.68571     0      0
-3.67143     0      0
-3.65714     0      0
-3.64286     0      0
-3.62857     0      0
-3.61429     0      0
-3.6     0      0
-3.58571     0      0
-3.57143     0      0
-3.55714     0      0
-3.54286     0      0
-3.52857     0      0
-3.51429     0      0
-3.5     0      0
-3.48571     0      0
-3.47143     0      0
-3.45714     0      0
-3.44286     0      0
-3.42857     0      0
-3.41429     0      0
-3.4     0      0
-3.38571     0      0
-3.37143     0      0
-3.35714     0      0
-3.34286     0      0
-3.32857     0      0
-3.31429     0      0
-3.3     0      0
-3.28571     0      0
-3.27143     0      0
-3.25714     0      0
-3.24286     0      0
-3.22857     0      0
-3.21429     0      0
-3.2     0      0
-3.18571     0      0
-3.17143     0      0
-3.15714     0      0
-3.14286     0      0
-3.12857     0      0
-3.11429     0      0
-3.1     0      0
-3.08571     0      0
-3.07143     0      0
-3.05714     0      0
-3.04286     0      0
-3.02857     0      0
-3.01429     0      0
-3     0      0
-2.98571     0      0
-2.97143     0      0
-2.95714     0      0
-2.94286     0      0
-2.92857     0      0
-2.91429     0      0
-2.9     0      0
-2.88571     0      0
-2.87143     0      0
-2.85714     0      0
-2.84286     0      0
-2.82857     0      0
-2.81429     0      0
-2.8     0      0
-2.78571     0      0
-2.77143     0      0
-2.75714     0      0
-2.74286     0      0
-2.72857     0      0
-2.71429     0      0
-2.7     0      0
-2.68571     0      0
-2.67143     0      0
-2.65714     0      0
-2.64286     0      0
-2.62857     0      0
-2.61429     0      0
-2.6     0      0
-2.58571     0      0
-2.57143     0      0
-2.55714     0      0
-2.54286     0      0
-2.52857     0      0
-2.51429     0      0
-2.5     0      0
-2.48571     0      0
-2.47143     0      0
-2.45714     0      0
-2.44286     0      0
-2.42857     0      0
-2.41429     0      0
-2.4     0      0
-2.38571     0      0
-2.37143     0      0
-2.35714     0      0
-2.34286     0      0
-2.32857     0      0
-2.31429     0      0
-2.3     0      0
-2.28571     0      0
-2.27143     0      0
-2.25714     0      0
-2.24286     0      0
-2.22857     0      0
-2.21429     0      0
-2.2     0      0
-2.18571     0      0
-2.17143     0      0
-2.15714     0      0
-2.14286     0      0
-2.12857     0      0
-2.11429     0      0
-2.1     0      0
-2.08571     0      0
-2.07143     0      0
-2.05714     0      0
-2.04286     0      0
-2.02857     0      0
-2.01429     0      0
-2     0      0
-1.98571     0      0
-1.97143     0      0
-1.95714     0      0
-1.94286     0      0
-1.92857     0      0
-1.91429     0      0
-1.9     0      0
-1.88571     0      0
-1.87143     0      0
-1.85714     0      0
-1.84286     0.0023465      0
-1.82857     0.00507      0
-1.81429     0.005096      0
-1.8     0.0051      0
-1.78571     0.005128      0
-1.77143     0.005144      0
-1.75714     0.005178      0
-1.74286     0.005168      0
-1.72857     0.005208      0
-1.71429     0.00522      0
-1.7     0.005246      0
-1.68571     0.005274      0
-1.67143     0.005276      0
-1.65714     0.005318      0
-1.64286     0.005318      0
-1.62857     0.00532      0
-1.61429     0.005382      0
-1.6     0.005356      0
-1.58571     0.005458      0
-1.57143     0.005428      0
-1.55714     0.005444      0
-1.54286     0.00546      0
-1.52857     0.00552      0
-1.51429     0.00551      0
-1.5     0.005552      0
-1.48571     0.005544      0
-1.47143     0.005598      0
-1.45714     0.005628      0
-1.44286     0.005656      0
-1.42857     0.005664      0
-1.41429     0.005672      0
-1.4     0.00572      0
-1.38571     0.005728      0
-1.37143     0.00576      0
-1.35714     0.0058      0
-1.34286     0.005814      0
-1.32857     0.00581      0
-1.31429     0.005894      0
-1.3     0.005906      0
-1.28571     0.00593      0
-1.27143     0.005966      0
-1.25714     0.005978      0
-1.24286     0.006028      0
-1.22857     0.006034      0
-1.21429     0.006066      0
-1.2     0.00612      0
-1.18571     0.006132      0
-1.17143     0.006128      0
-1.15714     0.006222      0
-1.14286     0.00623      0
-1.12857     0.006284      0
-1.11429     0.0063      0
-1.1     0.006316      0
-1.08571     0.006328      0
-1.07143     0.006438      0
-1.05714     0.006416      0
-1.04286     0.006456      0
-1.02857     0.006538      0
-1.01429     0.006544      0
-1     0.006596      0
-0.985714     0.006604      0
-0.971429     0.006644      0
-0.957143     0.006704      0
-0.942857     0.006734      0
-0.928571     0.006808      0
-0.914286     0.006796      0
-0.9     0.006892      0
-0.885714     0.006872      0
-0.871429     0.007004      0
-0.857143     0.007      0
-0.842857     0.007072      0
-0.828571     0.00709      0
-0.814286     0.007132      0
-0.8     0.0072      0
-0.785714     0.007254      0
-0.771429     0.007288      0
-0.757143     0.007356      0
-0.742857     0.007432      0
-0.728571     0.007464      0
-0.714286     0.007522      0
-0.7     0.00753      0
-0.685714     0.00767      0
-0.671429     0.00768      0
-0.657143     0.007778      0
-0.642857     0.007842      0
-0.628571     0.007908      0
-0.614286     0.007972      0
-0.6     0.008028      0
-0.585714     0.008124      0
-0.571429     0.00819      0
-0.557143     0.00823      0
-0.542857     0.008378      0
-0.528571     0.0084      0
-0.514286     0.008502      0
-0.5     0.008618      0
-0.485714     0.008708      0
-0.471429     0.008794      0
-0.457143     0.0089      0
-0.442857     0.008998      0
-0.428571     0.00915      0
-0.414286     0.00919      0
-0.4     0.00933      0
-0.385714     0.009492      0
-0.371429     0.009632      0
-0.357143     0.009762      0
-0.342857     0.009872      0
-0.328571     0.010038      0
-0.314286     0.010254      0
-0.3     0.010434      0
-0.285714     0.010622      0
-0.271429     0.01083      0
-0.257143     0.011034      0
-0.242857     0.011408      0
-0.228571     0.011676      0
-0.214286     0.012032      0
-0.2     0.012354      0
-0.185714     0.012878      0
-0.171429     0.013568      0
-0.157143     0.014348      0
-0.142857     0.015696      0
-0.128571     0.01772      0
-0.114286     0.0264745      0
-0.1     0.030266      0
-0.0857143     0.014304      0
-0.0714286     0.01096      0
-0.0571429     0.00903      0
-0.0428571     0.00763      0
-0.0285714     0.006546      0
-0.0142857     0.005587      0
0     0      0
0.0142857     0      0
0.0285714     0      0.0169945
0.0428571     0      0.015014
0.0571429     0      0.013368
0.0714286     0      0.012872
0.0857143     0      0.012844
0.1     0      0.013324
0.114286     0      0.014716
0.128571     0      0.016501
0.142857     0      0.013614
0.157143     0      0.012536
0.171429     0      0.011856
0.185714     0      0.011436
0.2     0      0.01102
0.214286     0      0.010678
0.228571     0      0.010464
0.242857     0      0.01012
0.257143     0      0.009984
0.271429     0      0.00977
0.285714     0      0.009608
0.3     0      0.009408
0.314286     0      0.009306
0.328571     0      0.009132
0.342857     0      0.00899
0.357143     0      0.008894
0.371429     0      0.008754
0.385714     0      0.008638
0.4     0      0.008522
0.414286     0      0.008442
0.428571     0      0.008282
0.442857     0      0.008276
0.457143     0      0.008106
0.471429     0      0.008034
0.485714     0      0.007996
0.5     0      0.007878
0.514286     0      0.00781
0.528571     0      0.007736
0.542857     0      0.007628
0.557143     0      0.007582
0.571429     0      0.007516
0.585714     0      0.007396
0.6     0      0.007414
0.614286     0      0.007248
0.628571     0      0.007284
0.642857     0      0.007184
0.657143     0      0.007098
0.671429     0      0.007058
0.685714     0      0.00701
0.7     0      0.00692
0.714286     0      0.006894
0.728571     0      0.00689
0.742857     0      0.006736
0.757143     0      0.006738
0.771429     0      0.006702
0.785714     0      0.006604
0.8     0      0.006594
0.814286     0      0.00656
0.828571     0      0.006492
0.842857     0      0.006428
0.857143     0      0.006384
0.871429     0      0.006398
0.885714     0      0.006358
0.9     0      0.006216
0.914286     0      0.006222
0.928571     0      0.006196
0.942857     0      0.006166
0.957143     0      0.006104
0.971429     0      0.006116
0.985714     0      0.006024
1     0      0.005984
1.01429     0      0.00595
1.02857     0      0.005916
1.04286     0      0.005902
1.05714     0      0.005852
1.07143     0      0.005864
1.08571     0      0.005756
1.1     0      0.005766
1.11429     0      0.005696
1.12857     0      0.005722
1.14286     0      0.00565
1.15714     0      0.005638
1.17143     0      0.005602
1.18571     0      0.005532
1.2     0      0.005526
1.21429     0      0.005532
1.22857     0      0.005466
1.24286     0      0.005444
1.25714     0      0.005396
1.27143     0      0.005398
1.28571     0      0.005394
1.3     0      0.005328
1.31429     0      0.005336
1.32857     0      0.005238
1.34286     0      0.00526
1.35714     0      0.005232
1.37143     0      0.005214
1.38571     0      0.005114
1.4     0      0.005204
1.41429     0      0.00512
1.42857     0      0.005074
1.44286     0      0.005096
1.45714     0      0.005066
1.47143     0      0.005004
1.48571     0      0.004998
1.5     0      0.005024
1.51429     0      0.004914
1.52857     0      0.004948
1.54286     0      0.004922
1.55714     0      0.004892
1.57143     0      0.004884
1.58571     0      0.00483
1.6     0      0.004812
1.61429     0      0.004846
1.62857     0      0.004772
1.64286     0      0.00478
1.65714     0      0.004732
1.67143     0      0.004742
1.68571     0      0.004696
1.7     0      0.00469
1.71429     0      0.004652
1.72857     0      0.004654
1.74286     0      0.004608
1.75714     0      0.004624
1.77143     0      0.004576
1.78571     0      0.004592
1.8     0      0.004518
1.81429     0      0.004524
1.82857     0      0.004532
1.84286     0      0.004504
1.85714     0      0.00448
1.87143     0      0.004456
1.88571     0      0.004426
1.9     0      0.004424
1.91429     0      0.004424
1.92857     0      0.004394
1.94286     0      0.004376
1.95714     0      0.004348
1.97143     0      0.004328
1.98571     0      0.00433
2     0      0.004312
2.01429     0      0.004288
2.02857     0      0.004282
2.04286     0      0.00425
2.05714     0      0.004258
2.07143     0      0.004228
2.08571     0      0.004212
2.1     0      0.004216
2.11429     0      0.00416
2.12857     0      0.004176
2.14286     0      0.00415
2.15714     0      0.0028605
2.17143     0      0
2.18571     0      0
2.2     0      0
2.21429     0      0
2.22857     0      0
2.24286     0      0
2.25714     0      0
2.27143     0      0
2.28571     0      0
2.3     0      0
2.31429     0      0
2.32857     0      0
2.34286     0      0
2.35714     0      0
2.37143     0      0
2.38571     0      0
2.4     0      0
2.41429     0      0
2.42857     0      0
2.44286     0      0
2.45714     0      0
2.47143     0      0
2.48571     0      0
2.5     0      0
2.51429     0      0
2.52857     0      0
2.54286     0      0
2.55714     0      0
2.57143     0      0
2.58571     0      0
2.6     0      0
2.61429     0      0
2.62857     0      0
2.64286     0      0
2.65714     0      0
2.67143     0      0
2.68571     0      0
2.7     0      0
2.71429     0      0
2.72857     0      0
2.74286     0      0
2.75714     0      0
2.77143     0      0
2.78571     0      0
2.8     0      0
2.81429     0      0
2.82857     0      0
2.84286     0      0
2.85714     0      0
2.87143     0      0
2.88571     0      0
2.9     0      0
2.91429     0      0
2.92857     0      0
2.94286     0      0
2.95714     0      0
2.97143     0      0
2.98571     0      0
3     0      0
3.01429     0      0
3.02857     0      0
3.04286     0      0
3.05714     0      0
3.07143     0      0
3.08571     0      0
3.1     0      0
3.11429     0      0
3.12857     0      0
3.14286     0      0
3.15714     0      0
3.17143     0      0
3.18571     0      0
3.2     0      0
3.21429     0      0
3.22857     0      0
3.24286     0      0
3.25714     0      0
3.27143     0      0
3.28571     0      0
3.3     0      0
3.31429     0      0
3.32857     0      0
3.34286     0      0
3.35714     0      0
3.37143     0      0
3.38571     0      0
3.4     0      0
3.41429     0      0
3.42857     0      0
3.44286     0      0
3.45714     0      0
3.47143     0      0
3.48571     0      0
3.5     0      0
3.51429     0      0
3.52857     0      0
3.54286     0      0
3.55714     0      0
3.57143     0      0
3.58571     0      0
3.6     0      0
3.61429     0      0
3.62857     0      0
3.64286     0      0
3.65714     0      0
3.67143     0      0
3.68571     0      0
3.7     0      0
3.71429     0      0
3.72857     0      0
3.74286     0      0
3.75714     0      0
3.77143     0      0
3.78571     0      0
3.8     0      0
3.81429     0      0
3.82857     0      0
3.84286     0      0
3.85714     0      0
3.87143     0      0
3.88571     0      0
3.9     0      0
3.91429     0      0
3.92857     0      0
3.94286     0      0
3.95714     0      0
3.97143     0      0
3.98571     0      0
4     0      0
4.01429     0      0
4.02857     0      0
4.04286     0      0
4.05714     0      0
4.07143     0      0
4.08571     0      0
4.1     0      0
4.11429     0      0
4.12857     0      0
4.14286     0      0
4.15714     0      0
4.17143     0      0
4.18571     0      0
4.2     0      0
4.21429     0      0
4.22857     0      0
4.24286     0      0
4.25714     0      0
4.27143     0      0
4.28571     0      0
4.3     0      0
4.31429     0      0
4.32857     0      0
4.34286     0      0
4.35714     0      0
4.37143     0      0
4.38571     0      0
4.4     0      0
4.41429     0      0
4.42857     0      0
4.44286     0      0
4.45714     0      0
4.47143     0      0
4.48571     0      0
4.5     0      0
4.51429     0      0
4.52857     0      0
4.54286     0      0
4.55714     0      0
4.57143     0      0
4.58571     0      0
4.6     0      0
4.61429     0      0
4.62857     0      0
4.64286     0      0
4.65714     0      0
4.67143     0      0
4.68571     0      0
4.7     0      0
4.71429     0      0
4.72857     0      0
4.74286     0      0
4.75714     0      0
4.77143     0      0
4.78571     0      0
4.8     0      0
4.81429     0      0
4.82857     0      0
4.84286     0      0
4.85714     0      0
4.87143     0      0
4.88571     0      0
4.9     0      0
4.91429     0      0
4.92857     0      0
4.94286     0      0
4.95714     0      0
4.97143     0      0
4.98571     0      0
