# U,mu,nA_up, nA_dn, nB_up, nB_dn, ms, mf, ntotal,mu,cint
#energy    dos_upn   dos_upp   dos_dnn  dos_dnp GRID=1000 bin=700
-5     0      0
-4.98571     0      0
-4.97143     0      0
-4.95714     0      0
-4.94286     0      0
-4.92857     0      0
-4.91429     0      0
-4.9     0      0
-4.88571     0      0
-4.87143     0      0
-4.85714     0      0
-4.84286     0      0
-4.82857     0      0
-4.81429     0      0
-4.8     0      0
-4.78571     0      0
-4.77143     0      0
-4.75714     0      0
-4.74286     0      0
-4.72857     0      0
-4.71429     0      0
-4.7     0      0
-4.68571     0      0
-4.67143     0      0
-4.65714     0      0
-4.64286     0      0
-4.62857     0      0
-4.61429     0      0
-4.6     0      0
-4.58571     0      0
-4.57143     0      0
-4.55714     0      0
-4.54286     0      0
-4.52857     0      0
-4.51429     0      0
-4.5     0      0
-4.48571     0      0
-4.47143     0      0
-4.45714     0      0
-4.44286     0      0
-4.42857     0      0
-4.41429     0      0
-4.4     0      0
-4.38571     0      0
-4.37143     0      0
-4.35714     0      0
-4.34286     0      0
-4.32857     0      0
-4.31429     0      0
-4.3     0      0
-4.28571     0      0
-4.27143     0      0
-4.25714     0      0
-4.24286     0      0
-4.22857     0      0
-4.21429     0      0
-4.2     0      0
-4.18571     0      0
-4.17143     0      0
-4.15714     0      0
-4.14286     0      0
-4.12857     0      0
-4.11429     0      0
-4.1     0      0
-4.08571     0      0
-4.07143     0      0
-4.05714     0      0
-4.04286     0      0
-4.02857     0      0
-4.01429     0      0
-4     0      0
-3.98571     0      0
-3.97143     0      0
-3.95714     0      0
-3.94286     0      0
-3.92857     0      0
-3.91429     0      0
-3.9     0      0
-3.88571     0      0
-3.87143     0      0
-3.85714     0      0
-3.84286     0      0
-3.82857     0      0
-3.81429     0      0
-3.8     0      0
-3.78571     0      0
-3.77143     0      0
-3.75714     0      0
-3.74286     0      0
-3.72857     0      0
-3.71429     0      0
-3.7     0      0
-3.68571     0      0
-3.67143     0      0
-3.65714     0      0
-3.64286     0      0
-3.62857     0      0
-3.61429     0      0
-3.6     0      0
-3.58571     0      0
-3.57143     0      0
-3.55714     0      0
-3.54286     0      0
-3.52857     0      0
-3.51429     0      0
-3.5     0      0
-3.48571     0      0
-3.47143     0      0
-3.45714     0      0
-3.44286     0      0
-3.42857     0      0
-3.41429     0      0
-3.4     0      0
-3.38571     0      0
-3.37143     0      0
-3.35714     0      0
-3.34286     0      0
-3.32857     0      0
-3.31429     0      0
-3.3     0      0
-3.28571     0      0
-3.27143     0      0
-3.25714     0      0
-3.24286     0      0
-3.22857     0      0
-3.21429     0      0
-3.2     0      0
-3.18571     0      0
-3.17143     0      0
-3.15714     0      0
-3.14286     0      0
-3.12857     0      0
-3.11429     0      0
-3.1     0      0
-3.08571     0      0
-3.07143     0      0
-3.05714     0      0
-3.04286     0      0
-3.02857     0      0
-3.01429     0      0
-3     0      0
-2.98571     0      0
-2.97143     0      0
-2.95714     0      0
-2.94286     0      0
-2.92857     0      0
-2.91429     0      0
-2.9     0      0
-2.88571     0      0
-2.87143     0      0
-2.85714     0      0
-2.84286     0      0
-2.82857     0      0
-2.81429     0      0
-2.8     0      0
-2.78571     0      0
-2.77143     0      0
-2.75714     0      0
-2.74286     0      0
-2.72857     0      0
-2.71429     0      0
-2.7     0      0
-2.68571     0      0
-2.67143     0      0
-2.65714     0      0
-2.64286     0      0
-2.62857     0      0
-2.61429     0      0
-2.6     0      0
-2.58571     0      0
-2.57143     0      0
-2.55714     0      0
-2.54286     0      0
-2.52857     0      0
-2.51429     0      0
-2.5     0      0
-2.48571     0      0
-2.47143     0      0
-2.45714     0      0
-2.44286     0      0
-2.42857     0      0
-2.41429     0      0
-2.4     0      0
-2.38571     0      0
-2.37143     0      0
-2.35714     0      0
-2.34286     0      0
-2.32857     0      0
-2.31429     0      0
-2.3     0      0
-2.28571     0      0
-2.27143     0      0
-2.25714     0      0
-2.24286     0      0
-2.22857     0      0
-2.21429     0      0
-2.2     0      0
-2.18571     0      0
-2.17143     0      0
-2.15714     0      0
-2.14286     6.20275e-130      0
-2.12857     1.90048e-128      0
-2.11429     3.44155e-123      0
-2.1     7.58155e-122      0
-2.08571     7.63394e-122      0
-2.07143     7.63976e-122      0
-2.05714     3.25091e-116      0
-2.04286     3.03262e-115      0
-2.02857     3.03146e-115      0
-2.01429     3.05707e-115      0
-2     2.62284e-109      0
-1.98571     1.20979e-108      0
-1.97143     1.21258e-108      0
-1.95714     1.21724e-108      0
-1.94286     1.80164e-102      0
-1.92857     4.82984e-102      0
-1.91429     4.82425e-102      0
-1.9     4.86337e-102      0
-1.88571     1.09468e-95      0
-1.87143     1.92225e-95      0
-1.85714     1.93045e-95      0
-1.84286     1.9446e-95      0
-1.82857     6.13705e-89      0
-1.81429     7.66218e-89      0
-1.8     7.75159e-89      0
-1.78571     1.91034e-83      0
-1.77143     9.1629e-57      0
-1.75714     0.0018125      0
-1.74286     0.005096      0
-1.72857     0.005104      0
-1.71429     0.005126      0
-1.7     0.00514      0
-1.68571     0.005168      0
-1.67143     0.005164      0
-1.65714     0.005202      0
-1.64286     0.005216      0
-1.62857     0.005238      0
-1.61429     0.005274      0
-1.6     0.005284      0
-1.58571     0.005294      0
-1.57143     0.00531      0
-1.55714     0.005352      0
-1.54286     0.00537      0
-1.52857     0.005366      0
-1.51429     0.0054      0
-1.5     0.005432      0
-1.48571     0.00544      0
-1.47143     0.005488      0
-1.45714     0.005506      0
-1.44286     0.005518      0
-1.42857     0.005532      0
-1.41429     0.005588      0
-1.4     0.005572      0
-1.38571     0.005646      0
-1.37143     0.005628      0
-1.35714     0.005672      0
-1.34286     0.005684      0
-1.32857     0.005724      0
-1.31429     0.005712      0
-1.3     0.005804      0
-1.28571     0.005736      0
-1.27143     0.005836      0
-1.25714     0.005864      0
-1.24286     0.005878      0
-1.22857     0.005926      0
-1.21429     0.005918      0
-1.2     0.005938      0
-1.18571     0.00601      0
-1.17143     0.006048      0
-1.15714     0.006026      0
-1.14286     0.006102      0
-1.12857     0.00612      0
-1.11429     0.006132      0
-1.1     0.006192      0
-1.08571     0.00622      0
-1.07143     0.006236      0
-1.05714     0.006244      0
-1.04286     0.00635      0
-1.02857     0.006364      0
-1.01429     0.006388      0
-1     0.006404      0
-0.985714     0.006448      0
-0.971429     0.006514      0
-0.957143     0.006516      0
-0.942857     0.0066      0
-0.928571     0.0066      0
-0.914286     0.006664      0
-0.9     0.006688      0
-0.885714     0.006718      0
-0.871429     0.0068      0
-0.857143     0.00685      0
-0.842857     0.006832      0
-0.828571     0.006952      0
-0.814286     0.006968      0
-0.8     0.007014      0
-0.785714     0.007032      0
-0.771429     0.007116      0
-0.757143     0.00714      0
-0.742857     0.00726      0
-0.728571     0.007264      0
-0.714286     0.007336      0
-0.7     0.007374      0
-0.685714     0.00745      0
-0.671429     0.00748      0
-0.657143     0.007586      0
-0.642857     0.007634      0
-0.628571     0.00765      0
-0.614286     0.007784      0
-0.6     0.007846      0
-0.585714     0.00789      0
-0.571429     0.007994      0
-0.557143     0.00803      0
-0.542857     0.008158      0
-0.528571     0.008246      0
-0.514286     0.00831      0
-0.5     0.008402      0
-0.485714     0.008492      0
-0.471429     0.008602      0
-0.457143     0.00868      0
-0.442857     0.008798      0
-0.428571     0.008912      0
-0.414286     0.009026      0
-0.4     0.009132      0
-0.385714     0.00938      0
-0.371429     0.00941      0
-0.357143     0.009642      0
-0.342857     0.00976      0
-0.328571     0.009958      0
-0.314286     0.010152      0
-0.3     0.010314      0
-0.285714     0.010606      0
-0.271429     0.010836      0
-0.257143     0.011102      0
-0.242857     0.011416      0
-0.228571     0.011872      0
-0.214286     0.012306      0
-0.2     0.012788      0
-0.185714     0.013368      0
-0.171429     0.014346      0
-0.157143     0.015352      0
-0.142857     0.01712      0
-0.128571     0.019738      0
-0.114286     0.0289185      0
-0.1     0.045058      0
-0.0857143     0.01995      0
-0.0714286     0.015302      0
-0.0571429     0.012642      0
-0.0428571     0.01092      0
-0.0285714     0.009638      0
-0.0142857     0.008523      0
0     0      0
0.0142857     0      0
0.0285714     0      0
0.0428571     0      0
0.0571429     0      0
0.0714286     0      0
0.0857143     0      0
0.1     0      0
0.114286     0      0
0.128571     0      0
0.142857     0      0
0.157143     0      0
0.171429     0      0
0.185714     0      0
0.2     0      4.0327e-129
0.214286     0      0.0228545
0.228571     0      0.019212
0.242857     0      0.017034
0.257143     0      0.0162
0.271429     0      0.016132
0.285714     0      0.016654
0.3     0      0.01874
0.314286     0      0.020513
0.328571     0      0.015886
0.342857     0      0.014156
0.357143     0      0.013114
0.371429     0      0.012348
0.385714     0      0.011776
0.4     0      0.011304
0.414286     0      0.010882
0.428571     0      0.010572
0.442857     0      0.010282
0.457143     0      0.00996
0.471429     0      0.00977
0.485714     0      0.009558
0.5     0      0.009358
0.514286     0      0.009186
0.528571     0      0.009002
0.542857     0      0.00889
0.557143     0      0.008682
0.571429     0      0.008538
0.585714     0      0.008452
0.6     0      0.00835
0.614286     0      0.008232
0.628571     0      0.008126
0.642857     0      0.008032
0.657143     0      0.00791
0.671429     0      0.007826
0.685714     0      0.007752
0.7     0      0.007656
0.714286     0      0.007572
0.728571     0      0.007474
0.742857     0      0.00742
0.757143     0      0.007348
0.771429     0      0.007302
0.785714     0      0.007186
0.8     0      0.007138
0.814286     0      0.007052
0.828571     0      0.007036
0.842857     0      0.006932
0.857143     0      0.006904
0.871429     0      0.00684
0.885714     0      0.00674
0.9     0      0.006738
0.914286     0      0.006686
0.928571     0      0.006594
0.942857     0      0.00658
0.957143     0      0.00651
0.971429     0      0.006474
0.985714     0      0.00638
1     0      0.00643
1.01429     0      0.00631
1.02857     0      0.006306
1.04286     0      0.00624
1.05714     0      0.006188
1.07143     0      0.006192
1.08571     0      0.00608
1.1     0      0.006054
1.11429     0      0.006048
1.12857     0      0.005978
1.14286     0      0.006002
1.15714     0      0.005926
1.17143     0      0.005852
1.18571     0      0.00585
1.2     0      0.0058
1.21429     0      0.005802
1.22857     0      0.005792
1.24286     0      0.005636
1.25714     0      0.005694
1.27143     0      0.005636
1.28571     0      0.005602
1.3     0      0.005632
1.31429     0      0.005524
1.32857     0      0.005502
1.34286     0      0.005468
1.35714     0      0.005502
1.37143     0      0.0054
1.38571     0      0.005388
1.4     0      0.005374
1.41429     0      0.00536
1.42857     0      0.005306
1.44286     0      0.00528
1.45714     0      0.005274
1.47143     0      0.005236
1.48571     0      0.005198
1.5     0      0.005208
1.51429     0      0.005112
1.52857     0      0.00513
1.54286     0      0.005116
1.55714     0      0.005094
1.57143     0      0.005052
1.58571     0      0.004998
1.6     0      0.005028
1.61429     0      0.004974
1.62857     0      0.004952
1.64286     0      0.004984
1.65714     0      0.004886
1.67143     0      0.004884
1.68571     0      0.004896
1.7     0      0.004832
1.71429     0      0.004796
1.72857     0      0.004836
1.74286     0      0.004772
1.75714     0      0.00477
1.77143     0      0.00474
1.78571     0      0.004712
1.8     0      0.004694
1.81429     0      0.00468
1.82857     0      0.004678
1.84286     0      0.00463
1.85714     0      0.004618
1.87143     0      0.004624
1.88571     0      0.00457
1.9     0      0.004558
1.91429     0      0.00455
1.92857     0      0.004516
1.94286     0      0.004508
1.95714     0      0.00451
1.97143     0      0.004456
1.98571     0      0.004474
2     0      0.00443
2.01429     0      0.004426
2.02857     0      0.004408
2.04286     0      0.004388
2.05714     0      0.004344
2.07143     0      0.004344
2.08571     0      0.004354
2.1     0      0.004312
2.11429     0      0.004288
2.12857     0      0.004274
2.14286     0      0.004294
2.15714     0      0.004246
2.17143     0      0.004238
2.18571     0      0.004232
2.2     0      0.0042
2.21429     0      0.004192
2.22857     0      0.004166
2.24286     0      0.004178
2.25714     0      0.0021405
2.27143     0      1.25625e-10
2.28571     0      3.05391e-23
2.3     0      3.71289e-30
2.31429     0      2.05567e-37
2.32857     0      1.61209e-62
2.34286     0      1.60446e-62
2.35714     0      1.60294e-62
2.37143     0      1.59302e-62
2.38571     0      3.21388e-63
2.4     0      0
2.41429     0      0
2.42857     0      0
2.44286     0      0
2.45714     0      0
2.47143     0      0
2.48571     0      0
2.5     0      0
2.51429     0      0
2.52857     0      0
2.54286     0      0
2.55714     0      0
2.57143     0      0
2.58571     0      0
2.6     0      0
2.61429     0      0
2.62857     0      0
2.64286     0      0
2.65714     0      0
2.67143     0      0
2.68571     0      0
2.7     0      0
2.71429     0      0
2.72857     0      0
2.74286     0      0
2.75714     0      0
2.77143     0      0
2.78571     0      0
2.8     0      0
2.81429     0      0
2.82857     0      0
2.84286     0      0
2.85714     0      0
2.87143     0      0
2.88571     0      0
2.9     0      0
2.91429     0      0
2.92857     0      0
2.94286     0      0
2.95714     0      0
2.97143     0      0
2.98571     0      0
3     0      0
3.01429     0      0
3.02857     0      0
3.04286     0      0
3.05714     0      0
3.07143     0      0
3.08571     0      0
3.1     0      0
3.11429     0      0
3.12857     0      0
3.14286     0      0
3.15714     0      0
3.17143     0      0
3.18571     0      0
3.2     0      0
3.21429     0      0
3.22857     0      0
3.24286     0      0
3.25714     0      0
3.27143     0      0
3.28571     0      0
3.3     0      0
3.31429     0      0
3.32857     0      0
3.34286     0      0
3.35714     0      0
3.37143     0      0
3.38571     0      0
3.4     0      0
3.41429     0      0
3.42857     0      0
3.44286     0      0
3.45714     0      0
3.47143     0      0
3.48571     0      0
3.5     0      0
3.51429     0      0
3.52857     0      0
3.54286     0      0
3.55714     0      0
3.57143     0      0
3.58571     0      0
3.6     0      0
3.61429     0      0
3.62857     0      0
3.64286     0      0
3.65714     0      0
3.67143     0      0
3.68571     0      0
3.7     0      0
3.71429     0      0
3.72857     0      0
3.74286     0      0
3.75714     0      0
3.77143     0      0
3.78571     0      0
3.8     0      0
3.81429     0      0
3.82857     0      0
3.84286     0      0
3.85714     0      0
3.87143     0      0
3.88571     0      0
3.9     0      0
3.91429     0      0
3.92857     0      0
3.94286     0      0
3.95714     0      0
3.97143     0      0
3.98571     0      0
4     0      0
4.01429     0      0
4.02857     0      0
4.04286     0      0
4.05714     0      0
4.07143     0      0
4.08571     0      0
4.1     0      0
4.11429     0      0
4.12857     0      0
4.14286     0      0
4.15714     0      0
4.17143     0      0
4.18571     0      0
4.2     0      0
4.21429     0      0
4.22857     0      0
4.24286     0      0
4.25714     0      0
4.27143     0      0
4.28571     0      0
4.3     0      0
4.31429     0      0
4.32857     0      0
4.34286     0      0
4.35714     0      0
4.37143     0      0
4.38571     0      0
4.4     0      0
4.41429     0      0
4.42857     0      0
4.44286     0      0
4.45714     0      0
4.47143     0      0
4.48571     0      0
4.5     0      0
4.51429     0      0
4.52857     0      0
4.54286     0      0
4.55714     0      0
4.57143     0      0
4.58571     0      0
4.6     0      0
4.61429     0      0
4.62857     0      0
4.64286     0      0
4.65714     0      0
4.67143     0      0
4.68571     0      0
4.7     0      0
4.71429     0      0
4.72857     0      0
4.74286     0      0
4.75714     0      0
4.77143     0      0
4.78571     0      0
4.8     0      0
4.81429     0      0
4.82857     0      0
4.84286     0      0
4.85714     0      0
4.87143     0      0
4.88571     0      0
4.9     0      0
4.91429     0      0
4.92857     0      0
4.94286     0      0
4.95714     0      0
4.97143     0      0
4.98571     0      0
