# U,mu,nA_up, nA_dn, nB_up, nB_dn, ms, mf, ntotal,mu,cint
#energy    dos_upn   dos_upp   dos_dnn  dos_dnp GRID=1000 bin=700
-5     0      0
-4.98571     0      0
-4.97143     0      0
-4.95714     0      0
-4.94286     0      0
-4.92857     0      0
-4.91429     0      0
-4.9     0      0
-4.88571     0      0
-4.87143     0      0
-4.85714     0      0
-4.84286     0      0
-4.82857     0      0
-4.81429     0      0
-4.8     0      0
-4.78571     0      0
-4.77143     0      0
-4.75714     0      0
-4.74286     0      0
-4.72857     0      0
-4.71429     0      0
-4.7     0      0
-4.68571     0      0
-4.67143     0      0
-4.65714     0      0
-4.64286     0      0
-4.62857     0      0
-4.61429     0      0
-4.6     0      0
-4.58571     0      0
-4.57143     0      0
-4.55714     0      0
-4.54286     0      0
-4.52857     0      0
-4.51429     0      0
-4.5     0      0
-4.48571     0      0
-4.47143     0      0
-4.45714     0      0
-4.44286     0      0
-4.42857     0      0
-4.41429     0      0
-4.4     0      0
-4.38571     0      0
-4.37143     0      0
-4.35714     0      0
-4.34286     0      0
-4.32857     0      0
-4.31429     0      0
-4.3     0      0
-4.28571     0      0
-4.27143     0      0
-4.25714     0      0
-4.24286     0      0
-4.22857     0      0
-4.21429     0      0
-4.2     0      0
-4.18571     0      0
-4.17143     0      0
-4.15714     0      0
-4.14286     0      0
-4.12857     0      0
-4.11429     0      0
-4.1     0      0
-4.08571     0      0
-4.07143     0      0
-4.05714     0      0
-4.04286     0      0
-4.02857     0      0
-4.01429     0      0
-4     0      0
-3.98571     0      0
-3.97143     0      0
-3.95714     0      0
-3.94286     0      0
-3.92857     0      0
-3.91429     0      0
-3.9     0      0
-3.88571     0      0
-3.87143     0      0
-3.85714     0      0
-3.84286     0      0
-3.82857     0      0
-3.81429     0      0
-3.8     0      0
-3.78571     0      0
-3.77143     0      0
-3.75714     0      0
-3.74286     0      0
-3.72857     0      0
-3.71429     0      0
-3.7     0      0
-3.68571     0      0
-3.67143     0      0
-3.65714     0      0
-3.64286     0      0
-3.62857     0      0
-3.61429     0      0
-3.6     0      0
-3.58571     0      0
-3.57143     0      0
-3.55714     0      0
-3.54286     0      0
-3.52857     0      0
-3.51429     0      0
-3.5     0      0
-3.48571     0      0
-3.47143     0      0
-3.45714     0      0
-3.44286     0      0
-3.42857     0      0
-3.41429     0      0
-3.4     0      0
-3.38571     0      0
-3.37143     0      0
-3.35714     0      0
-3.34286     0      0
-3.32857     0      0
-3.31429     0      0
-3.3     0      0
-3.28571     0      0
-3.27143     0      0
-3.25714     0      0
-3.24286     0      0
-3.22857     0      0
-3.21429     0      0
-3.2     0      0
-3.18571     0      0
-3.17143     0      0
-3.15714     0      0
-3.14286     0      0
-3.12857     0      0
-3.11429     0      0
-3.1     0      0
-3.08571     0      0
-3.07143     0      0
-3.05714     0      0
-3.04286     0      0
-3.02857     0      0
-3.01429     0      0
-3     0      0
-2.98571     0      0
-2.97143     0      0
-2.95714     0      0
-2.94286     0      0
-2.92857     0      0
-2.91429     0      0
-2.9     0      0
-2.88571     0      0
-2.87143     0      0
-2.85714     0      0
-2.84286     0      0
-2.82857     0      0
-2.81429     0      0
-2.8     0      0
-2.78571     0      0
-2.77143     0      0
-2.75714     0      0
-2.74286     0      0
-2.72857     0      0
-2.71429     0      0
-2.7     0      0
-2.68571     0      0
-2.67143     0      0
-2.65714     0      0
-2.64286     0      0
-2.62857     0      0
-2.61429     0      0
-2.6     0      0
-2.58571     0      0
-2.57143     0      0
-2.55714     0      0
-2.54286     0      0
-2.52857     0      0
-2.51429     0      0
-2.5     0      0
-2.48571     0      0
-2.47143     0      0
-2.45714     0      0
-2.44286     0      0
-2.42857     0      0
-2.41429     0      0
-2.4     0      0
-2.38571     0      0
-2.37143     0      0
-2.35714     0      0
-2.34286     0      0
-2.32857     0      0
-2.31429     0      0
-2.3     0      0
-2.28571     0      0
-2.27143     0      0
-2.25714     0      0
-2.24286     0      0
-2.22857     0      0
-2.21429     0      0
-2.2     0      0
-2.18571     0      0
-2.17143     0      0
-2.15714     0      0
-2.14286     1.01626e-83      0
-2.12857     3.11375e-82      0
-2.11429     5.63863e-77      0
-2.1     1.24216e-75      0
-2.08571     1.25074e-75      0
-2.07143     1.2517e-75      0
-2.05714     5.32628e-70      0
-2.04286     4.96864e-69      0
-2.02857     4.96674e-69      0
-2.01429     5.0087e-69      0
-2     4.29726e-63      0
-1.98571     1.98212e-62      0
-1.97143     1.98669e-62      0
-1.95714     1.99432e-62      0
-1.94286     2.95181e-56      0
-1.92857     7.91321e-56      0
-1.91429     7.90405e-56      0
-1.9     7.96814e-56      0
-1.88571     1.79352e-49      0
-1.87143     3.14941e-49      0
-1.85714     3.16284e-49      0
-1.84286     3.18604e-49      0
-1.82857     1.00549e-42      0
-1.81429     1.25537e-42      0
-1.8     1.27002e-42      0
-1.78571     3.1299e-37      0
-1.77143     1.50125e-10      0
-1.75714     1.279e-09      0
-1.74286     1.2795e-09      0
-1.72857     1.283e-09      0
-1.71429     0.0025965      0
-1.7     0.005106      0
-1.68571     0.005128      0
-1.67143     0.005162      0
-1.65714     0.00516      0
-1.64286     0.005168      0
-1.62857     0.005214      0
-1.61429     0.00522      0
-1.6     0.005228      0
-1.58571     0.00528      0
-1.57143     0.005298      0
-1.55714     0.005306      0
-1.54286     0.005316      0
-1.52857     0.00536      0
-1.51429     0.005364      0
-1.5     0.005414      0
-1.48571     0.005396      0
-1.47143     0.005458      0
-1.45714     0.005468      0
-1.44286     0.005452      0
-1.42857     0.005524      0
-1.41429     0.005554      0
-1.4     0.005532      0
-1.38571     0.00556      0
-1.37143     0.005622      0
-1.35714     0.005636      0
-1.34286     0.005622      0
-1.32857     0.005718      0
-1.31429     0.005704      0
-1.3     0.005722      0
-1.28571     0.005784      0
-1.27143     0.005764      0
-1.25714     0.005808      0
-1.24286     0.005846      0
-1.22857     0.005886      0
-1.21429     0.0059      0
-1.2     0.005904      0
-1.18571     0.005996      0
-1.17143     0.005982      0
-1.15714     0.006022      0
-1.14286     0.006046      0
-1.12857     0.006064      0
-1.11429     0.006124      0
-1.1     0.006164      0
-1.08571     0.006144      0
-1.07143     0.006244      0
-1.05714     0.006232      0
-1.04286     0.006284      0
-1.02857     0.006346      0
-1.01429     0.006376      0
-1     0.006332      0
-0.985714     0.00644      0
-0.971429     0.006512      0
-0.957143     0.006496      0
-0.942857     0.006556      0
-0.928571     0.006576      0
-0.914286     0.006632      0
-0.9     0.00666      0
-0.885714     0.006732      0
-0.871429     0.006772      0
-0.857143     0.006792      0
-0.842857     0.006852      0
-0.828571     0.006906      0
-0.814286     0.00694      0
-0.8     0.00704      0
-0.785714     0.00702      0
-0.771429     0.007118      0
-0.757143     0.00719      0
-0.742857     0.0072      0
-0.728571     0.00726      0
-0.714286     0.007328      0
-0.7     0.007412      0
-0.685714     0.007412      0
-0.671429     0.00754      0
-0.657143     0.0076      0
-0.642857     0.007648      0
-0.628571     0.007734      0
-0.614286     0.007778      0
-0.6     0.00789      0
-0.585714     0.007944      0
-0.571429     0.008016      0
-0.557143     0.008144      0
-0.542857     0.00819      0
-0.528571     0.008296      0
-0.514286     0.008426      0
-0.5     0.008502      0
-0.485714     0.008592      0
-0.471429     0.008702      0
-0.457143     0.008898      0
-0.442857     0.008956      0
-0.428571     0.009094      0
-0.414286     0.009238      0
-0.4     0.00939      0
-0.385714     0.009548      0
-0.371429     0.009692      0
-0.357143     0.00996      0
-0.342857     0.010132      0
-0.328571     0.010316      0
-0.314286     0.010636      0
-0.3     0.010858      0
-0.285714     0.011114      0
-0.271429     0.011582      0
-0.257143     0.011886      0
-0.242857     0.012474      0
-0.228571     0.012874      0
-0.214286     0.013642      0
-0.2     0.014498      0
-0.185714     0.015572      0
-0.171429     0.017134      0
-0.157143     0.019692      0
-0.142857     0.024632      0
-0.128571     0.0548685      0
-0.114286     0.02797      0
-0.1     0.019654      0
-0.0857143     0.015916      0
-0.0714286     0.01365      0
-0.0571429     0.011952      0
-0.0428571     0.010716      0
-0.0285714     0.004071      0
-0.0142857     6.34062e-16      0
0     0      0
0.0142857     0      0
0.0285714     0      0
0.0428571     0      0
0.0571429     0      0
0.0714286     0      0
0.0857143     0      0
0.1     0      0
0.114286     0      0
0.128571     0      0
0.142857     0      0
0.157143     0      0
0.171429     0      0
0.185714     0      0
0.2     0      6.60717e-83
0.214286     0      2.79153e-75
0.228571     0      7.09582e-75
0.242857     0      2.50115e-68
0.257143     0      1.8198e-62
0.271429     0      1.17622e-61
0.285714     0      1.67513e-09
0.3     0      6.5695e-09
0.314286     0      5.177e-09
0.328571     0      0.0191425
0.342857     0      0.022526
0.357143     0      0.019436
0.371429     0      0.018252
0.385714     0      0.017988
0.4     0      0.018402
0.414286     0      0.020132
0.428571     0      0.023991
0.442857     0      0.018114
0.457143     0      0.01568
0.471429     0      0.014364
0.485714     0      0.01329
0.5     0      0.012568
0.514286     0      0.011994
0.528571     0      0.011468
0.542857     0      0.011068
0.557143     0      0.010654
0.571429     0      0.01037
0.585714     0      0.01004
0.6     0      0.009806
0.614286     0      0.009582
0.628571     0      0.009424
0.642857     0      0.009144
0.657143     0      0.009
0.671429     0      0.008852
0.685714     0      0.0087
0.7     0      0.008552
0.714286     0      0.008382
0.728571     0      0.008292
0.742857     0      0.00817
0.757143     0      0.008032
0.771429     0      0.007962
0.785714     0      0.007876
0.8     0      0.007726
0.814286     0      0.007642
0.828571     0      0.007582
0.842857     0      0.007496
0.857143     0      0.007404
0.871429     0      0.007306
0.885714     0      0.007276
0.9     0      0.007128
0.914286     0      0.007108
0.928571     0      0.00702
0.942857     0      0.006968
0.957143     0      0.006904
0.971429     0      0.006884
0.985714     0      0.006756
1     0      0.006714
1.01429     0      0.006686
1.02857     0      0.006626
1.04286     0      0.006548
1.05714     0      0.006528
1.07143     0      0.006448
1.08571     0      0.006398
1.1     0      0.006386
1.11429     0      0.006306
1.12857     0      0.006236
1.14286     0      0.006222
1.15714     0      0.006222
1.17143     0      0.006094
1.18571     0      0.00608
1.2     0      0.006062
1.21429     0      0.00599
1.22857     0      0.005962
1.24286     0      0.005924
1.25714     0      0.00589
1.27143     0      0.005862
1.28571     0      0.005846
1.3     0      0.005758
1.31429     0      0.005712
1.32857     0      0.00573
1.34286     0      0.00567
1.35714     0      0.005662
1.37143     0      0.005602
1.38571     0      0.005552
1.4     0      0.005556
1.41429     0      0.005478
1.42857     0      0.005488
1.44286     0      0.005464
1.45714     0      0.005394
1.47143     0      0.005414
1.48571     0      0.005368
1.5     0      0.005328
1.51429     0      0.005282
1.52857     0      0.0053
1.54286     0      0.00523
1.55714     0      0.005228
1.57143     0      0.005176
1.58571     0      0.005178
1.6     0      0.00516
1.61429     0      0.00511
1.62857     0      0.005068
1.64286     0      0.005038
1.65714     0      0.00508
1.67143     0      0.00501
1.68571     0      0.004976
1.7     0      0.004988
1.71429     0      0.00491
1.72857     0      0.004908
1.74286     0      0.004916
1.75714     0      0.00487
1.77143     0      0.00487
1.78571     0      0.0048
1.8     0      0.004824
1.81429     0      0.004762
1.82857     0      0.00478
1.84286     0      0.004758
1.85714     0      0.00473
1.87143     0      0.00469
1.88571     0      0.004656
1.9     0      0.00465
1.91429     0      0.004658
1.92857     0      0.004614
1.94286     0      0.00462
1.95714     0      0.004578
1.97143     0      0.004536
1.98571     0      0.00454
2     0      0.00454
2.01429     0      0.004512
2.02857     0      0.004476
2.04286     0      0.004488
2.05714     0      0.00444
2.07143     0      0.004448
2.08571     0      0.004428
2.1     0      0.00439
2.11429     0      0.004384
2.12857     0      0.004354
2.14286     0      0.004346
2.15714     0      0.004324
2.17143     0      0.004322
2.18571     0      0.004302
2.2     0      0.004276
2.21429     0      0.004246
2.22857     0      0.004248
2.24286     0      0.004242
2.25714     0      0.004242
2.27143     0      0.004188
2.28571     0      0.00419
2.3     0      0.004164
2.31429     0      0.0012965
2.32857     0      2.64125e-16
2.34286     0      2.62875e-16
2.35714     0      2.62625e-16
2.37143     0      2.61e-16
2.38571     0      5.26563e-17
2.4     0      0
2.41429     0      0
2.42857     0      0
2.44286     0      0
2.45714     0      0
2.47143     0      0
2.48571     0      0
2.5     0      0
2.51429     0      0
2.52857     0      0
2.54286     0      0
2.55714     0      0
2.57143     0      0
2.58571     0      0
2.6     0      0
2.61429     0      0
2.62857     0      0
2.64286     0      0
2.65714     0      0
2.67143     0      0
2.68571     0      0
2.7     0      0
2.71429     0      0
2.72857     0      0
2.74286     0      0
2.75714     0      0
2.77143     0      0
2.78571     0      0
2.8     0      0
2.81429     0      0
2.82857     0      0
2.84286     0      0
2.85714     0      0
2.87143     0      0
2.88571     0      0
2.9     0      0
2.91429     0      0
2.92857     0      0
2.94286     0      0
2.95714     0      0
2.97143     0      0
2.98571     0      0
3     0      0
3.01429     0      0
3.02857     0      0
3.04286     0      0
3.05714     0      0
3.07143     0      0
3.08571     0      0
3.1     0      0
3.11429     0      0
3.12857     0      0
3.14286     0      0
3.15714     0      0
3.17143     0      0
3.18571     0      0
3.2     0      0
3.21429     0      0
3.22857     0      0
3.24286     0      0
3.25714     0      0
3.27143     0      0
3.28571     0      0
3.3     0      0
3.31429     0      0
3.32857     0      0
3.34286     0      0
3.35714     0      0
3.37143     0      0
3.38571     0      0
3.4     0      0
3.41429     0      0
3.42857     0      0
3.44286     0      0
3.45714     0      0
3.47143     0      0
3.48571     0      0
3.5     0      0
3.51429     0      0
3.52857     0      0
3.54286     0      0
3.55714     0      0
3.57143     0      0
3.58571     0      0
3.6     0      0
3.61429     0      0
3.62857     0      0
3.64286     0      0
3.65714     0      0
3.67143     0      0
3.68571     0      0
3.7     0      0
3.71429     0      0
3.72857     0      0
3.74286     0      0
3.75714     0      0
3.77143     0      0
3.78571     0      0
3.8     0      0
3.81429     0      0
3.82857     0      0
3.84286     0      0
3.85714     0      0
3.87143     0      0
3.88571     0      0
3.9     0      0
3.91429     0      0
3.92857     0      0
3.94286     0      0
3.95714     0      0
3.97143     0      0
3.98571     0      0
4     0      0
4.01429     0      0
4.02857     0      0
4.04286     0      0
4.05714     0      0
4.07143     0      0
4.08571     0      0
4.1     0      0
4.11429     0      0
4.12857     0      0
4.14286     0      0
4.15714     0      0
4.17143     0      0
4.18571     0      0
4.2     0      0
4.21429     0      0
4.22857     0      0
4.24286     0      0
4.25714     0      0
4.27143     0      0
4.28571     0      0
4.3     0      0
4.31429     0      0
4.32857     0      0
4.34286     0      0
4.35714     0      0
4.37143     0      0
4.38571     0      0
4.4     0      0
4.41429     0      0
4.42857     0      0
4.44286     0      0
4.45714     0      0
4.47143     0      0
4.48571     0      0
4.5     0      0
4.51429     0      0
4.52857     0      0
4.54286     0      0
4.55714     0      0
4.57143     0      0
4.58571     0      0
4.6     0      0
4.61429     0      0
4.62857     0      0
4.64286     0      0
4.65714     0      0
4.67143     0      0
4.68571     0      0
4.7     0      0
4.71429     0      0
4.72857     0      0
4.74286     0      0
4.75714     0      0
4.77143     0      0
4.78571     0      0
4.8     0      0
4.81429     0      0
4.82857     0      0
4.84286     0      0
4.85714     0      0
4.87143     0      0
4.88571     0      0
4.9     0      0
4.91429     0      0
4.92857     0      0
4.94286     0      0
4.95714     0      0
4.97143     0      0
4.98571     0      0
