# U,mu,nA_up, nA_dn, nB_up, nB_dn, ms, mf, ntotal,mu,cint
#energy    dos_upn   dos_upp   dos_dnn  dos_dnp GRID=1000 bin=700
-5     0      0
-4.98571     0      0
-4.97143     0      0
-4.95714     0      0
-4.94286     0      0
-4.92857     0      0
-4.91429     0      0
-4.9     0      0
-4.88571     0      0
-4.87143     0      0
-4.85714     0      0
-4.84286     0      0
-4.82857     0      0
-4.81429     0      0
-4.8     0      0
-4.78571     0      0
-4.77143     0      0
-4.75714     0      0
-4.74286     0      0
-4.72857     0      0
-4.71429     0      0
-4.7     0      0
-4.68571     0      0
-4.67143     0      0
-4.65714     0      0
-4.64286     0      0
-4.62857     0      0
-4.61429     0      0
-4.6     0      0
-4.58571     0      0
-4.57143     0      0
-4.55714     0      0
-4.54286     0      0
-4.52857     0      0
-4.51429     0      0
-4.5     0      0
-4.48571     0      0
-4.47143     0      0
-4.45714     0      0
-4.44286     0      0
-4.42857     0      0
-4.41429     0      0
-4.4     0      0
-4.38571     0      0
-4.37143     0      0
-4.35714     0      0
-4.34286     0      0
-4.32857     0      0
-4.31429     0      0
-4.3     0      0
-4.28571     0      0
-4.27143     0      0
-4.25714     0      0
-4.24286     0      0
-4.22857     0      0
-4.21429     0      0
-4.2     0      0
-4.18571     0      0
-4.17143     0      0
-4.15714     0      0
-4.14286     0      0
-4.12857     0      0
-4.11429     0      0
-4.1     0      0
-4.08571     0      0
-4.07143     0      0
-4.05714     0      0
-4.04286     0      0
-4.02857     0      0
-4.01429     0      0
-4     0      0
-3.98571     0      0
-3.97143     0      0
-3.95714     0      0
-3.94286     0      0
-3.92857     0      0
-3.91429     0      0
-3.9     0      0
-3.88571     0      0
-3.87143     0      0
-3.85714     0      0
-3.84286     0      0
-3.82857     0      0
-3.81429     0      0
-3.8     0      0
-3.78571     0      0
-3.77143     0      0
-3.75714     0      0
-3.74286     0      0
-3.72857     0      0
-3.71429     0      0
-3.7     0      0
-3.68571     0      0
-3.67143     0      0
-3.65714     0      0
-3.64286     0      0
-3.62857     0      0
-3.61429     0      0
-3.6     0      0
-3.58571     0      0
-3.57143     0      0
-3.55714     0      0
-3.54286     0      0
-3.52857     0      0
-3.51429     0      0
-3.5     0      0
-3.48571     0      0
-3.47143     0      0
-3.45714     0      0
-3.44286     0      0
-3.42857     0      0
-3.41429     0      0
-3.4     0      0
-3.38571     0      0
-3.37143     0      0
-3.35714     0      0
-3.34286     0      0
-3.32857     0      0
-3.31429     0      0
-3.3     0      0
-3.28571     0      0
-3.27143     0      0
-3.25714     0      0
-3.24286     0      0
-3.22857     0      0
-3.21429     0      0
-3.2     0      0
-3.18571     0      0
-3.17143     0      0
-3.15714     0      0
-3.14286     0      0
-3.12857     0      0
-3.11429     0      0
-3.1     0      0
-3.08571     0      0
-3.07143     0      0
-3.05714     0      0
-3.04286     0      0
-3.02857     0      0
-3.01429     0      0
-3     0      0
-2.98571     0      0
-2.97143     0      0
-2.95714     0      0
-2.94286     0      0
-2.92857     0      0
-2.91429     0      0
-2.9     0      0
-2.88571     0      0
-2.87143     0      0
-2.85714     0      0
-2.84286     0      0
-2.82857     0      0
-2.81429     0      0
-2.8     0      0
-2.78571     0      0
-2.77143     0      0
-2.75714     0      0
-2.74286     0      0
-2.72857     0      0
-2.71429     0      0
-2.7     0      0
-2.68571     0      0
-2.67143     0      0
-2.65714     0      0
-2.64286     0      0
-2.62857     0      0
-2.61429     0      0
-2.6     0      0
-2.58571     0      0
-2.57143     0      0
-2.55714     0      0
-2.54286     0      0
-2.52857     0      0
-2.51429     0      0
-2.5     0      0
-2.48571     0      0
-2.47143     0      0
-2.45714     0      0
-2.44286     0      0
-2.42857     0      0
-2.41429     0      0
-2.4     0      0
-2.38571     0      0
-2.37143     0      0
-2.35714     0      0
-2.34286     0      0
-2.32857     0      0
-2.31429     0      0
-2.3     0      0
-2.28571     0      0
-2.27143     0      0
-2.25714     0      0
-2.24286     0      0
-2.22857     0      0
-2.21429     0      0
-2.2     0      0
-2.18571     0      0
-2.17143     0      0
-2.15714     0      0
-2.14286     2.36616e-189      0
-2.12857     7.24976e-188      0
-2.11429     1.31285e-182      0
-2.1     2.89213e-181      0
-2.08571     2.91212e-181      0
-2.07143     2.91434e-181      0
-2.05714     1.24012e-175      0
-2.04286     1.15685e-174      0
-2.02857     1.15641e-174      0
-2.01429     1.16618e-174      0
-2     1.00053e-168      0
-1.98571     4.61498e-168      0
-1.97143     4.62563e-168      0
-1.95714     4.6434e-168      0
-1.94286     6.87273e-162      0
-1.92857     1.84244e-161      0
-1.91429     1.84031e-161      0
-1.9     1.85523e-161      0
-1.88571     4.17586e-155      0
-1.87143     7.3328e-155      0
-1.85714     7.36407e-155      0
-1.84286     7.41807e-155      0
-1.82857     2.3411e-148      0
-1.81429     2.92289e-148      0
-1.8     0.0037325      0
-1.78571     0.00508      0
-1.77143     0.005112      0
-1.75714     0.005126      0
-1.74286     0.00514      0
-1.72857     0.005144      0
-1.71429     0.005182      0
-1.7     0.005194      0
-1.68571     0.005202      0
-1.67143     0.005256      0
-1.65714     0.005244      0
-1.64286     0.00527      0
-1.62857     0.005314      0
-1.61429     0.00531      0
-1.6     0.005348      0
-1.58571     0.005334      0
-1.57143     0.005364      0
-1.55714     0.005414      0
-1.54286     0.00544      0
-1.52857     0.005446      0
-1.51429     0.00546      0
-1.5     0.005478      0
-1.48571     0.00551      0
-1.47143     0.005546      0
-1.45714     0.00556      0
-1.44286     0.005582      0
-1.42857     0.005638      0
-1.41429     0.00562      0
-1.4     0.005656      0
-1.38571     0.005666      0
-1.37143     0.005716      0
-1.35714     0.00572      0
-1.34286     0.005754      0
-1.32857     0.005782      0
-1.31429     0.005812      0
-1.3     0.00581      0
-1.28571     0.00589      0
-1.27143     0.005888      0
-1.25714     0.00592      0
-1.24286     0.005942      0
-1.22857     0.005986      0
-1.21429     0.005992      0
-1.2     0.006058      0
-1.18571     0.006066      0
-1.17143     0.006072      0
-1.15714     0.006166      0
-1.14286     0.006136      0
-1.12857     0.00618      0
-1.11429     0.006234      0
-1.1     0.006274      0
-1.08571     0.0063      0
-1.07143     0.006292      0
-1.05714     0.006384      0
-1.04286     0.00638      0
-1.02857     0.006432      0
-1.01429     0.00647      0
-1     0.006504      0
-0.985714     0.006538      0
-0.971429     0.006596      0
-0.957143     0.006616      0
-0.942857     0.006648      0
-0.928571     0.006688      0
-0.914286     0.00674      0
-0.9     0.006804      0
-0.885714     0.006806      0
-0.871429     0.006884      0
-0.857143     0.006914      0
-0.842857     0.006996      0
-0.828571     0.006998      0
-0.814286     0.007048      0
-0.8     0.007108      0
-0.785714     0.007126      0
-0.771429     0.00722      0
-0.757143     0.007236      0
-0.742857     0.007316      0
-0.728571     0.007384      0
-0.714286     0.007444      0
-0.7     0.00747      0
-0.685714     0.007526      0
-0.671429     0.007582      0
-0.657143     0.007672      0
-0.642857     0.00775      0
-0.628571     0.007778      0
-0.614286     0.007828      0
-0.6     0.007956      0
-0.585714     0.007964      0
-0.571429     0.008108      0
-0.557143     0.008112      0
-0.542857     0.008268      0
-0.528571     0.008298      0
-0.514286     0.008392      0
-0.5     0.008492      0
-0.485714     0.008572      0
-0.471429     0.00871      0
-0.457143     0.00878      0
-0.442857     0.008886      0
-0.428571     0.009004      0
-0.414286     0.009124      0
-0.4     0.009224      0
-0.385714     0.009346      0
-0.371429     0.009538      0
-0.357143     0.00966      0
-0.342857     0.00979      0
-0.328571     0.009932      0
-0.314286     0.010162      0
-0.3     0.010298      0
-0.285714     0.010598      0
-0.271429     0.010788      0
-0.257143     0.01107      0
-0.242857     0.011344      0
-0.228571     0.011692      0
-0.214286     0.012096      0
-0.2     0.012534      0
-0.185714     0.013074      0
-0.171429     0.013812      0
-0.157143     0.01478      0
-0.142857     0.015926      0
-0.128571     0.019104      0
-0.114286     0.0272365      0
-0.1     0.037918      0
-0.0857143     0.017062      0
-0.0714286     0.013022      0
-0.0571429     0.010742      0
-0.0428571     0.009232      0
-0.0285714     0.008036      0
-0.0142857     0.007073      0
0     0      0
0.0142857     0      0
0.0285714     0      0
0.0428571     0      0
0.0571429     0      0
0.0714286     0      0
0.0857143     0      0
0.1     0      0.0028425
0.114286     0      0.022228
0.128571     0      0.016404
0.142857     0      0.014878
0.157143     0      0.014422
0.171429     0      0.014514
0.185714     0      0.01519
0.2     0      0.018229
0.214286     0      0.016762
0.228571     0      0.01417
0.242857     0      0.01298
0.257143     0      0.012226
0.271429     0      0.01166
0.285714     0      0.01126
0.3     0      0.010812
0.314286     0      0.0105
0.328571     0      0.010246
0.342857     0      0.009974
0.357143     0      0.009802
0.371429     0      0.009576
0.385714     0      0.009396
0.4     0      0.009232
0.414286     0      0.009094
0.428571     0      0.008918
0.442857     0      0.008766
0.457143     0      0.008686
0.471429     0      0.008582
0.485714     0      0.008456
0.5     0      0.00827
0.514286     0      0.00825
0.528571     0      0.008132
0.542857     0      0.008002
0.557143     0      0.007982
0.571429     0      0.007848
0.585714     0      0.007786
0.6     0      0.007684
0.614286     0      0.007608
0.628571     0      0.00755
0.642857     0      0.007436
0.657143     0      0.007408
0.671429     0      0.00735
0.685714     0      0.007196
0.7     0      0.007244
0.714286     0      0.007136
0.728571     0      0.007066
0.742857     0      0.006974
0.757143     0      0.007
0.771429     0      0.00689
0.785714     0      0.006822
0.8     0      0.006814
0.814286     0      0.006726
0.828571     0      0.006672
0.842857     0      0.00666
0.857143     0      0.006564
0.871429     0      0.006532
0.885714     0      0.006494
0.9     0      0.006454
0.914286     0      0.006384
0.928571     0      0.006366
0.942857     0      0.006288
0.957143     0      0.00631
0.971429     0      0.006234
0.985714     0      0.006168
1     0      0.006118
1.01429     0      0.006092
1.02857     0      0.00607
1.04286     0      0.006036
1.05714     0      0.006008
1.07143     0      0.005952
1.08571     0      0.00587
1.1     0      0.005892
1.11429     0      0.005846
1.12857     0      0.005828
1.14286     0      0.005776
1.15714     0      0.005744
1.17143     0      0.005706
1.18571     0      0.005664
1.2     0      0.005638
1.21429     0      0.005612
1.22857     0      0.005632
1.24286     0      0.005522
1.25714     0      0.005512
1.27143     0      0.00547
1.28571     0      0.005476
1.3     0      0.00546
1.31429     0      0.005358
1.32857     0      0.005392
1.34286     0      0.005322
1.35714     0      0.005336
1.37143     0      0.005294
1.38571     0      0.005256
1.4     0      0.005242
1.41429     0      0.005216
1.42857     0      0.005202
1.44286     0      0.005154
1.45714     0      0.005126
1.47143     0      0.005126
1.48571     0      0.005116
1.5     0      0.005018
1.51429     0      0.005064
1.52857     0      0.00499
1.54286     0      0.005
1.55714     0      0.004954
1.57143     0      0.004964
1.58571     0      0.00491
1.6     0      0.004908
1.61429     0      0.004908
1.62857     0      0.004834
1.64286     0      0.00482
1.65714     0      0.004854
1.67143     0      0.00476
1.68571     0      0.004804
1.7     0      0.004724
1.71429     0      0.00475
1.72857     0      0.004708
1.74286     0      0.004686
1.75714     0      0.004664
1.77143     0      0.004658
1.78571     0      0.004604
1.8     0      0.004632
1.81429     0      0.004588
1.82857     0      0.004596
1.84286     0      0.004526
1.85714     0      0.004536
1.87143     0      0.004508
1.88571     0      0.00452
1.9     0      0.004492
1.91429     0      0.00446
1.92857     0      0.004434
1.94286     0      0.004444
1.95714     0      0.004396
1.97143     0      0.00439
1.98571     0      0.004404
2     0      0.004352
2.01429     0      0.004348
2.02857     0      0.004332
2.04286     0      0.00429
2.05714     0      0.004296
2.07143     0      0.004282
2.08571     0      0.00427
2.1     0      0.00425
2.11429     0      0.004226
2.12857     0      0.004226
2.14286     0      0.004188
2.15714     0      0.004202
2.17143     0      0.004164
2.18571     0      0.004164
2.2     0      0.0027325
2.21429     0      8.46563e-17
2.22857     0      1.40039e-30
2.24286     0      1.0965e-49
2.25714     0      8.16536e-63
2.27143     0      4.79222e-70
2.28571     0      1.16497e-82
2.3     0      1.41636e-89
2.31429     0      7.84177e-97
2.32857     0      6.14964e-122
2.34286     0      6.12054e-122
2.35714     0      6.11472e-122
2.37143     0      6.07688e-122
2.38571     0      1.226e-122
2.4     0      0
2.41429     0      0
2.42857     0      0
2.44286     0      0
2.45714     0      0
2.47143     0      0
2.48571     0      0
2.5     0      0
2.51429     0      0
2.52857     0      0
2.54286     0      0
2.55714     0      0
2.57143     0      0
2.58571     0      0
2.6     0      0
2.61429     0      0
2.62857     0      0
2.64286     0      0
2.65714     0      0
2.67143     0      0
2.68571     0      0
2.7     0      0
2.71429     0      0
2.72857     0      0
2.74286     0      0
2.75714     0      0
2.77143     0      0
2.78571     0      0
2.8     0      0
2.81429     0      0
2.82857     0      0
2.84286     0      0
2.85714     0      0
2.87143     0      0
2.88571     0      0
2.9     0      0
2.91429     0      0
2.92857     0      0
2.94286     0      0
2.95714     0      0
2.97143     0      0
2.98571     0      0
3     0      0
3.01429     0      0
3.02857     0      0
3.04286     0      0
3.05714     0      0
3.07143     0      0
3.08571     0      0
3.1     0      0
3.11429     0      0
3.12857     0      0
3.14286     0      0
3.15714     0      0
3.17143     0      0
3.18571     0      0
3.2     0      0
3.21429     0      0
3.22857     0      0
3.24286     0      0
3.25714     0      0
3.27143     0      0
3.28571     0      0
3.3     0      0
3.31429     0      0
3.32857     0      0
3.34286     0      0
3.35714     0      0
3.37143     0      0
3.38571     0      0
3.4     0      0
3.41429     0      0
3.42857     0      0
3.44286     0      0
3.45714     0      0
3.47143     0      0
3.48571     0      0
3.5     0      0
3.51429     0      0
3.52857     0      0
3.54286     0      0
3.55714     0      0
3.57143     0      0
3.58571     0      0
3.6     0      0
3.61429     0      0
3.62857     0      0
3.64286     0      0
3.65714     0      0
3.67143     0      0
3.68571     0      0
3.7     0      0
3.71429     0      0
3.72857     0      0
3.74286     0      0
3.75714     0      0
3.77143     0      0
3.78571     0      0
3.8     0      0
3.81429     0      0
3.82857     0      0
3.84286     0      0
3.85714     0      0
3.87143     0      0
3.88571     0      0
3.9     0      0
3.91429     0      0
3.92857     0      0
3.94286     0      0
3.95714     0      0
3.97143     0      0
3.98571     0      0
4     0      0
4.01429     0      0
4.02857     0      0
4.04286     0      0
4.05714     0      0
4.07143     0      0
4.08571     0      0
4.1     0      0
4.11429     0      0
4.12857     0      0
4.14286     0      0
4.15714     0      0
4.17143     0      0
4.18571     0      0
4.2     0      0
4.21429     0      0
4.22857     0      0
4.24286     0      0
4.25714     0      0
4.27143     0      0
4.28571     0      0
4.3     0      0
4.31429     0      0
4.32857     0      0
4.34286     0      0
4.35714     0      0
4.37143     0      0
4.38571     0      0
4.4     0      0
4.41429     0      0
4.42857     0      0
4.44286     0      0
4.45714     0      0
4.47143     0      0
4.48571     0      0
4.5     0      0
4.51429     0      0
4.52857     0      0
4.54286     0      0
4.55714     0      0
4.57143     0      0
4.58571     0      0
4.6     0      0
4.61429     0      0
4.62857     0      0
4.64286     0      0
4.65714     0      0
4.67143     0      0
4.68571     0      0
4.7     0      0
4.71429     0      0
4.72857     0      0
4.74286     0      0
4.75714     0      0
4.77143     0      0
4.78571     0      0
4.8     0      0
4.81429     0      0
4.82857     0      0
4.84286     0      0
4.85714     0      0
4.87143     0      0
4.88571     0      0
4.9     0      0
4.91429     0      0
4.92857     0      0
4.94286     0      0
4.95714     0      0
4.97143     0      0
4.98571     0      0
