# U,mu,nA_up, nA_dn, nB_up, nB_dn, ms, mf, ntotal,mu,cint
#energy    dos_upn   dos_upp   dos_dnn  dos_dnp GRID=1000 bin=700
-5     0      0
-4.98571     0      0
-4.97143     0      0
-4.95714     0      0
-4.94286     0      0
-4.92857     0      0
-4.91429     0      0
-4.9     0      0
-4.88571     0      0
-4.87143     0      0
-4.85714     0      0
-4.84286     0      0
-4.82857     0      0
-4.81429     0      0
-4.8     0      0
-4.78571     0      0
-4.77143     0      0
-4.75714     0      0
-4.74286     0      0
-4.72857     0      0
-4.71429     0      0
-4.7     0      0
-4.68571     0      0
-4.67143     0      0
-4.65714     0      0
-4.64286     0      0
-4.62857     0      0
-4.61429     0      0
-4.6     0      0
-4.58571     0      0
-4.57143     0      0
-4.55714     0      0
-4.54286     0      0
-4.52857     0      0
-4.51429     0      0
-4.5     0      0
-4.48571     0      0
-4.47143     0      0
-4.45714     0      0
-4.44286     0      0
-4.42857     0      0
-4.41429     0      0
-4.4     0      0
-4.38571     0      0
-4.37143     0      0
-4.35714     0      0
-4.34286     0      0
-4.32857     0      0
-4.31429     0      0
-4.3     0      0
-4.28571     0      0
-4.27143     0      0
-4.25714     0      0
-4.24286     0      0
-4.22857     0      0
-4.21429     0      0
-4.2     0      0
-4.18571     0      0
-4.17143     0      0
-4.15714     0      0
-4.14286     0      0
-4.12857     0      0
-4.11429     0      0
-4.1     0      0
-4.08571     0      0
-4.07143     0      0
-4.05714     0      0
-4.04286     0      0
-4.02857     0      0
-4.01429     0      0
-4     0      0
-3.98571     0      0
-3.97143     0      0
-3.95714     0      0
-3.94286     0      0
-3.92857     0      0
-3.91429     0      0
-3.9     0      0
-3.88571     0      0
-3.87143     0      0
-3.85714     0      0
-3.84286     0      0
-3.82857     0      0
-3.81429     0      0
-3.8     0      0
-3.78571     0      0
-3.77143     0      0
-3.75714     0      0
-3.74286     0      0
-3.72857     0      0
-3.71429     0      0
-3.7     0      0
-3.68571     0      0
-3.67143     0      0
-3.65714     0      0
-3.64286     0      0
-3.62857     0      0
-3.61429     0      0
-3.6     0      0
-3.58571     0      0
-3.57143     0      0
-3.55714     0      0
-3.54286     0      0
-3.52857     0      0
-3.51429     0      0
-3.5     0      0
-3.48571     0      0
-3.47143     0      0
-3.45714     0      0
-3.44286     0      0
-3.42857     0      0
-3.41429     0      0
-3.4     0      0
-3.38571     0      0
-3.37143     0      0
-3.35714     0      0
-3.34286     0      0
-3.32857     0      0
-3.31429     0      0
-3.3     0      0
-3.28571     0      0
-3.27143     0      0
-3.25714     0      0
-3.24286     0      0
-3.22857     0      0
-3.21429     0      0
-3.2     0      0
-3.18571     0      0
-3.17143     0      0
-3.15714     0      0
-3.14286     0      0
-3.12857     0      0
-3.11429     0      0
-3.1     0      0
-3.08571     0      0
-3.07143     0      0
-3.05714     0      0
-3.04286     0      0
-3.02857     0      0
-3.01429     0      0
-3     0      0
-2.98571     0      0
-2.97143     0      0
-2.95714     0      0
-2.94286     0      0
-2.92857     0      0
-2.91429     0      0
-2.9     0      0
-2.88571     0      0
-2.87143     0      0
-2.85714     0      0
-2.84286     0      0
-2.82857     0      0
-2.81429     0      0
-2.8     0      0
-2.78571     0      0
-2.77143     0      0
-2.75714     0      0
-2.74286     0      0
-2.72857     0      0
-2.71429     0      0
-2.7     0      0
-2.68571     0      0
-2.67143     0      0
-2.65714     0      0
-2.64286     0      0
-2.62857     0      0
-2.61429     0      0
-2.6     0      0
-2.58571     0      0
-2.57143     0      0
-2.55714     0      0
-2.54286     0      0
-2.52857     0      0
-2.51429     0      0
-2.5     0      0
-2.48571     0      0
-2.47143     0      0
-2.45714     0      0
-2.44286     0      0
-2.42857     0      0
-2.41429     0      0
-2.4     0      0
-2.38571     0      0
-2.37143     0      0
-2.35714     0      0
-2.34286     0      0
-2.32857     0      0
-2.31429     0      0
-2.3     0      0
-2.28571     0      0
-2.27143     0      0
-2.25714     0      0
-2.24286     0      0
-2.22857     0      0
-2.21429     0      0
-2.2     0      0
-2.18571     0      0
-2.17143     0      0
-2.15714     0      0
-2.14286     9.02619e-249      0
-2.12857     2.76556e-247      0
-2.11429     5.00811e-242      0
-2.1     1.10326e-240      0
-2.08571     1.11088e-240      0
-2.07143     1.11173e-240      0
-2.05714     4.73069e-235      0
-2.04286     4.41304e-234      0
-2.02857     4.41135e-234      0
-2.01429     4.44862e-234      0
-2     3.81673e-228      0
-1.98571     1.76047e-227      0
-1.97143     1.76454e-227      0
-1.95714     1.77132e-227      0
-1.94286     2.62174e-221      0
-1.92857     7.02834e-221      0
-1.91429     7.02021e-221      0
-1.9     7.07713e-221      0
-1.88571     1.59296e-214      0
-1.87143     2.79724e-214      0
-1.85714     2.80917e-214      0
-1.84286     2.82977e-214      0
-1.82857     0.0035645      0
-1.81429     0.005076      0
-1.8     0.005094      0
-1.78571     0.005122      0
-1.77143     0.00512      0
-1.75714     0.005176      0
-1.74286     0.005176      0
-1.72857     0.005188      0
-1.71429     0.005198      0
-1.7     0.005234      0
-1.68571     0.005246      0
-1.67143     0.005262      0
-1.65714     0.005284      0
-1.64286     0.005306      0
-1.62857     0.005346      0
-1.61429     0.005354      0
-1.6     0.005378      0
-1.58571     0.005388      0
-1.57143     0.005396      0
-1.55714     0.005442      0
-1.54286     0.005456      0
-1.52857     0.005494      0
-1.51429     0.005536      0
-1.5     0.005492      0
-1.48571     0.005558      0
-1.47143     0.005576      0
-1.45714     0.005592      0
-1.44286     0.005624      0
-1.42857     0.005636      0
-1.41429     0.00568      0
-1.4     0.005696      0
-1.38571     0.00574      0
-1.37143     0.00574      0
-1.35714     0.005782      0
-1.34286     0.00579      0
-1.32857     0.005842      0
-1.31429     0.005848      0
-1.3     0.00586      0
-1.28571     0.005944      0
-1.27143     0.005928      0
-1.25714     0.005948      0
-1.24286     0.006016      0
-1.22857     0.006016      0
-1.21429     0.006054      0
-1.2     0.00609      0
-1.18571     0.006076      0
-1.17143     0.006138      0
-1.15714     0.006224      0
-1.14286     0.006212      0
-1.12857     0.006196      0
-1.11429     0.006288      0
-1.1     0.006268      0
-1.08571     0.006406      0
-1.07143     0.006372      0
-1.05714     0.006424      0
-1.04286     0.006444      0
-1.02857     0.00648      0
-1.01429     0.006516      0
-1     0.006552      0
-0.985714     0.006584      0
-0.971429     0.006652      0
-0.957143     0.006684      0
-0.942857     0.006716      0
-0.928571     0.006772      0
-0.914286     0.006764      0
-0.9     0.00686      0
-0.885714     0.006884      0
-0.871429     0.006966      0
-0.857143     0.006948      0
-0.842857     0.007052      0
-0.828571     0.00705      0
-0.814286     0.007116      0
-0.8     0.007168      0
-0.785714     0.007236      0
-0.771429     0.00726      0
-0.757143     0.007348      0
-0.742857     0.007386      0
-0.728571     0.007404      0
-0.714286     0.0075      0
-0.7     0.007544      0
-0.685714     0.00762      0
-0.671429     0.007666      0
-0.657143     0.007758      0
-0.642857     0.007778      0
-0.628571     0.007854      0
-0.614286     0.007958      0
-0.6     0.00799      0
-0.585714     0.008082      0
-0.571429     0.008134      0
-0.557143     0.008242      0
-0.542857     0.008326      0
-0.528571     0.00838      0
-0.514286     0.008448      0
-0.5     0.008596      0
-0.485714     0.008638      0
-0.471429     0.008788      0
-0.457143     0.008858      0
-0.442857     0.008936      0
-0.428571     0.009058      0
-0.414286     0.009222      0
-0.4     0.009284      0
-0.385714     0.00948      0
-0.371429     0.00957      0
-0.357143     0.009694      0
-0.342857     0.009806      0
-0.328571     0.01003      0
-0.314286     0.010262      0
-0.3     0.010358      0
-0.285714     0.010622      0
-0.271429     0.010832      0
-0.257143     0.010996      0
-0.242857     0.011348      0
-0.228571     0.011678      0
-0.214286     0.01204      0
-0.2     0.012456      0
-0.185714     0.01294      0
-0.171429     0.013512      0
-0.157143     0.014222      0
-0.142857     0.016054      0
-0.128571     0.017982      0
-0.114286     0.0260865      0
-0.1     0.03326      0
-0.0857143     0.0151      0
-0.0714286     0.01155      0
-0.0571429     0.009536      0
-0.0428571     0.008142      0
-0.0285714     0.006984      0
-0.0142857     0.006065      0
0     0      0
0.0142857     0      0
0.0285714     0      0
0.0428571     0      0.0061585
0.0571429     0      0.018788
0.0714286     0      0.014668
0.0857143     0      0.013552
0.1     0      0.013308
0.114286     0      0.013432
0.128571     0      0.014206
0.142857     0      0.017101
0.157143     0      0.015178
0.171429     0      0.013318
0.185714     0      0.012336
0.2     0      0.011832
0.214286     0      0.011272
0.228571     0      0.01096
0.242857     0      0.010632
0.257143     0      0.010312
0.271429     0      0.01016
0.285714     0      0.009888
0.3     0      0.009728
0.314286     0      0.009516
0.328571     0      0.009324
0.342857     0      0.009236
0.357143     0      0.009062
0.371429     0      0.008882
0.385714     0      0.008876
0.4     0      0.008668
0.414286     0      0.008538
0.428571     0      0.008446
0.442857     0      0.008408
0.457143     0      0.008228
0.471429     0      0.00819
0.485714     0      0.00805
0.5     0      0.007962
0.514286     0      0.00793
0.528571     0      0.007806
0.542857     0      0.00774
0.557143     0      0.007702
0.571429     0      0.007532
0.585714     0      0.007532
0.6     0      0.007458
0.614286     0      0.00732
0.628571     0      0.007372
0.642857     0      0.00722
0.657143     0      0.007174
0.671429     0      0.007134
0.685714     0      0.007078
0.7     0      0.006992
0.714286     0      0.006988
0.728571     0      0.006896
0.742857     0      0.006796
0.757143     0      0.006828
0.771429     0      0.006724
0.785714     0      0.006684
0.8     0      0.006656
0.814286     0      0.006604
0.828571     0      0.006492
0.842857     0      0.006494
0.857143     0      0.006486
0.871429     0      0.006382
0.885714     0      0.00638
0.9     0      0.006284
0.914286     0      0.006282
0.928571     0      0.006266
0.942857     0      0.006158
0.957143     0      0.006168
0.971429     0      0.006118
0.985714     0      0.00606
1     0      0.006004
1.01429     0      0.006064
1.02857     0      0.005924
1.04286     0      0.00593
1.05714     0      0.005876
1.07143     0      0.00587
1.08571     0      0.005804
1.1     0      0.005814
1.11429     0      0.005754
1.12857     0      0.00571
1.14286     0      0.005692
1.15714     0      0.005634
1.17143     0      0.005632
1.18571     0      0.005614
1.2     0      0.00558
1.21429     0      0.005504
1.22857     0      0.005506
1.24286     0      0.00546
1.25714     0      0.005466
1.27143     0      0.005398
1.28571     0      0.005386
1.3     0      0.00535
1.31429     0      0.00533
1.32857     0      0.005312
1.34286     0      0.005292
1.35714     0      0.005222
1.37143     0      0.005246
1.38571     0      0.00523
1.4     0      0.005158
1.41429     0      0.005158
1.42857     0      0.005108
1.44286     0      0.005098
1.45714     0      0.005096
1.47143     0      0.005034
1.48571     0      0.005028
1.5     0      0.005004
1.51429     0      0.00497
1.52857     0      0.004972
1.54286     0      0.004936
1.55714     0      0.004898
1.57143     0      0.00493
1.58571     0      0.004864
1.6     0      0.004802
1.61429     0      0.004828
1.62857     0      0.00482
1.64286     0      0.00478
1.65714     0      0.004802
1.67143     0      0.004702
1.68571     0      0.00472
1.7     0      0.004706
1.71429     0      0.004706
1.72857     0      0.00465
1.74286     0      0.004632
1.75714     0      0.004606
1.77143     0      0.00463
1.78571     0      0.004578
1.8     0      0.004588
1.81429     0      0.00451
1.82857     0      0.004556
1.84286     0      0.004512
1.85714     0      0.0045
1.87143     0      0.004484
1.88571     0      0.00444
1.9     0      0.004424
1.91429     0      0.00443
1.92857     0      0.00441
1.94286     0      0.004412
1.95714     0      0.004344
1.97143     0      0.004344
1.98571     0      0.004368
2     0      0.004294
2.01429     0      0.004316
2.02857     0      0.004306
2.04286     0      0.004272
2.05714     0      0.004262
2.07143     0      0.004246
2.08571     0      0.004214
2.1     0      0.004208
2.11429     0      0.004192
2.12857     0      0.004188
2.14286     0      0.00417
2.15714     0      0.004144
2.17143     0      0.0020945
2.18571     0      6.60157e-24
2.2     0      2.28043e-56
2.21429     0      3.22938e-76
2.22857     0      5.34207e-90
2.24286     0      4.1828e-109
2.25714     0      3.11484e-122
2.27143     0      1.82809e-129
2.28571     0      4.44402e-142
2.3     0      5.40297e-149
2.31429     0      2.9914e-156
2.32857     0      2.3459e-181
2.34286     0      2.3348e-181
2.35714     0      2.33258e-181
2.37143     0      2.31815e-181
2.38571     0      4.67681e-182
2.4     0      0
2.41429     0      0
2.42857     0      0
2.44286     0      0
2.45714     0      0
2.47143     0      0
2.48571     0      0
2.5     0      0
2.51429     0      0
2.52857     0      0
2.54286     0      0
2.55714     0      0
2.57143     0      0
2.58571     0      0
2.6     0      0
2.61429     0      0
2.62857     0      0
2.64286     0      0
2.65714     0      0
2.67143     0      0
2.68571     0      0
2.7     0      0
2.71429     0      0
2.72857     0      0
2.74286     0      0
2.75714     0      0
2.77143     0      0
2.78571     0      0
2.8     0      0
2.81429     0      0
2.82857     0      0
2.84286     0      0
2.85714     0      0
2.87143     0      0
2.88571     0      0
2.9     0      0
2.91429     0      0
2.92857     0      0
2.94286     0      0
2.95714     0      0
2.97143     0      0
2.98571     0      0
3     0      0
3.01429     0      0
3.02857     0      0
3.04286     0      0
3.05714     0      0
3.07143     0      0
3.08571     0      0
3.1     0      0
3.11429     0      0
3.12857     0      0
3.14286     0      0
3.15714     0      0
3.17143     0      0
3.18571     0      0
3.2     0      0
3.21429     0      0
3.22857     0      0
3.24286     0      0
3.25714     0      0
3.27143     0      0
3.28571     0      0
3.3     0      0
3.31429     0      0
3.32857     0      0
3.34286     0      0
3.35714     0      0
3.37143     0      0
3.38571     0      0
3.4     0      0
3.41429     0      0
3.42857     0      0
3.44286     0      0
3.45714     0      0
3.47143     0      0
3.48571     0      0
3.5     0      0
3.51429     0      0
3.52857     0      0
3.54286     0      0
3.55714     0      0
3.57143     0      0
3.58571     0      0
3.6     0      0
3.61429     0      0
3.62857     0      0
3.64286     0      0
3.65714     0      0
3.67143     0      0
3.68571     0      0
3.7     0      0
3.71429     0      0
3.72857     0      0
3.74286     0      0
3.75714     0      0
3.77143     0      0
3.78571     0      0
3.8     0      0
3.81429     0      0
3.82857     0      0
3.84286     0      0
3.85714     0      0
3.87143     0      0
3.88571     0      0
3.9     0      0
3.91429     0      0
3.92857     0      0
3.94286     0      0
3.95714     0      0
3.97143     0      0
3.98571     0      0
4     0      0
4.01429     0      0
4.02857     0      0
4.04286     0      0
4.05714     0      0
4.07143     0      0
4.08571     0      0
4.1     0      0
4.11429     0      0
4.12857     0      0
4.14286     0      0
4.15714     0      0
4.17143     0      0
4.18571     0      0
4.2     0      0
4.21429     0      0
4.22857     0      0
4.24286     0      0
4.25714     0      0
4.27143     0      0
4.28571     0      0
4.3     0      0
4.31429     0      0
4.32857     0      0
4.34286     0      0
4.35714     0      0
4.37143     0      0
4.38571     0      0
4.4     0      0
4.41429     0      0
4.42857     0      0
4.44286     0      0
4.45714     0      0
4.47143     0      0
4.48571     0      0
4.5     0      0
4.51429     0      0
4.52857     0      0
4.54286     0      0
4.55714     0      0
4.57143     0      0
4.58571     0      0
4.6     0      0
4.61429     0      0
4.62857     0      0
4.64286     0      0
4.65714     0      0
4.67143     0      0
4.68571     0      0
4.7     0      0
4.71429     0      0
4.72857     0      0
4.74286     0      0
4.75714     0      0
4.77143     0      0
4.78571     0      0
4.8     0      0
4.81429     0      0
4.82857     0      0
4.84286     0      0
4.85714     0      0
4.87143     0      0
4.88571     0      0
4.9     0      0
4.91429     0      0
4.92857     0      0
4.94286     0      0
4.95714     0      0
4.97143     0      0
4.98571     0      0
