# U,mu,nA_up, nA_dn, nB_up, nB_dn, ms, mf, ntotal,mu,cint
#energy    dos_upn   dos_upp   dos_dnn  dos_dnp GRID=1000 bin=700
-5     0      0
-4.98571     0      0
-4.97143     0      0
-4.95714     0      0
-4.94286     0      0
-4.92857     0      0
-4.91429     0      0
-4.9     0      0
-4.88571     0      0
-4.87143     0      0
-4.85714     0      0
-4.84286     0      0
-4.82857     0      0
-4.81429     0      0
-4.8     0      0
-4.78571     0      0
-4.77143     0      0
-4.75714     0      0
-4.74286     0      0
-4.72857     0      0
-4.71429     0      0
-4.7     0      0
-4.68571     0      0
-4.67143     0      0
-4.65714     0      0
-4.64286     0      0
-4.62857     0      0
-4.61429     0      0
-4.6     0      0
-4.58571     0      0
-4.57143     0      0
-4.55714     0      0
-4.54286     0      0
-4.52857     0      0
-4.51429     0      0
-4.5     0      0
-4.48571     0      0
-4.47143     0      0
-4.45714     0      0
-4.44286     0      0
-4.42857     0      0
-4.41429     0      0
-4.4     0      0
-4.38571     0      0
-4.37143     0      0
-4.35714     0      0
-4.34286     0      0
-4.32857     0      0
-4.31429     0      0
-4.3     0      0
-4.28571     0      0
-4.27143     0      0
-4.25714     0      0
-4.24286     0      0
-4.22857     0      0
-4.21429     0      0
-4.2     0      0
-4.18571     0      0
-4.17143     0      0
-4.15714     0      0
-4.14286     0      0
-4.12857     0      0
-4.11429     0      0
-4.1     0      0
-4.08571     0      0
-4.07143     0      0
-4.05714     0      0
-4.04286     0      0
-4.02857     0      0
-4.01429     0      0
-4     0      0
-3.98571     0      0
-3.97143     0      0
-3.95714     0      0
-3.94286     0      0
-3.92857     0      0
-3.91429     0      0
-3.9     0      0
-3.88571     0      0
-3.87143     0      0
-3.85714     0      0
-3.84286     0      0
-3.82857     0      0
-3.81429     0      0
-3.8     0      0
-3.78571     0      0
-3.77143     0      0
-3.75714     0      0
-3.74286     0      0
-3.72857     0      0
-3.71429     0      0
-3.7     0      0
-3.68571     0      0
-3.67143     0      0
-3.65714     0      0
-3.64286     0      0
-3.62857     0      0
-3.61429     0      0
-3.6     0      0
-3.58571     0      0
-3.57143     0      0
-3.55714     0      0
-3.54286     0      0
-3.52857     0      0
-3.51429     0      0
-3.5     0      0
-3.48571     0      0
-3.47143     0      0
-3.45714     0      0
-3.44286     0      0
-3.42857     0      0
-3.41429     0      0
-3.4     0      0
-3.38571     0      0
-3.37143     0      0
-3.35714     0      0
-3.34286     0      0
-3.32857     0      0
-3.31429     0      0
-3.3     0      0
-3.28571     0      0
-3.27143     0      0
-3.25714     0      0
-3.24286     0      0
-3.22857     0      0
-3.21429     0      0
-3.2     0      0
-3.18571     0      0
-3.17143     0      0
-3.15714     0      0
-3.14286     0      0
-3.12857     0      0
-3.11429     0      0
-3.1     0      0
-3.08571     0      0
-3.07143     0      0
-3.05714     0      0
-3.04286     0      0
-3.02857     0      0
-3.01429     0      0
-3     0      0
-2.98571     0      0
-2.97143     0      0
-2.95714     0      0
-2.94286     0      0
-2.92857     0      0
-2.91429     0      0
-2.9     0      0
-2.88571     0      0
-2.87143     0      0
-2.85714     0      0
-2.84286     0      0
-2.82857     0      0
-2.81429     0      0
-2.8     0      0
-2.78571     0      0
-2.77143     0      0
-2.75714     0      0
-2.74286     0      0
-2.72857     0      0
-2.71429     0      0
-2.7     0      0
-2.68571     0      0
-2.67143     0      0
-2.65714     0      0
-2.64286     0      0
-2.62857     0      0
-2.61429     0      0
-2.6     0      0
-2.58571     0      0
-2.57143     0      0
-2.55714     0      0
-2.54286     0      0
-2.52857     0      0
-2.51429     0      0
-2.5     0      0
-2.48571     0      0
-2.47143     0      0
-2.45714     0      0
-2.44286     0      0
-2.42857     0      0
-2.41429     0      0
-2.4     0      0
-2.38571     0      0
-2.37143     0      0
-2.35714     0      0
-2.34286     0      0
-2.32857     0      0
-2.31429     0      0
-2.3     0      0
-2.28571     0      0
-2.27143     0      0
-2.25714     0      0
-2.24286     0      0
-2.22857     0      0
-2.21429     0      0
-2.2     0      0
-2.18571     0      0
-2.17143     0      0
-2.15714     0      0
-2.14286     3.87672e-143      0
-2.12857     1.1878e-141      0
-2.11429     2.15097e-136      0
-2.1     4.73847e-135      0
-2.08571     4.77121e-135      0
-2.07143     4.77485e-135      0
-2.05714     2.03182e-129      0
-2.04286     1.89539e-128      0
-2.02857     1.89466e-128      0
-2.01429     1.91067e-128      0
-2     1.63928e-122      0
-1.98571     7.56118e-122      0
-1.97143     7.57864e-122      0
-1.95714     7.60774e-122      0
-1.94286     1.12603e-115      0
-1.92857     3.01865e-115      0
-1.91429     3.01516e-115      0
-1.9     3.0396e-115      0
-1.88571     6.84173e-109      0
-1.87143     1.20141e-108      0
-1.85714     1.20653e-108      0
-1.84286     1.21538e-108      0
-1.82857     3.83565e-102      0
-1.81429     4.78886e-102      0
-1.8     4.84474e-102      0
-1.78571     1.19396e-96      0
-1.77143     0.0014745      0
-1.75714     0.005084      0
-1.74286     0.005102      0
-1.72857     0.005098      0
-1.71429     0.005148      0
-1.7     0.005164      0
-1.68571     0.005166      0
-1.67143     0.005188      0
-1.65714     0.005234      0
-1.64286     0.005208      0
-1.62857     0.005248      0
-1.61429     0.005282      0
-1.6     0.005314      0
-1.58571     0.005304      0
-1.57143     0.005332      0
-1.55714     0.005354      0
-1.54286     0.005398      0
-1.52857     0.005386      0
-1.51429     0.005448      0
-1.5     0.005422      0
-1.48571     0.005488      0
-1.47143     0.005496      0
-1.45714     0.005488      0
-1.44286     0.005538      0
-1.42857     0.005542      0
-1.41429     0.005614      0
-1.4     0.005604      0
-1.38571     0.005632      0
-1.37143     0.005652      0
-1.35714     0.005668      0
-1.34286     0.005716      0
-1.32857     0.005748      0
-1.31429     0.005766      0
-1.3     0.005764      0
-1.28571     0.005832      0
-1.27143     0.005824      0
-1.25714     0.005896      0
-1.24286     0.005886      0
-1.22857     0.005934      0
-1.21429     0.005942      0
-1.2     0.005978      0
-1.18571     0.005992      0
-1.17143     0.006082      0
-1.15714     0.00604      0
-1.14286     0.006124      0
-1.12857     0.006124      0
-1.11429     0.006164      0
-1.1     0.006192      0
-1.08571     0.006246      0
-1.07143     0.006294      0
-1.05714     0.006284      0
-1.04286     0.006324      0
-1.02857     0.006348      0
-1.01429     0.006454      0
-1     0.00644      0
-0.985714     0.006488      0
-0.971429     0.006512      0
-0.957143     0.006528      0
-0.942857     0.006578      0
-0.928571     0.00666      0
-0.914286     0.006656      0
-0.9     0.006754      0
-0.885714     0.006732      0
-0.871429     0.006856      0
-0.857143     0.006832      0
-0.842857     0.006882      0
-0.828571     0.00694      0
-0.814286     0.006976      0
-0.8     0.007028      0
-0.785714     0.007088      0
-0.771429     0.007164      0
-0.757143     0.007188      0
-0.742857     0.007202      0
-0.728571     0.007316      0
-0.714286     0.00733      0
-0.7     0.007402      0
-0.685714     0.007504      0
-0.671429     0.00752      0
-0.657143     0.007592      0
-0.642857     0.007616      0
-0.628571     0.007752      0
-0.614286     0.007784      0
-0.6     0.00782      0
-0.585714     0.007952      0
-0.571429     0.00798      0
-0.557143     0.008096      0
-0.542857     0.008184      0
-0.528571     0.008246      0
-0.514286     0.00834      0
-0.5     0.008402      0
-0.485714     0.008526      0
-0.471429     0.00861      0
-0.457143     0.0087      0
-0.442857     0.008842      0
-0.428571     0.008904      0
-0.414286     0.009088      0
-0.4     0.009184      0
-0.385714     0.009282      0
-0.371429     0.009486      0
-0.357143     0.009584      0
-0.342857     0.009772      0
-0.328571     0.009932      0
-0.314286     0.010132      0
-0.3     0.010356      0
-0.285714     0.010538      0
-0.271429     0.010822      0
-0.257143     0.011076      0
-0.242857     0.011492      0
-0.228571     0.011812      0
-0.214286     0.012194      0
-0.2     0.012702      0
-0.185714     0.013314      0
-0.171429     0.014086      0
-0.157143     0.015342      0
-0.142857     0.016674      0
-0.128571     0.019518      0
-0.114286     0.0288925      0
-0.1     0.042956      0
-0.0857143     0.01919      0
-0.0714286     0.014706      0
-0.0571429     0.012114      0
-0.0428571     0.010438      0
-0.0285714     0.009248      0
-0.0142857     0.008117      0
0     0      0
0.0142857     0      0
0.0285714     0      0
0.0428571     0      0
0.0571429     0      0
0.0714286     0      0
0.0857143     0      0
0.1     0      0
0.114286     0      0
0.128571     0      0
0.142857     0      0
0.157143     0      0
0.171429     0      0
0.185714     0      0.0225805
0.2     0      0.01861
0.214286     0      0.016542
0.228571     0      0.015752
0.242857     0      0.01565
0.257143     0      0.016266
0.271429     0      0.018272
0.285714     0      0.019921
0.3     0      0.015464
0.314286     0      0.013908
0.328571     0      0.012868
0.342857     0      0.012208
0.357143     0      0.011616
0.371429     0      0.011204
0.385714     0      0.010832
0.4     0      0.01043
0.414286     0      0.010192
0.428571     0      0.00997
0.442857     0      0.00971
0.457143     0      0.009484
0.471429     0      0.009366
0.485714     0      0.00911
0.5     0      0.00901
0.514286     0      0.00883
0.528571     0      0.008678
0.542857     0      0.008606
0.557143     0      0.00843
0.571429     0      0.008332
0.585714     0      0.00825
0.6     0      0.008116
0.614286     0      0.008014
0.628571     0      0.007918
0.642857     0      0.007854
0.657143     0      0.007742
0.671429     0      0.007662
0.685714     0      0.007604
0.7     0      0.007468
0.714286     0      0.007444
0.728571     0      0.007382
0.742857     0      0.007256
0.757143     0      0.007248
0.771429     0      0.007156
0.785714     0      0.007102
0.8     0      0.00699
0.814286     0      0.006998
0.828571     0      0.006894
0.842857     0      0.00684
0.857143     0      0.00681
0.871429     0      0.006702
0.885714     0      0.006728
0.9     0      0.006628
0.914286     0      0.006612
0.928571     0      0.006504
0.942857     0      0.006508
0.957143     0      0.006424
0.971429     0      0.006398
0.985714     0      0.006348
1     0      0.006318
1.01429     0      0.006262
1.02857     0      0.006192
1.04286     0      0.00615
1.05714     0      0.006156
1.07143     0      0.00609
1.08571     0      0.006054
1.1     0      0.006018
1.11429     0      0.00598
1.12857     0      0.005934
1.14286     0      0.0059
1.15714     0      0.0059
1.17143     0      0.005828
1.18571     0      0.005782
1.2     0      0.005744
1.21429     0      0.005758
1.22857     0      0.005694
1.24286     0      0.005678
1.25714     0      0.005614
1.27143     0      0.005612
1.28571     0      0.005526
1.3     0      0.005562
1.31429     0      0.00551
1.32857     0      0.00547
1.34286     0      0.005436
1.35714     0      0.00541
1.37143     0      0.005388
1.38571     0      0.005378
1.4     0      0.005292
1.41429     0      0.005314
1.42857     0      0.005292
1.44286     0      0.00528
1.45714     0      0.005178
1.47143     0      0.005232
1.48571     0      0.00513
1.5     0      0.00517
1.51429     0      0.005124
1.52857     0      0.005096
1.54286     0      0.005056
1.55714     0      0.005026
1.57143     0      0.005036
1.58571     0      0.005002
1.6     0      0.004996
1.61429     0      0.004938
1.62857     0      0.004908
1.64286     0      0.004916
1.65714     0      0.004904
1.67143     0      0.00486
1.68571     0      0.004828
1.7     0      0.00484
1.71429     0      0.004796
1.72857     0      0.00478
1.74286     0      0.004744
1.75714     0      0.004728
1.77143     0      0.004722
1.78571     0      0.004706
1.8     0      0.004666
1.81429     0      0.004644
1.82857     0      0.004622
1.84286     0      0.004642
1.85714     0      0.004582
1.87143     0      0.004576
1.88571     0      0.004554
1.9     0      0.004548
1.91429     0      0.00454
1.92857     0      0.0045
1.94286     0      0.004472
1.95714     0      0.004488
1.97143     0      0.004432
1.98571     0      0.004452
2     0      0.00439
2.01429     0      0.004386
2.02857     0      0.004404
2.04286     0      0.004364
2.05714     0      0.004338
2.07143     0      0.004336
2.08571     0      0.004322
2.1     0      0.004284
2.11429     0      0.004286
2.12857     0      0.00426
2.14286     0      0.004254
2.15714     0      0.004238
2.17143     0      0.00422
2.18571     0      0.004204
2.2     0      0.004176
2.21429     0      0.004184
2.22857     0      0.00416
2.24286     0      0.0017965
2.25714     0      1.33781e-16
2.27143     0      7.85157e-24
2.28571     0      1.90869e-36
2.3     0      2.32056e-43
2.31429     0      1.2848e-50
2.32857     0      1.00756e-75
2.34286     0      1.00279e-75
2.35714     0      1.00184e-75
2.37143     0      9.95636e-76
2.38571     0      2.00868e-76
2.4     0      0
2.41429     0      0
2.42857     0      0
2.44286     0      0
2.45714     0      0
2.47143     0      0
2.48571     0      0
2.5     0      0
2.51429     0      0
2.52857     0      0
2.54286     0      0
2.55714     0      0
2.57143     0      0
2.58571     0      0
2.6     0      0
2.61429     0      0
2.62857     0      0
2.64286     0      0
2.65714     0      0
2.67143     0      0
2.68571     0      0
2.7     0      0
2.71429     0      0
2.72857     0      0
2.74286     0      0
2.75714     0      0
2.77143     0      0
2.78571     0      0
2.8     0      0
2.81429     0      0
2.82857     0      0
2.84286     0      0
2.85714     0      0
2.87143     0      0
2.88571     0      0
2.9     0      0
2.91429     0      0
2.92857     0      0
2.94286     0      0
2.95714     0      0
2.97143     0      0
2.98571     0      0
3     0      0
3.01429     0      0
3.02857     0      0
3.04286     0      0
3.05714     0      0
3.07143     0      0
3.08571     0      0
3.1     0      0
3.11429     0      0
3.12857     0      0
3.14286     0      0
3.15714     0      0
3.17143     0      0
3.18571     0      0
3.2     0      0
3.21429     0      0
3.22857     0      0
3.24286     0      0
3.25714     0      0
3.27143     0      0
3.28571     0      0
3.3     0      0
3.31429     0      0
3.32857     0      0
3.34286     0      0
3.35714     0      0
3.37143     0      0
3.38571     0      0
3.4     0      0
3.41429     0      0
3.42857     0      0
3.44286     0      0
3.45714     0      0
3.47143     0      0
3.48571     0      0
3.5     0      0
3.51429     0      0
3.52857     0      0
3.54286     0      0
3.55714     0      0
3.57143     0      0
3.58571     0      0
3.6     0      0
3.61429     0      0
3.62857     0      0
3.64286     0      0
3.65714     0      0
3.67143     0      0
3.68571     0      0
3.7     0      0
3.71429     0      0
3.72857     0      0
3.74286     0      0
3.75714     0      0
3.77143     0      0
3.78571     0      0
3.8     0      0
3.81429     0      0
3.82857     0      0
3.84286     0      0
3.85714     0      0
3.87143     0      0
3.88571     0      0
3.9     0      0
3.91429     0      0
3.92857     0      0
3.94286     0      0
3.95714     0      0
3.97143     0      0
3.98571     0      0
4     0      0
4.01429     0      0
4.02857     0      0
4.04286     0      0
4.05714     0      0
4.07143     0      0
4.08571     0      0
4.1     0      0
4.11429     0      0
4.12857     0      0
4.14286     0      0
4.15714     0      0
4.17143     0      0
4.18571     0      0
4.2     0      0
4.21429     0      0
4.22857     0      0
4.24286     0      0
4.25714     0      0
4.27143     0      0
4.28571     0      0
4.3     0      0
4.31429     0      0
4.32857     0      0
4.34286     0      0
4.35714     0      0
4.37143     0      0
4.38571     0      0
4.4     0      0
4.41429     0      0
4.42857     0      0
4.44286     0      0
4.45714     0      0
4.47143     0      0
4.48571     0      0
4.5     0      0
4.51429     0      0
4.52857     0      0
4.54286     0      0
4.55714     0      0
4.57143     0      0
4.58571     0      0
4.6     0      0
4.61429     0      0
4.62857     0      0
4.64286     0      0
4.65714     0      0
4.67143     0      0
4.68571     0      0
4.7     0      0
4.71429     0      0
4.72857     0      0
4.74286     0      0
4.75714     0      0
4.77143     0      0
4.78571     0      0
4.8     0      0
4.81429     0      0
4.82857     0      0
4.84286     0      0
4.85714     0      0
4.87143     0      0
4.88571     0      0
4.9     0      0
4.91429     0      0
4.92857     0      0
4.94286     0      0
4.95714     0      0
4.97143     0      0
4.98571     0      0
