# U,mu,nA_up, nA_dn, nB_up, nB_dn, ms, mf, ntotal,mu,cint
#energy    dos_upn   dos_upp   dos_dnn  dos_dnp GRID=1000 bin=700
-5     0      0
-4.98571     0      0
-4.97143     0      0
-4.95714     0      0
-4.94286     0      0
-4.92857     0      0
-4.91429     0      0
-4.9     0      0
-4.88571     0      0
-4.87143     0      0
-4.85714     0      0
-4.84286     0      0
-4.82857     0      0
-4.81429     0      0
-4.8     0      0
-4.78571     0      0
-4.77143     0      0
-4.75714     0      0
-4.74286     0      0
-4.72857     0      0
-4.71429     0      0
-4.7     0      0
-4.68571     0      0
-4.67143     0      0
-4.65714     0      0
-4.64286     0      0
-4.62857     0      0
-4.61429     0      0
-4.6     0      0
-4.58571     0      0
-4.57143     0      0
-4.55714     0      0
-4.54286     0      0
-4.52857     0      0
-4.51429     0      0
-4.5     0      0
-4.48571     0      0
-4.47143     0      0
-4.45714     0      0
-4.44286     0      0
-4.42857     0      0
-4.41429     0      0
-4.4     0      0
-4.38571     0      0
-4.37143     0      0
-4.35714     0      0
-4.34286     0      0
-4.32857     0      0
-4.31429     0      0
-4.3     0      0
-4.28571     0      0
-4.27143     0      0
-4.25714     0      0
-4.24286     0      0
-4.22857     0      0
-4.21429     0      0
-4.2     0      0
-4.18571     0      0
-4.17143     0      0
-4.15714     0      0
-4.14286     0      0
-4.12857     0      0
-4.11429     0      0
-4.1     0      0
-4.08571     0      0
-4.07143     0      0
-4.05714     0      0
-4.04286     0      0
-4.02857     0      0
-4.01429     0      0
-4     0      0
-3.98571     0      0
-3.97143     0      0
-3.95714     0      0
-3.94286     0      0
-3.92857     0      0
-3.91429     0      0
-3.9     0      0
-3.88571     0      0
-3.87143     0      0
-3.85714     0      0
-3.84286     0      0
-3.82857     0      0
-3.81429     0      0
-3.8     0      0
-3.78571     0      0
-3.77143     0      0
-3.75714     0      0
-3.74286     0      0
-3.72857     0      0
-3.71429     0      0
-3.7     0      0
-3.68571     0      0
-3.67143     0      0
-3.65714     0      0
-3.64286     0      0
-3.62857     0      0
-3.61429     0      0
-3.6     0      0
-3.58571     0      0
-3.57143     0      0
-3.55714     0      0
-3.54286     0      0
-3.52857     0      0
-3.51429     0      0
-3.5     0      0
-3.48571     0      0
-3.47143     0      0
-3.45714     0      0
-3.44286     0      0
-3.42857     0      0
-3.41429     0      0
-3.4     0      0
-3.38571     0      0
-3.37143     0      0
-3.35714     0      0
-3.34286     0      0
-3.32857     0      0
-3.31429     0      0
-3.3     0      0
-3.28571     0      0
-3.27143     0      0
-3.25714     0      0
-3.24286     0      0
-3.22857     0      0
-3.21429     0      0
-3.2     0      0
-3.18571     0      0
-3.17143     0      0
-3.15714     0      0
-3.14286     0      0
-3.12857     0      0
-3.11429     0      0
-3.1     0      0
-3.08571     0      0
-3.07143     0      0
-3.05714     0      0
-3.04286     0      0
-3.02857     0      0
-3.01429     0      0
-3     0      0
-2.98571     0      0
-2.97143     0      0
-2.95714     0      0
-2.94286     0      0
-2.92857     0      0
-2.91429     0      0
-2.9     0      0
-2.88571     0      0
-2.87143     0      0
-2.85714     0      0
-2.84286     0      0
-2.82857     0      0
-2.81429     0      0
-2.8     0      0
-2.78571     0      0
-2.77143     0      0
-2.75714     0      0
-2.74286     0      0
-2.72857     0      0
-2.71429     0      0
-2.7     0      0
-2.68571     0      0
-2.67143     0      0
-2.65714     0      0
-2.64286     0      0
-2.62857     0      0
-2.61429     0      0
-2.6     0      0
-2.58571     0      0
-2.57143     0      0
-2.55714     0      0
-2.54286     0      0
-2.52857     0      0
-2.51429     0      0
-2.5     0      0
-2.48571     0      0
-2.47143     0      0
-2.45714     0      0
-2.44286     0      0
-2.42857     0      0
-2.41429     0      0
-2.4     0      0
-2.38571     0      0
-2.37143     0      0
-2.35714     0      0
-2.34286     0      0
-2.32857     0      0
-2.31429     0      0
-2.3     0      0
-2.28571     0      0
-2.27143     0      0
-2.25714     0      0
-2.24286     0      0
-2.22857     0      0
-2.21429     0      0
-2.2     0      0
-2.18571     0      0
-2.17143     0      0
-2.15714     0      0
-2.14286     0      0
-2.12857     0      0
-2.11429     0      0
-2.1     0      0
-2.08571     0      0
-2.07143     0      0
-2.05714     0      0
-2.04286     0      0
-2.02857     0      0
-2.01429     0      0
-2     0      0
-1.98571     0      0
-1.97143     0      0
-1.95714     0      0
-1.94286     0      0
-1.92857     0      0
-1.91429     0      0
-1.9     0      0
-1.88571     0      0
-1.87143     0      0
-1.85714     0.0023705      0
-1.84286     0.005074      0
-1.82857     0.005096      0
-1.81429     0.005108      0
-1.8     0.00512      0
-1.78571     0.005138      0
-1.77143     0.005184      0
-1.75714     0.005168      0
-1.74286     0.0052      0
-1.72857     0.005224      0
-1.71429     0.005246      0
-1.7     0.005274      0
-1.68571     0.00526      0
-1.67143     0.005322      0
-1.65714     0.00533      0
-1.64286     0.005312      0
-1.62857     0.00538      0
-1.61429     0.005346      0
-1.6     0.005454      0
-1.58571     0.005436      0
-1.57143     0.005444      0
-1.55714     0.005452      0
-1.54286     0.00552      0
-1.52857     0.005502      0
-1.51429     0.005556      0
-1.5     0.005532      0
-1.48571     0.005614      0
-1.47143     0.005616      0
-1.45714     0.005636      0
-1.44286     0.00566      0
-1.42857     0.005688      0
-1.41429     0.005728      0
-1.4     0.005708      0
-1.38571     0.005764      0
-1.37143     0.005792      0
-1.35714     0.00583      0
-1.34286     0.005814      0
-1.32857     0.005878      0
-1.31429     0.005886      0
-1.3     0.005922      0
-1.28571     0.005954      0
-1.27143     0.005978      0
-1.25714     0.006036      0
-1.24286     0.00603      0
-1.22857     0.006078      0
-1.21429     0.006076      0
-1.2     0.00614      0
-1.18571     0.006136      0
-1.17143     0.006214      0
-1.15714     0.006196      0
-1.14286     0.006306      0
-1.12857     0.00626      0
-1.11429     0.006348      0
-1.1     0.006336      0
-1.08571     0.006404      0
-1.07143     0.006426      0
-1.05714     0.00645      0
-1.04286     0.006492      0
-1.02857     0.0066      0
-1.01429     0.006556      0
-1     0.006604      0
-0.985714     0.006656      0
-0.971429     0.006696      0
-0.957143     0.006726      0
-0.942857     0.006788      0
-0.928571     0.006784      0
-0.914286     0.006872      0
-0.9     0.006878      0
-0.885714     0.006976      0
-0.871429     0.00699      0
-0.857143     0.007032      0
-0.842857     0.007118      0
-0.828571     0.007132      0
-0.814286     0.007148      0
-0.8     0.00727      0
-0.785714     0.007256      0
-0.771429     0.007346      0
-0.757143     0.007378      0
-0.742857     0.007496      0
-0.728571     0.007518      0
-0.714286     0.00756      0
-0.7     0.00762      0
-0.685714     0.007656      0
-0.671429     0.007722      0
-0.657143     0.007834      0
-0.642857     0.007866      0
-0.628571     0.00791      0
-0.614286     0.008038      0
-0.6     0.008086      0
-0.585714     0.00819      0
-0.571429     0.008226      0
-0.557143     0.008278      0
-0.542857     0.008438      0
-0.528571     0.00848      0
-0.514286     0.008586      0
-0.5     0.008644      0
-0.485714     0.008738      0
-0.471429     0.008816      0
-0.457143     0.008948      0
-0.442857     0.00907      0
-0.428571     0.009164      0
-0.414286     0.009312      0
-0.4     0.00938      0
-0.385714     0.00947      0
-0.371429     0.009688      0
-0.357143     0.0098      0
-0.342857     0.009956      0
-0.328571     0.010084      0
-0.314286     0.010286      0
-0.3     0.01049      0
-0.285714     0.010634      0
-0.271429     0.010752      0
-0.257143     0.011192      0
-0.242857     0.011398      0
-0.228571     0.01164      0
-0.214286     0.011882      0
-0.2     0.012408      0
-0.185714     0.012888      0
-0.171429     0.013432      0
-0.157143     0.013982      0
-0.142857     0.01492      0
-0.128571     0.016948      0
-0.114286     0.021534      0
-0.1     0.0313345      0
-0.0857143     0.013852      0
-0.0714286     0.01036      0
-0.0571429     0.008406      0
-0.0428571     0.007074      0
-0.0285714     0.006      0
-0.0142857     0.005038      0.0007665
0     0.000725      0.018762
0.0142857     0      0.013244
0.0285714     0      0.01223
0.0428571     0      0.011998
0.0571429     0      0.012202
0.0714286     0      0.012834
0.0857143     0      0.014843
0.1     0      0.014646
0.114286     0      0.01283
0.128571     0      0.012034
0.142857     0      0.01153
0.157143     0      0.01117
0.171429     0      0.01083
0.185714     0      0.010546
0.2     0      0.010298
0.214286     0      0.010184
0.228571     0      0.00988
0.242857     0      0.009724
0.257143     0      0.00959
0.271429     0      0.009412
0.285714     0      0.009268
0.3     0      0.009212
0.314286     0      0.008908
0.328571     0      0.00892
0.342857     0      0.008754
0.357143     0      0.008672
0.371429     0      0.008592
0.385714     0      0.008394
0.4     0      0.008368
0.414286     0      0.008218
0.428571     0      0.008198
0.442857     0      0.008058
0.457143     0      0.008004
0.471429     0      0.007934
0.485714     0      0.007798
0.5     0      0.007774
0.514286     0      0.00767
0.528571     0      0.007578
0.542857     0      0.0076
0.557143     0      0.007408
0.571429     0      0.007414
0.585714     0      0.007344
0.6     0      0.007256
0.614286     0      0.007248
0.628571     0      0.007154
0.642857     0      0.007086
0.657143     0      0.007038
0.671429     0      0.006944
0.685714     0      0.006964
0.7     0      0.006864
0.714286     0      0.00678
0.728571     0      0.0068
0.742857     0      0.006696
0.757143     0      0.006664
0.771429     0      0.006634
0.785714     0      0.006586
0.8     0      0.006468
0.814286     0      0.006482
0.828571     0      0.00644
0.842857     0      0.006404
0.857143     0      0.00636
0.871429     0      0.00624
0.885714     0      0.006278
0.9     0      0.006232
0.914286     0      0.006212
0.928571     0      0.006156
0.942857     0      0.006048
0.957143     0      0.006062
0.971429     0      0.006028
0.985714     0      0.005986
1     0      0.006018
1.01429     0      0.005866
1.02857     0      0.0059
1.04286     0      0.005818
1.05714     0      0.00582
1.07143     0      0.005762
1.08571     0      0.005768
1.1     0      0.005714
1.11429     0      0.005698
1.12857     0      0.005626
1.14286     0      0.0056
1.15714     0      0.005598
1.17143     0      0.005564
1.18571     0      0.005538
1.2     0      0.005516
1.21429     0      0.00544
1.22857     0      0.005422
1.24286     0      0.005418
1.25714     0      0.005384
1.27143     0      0.005376
1.28571     0      0.005322
1.3     0      0.00528
1.31429     0      0.005302
1.32857     0      0.005244
1.34286     0      0.005238
1.35714     0      0.005156
1.37143     0      0.005212
1.38571     0      0.005098
1.4     0      0.005122
1.41429     0      0.005152
1.42857     0      0.005008
1.44286     0      0.0051
1.45714     0      0.00499
1.47143     0      0.005036
1.48571     0      0.004954
1.5     0      0.004976
1.51429     0      0.004918
1.52857     0      0.004912
1.54286     0      0.004882
1.55714     0      0.00486
1.57143     0      0.004848
1.58571     0      0.004846
1.6     0      0.00477
1.61429     0      0.004784
1.62857     0      0.004772
1.64286     0      0.00473
1.65714     0      0.00474
1.67143     0      0.004676
1.68571     0      0.004682
1.7     0      0.004652
1.71429     0      0.004674
1.72857     0      0.00461
1.74286     0      0.004614
1.75714     0      0.004592
1.77143     0      0.00455
1.78571     0      0.00455
1.8     0      0.004522
1.81429     0      0.004504
1.82857     0      0.004496
1.84286     0      0.004468
1.85714     0      0.004474
1.87143     0      0.004448
1.88571     0      0.004422
1.9     0      0.004394
1.91429     0      0.0044
1.92857     0      0.004362
1.94286     0      0.004344
1.95714     0      0.00436
1.97143     0      0.004316
1.98571     0      0.004302
2     0      0.004298
2.01429     0      0.00426
2.02857     0      0.004266
2.04286     0      0.00425
2.05714     0      0.004218
2.07143     0      0.004216
2.08571     0      0.0042
2.1     0      0.004182
2.11429     0      0.004156
2.12857     0      0.004162
2.14286     0      0.0025325
2.15714     0      7.72706e-44
2.17143     0      0
2.18571     0      0
2.2     0      0
2.21429     0      0
2.22857     0      0
2.24286     0      0
2.25714     0      0
2.27143     0      0
2.28571     0      0
2.3     0      0
2.31429     0      0
2.32857     0      0
2.34286     0      0
2.35714     0      0
2.37143     0      0
2.38571     0      0
2.4     0      0
2.41429     0      0
2.42857     0      0
2.44286     0      0
2.45714     0      0
2.47143     0      0
2.48571     0      0
2.5     0      0
2.51429     0      0
2.52857     0      0
2.54286     0      0
2.55714     0      0
2.57143     0      0
2.58571     0      0
2.6     0      0
2.61429     0      0
2.62857     0      0
2.64286     0      0
2.65714     0      0
2.67143     0      0
2.68571     0      0
2.7     0      0
2.71429     0      0
2.72857     0      0
2.74286     0      0
2.75714     0      0
2.77143     0      0
2.78571     0      0
2.8     0      0
2.81429     0      0
2.82857     0      0
2.84286     0      0
2.85714     0      0
2.87143     0      0
2.88571     0      0
2.9     0      0
2.91429     0      0
2.92857     0      0
2.94286     0      0
2.95714     0      0
2.97143     0      0
2.98571     0      0
3     0      0
3.01429     0      0
3.02857     0      0
3.04286     0      0
3.05714     0      0
3.07143     0      0
3.08571     0      0
3.1     0      0
3.11429     0      0
3.12857     0      0
3.14286     0      0
3.15714     0      0
3.17143     0      0
3.18571     0      0
3.2     0      0
3.21429     0      0
3.22857     0      0
3.24286     0      0
3.25714     0      0
3.27143     0      0
3.28571     0      0
3.3     0      0
3.31429     0      0
3.32857     0      0
3.34286     0      0
3.35714     0      0
3.37143     0      0
3.38571     0      0
3.4     0      0
3.41429     0      0
3.42857     0      0
3.44286     0      0
3.45714     0      0
3.47143     0      0
3.48571     0      0
3.5     0      0
3.51429     0      0
3.52857     0      0
3.54286     0      0
3.55714     0      0
3.57143     0      0
3.58571     0      0
3.6     0      0
3.61429     0      0
3.62857     0      0
3.64286     0      0
3.65714     0      0
3.67143     0      0
3.68571     0      0
3.7     0      0
3.71429     0      0
3.72857     0      0
3.74286     0      0
3.75714     0      0
3.77143     0      0
3.78571     0      0
3.8     0      0
3.81429     0      0
3.82857     0      0
3.84286     0      0
3.85714     0      0
3.87143     0      0
3.88571     0      0
3.9     0      0
3.91429     0      0
3.92857     0      0
3.94286     0      0
3.95714     0      0
3.97143     0      0
3.98571     0      0
4     0      0
4.01429     0      0
4.02857     0      0
4.04286     0      0
4.05714     0      0
4.07143     0      0
4.08571     0      0
4.1     0      0
4.11429     0      0
4.12857     0      0
4.14286     0      0
4.15714     0      0
4.17143     0      0
4.18571     0      0
4.2     0      0
4.21429     0      0
4.22857     0      0
4.24286     0      0
4.25714     0      0
4.27143     0      0
4.28571     0      0
4.3     0      0
4.31429     0      0
4.32857     0      0
4.34286     0      0
4.35714     0      0
4.37143     0      0
4.38571     0      0
4.4     0      0
4.41429     0      0
4.42857     0      0
4.44286     0      0
4.45714     0      0
4.47143     0      0
4.48571     0      0
4.5     0      0
4.51429     0      0
4.52857     0      0
4.54286     0      0
4.55714     0      0
4.57143     0      0
4.58571     0      0
4.6     0      0
4.61429     0      0
4.62857     0      0
4.64286     0      0
4.65714     0      0
4.67143     0      0
4.68571     0      0
4.7     0      0
4.71429     0      0
4.72857     0      0
4.74286     0      0
4.75714     0      0
4.77143     0      0
4.78571     0      0
4.8     0      0
4.81429     0      0
4.82857     0      0
4.84286     0      0
4.85714     0      0
4.87143     0      0
4.88571     0      0
4.9     0      0
4.91429     0      0
4.92857     0      0
4.94286     0      0
4.95714     0      0
4.97143     0      0
4.98571     0      0
