# U,mu,nA_up, nA_dn, nB_up, nB_dn, ms, mf, ntotal,mu,cint
#energy    dos_upn   dos_upp   dos_dnn  dos_dnp GRID=1000 bin=700
-5     0      0
-4.98571     0      0
-4.97143     0      0
-4.95714     0      0
-4.94286     0      0
-4.92857     0      0
-4.91429     0      0
-4.9     0      0
-4.88571     0      0
-4.87143     0      0
-4.85714     0      0
-4.84286     0      0
-4.82857     0      0
-4.81429     0      0
-4.8     0      0
-4.78571     0      0
-4.77143     0      0
-4.75714     0      0
-4.74286     0      0
-4.72857     0      0
-4.71429     0      0
-4.7     0      0
-4.68571     0      0
-4.67143     0      0
-4.65714     0      0
-4.64286     0      0
-4.62857     0      0
-4.61429     0      0
-4.6     0      0
-4.58571     0      0
-4.57143     0      0
-4.55714     0      0
-4.54286     0      0
-4.52857     0      0
-4.51429     0      0
-4.5     0      0
-4.48571     0      0
-4.47143     0      0
-4.45714     0      0
-4.44286     0      0
-4.42857     0      0
-4.41429     0      0
-4.4     0      0
-4.38571     0      0
-4.37143     0      0
-4.35714     0      0
-4.34286     0      0
-4.32857     0      0
-4.31429     0      0
-4.3     0      0
-4.28571     0      0
-4.27143     0      0
-4.25714     0      0
-4.24286     0      0
-4.22857     0      0
-4.21429     0      0
-4.2     0      0
-4.18571     0      0
-4.17143     0      0
-4.15714     0      0
-4.14286     0      0
-4.12857     0      0
-4.11429     0      0
-4.1     0      0
-4.08571     0      0
-4.07143     0      0
-4.05714     0      0
-4.04286     0      0
-4.02857     0      0
-4.01429     0      0
-4     0      0
-3.98571     0      0
-3.97143     0      0
-3.95714     0      0
-3.94286     0      0
-3.92857     0      0
-3.91429     0      0
-3.9     0      0
-3.88571     0      0
-3.87143     0      0
-3.85714     0      0
-3.84286     0      0
-3.82857     0      0
-3.81429     0      0
-3.8     0      0
-3.78571     0      0
-3.77143     0      0
-3.75714     0      0
-3.74286     0      0
-3.72857     0      0
-3.71429     0      0
-3.7     0      0
-3.68571     0      0
-3.67143     0      0
-3.65714     0      0
-3.64286     0      0
-3.62857     0      0
-3.61429     0      0
-3.6     0      0
-3.58571     0      0
-3.57143     0      0
-3.55714     0      0
-3.54286     0      0
-3.52857     0      0
-3.51429     0      0
-3.5     0      0
-3.48571     0      0
-3.47143     0      0
-3.45714     0      0
-3.44286     0      0
-3.42857     0      0
-3.41429     0      0
-3.4     0      0
-3.38571     0      0
-3.37143     0      0
-3.35714     0      0
-3.34286     0      0
-3.32857     0      0
-3.31429     0      0
-3.3     0      0
-3.28571     0      0
-3.27143     0      0
-3.25714     0      0
-3.24286     0      0
-3.22857     0      0
-3.21429     0      0
-3.2     0      0
-3.18571     0      0
-3.17143     0      0
-3.15714     0      0
-3.14286     0      0
-3.12857     0      0
-3.11429     0      0
-3.1     0      0
-3.08571     0      0
-3.07143     0      0
-3.05714     0      0
-3.04286     0      0
-3.02857     0      0
-3.01429     0      0
-3     0      0
-2.98571     0      0
-2.97143     0      0
-2.95714     0      0
-2.94286     0      0
-2.92857     0      0
-2.91429     0      0
-2.9     0      0
-2.88571     0      0
-2.87143     0      0
-2.85714     0      0
-2.84286     0      0
-2.82857     0      0
-2.81429     0      0
-2.8     0      0
-2.78571     0      0
-2.77143     0      0
-2.75714     0      0
-2.74286     0      0
-2.72857     0      0
-2.71429     0      0
-2.7     0      0
-2.68571     0      0
-2.67143     0      0
-2.65714     0      0
-2.64286     0      0
-2.62857     0      0
-2.61429     0      0
-2.6     0      0
-2.58571     0      0
-2.57143     0      0
-2.55714     0      0
-2.54286     0      0
-2.52857     0      0
-2.51429     0      0
-2.5     0      0
-2.48571     0      0
-2.47143     0      0
-2.45714     0      0
-2.44286     0      0
-2.42857     0      0
-2.41429     0      0
-2.4     0      0
-2.38571     0      0
-2.37143     0      0
-2.35714     0      0
-2.34286     0      0
-2.32857     0      0
-2.31429     0      0
-2.3     0      0
-2.28571     0      0
-2.27143     0      0
-2.25714     0      0
-2.24286     0      0
-2.22857     0      0
-2.21429     0      0
-2.2     0      0
-2.18571     0      0
-2.17143     0      0
-2.15714     0      0
-2.14286     3.96976e-110      0
-2.12857     1.21631e-108      0
-2.11429     2.20259e-103      0
-2.1     4.85219e-102      0
-2.08571     4.88572e-102      0
-2.07143     4.88944e-102      0
-2.05714     2.08058e-96      0
-2.04286     1.94088e-95      0
-2.02857     1.94013e-95      0
-2.01429     1.95652e-95      0
-2     1.67862e-89      0
-1.98571     7.74265e-89      0
-1.97143     7.76053e-89      0
-1.95714     7.79033e-89      0
-1.94286     1.15305e-82      0
-1.92857     3.0911e-82      0
-1.91429     3.08752e-82      0
-1.9     3.11256e-82      0
-1.88571     7.00593e-76      0
-1.87143     1.23024e-75      0
-1.85714     1.23549e-75      0
-1.84286     1.24455e-75      0
-1.82857     3.92771e-69      0
-1.81429     4.90379e-69      0
-1.8     4.96102e-69      0
-1.78571     1.22262e-63      0
-1.77143     5.86426e-37      0
-1.75714     4.99609e-36      0
-1.74286     4.99805e-36      0
-1.72857     0.0036045      0
-1.71429     0.00512      0
-1.7     0.005098      0
-1.68571     0.005144      0
-1.67143     0.005148      0
-1.65714     0.005182      0
-1.64286     0.005196      0
-1.62857     0.005218      0
-1.61429     0.00523      0
-1.6     0.005256      0
-1.58571     0.005264      0
-1.57143     0.005302      0
-1.55714     0.00533      0
-1.54286     0.00533      0
-1.52857     0.00536      0
-1.51429     0.005378      0
-1.5     0.005372      0
-1.48571     0.005462      0
-1.47143     0.005432      0
-1.45714     0.005476      0
-1.44286     0.00549      0
-1.42857     0.005528      0
-1.41429     0.005496      0
-1.4     0.005588      0
-1.38571     0.00558      0
-1.37143     0.005618      0
-1.35714     0.005616      0
-1.34286     0.005656      0
-1.32857     0.0057      0
-1.31429     0.005724      0
-1.3     0.005728      0
-1.28571     0.005758      0
-1.27143     0.005824      0
-1.25714     0.005816      0
-1.24286     0.005806      0
-1.22857     0.005902      0
-1.21429     0.005928      0
-1.2     0.005904      0
-1.18571     0.005968      0
-1.17143     0.00596      0
-1.15714     0.006054      0
-1.14286     0.006038      0
-1.12857     0.006082      0
-1.11429     0.00614      0
-1.1     0.006104      0
-1.08571     0.00622      0
-1.07143     0.006196      0
-1.05714     0.006244      0
-1.04286     0.006314      0
-1.02857     0.006312      0
-1.01429     0.00632      0
-1     0.00638      0
-0.985714     0.006396      0
-0.971429     0.006498      0
-0.957143     0.006488      0
-0.942857     0.006544      0
-0.928571     0.006564      0
-0.914286     0.006648      0
-0.9     0.006656      0
-0.885714     0.006714      0
-0.871429     0.006724      0
-0.857143     0.006824      0
-0.842857     0.006824      0
-0.828571     0.006872      0
-0.814286     0.006898      0
-0.8     0.006988      0
-0.785714     0.007038      0
-0.771429     0.007092      0
-0.757143     0.007086      0
-0.742857     0.007208      0
-0.728571     0.007224      0
-0.714286     0.007306      0
-0.7     0.007342      0
-0.685714     0.007388      0
-0.671429     0.007494      0
-0.657143     0.007514      0
-0.642857     0.007596      0
-0.628571     0.007666      0
-0.614286     0.007722      0
-0.6     0.00778      0
-0.585714     0.007894      0
-0.571429     0.007954      0
-0.557143     0.008026      0
-0.542857     0.008052      0
-0.528571     0.008256      0
-0.514286     0.008298      0
-0.5     0.00834      0
-0.485714     0.008432      0
-0.471429     0.00858      0
-0.457143     0.008694      0
-0.442857     0.008802      0
-0.428571     0.008924      0
-0.414286     0.008996      0
-0.4     0.00916      0
-0.385714     0.009282      0
-0.371429     0.009434      0
-0.357143     0.009596      0
-0.342857     0.009802      0
-0.328571     0.009966      0
-0.314286     0.010148      0
-0.3     0.010372      0
-0.285714     0.010588      0
-0.271429     0.010922      0
-0.257143     0.011196      0
-0.242857     0.01154      0
-0.228571     0.01189      0
-0.214286     0.012416      0
-0.2     0.012952      0
-0.185714     0.01355      0
-0.171429     0.014582      0
-0.157143     0.015614      0
-0.142857     0.017352      0
-0.128571     0.020216      0
-0.114286     0.0298785      0
-0.1     0.048066      0
-0.0857143     0.021342      0
-0.0714286     0.016264      0
-0.0571429     0.013426      0
-0.0428571     0.011706      0
-0.0285714     0.0103      0
-0.0142857     0.009201      0
0     0      0
0.0142857     0      0
0.0285714     0      0
0.0428571     0      0
0.0571429     0      0
0.0714286     0      0
0.0857143     0      0
0.1     0      0
0.114286     0      0
0.128571     0      0
0.142857     0      0
0.157143     0      0
0.171429     0      0
0.185714     0      0
0.2     0      2.58093e-109
0.214286     0      1.09044e-101
0.228571     0      2.7718e-101
0.242857     0      9.77013e-95
0.257143     0      0.0083665
0.271429     0      0.023762
0.285714     0      0.01892
0.3     0      0.017358
0.314286     0      0.016826
0.328571     0      0.017014
0.342857     0      0.017958
0.357143     0      0.022209
0.371429     0      0.018492
0.385714     0      0.015526
0.4     0      0.01412
0.414286     0      0.013138
0.428571     0      0.012398
0.442857     0      0.011792
0.457143     0      0.011282
0.471429     0      0.010932
0.485714     0      0.010546
0.5     0      0.010258
0.514286     0      0.009998
0.528571     0      0.009744
0.542857     0      0.009566
0.557143     0      0.009342
0.571429     0      0.009154
0.585714     0      0.008976
0.6     0      0.00882
0.614286     0      0.008696
0.628571     0      0.008526
0.642857     0      0.008428
0.657143     0      0.008318
0.671429     0      0.008188
0.685714     0      0.00807
0.7     0      0.007938
0.714286     0      0.007876
0.728571     0      0.007774
0.742857     0      0.007732
0.757143     0      0.007608
0.771429     0      0.007524
0.785714     0      0.00745
0.8     0      0.007356
0.814286     0      0.007268
0.828571     0      0.007262
0.842857     0      0.007158
0.857143     0      0.007118
0.871429     0      0.007002
0.885714     0      0.006928
0.9     0      0.006902
0.914286     0      0.006822
0.928571     0      0.00681
0.942857     0      0.00675
0.957143     0      0.006652
0.971429     0      0.00663
0.985714     0      0.00657
1     0      0.00648
1.01429     0      0.006504
1.02857     0      0.006372
1.04286     0      0.006398
1.05714     0      0.006324
1.07143     0      0.006316
1.08571     0      0.006228
1.1     0      0.006166
1.11429     0      0.006176
1.12857     0      0.006082
1.14286     0      0.00609
1.15714     0      0.006022
1.17143     0      0.005968
1.18571     0      0.005958
1.2     0      0.005928
1.21429     0      0.00588
1.22857     0      0.005812
1.24286     0      0.005782
1.25714     0      0.005776
1.27143     0      0.00575
1.28571     0      0.005718
1.3     0      0.00565
1.31429     0      0.005646
1.32857     0      0.005572
1.34286     0      0.005588
1.35714     0      0.005542
1.37143     0      0.005468
1.38571     0      0.005478
1.4     0      0.005478
1.41429     0      0.005406
1.42857     0      0.005406
1.44286     0      0.005326
1.45714     0      0.005354
1.47143     0      0.005278
1.48571     0      0.005274
1.5     0      0.005252
1.51429     0      0.005214
1.52857     0      0.005204
1.54286     0      0.005156
1.55714     0      0.005154
1.57143     0      0.00514
1.58571     0      0.00505
1.6     0      0.005088
1.61429     0      0.005014
1.62857     0      0.005052
1.64286     0      0.004958
1.65714     0      0.004988
1.67143     0      0.004942
1.68571     0      0.004916
1.7     0      0.004908
1.71429     0      0.004908
1.72857     0      0.004844
1.74286     0      0.004804
1.75714     0      0.004824
1.77143     0      0.004792
1.78571     0      0.004778
1.8     0      0.004736
1.81429     0      0.004732
1.82857     0      0.004694
1.84286     0      0.004676
1.85714     0      0.004708
1.87143     0      0.004636
1.88571     0      0.004618
1.9     0      0.004616
1.91429     0      0.004594
1.92857     0      0.004562
1.94286     0      0.004568
1.95714     0      0.004514
1.97143     0      0.004516
1.98571     0      0.004502
2     0      0.004498
2.01429     0      0.004436
2.02857     0      0.004434
2.04286     0      0.00443
2.05714     0      0.004408
2.07143     0      0.004396
2.08571     0      0.004372
2.1     0      0.004348
2.11429     0      0.004326
2.12857     0      0.004332
2.14286     0      0.004322
2.15714     0      0.004304
2.17143     0      0.00425
2.18571     0      0.004274
2.2     0      0.004232
2.21429     0      0.004218
2.22857     0      0.004218
2.24286     0      0.004194
2.25714     0      0.004168
2.27143     0      0.004178
2.28571     0      0.0019545
2.3     0      2.37625e-10
2.31429     0      1.31563e-17
2.32857     0      1.03174e-42
2.34286     0      1.02686e-42
2.35714     0      1.02588e-42
2.37143     0      1.01953e-42
2.38571     0      2.05688e-43
2.4     0      0
2.41429     0      0
2.42857     0      0
2.44286     0      0
2.45714     0      0
2.47143     0      0
2.48571     0      0
2.5     0      0
2.51429     0      0
2.52857     0      0
2.54286     0      0
2.55714     0      0
2.57143     0      0
2.58571     0      0
2.6     0      0
2.61429     0      0
2.62857     0      0
2.64286     0      0
2.65714     0      0
2.67143     0      0
2.68571     0      0
2.7     0      0
2.71429     0      0
2.72857     0      0
2.74286     0      0
2.75714     0      0
2.77143     0      0
2.78571     0      0
2.8     0      0
2.81429     0      0
2.82857     0      0
2.84286     0      0
2.85714     0      0
2.87143     0      0
2.88571     0      0
2.9     0      0
2.91429     0      0
2.92857     0      0
2.94286     0      0
2.95714     0      0
2.97143     0      0
2.98571     0      0
3     0      0
3.01429     0      0
3.02857     0      0
3.04286     0      0
3.05714     0      0
3.07143     0      0
3.08571     0      0
3.1     0      0
3.11429     0      0
3.12857     0      0
3.14286     0      0
3.15714     0      0
3.17143     0      0
3.18571     0      0
3.2     0      0
3.21429     0      0
3.22857     0      0
3.24286     0      0
3.25714     0      0
3.27143     0      0
3.28571     0      0
3.3     0      0
3.31429     0      0
3.32857     0      0
3.34286     0      0
3.35714     0      0
3.37143     0      0
3.38571     0      0
3.4     0      0
3.41429     0      0
3.42857     0      0
3.44286     0      0
3.45714     0      0
3.47143     0      0
3.48571     0      0
3.5     0      0
3.51429     0      0
3.52857     0      0
3.54286     0      0
3.55714     0      0
3.57143     0      0
3.58571     0      0
3.6     0      0
3.61429     0      0
3.62857     0      0
3.64286     0      0
3.65714     0      0
3.67143     0      0
3.68571     0      0
3.7     0      0
3.71429     0      0
3.72857     0      0
3.74286     0      0
3.75714     0      0
3.77143     0      0
3.78571     0      0
3.8     0      0
3.81429     0      0
3.82857     0      0
3.84286     0      0
3.85714     0      0
3.87143     0      0
3.88571     0      0
3.9     0      0
3.91429     0      0
3.92857     0      0
3.94286     0      0
3.95714     0      0
3.97143     0      0
3.98571     0      0
4     0      0
4.01429     0      0
4.02857     0      0
4.04286     0      0
4.05714     0      0
4.07143     0      0
4.08571     0      0
4.1     0      0
4.11429     0      0
4.12857     0      0
4.14286     0      0
4.15714     0      0
4.17143     0      0
4.18571     0      0
4.2     0      0
4.21429     0      0
4.22857     0      0
4.24286     0      0
4.25714     0      0
4.27143     0      0
4.28571     0      0
4.3     0      0
4.31429     0      0
4.32857     0      0
4.34286     0      0
4.35714     0      0
4.37143     0      0
4.38571     0      0
4.4     0      0
4.41429     0      0
4.42857     0      0
4.44286     0      0
4.45714     0      0
4.47143     0      0
4.48571     0      0
4.5     0      0
4.51429     0      0
4.52857     0      0
4.54286     0      0
4.55714     0      0
4.57143     0      0
4.58571     0      0
4.6     0      0
4.61429     0      0
4.62857     0      0
4.64286     0      0
4.65714     0      0
4.67143     0      0
4.68571     0      0
4.7     0      0
4.71429     0      0
4.72857     0      0
4.74286     0      0
4.75714     0      0
4.77143     0      0
4.78571     0      0
4.8     0      0
4.81429     0      0
4.82857     0      0
4.84286     0      0
4.85714     0      0
4.87143     0      0
4.88571     0      0
4.9     0      0
4.91429     0      0
4.92857     0      0
4.94286     0      0
4.95714     0      0
4.97143     0      0
4.98571     0      0
