# U,mu,nA_up, nA_dn, nB_up, nB_dn, ms, mf, ntotal,mu,cint
#energy    dos_upn   dos_upp   dos_dnn  dos_dnp GRID=1000 bin=700
-5     0      0
-4.98571     0      0
-4.97143     0      0
-4.95714     0      0
-4.94286     0      0
-4.92857     0      0
-4.91429     0      0
-4.9     0      0
-4.88571     0      0
-4.87143     0      0
-4.85714     0      0
-4.84286     0      0
-4.82857     0      0
-4.81429     0      0
-4.8     0      0
-4.78571     0      0
-4.77143     0      0
-4.75714     0      0
-4.74286     0      0
-4.72857     0      0
-4.71429     0      0
-4.7     0      0
-4.68571     0      0
-4.67143     0      0
-4.65714     0      0
-4.64286     0      0
-4.62857     0      0
-4.61429     0      0
-4.6     0      0
-4.58571     0      0
-4.57143     0      0
-4.55714     0      0
-4.54286     0      0
-4.52857     0      0
-4.51429     0      0
-4.5     0      0
-4.48571     0      0
-4.47143     0      0
-4.45714     0      0
-4.44286     0      0
-4.42857     0      0
-4.41429     0      0
-4.4     0      0
-4.38571     0      0
-4.37143     0      0
-4.35714     0      0
-4.34286     0      0
-4.32857     0      0
-4.31429     0      0
-4.3     0      0
-4.28571     0      0
-4.27143     0      0
-4.25714     0      0
-4.24286     0      0
-4.22857     0      0
-4.21429     0      0
-4.2     0      0
-4.18571     0      0
-4.17143     0      0
-4.15714     0      0
-4.14286     0      0
-4.12857     0      0
-4.11429     0      0
-4.1     0      0
-4.08571     0      0
-4.07143     0      0
-4.05714     0      0
-4.04286     0      0
-4.02857     0      0
-4.01429     0      0
-4     0      0
-3.98571     0      0
-3.97143     0      0
-3.95714     0      0
-3.94286     0      0
-3.92857     0      0
-3.91429     0      0
-3.9     0      0
-3.88571     0      0
-3.87143     0      0
-3.85714     0      0
-3.84286     0      0
-3.82857     0      0
-3.81429     0      0
-3.8     0      0
-3.78571     0      0
-3.77143     0      0
-3.75714     0      0
-3.74286     0      0
-3.72857     0      0
-3.71429     0      0
-3.7     0      0
-3.68571     0      0
-3.67143     0      0
-3.65714     0      0
-3.64286     0      0
-3.62857     0      0
-3.61429     0      0
-3.6     0      0
-3.58571     0      0
-3.57143     0      0
-3.55714     0      0
-3.54286     0      0
-3.52857     0      0
-3.51429     0      0
-3.5     0      0
-3.48571     0      0
-3.47143     0      0
-3.45714     0      0
-3.44286     0      0
-3.42857     0      0
-3.41429     0      0
-3.4     0      0
-3.38571     0      0
-3.37143     0      0
-3.35714     0      0
-3.34286     0      0
-3.32857     0      0
-3.31429     0      0
-3.3     0      0
-3.28571     0      0
-3.27143     0      0
-3.25714     0      0
-3.24286     0      0
-3.22857     0      0
-3.21429     0      0
-3.2     0      0
-3.18571     0      0
-3.17143     0      0
-3.15714     0      0
-3.14286     0      0
-3.12857     0      0
-3.11429     0      0
-3.1     0      0
-3.08571     0      0
-3.07143     0      0
-3.05714     0      0
-3.04286     0      0
-3.02857     0      0
-3.01429     0      0
-3     0      0
-2.98571     0      0
-2.97143     0      0
-2.95714     0      0
-2.94286     0      0
-2.92857     0      0
-2.91429     0      0
-2.9     0      0
-2.88571     0      0
-2.87143     0      0
-2.85714     0      0
-2.84286     0      0
-2.82857     0      0
-2.81429     0      0
-2.8     0      0
-2.78571     0      0
-2.77143     0      0
-2.75714     0      0
-2.74286     0      0
-2.72857     0      0
-2.71429     0      0
-2.7     0      0
-2.68571     0      0
-2.67143     0      0
-2.65714     0      0
-2.64286     0      0
-2.62857     0      0
-2.61429     0      0
-2.6     0      0
-2.58571     0      0
-2.57143     0      0
-2.55714     0      0
-2.54286     0      0
-2.52857     0      0
-2.51429     0      0
-2.5     0      0
-2.48571     0      0
-2.47143     0      0
-2.45714     0      0
-2.44286     0      0
-2.42857     0      0
-2.41429     0      0
-2.4     0      0
-2.38571     0      0
-2.37143     0      0
-2.35714     0      0
-2.34286     0      0
-2.32857     0      0
-2.31429     0      0
-2.3     0      0
-2.28571     0      0
-2.27143     0      0
-2.25714     0      0
-2.24286     0      0
-2.22857     0      0
-2.21429     0      0
-2.2     0      0
-2.18571     0      0
-2.17143     0      0
-2.15714     0      0
-2.14286     9.92441e-117      0
-2.12857     3.04077e-115      0
-2.11429     5.50648e-110      0
-2.1     1.21305e-108      0
-2.08571     1.22143e-108      0
-2.07143     1.22236e-108      0
-2.05714     5.20145e-103      0
-2.04286     4.85219e-102      0
-2.02857     4.85033e-102      0
-2.01429     4.89131e-102      0
-2     4.19654e-96      0
-1.98571     1.93566e-95      0
-1.97143     1.94013e-95      0
-1.95714     1.94758e-95      0
-1.94286     2.88263e-89      0
-1.92857     7.72774e-89      0
-1.91429     7.7188e-89      0
-1.9     7.78139e-89      0
-1.88571     1.75148e-82      0
-1.87143     3.0756e-82      0
-1.85714     3.08871e-82      0
-1.84286     3.11136e-82      0
-1.82857     9.81927e-76      0
-1.81429     1.22595e-75      0
-1.8     1.24025e-75      0
-1.78571     3.05654e-70      0
-1.77143     1.46606e-43      0
-1.75714     1.24902e-42      0
-1.74286     0.0015305      0
-1.72857     0.005084      0
-1.71429     0.005124      0
-1.7     0.005118      0
-1.68571     0.005154      0
-1.67143     0.005148      0
-1.65714     0.005182      0
-1.64286     0.00521      0
-1.62857     0.005232      0
-1.61429     0.005242      0
-1.6     0.005268      0
-1.58571     0.005282      0
-1.57143     0.005288      0
-1.55714     0.005314      0
-1.54286     0.005372      0
-1.52857     0.005362      0
-1.51429     0.005372      0
-1.5     0.005438      0
-1.48571     0.005424      0
-1.47143     0.00546      0
-1.45714     0.005478      0
-1.44286     0.005508      0
-1.42857     0.005518      0
-1.41429     0.005534      0
-1.4     0.005578      0
-1.38571     0.005608      0
-1.37143     0.005588      0
-1.35714     0.005662      0
-1.34286     0.00568      0
-1.32857     0.0057      0
-1.31429     0.005732      0
-1.3     0.00574      0
-1.28571     0.005772      0
-1.27143     0.0058      0
-1.25714     0.005836      0
-1.24286     0.005842      0
-1.22857     0.00589      0
-1.21429     0.005928      0
-1.2     0.005914      0
-1.18571     0.005988      0
-1.17143     0.006008      0
-1.15714     0.00604      0
-1.14286     0.006058      0
-1.12857     0.006098      0
-1.11429     0.006136      0
-1.1     0.006148      0
-1.08571     0.006194      0
-1.07143     0.006222      0
-1.05714     0.006248      0
-1.04286     0.006254      0
-1.02857     0.006376      0
-1.01429     0.00638      0
-1     0.006384      0
-0.985714     0.00642      0
-0.971429     0.006472      0
-0.957143     0.006526      0
-0.942857     0.006564      0
-0.928571     0.006568      0
-0.914286     0.006636      0
-0.9     0.006664      0
-0.885714     0.006728      0
-0.871429     0.006728      0
-0.857143     0.00684      0
-0.842857     0.006828      0
-0.828571     0.00694      0
-0.814286     0.006904      0
-0.8     0.006992      0
-0.785714     0.00701      0
-0.771429     0.007098      0
-0.757143     0.007156      0
-0.742857     0.007192      0
-0.728571     0.007258      0
-0.714286     0.007296      0
-0.7     0.007358      0
-0.685714     0.007414      0
-0.671429     0.007492      0
-0.657143     0.007518      0
-0.642857     0.007618      0
-0.628571     0.007676      0
-0.614286     0.007738      0
-0.6     0.007814      0
-0.585714     0.007854      0
-0.571429     0.008004      0
-0.557143     0.00802      0
-0.542857     0.008104      0
-0.528571     0.00824      0
-0.514286     0.008262      0
-0.5     0.008372      0
-0.485714     0.008504      0
-0.471429     0.008586      0
-0.457143     0.008704      0
-0.442857     0.008754      0
-0.428571     0.0089      0
-0.414286     0.009002      0
-0.4     0.009166      0
-0.385714     0.009306      0
-0.371429     0.009468      0
-0.357143     0.009612      0
-0.342857     0.009776      0
-0.328571     0.009934      0
-0.314286     0.010172      0
-0.3     0.010324      0
-0.285714     0.010612      0
-0.271429     0.010878      0
-0.257143     0.0112      0
-0.242857     0.011508      0
-0.228571     0.011842      0
-0.214286     0.012304      0
-0.2     0.01299      0
-0.185714     0.013502      0
-0.171429     0.014426      0
-0.157143     0.015542      0
-0.142857     0.017376      0
-0.128571     0.020322      0
-0.114286     0.0295605      0
-0.1     0.046762      0
-0.0857143     0.02071      0
-0.0714286     0.01593      0
-0.0571429     0.01316      0
-0.0428571     0.011402      0
-0.0285714     0.010108      0
-0.0142857     0.008907      0
0     0      0
0.0142857     0      0
0.0285714     0      0
0.0428571     0      0
0.0571429     0      0
0.0714286     0      0
0.0857143     0      0
0.1     0      0
0.114286     0      0
0.128571     0      0
0.142857     0      0
0.157143     0      0
0.171429     0      0
0.185714     0      0
0.2     0      6.45232e-116
0.214286     0      2.7261e-108
0.228571     0      6.92951e-108
0.242857     0      0.0161925
0.257143     0      0.021232
0.271429     0      0.01801
0.285714     0      0.016856
0.3     0      0.016586
0.314286     0      0.016882
0.328571     0      0.0183
0.342857     0      0.022017
0.357143     0      0.01707
0.371429     0      0.014868
0.385714     0      0.013692
0.4     0      0.012748
0.414286     0      0.01216
0.428571     0      0.011538
0.442857     0      0.011136
0.457143     0      0.010748
0.471429     0      0.010424
0.485714     0      0.01013
0.5     0      0.009918
0.514286     0      0.00964
0.528571     0      0.009432
0.542857     0      0.009252
0.557143     0      0.009112
0.571429     0      0.008932
0.585714     0      0.008756
0.6     0      0.008654
0.614286     0      0.008494
0.628571     0      0.008366
0.642857     0      0.008304
0.657143     0      0.00813
0.671429     0      0.008076
0.685714     0      0.007926
0.7     0      0.007854
0.714286     0      0.00773
0.728571     0      0.007658
0.742857     0      0.007632
0.757143     0      0.0075
0.771429     0      0.007452
0.785714     0      0.007362
0.8     0      0.007224
0.814286     0      0.007212
0.828571     0      0.007132
0.842857     0      0.007128
0.857143     0      0.006996
0.871429     0      0.006942
0.885714     0      0.00687
0.9     0      0.006852
0.914286     0      0.006768
0.928571     0      0.00672
0.942857     0      0.006694
0.957143     0      0.006586
0.971429     0      0.006564
0.985714     0      0.006498
1     0      0.006486
1.01429     0      0.006394
1.02857     0      0.006364
1.04286     0      0.00637
1.05714     0      0.006286
1.07143     0      0.006226
1.08571     0      0.00616
1.1     0      0.006166
1.11429     0      0.006092
1.12857     0      0.006074
1.14286     0      0.00603
1.15714     0      0.005964
1.17143     0      0.005974
1.18571     0      0.005914
1.2     0      0.00589
1.21429     0      0.005798
1.22857     0      0.005812
1.24286     0      0.005778
1.25714     0      0.005716
1.27143     0      0.005704
1.28571     0      0.005688
1.3     0      0.005634
1.31429     0      0.005574
1.32857     0      0.00558
1.34286     0      0.00554
1.35714     0      0.005522
1.37143     0      0.005452
1.38571     0      0.005446
1.4     0      0.005428
1.41429     0      0.00536
1.42857     0      0.00539
1.44286     0      0.005338
1.45714     0      0.00532
1.47143     0      0.00524
1.48571     0      0.005282
1.5     0      0.005208
1.51429     0      0.00517
1.52857     0      0.005232
1.54286     0      0.005092
1.55714     0      0.00513
1.57143     0      0.005096
1.58571     0      0.005062
1.6     0      0.005044
1.61429     0      0.00503
1.62857     0      0.004992
1.64286     0      0.004992
1.65714     0      0.004898
1.67143     0      0.004936
1.68571     0      0.004924
1.7     0      0.004878
1.71429     0      0.004862
1.72857     0      0.004816
1.74286     0      0.004848
1.75714     0      0.004792
1.77143     0      0.004774
1.78571     0      0.004768
1.8     0      0.004704
1.81429     0      0.00471
1.82857     0      0.004668
1.84286     0      0.004678
1.85714     0      0.004652
1.87143     0      0.004648
1.88571     0      0.004598
1.9     0      0.004628
1.91429     0      0.00452
1.92857     0      0.004564
1.94286     0      0.004548
1.95714     0      0.004516
1.97143     0      0.004496
1.98571     0      0.004502
2     0      0.004428
2.01429     0      0.004464
2.02857     0      0.004412
2.04286     0      0.004428
2.05714     0      0.004378
2.07143     0      0.00438
2.08571     0      0.00436
2.1     0      0.004344
2.11429     0      0.004326
2.12857     0      0.004308
2.14286     0      0.00429
2.15714     0      0.004264
2.17143     0      0.004282
2.18571     0      0.004226
2.2     0      0.004252
2.21429     0      0.004198
2.22857     0      0.004202
2.24286     0      0.004186
2.25714     0      0.004164
2.27143     0      0.0031845
2.28571     0      4.88625e-10
2.3     0      5.94063e-17
2.31429     0      3.28908e-24
2.32857     0      2.57935e-49
2.34286     0      2.56714e-49
2.35714     0      2.5647e-49
2.37143     0      2.54883e-49
2.38571     0      5.14221e-50
2.4     0      0
2.41429     0      0
2.42857     0      0
2.44286     0      0
2.45714     0      0
2.47143     0      0
2.48571     0      0
2.5     0      0
2.51429     0      0
2.52857     0      0
2.54286     0      0
2.55714     0      0
2.57143     0      0
2.58571     0      0
2.6     0      0
2.61429     0      0
2.62857     0      0
2.64286     0      0
2.65714     0      0
2.67143     0      0
2.68571     0      0
2.7     0      0
2.71429     0      0
2.72857     0      0
2.74286     0      0
2.75714     0      0
2.77143     0      0
2.78571     0      0
2.8     0      0
2.81429     0      0
2.82857     0      0
2.84286     0      0
2.85714     0      0
2.87143     0      0
2.88571     0      0
2.9     0      0
2.91429     0      0
2.92857     0      0
2.94286     0      0
2.95714     0      0
2.97143     0      0
2.98571     0      0
3     0      0
3.01429     0      0
3.02857     0      0
3.04286     0      0
3.05714     0      0
3.07143     0      0
3.08571     0      0
3.1     0      0
3.11429     0      0
3.12857     0      0
3.14286     0      0
3.15714     0      0
3.17143     0      0
3.18571     0      0
3.2     0      0
3.21429     0      0
3.22857     0      0
3.24286     0      0
3.25714     0      0
3.27143     0      0
3.28571     0      0
3.3     0      0
3.31429     0      0
3.32857     0      0
3.34286     0      0
3.35714     0      0
3.37143     0      0
3.38571     0      0
3.4     0      0
3.41429     0      0
3.42857     0      0
3.44286     0      0
3.45714     0      0
3.47143     0      0
3.48571     0      0
3.5     0      0
3.51429     0      0
3.52857     0      0
3.54286     0      0
3.55714     0      0
3.57143     0      0
3.58571     0      0
3.6     0      0
3.61429     0      0
3.62857     0      0
3.64286     0      0
3.65714     0      0
3.67143     0      0
3.68571     0      0
3.7     0      0
3.71429     0      0
3.72857     0      0
3.74286     0      0
3.75714     0      0
3.77143     0      0
3.78571     0      0
3.8     0      0
3.81429     0      0
3.82857     0      0
3.84286     0      0
3.85714     0      0
3.87143     0      0
3.88571     0      0
3.9     0      0
3.91429     0      0
3.92857     0      0
3.94286     0      0
3.95714     0      0
3.97143     0      0
3.98571     0      0
4     0      0
4.01429     0      0
4.02857     0      0
4.04286     0      0
4.05714     0      0
4.07143     0      0
4.08571     0      0
4.1     0      0
4.11429     0      0
4.12857     0      0
4.14286     0      0
4.15714     0      0
4.17143     0      0
4.18571     0      0
4.2     0      0
4.21429     0      0
4.22857     0      0
4.24286     0      0
4.25714     0      0
4.27143     0      0
4.28571     0      0
4.3     0      0
4.31429     0      0
4.32857     0      0
4.34286     0      0
4.35714     0      0
4.37143     0      0
4.38571     0      0
4.4     0      0
4.41429     0      0
4.42857     0      0
4.44286     0      0
4.45714     0      0
4.47143     0      0
4.48571     0      0
4.5     0      0
4.51429     0      0
4.52857     0      0
4.54286     0      0
4.55714     0      0
4.57143     0      0
4.58571     0      0
4.6     0      0
4.61429     0      0
4.62857     0      0
4.64286     0      0
4.65714     0      0
4.67143     0      0
4.68571     0      0
4.7     0      0
4.71429     0      0
4.72857     0      0
4.74286     0      0
4.75714     0      0
4.77143     0      0
4.78571     0      0
4.8     0      0
4.81429     0      0
4.82857     0      0
4.84286     0      0
4.85714     0      0
4.87143     0      0
4.88571     0      0
4.9     0      0
4.91429     0      0
4.92857     0      0
4.94286     0      0
4.95714     0      0
4.97143     0      0
4.98571     0      0
