# U,mu,nA_up, nA_dn, nB_up, nB_dn, ms, mf, ntotal,mu,cint
#energy    dos_upn   dos_upp   dos_dnn  dos_dnp GRID=1000 bin=700
-5     0      0
-4.98571     0      0
-4.97143     0      0
-4.95714     0      0
-4.94286     0      0
-4.92857     0      0
-4.91429     0      0
-4.9     0      0
-4.88571     0      0
-4.87143     0      0
-4.85714     0      0
-4.84286     0      0
-4.82857     0      0
-4.81429     0      0
-4.8     0      0
-4.78571     0      0
-4.77143     0      0
-4.75714     0      0
-4.74286     0      0
-4.72857     0      0
-4.71429     0      0
-4.7     0      0
-4.68571     0      0
-4.67143     0      0
-4.65714     0      0
-4.64286     0      0
-4.62857     0      0
-4.61429     0      0
-4.6     0      0
-4.58571     0      0
-4.57143     0      0
-4.55714     0      0
-4.54286     0      0
-4.52857     0      0
-4.51429     0      0
-4.5     0      0
-4.48571     0      0
-4.47143     0      0
-4.45714     0      0
-4.44286     0      0
-4.42857     0      0
-4.41429     0      0
-4.4     0      0
-4.38571     0      0
-4.37143     0      0
-4.35714     0      0
-4.34286     0      0
-4.32857     0      0
-4.31429     0      0
-4.3     0      0
-4.28571     0      0
-4.27143     0      0
-4.25714     0      0
-4.24286     0      0
-4.22857     0      0
-4.21429     0      0
-4.2     0      0
-4.18571     0      0
-4.17143     0      0
-4.15714     0      0
-4.14286     0      0
-4.12857     0      0
-4.11429     0      0
-4.1     0      0
-4.08571     0      0
-4.07143     0      0
-4.05714     0      0
-4.04286     0      0
-4.02857     0      0
-4.01429     0      0
-4     0      0
-3.98571     0      0
-3.97143     0      0
-3.95714     0      0
-3.94286     0      0
-3.92857     0      0
-3.91429     0      0
-3.9     0      0
-3.88571     0      0
-3.87143     0      0
-3.85714     0      0
-3.84286     0      0
-3.82857     0      0
-3.81429     0      0
-3.8     0      0
-3.78571     0      0
-3.77143     0      0
-3.75714     0      0
-3.74286     0      0
-3.72857     0      0
-3.71429     0      0
-3.7     0      0
-3.68571     0      0
-3.67143     0      0
-3.65714     0      0
-3.64286     0      0
-3.62857     0      0
-3.61429     0      0
-3.6     0      0
-3.58571     0      0
-3.57143     0      0
-3.55714     0      0
-3.54286     0      0
-3.52857     0      0
-3.51429     0      0
-3.5     0      0
-3.48571     0      0
-3.47143     0      0
-3.45714     0      0
-3.44286     0      0
-3.42857     0      0
-3.41429     0      0
-3.4     0      0
-3.38571     0      0
-3.37143     0      0
-3.35714     0      0
-3.34286     0      0
-3.32857     0      0
-3.31429     0      0
-3.3     0      0
-3.28571     0      0
-3.27143     0      0
-3.25714     0      0
-3.24286     0      0
-3.22857     0      0
-3.21429     0      0
-3.2     0      0
-3.18571     0      0
-3.17143     0      0
-3.15714     0      0
-3.14286     0      0
-3.12857     0      0
-3.11429     0      0
-3.1     0      0
-3.08571     0      0
-3.07143     0      0
-3.05714     0      0
-3.04286     0      0
-3.02857     0      0
-3.01429     0      0
-3     0      0
-2.98571     0      0
-2.97143     0      0
-2.95714     0      0
-2.94286     0      0
-2.92857     0      0
-2.91429     0      0
-2.9     0      0
-2.88571     0      0
-2.87143     0      0
-2.85714     0      0
-2.84286     0      0
-2.82857     0      0
-2.81429     0      0
-2.8     0      0
-2.78571     0      0
-2.77143     0      0
-2.75714     0      0
-2.74286     0      0
-2.72857     0      0
-2.71429     0      0
-2.7     0      0
-2.68571     0      0
-2.67143     0      0
-2.65714     0      0
-2.64286     0      0
-2.62857     0      0
-2.61429     0      0
-2.6     0      0
-2.58571     0      0
-2.57143     0      0
-2.55714     0      0
-2.54286     0      0
-2.52857     0      0
-2.51429     0      0
-2.5     0      0
-2.48571     0      0
-2.47143     0      0
-2.45714     0      0
-2.44286     0      0
-2.42857     0      0
-2.41429     0      0
-2.4     0      0
-2.38571     0      0
-2.37143     0      0
-2.35714     0      0
-2.34286     0      0
-2.32857     0      0
-2.31429     0      0
-2.3     0      0
-2.28571     0      0
-2.27143     0      0
-2.25714     0      0
-2.24286     0      0
-2.22857     0      0
-2.21429     0      0
-2.2     0      0
-2.18571     0      0
-2.17143     0      0
-2.15714     0      0
-2.14286     0      0
-2.12857     0      0
-2.11429     0      0
-2.1     0      0
-2.08571     0      0
-2.07143     0      0
-2.05714     0      0
-2.04286     0      0
-2.02857     0      0
-2.01429     0      0
-2     0      0
-1.98571     0      0
-1.97143     0      0
-1.95714     0      0
-1.94286     0      0
-1.92857     0      0
-1.91429     0      0
-1.9     0      0
-1.88571     0      0
-1.87143     0      0
-1.85714     0      0
-1.84286     0.0016485      0
-1.82857     0.00507      0
-1.81429     0.005084      0
-1.8     0.005098      0
-1.78571     0.005134      0
-1.77143     0.005132      0
-1.75714     0.005174      0
-1.74286     0.005178      0
-1.72857     0.005224      0
-1.71429     0.005222      0
-1.7     0.005206      0
-1.68571     0.00527      0
-1.67143     0.005298      0
-1.65714     0.005276      0
-1.64286     0.005332      0
-1.62857     0.005338      0
-1.61429     0.005382      0
-1.6     0.005372      0
-1.58571     0.005422      0
-1.57143     0.005414      0
-1.55714     0.005456      0
-1.54286     0.005472      0
-1.52857     0.005476      0
-1.51429     0.005538      0
-1.5     0.005534      0
-1.48571     0.00557      0
-1.47143     0.005584      0
-1.45714     0.005608      0
-1.44286     0.00564      0
-1.42857     0.005676      0
-1.41429     0.00568      0
-1.4     0.005706      0
-1.38571     0.005736      0
-1.37143     0.005744      0
-1.35714     0.005792      0
-1.34286     0.0058      0
-1.32857     0.005846      0
-1.31429     0.005878      0
-1.3     0.00589      0
-1.28571     0.005934      0
-1.27143     0.005962      0
-1.25714     0.00597      0
-1.24286     0.006004      0
-1.22857     0.006058      0
-1.21429     0.006064      0
-1.2     0.006098      0
-1.18571     0.006124      0
-1.17143     0.006186      0
-1.15714     0.006196      0
-1.14286     0.00622      0
-1.12857     0.006244      0
-1.11429     0.00628      0
-1.1     0.006362      0
-1.08571     0.00634      0
-1.07143     0.0064      0
-1.05714     0.00642      0
-1.04286     0.006484      0
-1.02857     0.006472      0
-1.01429     0.006548      0
-1     0.006592      0
-0.985714     0.006608      0
-0.971429     0.006642      0
-0.957143     0.0067      0
-0.942857     0.006754      0
-0.928571     0.00678      0
-0.914286     0.006824      0
-0.9     0.00683      0
-0.885714     0.00694      0
-0.871429     0.006948      0
-0.857143     0.007012      0
-0.842857     0.007038      0
-0.828571     0.007072      0
-0.814286     0.007152      0
-0.8     0.007178      0
-0.785714     0.007266      0
-0.771429     0.007296      0
-0.757143     0.007362      0
-0.742857     0.007404      0
-0.728571     0.007438      0
-0.714286     0.007534      0
-0.7     0.007572      0
-0.685714     0.00763      0
-0.671429     0.007678      0
-0.657143     0.007806      0
-0.642857     0.007812      0
-0.628571     0.007876      0
-0.614286     0.007968      0
-0.6     0.008036      0
-0.585714     0.008108      0
-0.571429     0.008184      0
-0.557143     0.00824      0
-0.542857     0.008372      0
-0.528571     0.00843      0
-0.514286     0.008496      0
-0.5     0.008586      0
-0.485714     0.00867      0
-0.471429     0.00877      0
-0.457143     0.008882      0
-0.442857     0.009032      0
-0.428571     0.00909      0
-0.414286     0.009232      0
-0.4     0.009372      0
-0.385714     0.009444      0
-0.371429     0.009554      0
-0.357143     0.009772      0
-0.342857     0.009922      0
-0.328571     0.01006      0
-0.314286     0.010182      0
-0.3     0.010368      0
-0.285714     0.010658      0
-0.271429     0.010868      0
-0.257143     0.011102      0
-0.242857     0.011304      0
-0.228571     0.01161      0
-0.214286     0.012074      0
-0.2     0.012456      0
-0.185714     0.012948      0
-0.171429     0.013596      0
-0.157143     0.014492      0
-0.142857     0.015364      0
-0.128571     0.017806      0
-0.114286     0.0263025      0
-0.1     0.030968      0
-0.0857143     0.014498      0
-0.0714286     0.011024      0
-0.0571429     0.00917      0
-0.0428571     0.007698      0
-0.0285714     0.00663      0
-0.0142857     0.005651      0
0     0      0
0.0142857     0      0
0.0285714     0      0.0120145
0.0428571     0      0.016232
0.0571429     0      0.013794
0.0714286     0      0.013
0.0857143     0      0.012916
0.1     0      0.013234
0.114286     0      0.014172
0.128571     0      0.016919
0.142857     0      0.014152
0.157143     0      0.012766
0.171429     0      0.012068
0.185714     0      0.01156
0.2     0      0.011176
0.214286     0      0.010764
0.228571     0      0.0105
0.242857     0      0.01025
0.257143     0      0.010006
0.271429     0      0.009828
0.285714     0      0.009666
0.3     0      0.009488
0.314286     0      0.00928
0.328571     0      0.009218
0.342857     0      0.009038
0.357143     0      0.008872
0.371429     0      0.008792
0.385714     0      0.008732
0.4     0      0.008482
0.414286     0      0.008468
0.428571     0      0.008378
0.442857     0      0.008214
0.457143     0      0.008156
0.471429     0      0.008058
0.485714     0      0.00801
0.5     0      0.007904
0.514286     0      0.007774
0.528571     0      0.00779
0.542857     0      0.007632
0.557143     0      0.007596
0.571429     0      0.00755
0.585714     0      0.007416
0.6     0      0.007392
0.614286     0      0.007356
0.628571     0      0.007182
0.642857     0      0.007248
0.657143     0      0.007116
0.671429     0      0.007052
0.685714     0      0.007012
0.7     0      0.006952
0.714286     0      0.006926
0.728571     0      0.006862
0.742857     0      0.00676
0.757143     0      0.006766
0.771429     0      0.00667
0.785714     0      0.006672
0.8     0      0.006602
0.814286     0      0.006546
0.828571     0      0.006476
0.842857     0      0.00647
0.857143     0      0.006396
0.871429     0      0.006362
0.885714     0      0.006354
0.9     0      0.006272
0.914286     0      0.006254
0.928571     0      0.00616
0.942857     0      0.006178
0.957143     0      0.006122
0.971429     0      0.00606
0.985714     0      0.00607
1     0      0.005992
1.01429     0      0.005978
1.02857     0      0.005974
1.04286     0      0.005866
1.05714     0      0.005864
1.07143     0      0.005832
1.08571     0      0.005782
1.1     0      0.005774
1.11429     0      0.00572
1.12857     0      0.005736
1.14286     0      0.005612
1.15714     0      0.005642
1.17143     0      0.005584
1.18571     0      0.00555
1.2     0      0.005552
1.21429     0      0.005556
1.22857     0      0.005454
1.24286     0      0.005416
1.25714     0      0.005434
1.27143     0      0.005418
1.28571     0      0.005354
1.3     0      0.005318
1.31429     0      0.005314
1.32857     0      0.005284
1.34286     0      0.005288
1.35714     0      0.005202
1.37143     0      0.005226
1.38571     0      0.005194
1.4     0      0.005138
1.41429     0      0.005138
1.42857     0      0.005104
1.44286     0      0.005074
1.45714     0      0.005084
1.47143     0      0.005026
1.48571     0      0.004988
1.5     0      0.004968
1.51429     0      0.005012
1.52857     0      0.004906
1.54286     0      0.004932
1.55714     0      0.0049
1.57143     0      0.004868
1.58571     0      0.004872
1.6     0      0.004802
1.61429     0      0.004812
1.62857     0      0.004788
1.64286     0      0.004774
1.65714     0      0.00474
1.67143     0      0.004736
1.68571     0      0.004702
1.7     0      0.004696
1.71429     0      0.00468
1.72857     0      0.00463
1.74286     0      0.004638
1.75714     0      0.00459
1.77143     0      0.00459
1.78571     0      0.004592
1.8     0      0.004536
1.81429     0      0.004524
1.82857     0      0.004532
1.84286     0      0.004508
1.85714     0      0.004472
1.87143     0      0.00449
1.88571     0      0.004412
1.9     0      0.004424
1.91429     0      0.00442
1.92857     0      0.004422
1.94286     0      0.004364
1.95714     0      0.004356
1.97143     0      0.004332
1.98571     0      0.004344
2     0      0.00431
2.01429     0      0.004288
2.02857     0      0.00428
2.04286     0      0.00426
2.05714     0      0.004232
2.07143     0      0.004248
2.08571     0      0.004194
2.1     0      0.004224
2.11429     0      0.004176
2.12857     0      0.004174
2.14286     0      0.004168
2.15714     0      0.0034605
2.17143     0      0
2.18571     0      0
2.2     0      0
2.21429     0      0
2.22857     0      0
2.24286     0      0
2.25714     0      0
2.27143     0      0
2.28571     0      0
2.3     0      0
2.31429     0      0
2.32857     0      0
2.34286     0      0
2.35714     0      0
2.37143     0      0
2.38571     0      0
2.4     0      0
2.41429     0      0
2.42857     0      0
2.44286     0      0
2.45714     0      0
2.47143     0      0
2.48571     0      0
2.5     0      0
2.51429     0      0
2.52857     0      0
2.54286     0      0
2.55714     0      0
2.57143     0      0
2.58571     0      0
2.6     0      0
2.61429     0      0
2.62857     0      0
2.64286     0      0
2.65714     0      0
2.67143     0      0
2.68571     0      0
2.7     0      0
2.71429     0      0
2.72857     0      0
2.74286     0      0
2.75714     0      0
2.77143     0      0
2.78571     0      0
2.8     0      0
2.81429     0      0
2.82857     0      0
2.84286     0      0
2.85714     0      0
2.87143     0      0
2.88571     0      0
2.9     0      0
2.91429     0      0
2.92857     0      0
2.94286     0      0
2.95714     0      0
2.97143     0      0
2.98571     0      0
3     0      0
3.01429     0      0
3.02857     0      0
3.04286     0      0
3.05714     0      0
3.07143     0      0
3.08571     0      0
3.1     0      0
3.11429     0      0
3.12857     0      0
3.14286     0      0
3.15714     0      0
3.17143     0      0
3.18571     0      0
3.2     0      0
3.21429     0      0
3.22857     0      0
3.24286     0      0
3.25714     0      0
3.27143     0      0
3.28571     0      0
3.3     0      0
3.31429     0      0
3.32857     0      0
3.34286     0      0
3.35714     0      0
3.37143     0      0
3.38571     0      0
3.4     0      0
3.41429     0      0
3.42857     0      0
3.44286     0      0
3.45714     0      0
3.47143     0      0
3.48571     0      0
3.5     0      0
3.51429     0      0
3.52857     0      0
3.54286     0      0
3.55714     0      0
3.57143     0      0
3.58571     0      0
3.6     0      0
3.61429     0      0
3.62857     0      0
3.64286     0      0
3.65714     0      0
3.67143     0      0
3.68571     0      0
3.7     0      0
3.71429     0      0
3.72857     0      0
3.74286     0      0
3.75714     0      0
3.77143     0      0
3.78571     0      0
3.8     0      0
3.81429     0      0
3.82857     0      0
3.84286     0      0
3.85714     0      0
3.87143     0      0
3.88571     0      0
3.9     0      0
3.91429     0      0
3.92857     0      0
3.94286     0      0
3.95714     0      0
3.97143     0      0
3.98571     0      0
4     0      0
4.01429     0      0
4.02857     0      0
4.04286     0      0
4.05714     0      0
4.07143     0      0
4.08571     0      0
4.1     0      0
4.11429     0      0
4.12857     0      0
4.14286     0      0
4.15714     0      0
4.17143     0      0
4.18571     0      0
4.2     0      0
4.21429     0      0
4.22857     0      0
4.24286     0      0
4.25714     0      0
4.27143     0      0
4.28571     0      0
4.3     0      0
4.31429     0      0
4.32857     0      0
4.34286     0      0
4.35714     0      0
4.37143     0      0
4.38571     0      0
4.4     0      0
4.41429     0      0
4.42857     0      0
4.44286     0      0
4.45714     0      0
4.47143     0      0
4.48571     0      0
4.5     0      0
4.51429     0      0
4.52857     0      0
4.54286     0      0
4.55714     0      0
4.57143     0      0
4.58571     0      0
4.6     0      0
4.61429     0      0
4.62857     0      0
4.64286     0      0
4.65714     0      0
4.67143     0      0
4.68571     0      0
4.7     0      0
4.71429     0      0
4.72857     0      0
4.74286     0      0
4.75714     0      0
4.77143     0      0
4.78571     0      0
4.8     0      0
4.81429     0      0
4.82857     0      0
4.84286     0      0
4.85714     0      0
4.87143     0      0
4.88571     0      0
4.9     0      0
4.91429     0      0
4.92857     0      0
4.94286     0      0
4.95714     0      0
4.97143     0      0
4.98571     0      0
