# U,mu,nA_up, nA_dn, nB_up, nB_dn, ms, mf, ntotal,mu,cint
#energy    dos_upn   dos_upp   dos_dnn  dos_dnp GRID=1000 bin=700
-5     0      0
-4.98571     0      0
-4.97143     0      0
-4.95714     0      0
-4.94286     0      0
-4.92857     0      0
-4.91429     0      0
-4.9     0      0
-4.88571     0      0
-4.87143     0      0
-4.85714     0      0
-4.84286     0      0
-4.82857     0      0
-4.81429     0      0
-4.8     0      0
-4.78571     0      0
-4.77143     0      0
-4.75714     0      0
-4.74286     0      0
-4.72857     0      0
-4.71429     0      0
-4.7     0      0
-4.68571     0      0
-4.67143     0      0
-4.65714     0      0
-4.64286     0      0
-4.62857     0      0
-4.61429     0      0
-4.6     0      0
-4.58571     0      0
-4.57143     0      0
-4.55714     0      0
-4.54286     0      0
-4.52857     0      0
-4.51429     0      0
-4.5     0      0
-4.48571     0      0
-4.47143     0      0
-4.45714     0      0
-4.44286     0      0
-4.42857     0      0
-4.41429     0      0
-4.4     0      0
-4.38571     0      0
-4.37143     0      0
-4.35714     0      0
-4.34286     0      0
-4.32857     0      0
-4.31429     0      0
-4.3     0      0
-4.28571     0      0
-4.27143     0      0
-4.25714     0      0
-4.24286     0      0
-4.22857     0      0
-4.21429     0      0
-4.2     0      0
-4.18571     0      0
-4.17143     0      0
-4.15714     0      0
-4.14286     0      0
-4.12857     0      0
-4.11429     0      0
-4.1     0      0
-4.08571     0      0
-4.07143     0      0
-4.05714     0      0
-4.04286     0      0
-4.02857     0      0
-4.01429     0      0
-4     0      0
-3.98571     0      0
-3.97143     0      0
-3.95714     0      0
-3.94286     0      0
-3.92857     0      0
-3.91429     0      0
-3.9     0      0
-3.88571     0      0
-3.87143     0      0
-3.85714     0      0
-3.84286     0      0
-3.82857     0      0
-3.81429     0      0
-3.8     0      0
-3.78571     0      0
-3.77143     0      0
-3.75714     0      0
-3.74286     0      0
-3.72857     0      0
-3.71429     0      0
-3.7     0      0
-3.68571     0      0
-3.67143     0      0
-3.65714     0      0
-3.64286     0      0
-3.62857     0      0
-3.61429     0      0
-3.6     0      0
-3.58571     0      0
-3.57143     0      0
-3.55714     0      0
-3.54286     0      0
-3.52857     0      0
-3.51429     0      0
-3.5     0      0
-3.48571     0      0
-3.47143     0      0
-3.45714     0      0
-3.44286     0      0
-3.42857     0      0
-3.41429     0      0
-3.4     0      0
-3.38571     0      0
-3.37143     0      0
-3.35714     0      0
-3.34286     0      0
-3.32857     0      0
-3.31429     0      0
-3.3     0      0
-3.28571     0      0
-3.27143     0      0
-3.25714     0      0
-3.24286     0      0
-3.22857     0      0
-3.21429     0      0
-3.2     0      0
-3.18571     0      0
-3.17143     0      0
-3.15714     0      0
-3.14286     0      0
-3.12857     0      0
-3.11429     0      0
-3.1     0      0
-3.08571     0      0
-3.07143     0      0
-3.05714     0      0
-3.04286     0      0
-3.02857     0      0
-3.01429     0      0
-3     0      0
-2.98571     0      0
-2.97143     0      0
-2.95714     0      0
-2.94286     0      0
-2.92857     0      0
-2.91429     0      0
-2.9     0      0
-2.88571     0      0
-2.87143     0      0
-2.85714     0      0
-2.84286     0      0
-2.82857     0      0
-2.81429     0      0
-2.8     0      0
-2.78571     0      0
-2.77143     0      0
-2.75714     0      0
-2.74286     0      0
-2.72857     0      0
-2.71429     0      0
-2.7     0      0
-2.68571     0      0
-2.67143     0      0
-2.65714     0      0
-2.64286     0      0
-2.62857     0      0
-2.61429     0      0
-2.6     0      0
-2.58571     0      0
-2.57143     0      0
-2.55714     0      0
-2.54286     0      0
-2.52857     0      0
-2.51429     0      0
-2.5     0      0
-2.48571     0      0
-2.47143     0      0
-2.45714     0      0
-2.44286     0      0
-2.42857     0      0
-2.41429     0      0
-2.4     0      0
-2.38571     0      0
-2.37143     0      0
-2.35714     0      0
-2.34286     0      0
-2.32857     0      0
-2.31429     0      0
-2.3     0      0
-2.28571     0      0
-2.27143     0      0
-2.25714     0      0
-2.24286     0      0
-2.22857     0      0
-2.21429     0      0
-2.2     0      0
-2.18571     0      0
-2.17143     0      0
-2.15714     0      0
-2.14286     2.25655e-255      0
-2.12857     6.91391e-254      0
-2.11429     1.25203e-248      0
-2.1     2.75815e-247      0
-2.08571     2.77721e-247      0
-2.07143     2.77933e-247      0
-2.05714     1.18267e-241      0
-2.04286     1.10326e-240      0
-2.02857     1.10284e-240      0
-2.01429     1.11215e-240      0
-2     9.54184e-235      0
-1.98571     4.40118e-234      0
-1.97143     4.41135e-234      0
-1.95714     4.42829e-234      0
-1.94286     6.55435e-228      0
-1.92857     1.75709e-227      0
-1.91429     1.75505e-227      0
-1.9     1.76928e-227      0
-1.88571     3.98241e-221      0
-1.87143     6.99311e-221      0
-1.85714     7.02292e-221      0
-1.84286     7.07442e-221      0
-1.82857     0.0044485      0
-1.81429     0.005076      0
-1.8     0.005104      0
-1.78571     0.005122      0
-1.77143     0.005138      0
-1.75714     0.005134      0
-1.74286     0.005196      0
-1.72857     0.005172      0
-1.71429     0.005224      0
-1.7     0.005234      0
-1.68571     0.00525      0
-1.67143     0.005272      0
-1.65714     0.005288      0
-1.64286     0.005316      0
-1.62857     0.00535      0
-1.61429     0.005356      0
-1.6     0.005372      0
-1.58571     0.00538      0
-1.57143     0.00544      0
-1.55714     0.005432      0
-1.54286     0.005456      0
-1.52857     0.005488      0
-1.51429     0.00551      0
-1.5     0.005546      0
-1.48571     0.005546      0
-1.47143     0.005568      0
-1.45714     0.0056      0
-1.44286     0.005632      0
-1.42857     0.00564      0
-1.41429     0.00568      0
-1.4     0.005704      0
-1.38571     0.005714      0
-1.37143     0.005784      0
-1.35714     0.005776      0
-1.34286     0.005772      0
-1.32857     0.005852      0
-1.31429     0.005858      0
-1.3     0.005862      0
-1.28571     0.005954      0
-1.27143     0.005938      0
-1.25714     0.005958      0
-1.24286     0.005988      0
-1.22857     0.006046      0
-1.21429     0.006042      0
-1.2     0.006104      0
-1.18571     0.0061      0
-1.17143     0.00615      0
-1.15714     0.00621      0
-1.14286     0.0062      0
-1.12857     0.006252      0
-1.11429     0.006268      0
-1.1     0.0063      0
-1.08571     0.006336      0
-1.07143     0.006422      0
-1.05714     0.00638      0
-1.04286     0.006496      0
-1.02857     0.006484      0
-1.01429     0.00654      0
-1     0.006536      0
-0.985714     0.006594      0
-0.971429     0.006668      0
-0.957143     0.006668      0
-0.942857     0.006712      0
-0.928571     0.006796      0
-0.914286     0.006768      0
-0.9     0.006892      0
-0.885714     0.006876      0
-0.871429     0.006948      0
-0.857143     0.00697      0
-0.842857     0.007052      0
-0.828571     0.007064      0
-0.814286     0.007102      0
-0.8     0.007188      0
-0.785714     0.007208      0
-0.771429     0.007296      0
-0.757143     0.00734      0
-0.742857     0.007376      0
-0.728571     0.007446      0
-0.714286     0.007476      0
-0.7     0.007576      0
-0.685714     0.007592      0
-0.671429     0.007708      0
-0.657143     0.007752      0
-0.642857     0.007824      0
-0.628571     0.007818      0
-0.614286     0.007982      0
-0.6     0.00799      0
-0.585714     0.008102      0
-0.571429     0.008168      0
-0.557143     0.008244      0
-0.542857     0.008296      0
-0.528571     0.008402      0
-0.514286     0.008502      0
-0.5     0.008586      0
-0.485714     0.00866      0
-0.471429     0.008754      0
-0.457143     0.008848      0
-0.442857     0.008956      0
-0.428571     0.009108      0
-0.414286     0.00922      0
-0.4     0.009294      0
-0.385714     0.009462      0
-0.371429     0.009584      0
-0.357143     0.009628      0
-0.342857     0.009942      0
-0.328571     0.01004      0
-0.314286     0.010228      0
-0.3     0.010388      0
-0.285714     0.010548      0
-0.271429     0.010848      0
-0.257143     0.011098      0
-0.242857     0.01135      0
-0.228571     0.011668      0
-0.214286     0.011982      0
-0.2     0.012356      0
-0.185714     0.01298      0
-0.171429     0.01362      0
-0.157143     0.014416      0
-0.142857     0.015748      0
-0.128571     0.017844      0
-0.114286     0.0268185      0
-0.1     0.032034      0
-0.0857143     0.01496      0
-0.0714286     0.011432      0
-0.0571429     0.009442      0
-0.0428571     0.007966      0
-0.0285714     0.006876      0
-0.0142857     0.005923      0
0     0      0
0.0142857     0      0
0.0285714     0      0
0.0428571     0      0.0137105
0.0571429     0      0.016366
0.0714286     0      0.013986
0.0857143     0      0.013288
0.1     0      0.013204
0.114286     0      0.013558
0.128571     0      0.014614
0.142857     0      0.017267
0.157143     0      0.014198
0.171429     0      0.0129
0.185714     0      0.01211
0.2     0      0.011564
0.214286     0      0.011166
0.228571     0      0.010776
0.242857     0      0.010504
0.257143     0      0.010292
0.271429     0      0.010008
0.285714     0      0.009828
0.3     0      0.009642
0.314286     0      0.009476
0.328571     0      0.009292
0.342857     0      0.009144
0.357143     0      0.009024
0.371429     0      0.008862
0.385714     0      0.008806
0.4     0      0.008654
0.414286     0      0.00851
0.428571     0      0.008436
0.442857     0      0.008364
0.457143     0      0.008186
0.471429     0      0.008164
0.485714     0      0.008038
0.5     0      0.007936
0.514286     0      0.007898
0.528571     0      0.007776
0.542857     0      0.007742
0.557143     0      0.007676
0.571429     0      0.007496
0.585714     0      0.007518
0.6     0      0.007442
0.614286     0      0.007334
0.628571     0      0.007318
0.642857     0      0.00722
0.657143     0      0.007192
0.671429     0      0.007092
0.685714     0      0.00707
0.7     0      0.006954
0.714286     0      0.006976
0.728571     0      0.00683
0.742857     0      0.006846
0.757143     0      0.006808
0.771429     0      0.006718
0.785714     0      0.006634
0.8     0      0.006636
0.814286     0      0.006608
0.828571     0      0.006516
0.842857     0      0.006468
0.857143     0      0.006466
0.871429     0      0.006406
0.885714     0      0.006336
0.9     0      0.006282
0.914286     0      0.006248
0.928571     0      0.00627
0.942857     0      0.006202
0.957143     0      0.006142
0.971429     0      0.006088
0.985714     0      0.006036
1     0      0.006034
1.01429     0      0.00598
1.02857     0      0.005994
1.04286     0      0.005894
1.05714     0      0.00591
1.07143     0      0.005804
1.08571     0      0.00583
1.1     0      0.00576
1.11429     0      0.005778
1.12857     0      0.005702
1.14286     0      0.005674
1.15714     0      0.005656
1.17143     0      0.005602
1.18571     0      0.00561
1.2     0      0.005556
1.21429     0      0.005522
1.22857     0      0.005486
1.24286     0      0.005478
1.25714     0      0.005422
1.27143     0      0.00542
1.28571     0      0.005416
1.3     0      0.00533
1.31429     0      0.005316
1.32857     0      0.005314
1.34286     0      0.005268
1.35714     0      0.005228
1.37143     0      0.005218
1.38571     0      0.00521
1.4     0      0.005164
1.41429     0      0.005146
1.42857     0      0.005142
1.44286     0      0.00505
1.45714     0      0.00509
1.47143     0      0.005056
1.48571     0      0.00501
1.5     0      0.004996
1.51429     0      0.004958
1.52857     0      0.004972
1.54286     0      0.004934
1.55714     0      0.004916
1.57143     0      0.004892
1.58571     0      0.004862
1.6     0      0.004804
1.61429     0      0.00485
1.62857     0      0.004784
1.64286     0      0.00482
1.65714     0      0.00475
1.67143     0      0.00473
1.68571     0      0.004684
1.7     0      0.0047
1.71429     0      0.004696
1.72857     0      0.004648
1.74286     0      0.004626
1.75714     0      0.004632
1.77143     0      0.004624
1.78571     0      0.004562
1.8     0      0.00458
1.81429     0      0.004528
1.82857     0      0.004524
1.84286     0      0.004512
1.85714     0      0.004492
1.87143     0      0.004466
1.88571     0      0.004468
1.9     0      0.004428
1.91429     0      0.004428
1.92857     0      0.004384
1.94286     0      0.004396
1.95714     0      0.004348
1.97143     0      0.004376
1.98571     0      0.004346
2     0      0.004322
2.01429     0      0.004304
2.02857     0      0.004284
2.04286     0      0.004246
2.05714     0      0.00427
2.07143     0      0.004258
2.08571     0      0.004224
2.1     0      0.00418
2.11429     0      0.004206
2.12857     0      0.004168
2.14286     0      0.00418
2.15714     0      0.004146
2.17143     0      0.0013085
2.18571     0      1.65039e-30
2.2     0      5.70107e-63
2.21429     0      8.07345e-83
2.22857     0      1.33552e-96
2.24286     0      1.0457e-115
2.25714     0      7.7871e-129
2.27143     0      4.57022e-136
2.28571     0      1.11101e-148
2.3     0      1.35074e-155
2.31429     0      7.4785e-163
2.32857     0      5.86475e-188
2.34286     0      5.837e-188
2.35714     0      5.83145e-188
2.37143     0      5.79536e-188
2.38571     0      1.1692e-188
2.4     0      0
2.41429     0      0
2.42857     0      0
2.44286     0      0
2.45714     0      0
2.47143     0      0
2.48571     0      0
2.5     0      0
2.51429     0      0
2.52857     0      0
2.54286     0      0
2.55714     0      0
2.57143     0      0
2.58571     0      0
2.6     0      0
2.61429     0      0
2.62857     0      0
2.64286     0      0
2.65714     0      0
2.67143     0      0
2.68571     0      0
2.7     0      0
2.71429     0      0
2.72857     0      0
2.74286     0      0
2.75714     0      0
2.77143     0      0
2.78571     0      0
2.8     0      0
2.81429     0      0
2.82857     0      0
2.84286     0      0
2.85714     0      0
2.87143     0      0
2.88571     0      0
2.9     0      0
2.91429     0      0
2.92857     0      0
2.94286     0      0
2.95714     0      0
2.97143     0      0
2.98571     0      0
3     0      0
3.01429     0      0
3.02857     0      0
3.04286     0      0
3.05714     0      0
3.07143     0      0
3.08571     0      0
3.1     0      0
3.11429     0      0
3.12857     0      0
3.14286     0      0
3.15714     0      0
3.17143     0      0
3.18571     0      0
3.2     0      0
3.21429     0      0
3.22857     0      0
3.24286     0      0
3.25714     0      0
3.27143     0      0
3.28571     0      0
3.3     0      0
3.31429     0      0
3.32857     0      0
3.34286     0      0
3.35714     0      0
3.37143     0      0
3.38571     0      0
3.4     0      0
3.41429     0      0
3.42857     0      0
3.44286     0      0
3.45714     0      0
3.47143     0      0
3.48571     0      0
3.5     0      0
3.51429     0      0
3.52857     0      0
3.54286     0      0
3.55714     0      0
3.57143     0      0
3.58571     0      0
3.6     0      0
3.61429     0      0
3.62857     0      0
3.64286     0      0
3.65714     0      0
3.67143     0      0
3.68571     0      0
3.7     0      0
3.71429     0      0
3.72857     0      0
3.74286     0      0
3.75714     0      0
3.77143     0      0
3.78571     0      0
3.8     0      0
3.81429     0      0
3.82857     0      0
3.84286     0      0
3.85714     0      0
3.87143     0      0
3.88571     0      0
3.9     0      0
3.91429     0      0
3.92857     0      0
3.94286     0      0
3.95714     0      0
3.97143     0      0
3.98571     0      0
4     0      0
4.01429     0      0
4.02857     0      0
4.04286     0      0
4.05714     0      0
4.07143     0      0
4.08571     0      0
4.1     0      0
4.11429     0      0
4.12857     0      0
4.14286     0      0
4.15714     0      0
4.17143     0      0
4.18571     0      0
4.2     0      0
4.21429     0      0
4.22857     0      0
4.24286     0      0
4.25714     0      0
4.27143     0      0
4.28571     0      0
4.3     0      0
4.31429     0      0
4.32857     0      0
4.34286     0      0
4.35714     0      0
4.37143     0      0
4.38571     0      0
4.4     0      0
4.41429     0      0
4.42857     0      0
4.44286     0      0
4.45714     0      0
4.47143     0      0
4.48571     0      0
4.5     0      0
4.51429     0      0
4.52857     0      0
4.54286     0      0
4.55714     0      0
4.57143     0      0
4.58571     0      0
4.6     0      0
4.61429     0      0
4.62857     0      0
4.64286     0      0
4.65714     0      0
4.67143     0      0
4.68571     0      0
4.7     0      0
4.71429     0      0
4.72857     0      0
4.74286     0      0
4.75714     0      0
4.77143     0      0
4.78571     0      0
4.8     0      0
4.81429     0      0
4.82857     0      0
4.84286     0      0
4.85714     0      0
4.87143     0      0
4.88571     0      0
4.9     0      0
4.91429     0      0
4.92857     0      0
4.94286     0      0
4.95714     0      0
4.97143     0      0
4.98571     0      0
