# U,mu,nA_up, nA_dn, nB_up, nB_dn, ms, mf, ntotal,mu,cint
#energy    dos_upn   dos_upp   dos_dnn  dos_dnp GRID=1000 bin=700
-5     0      0
-4.98571     0      0
-4.97143     0      0
-4.95714     0      0
-4.94286     0      0
-4.92857     0      0
-4.91429     0      0
-4.9     0      0
-4.88571     0      0
-4.87143     0      0
-4.85714     0      0
-4.84286     0      0
-4.82857     0      0
-4.81429     0      0
-4.8     0      0
-4.78571     0      0
-4.77143     0      0
-4.75714     0      0
-4.74286     0      0
-4.72857     0      0
-4.71429     0      0
-4.7     0      0
-4.68571     0      0
-4.67143     0      0
-4.65714     0      0
-4.64286     0      0
-4.62857     0      0
-4.61429     0      0
-4.6     0      0
-4.58571     0      0
-4.57143     0      0
-4.55714     0      0
-4.54286     0      0
-4.52857     0      0
-4.51429     0      0
-4.5     0      0
-4.48571     0      0
-4.47143     0      0
-4.45714     0      0
-4.44286     0      0
-4.42857     0      0
-4.41429     0      0
-4.4     0      0
-4.38571     0      0
-4.37143     0      0
-4.35714     0      0
-4.34286     0      0
-4.32857     0      0
-4.31429     0      0
-4.3     0      0
-4.28571     0      0
-4.27143     0      0
-4.25714     0      0
-4.24286     0      0
-4.22857     0      0
-4.21429     0      0
-4.2     0      0
-4.18571     0      0
-4.17143     0      0
-4.15714     0      0
-4.14286     0      0
-4.12857     0      0
-4.11429     0      0
-4.1     0      0
-4.08571     0      0
-4.07143     0      0
-4.05714     0      0
-4.04286     0      0
-4.02857     0      0
-4.01429     0      0
-4     0      0
-3.98571     0      0
-3.97143     0      0
-3.95714     0      0
-3.94286     0      0
-3.92857     0      0
-3.91429     0      0
-3.9     0      0
-3.88571     0      0
-3.87143     0      0
-3.85714     0      0
-3.84286     0      0
-3.82857     0      0
-3.81429     0      0
-3.8     0      0
-3.78571     0      0
-3.77143     0      0
-3.75714     0      0
-3.74286     0      0
-3.72857     0      0
-3.71429     0      0
-3.7     0      0
-3.68571     0      0
-3.67143     0      0
-3.65714     0      0
-3.64286     0      0
-3.62857     0      0
-3.61429     0      0
-3.6     0      0
-3.58571     0      0
-3.57143     0      0
-3.55714     0      0
-3.54286     0      0
-3.52857     0      0
-3.51429     0      0
-3.5     0      0
-3.48571     0      0
-3.47143     0      0
-3.45714     0      0
-3.44286     0      0
-3.42857     0      0
-3.41429     0      0
-3.4     0      0
-3.38571     0      0
-3.37143     0      0
-3.35714     0      0
-3.34286     0      0
-3.32857     0      0
-3.31429     0      0
-3.3     0      0
-3.28571     0      0
-3.27143     0      0
-3.25714     0      0
-3.24286     0      0
-3.22857     0      0
-3.21429     0      0
-3.2     0      0
-3.18571     0      0
-3.17143     0      0
-3.15714     0      0
-3.14286     0      0
-3.12857     0      0
-3.11429     0      0
-3.1     0      0
-3.08571     0      0
-3.07143     0      0
-3.05714     0      0
-3.04286     0      0
-3.02857     0      0
-3.01429     0      0
-3     0      0
-2.98571     0      0
-2.97143     0      0
-2.95714     0      0
-2.94286     0      0
-2.92857     0      0
-2.91429     0      0
-2.9     0      0
-2.88571     0      0
-2.87143     0      0
-2.85714     0      0
-2.84286     0      0
-2.82857     0      0
-2.81429     0      0
-2.8     0      0
-2.78571     0      0
-2.77143     0      0
-2.75714     0      0
-2.74286     0      0
-2.72857     0      0
-2.71429     0      0
-2.7     0      0
-2.68571     0      0
-2.67143     0      0
-2.65714     0      0
-2.64286     0      0
-2.62857     0      0
-2.61429     0      0
-2.6     0      0
-2.58571     0      0
-2.57143     0      0
-2.55714     0      0
-2.54286     0      0
-2.52857     0      0
-2.51429     0      0
-2.5     0      0
-2.48571     0      0
-2.47143     0      0
-2.45714     0      0
-2.44286     0      0
-2.42857     0      0
-2.41429     0      0
-2.4     0      0
-2.38571     0      0
-2.37143     0      0
-2.35714     0      0
-2.34286     0      0
-2.32857     0      0
-2.31429     0      0
-2.3     0      0
-2.28571     0      0
-2.27143     0      0
-2.25714     0      0
-2.24286     0      0
-2.22857     0      0
-2.21429     0      0
-2.2     0      0
-2.18571     0      0
-2.17143     0      0
-2.15714     0      0
-2.14286     1.51434e-169      0
-2.12857     4.63984e-168      0
-2.11429     8.40221e-163      0
-2.1     1.85096e-161      0
-2.08571     1.86375e-161      0
-2.07143     1.86518e-161      0
-2.05714     7.93678e-156      0
-2.04286     7.40386e-155      0
-2.02857     7.40102e-155      0
-2.01429     7.46354e-155      0
-2     6.40342e-149      0
-1.98571     2.95358e-148      0
-1.97143     2.96041e-148      0
-1.95714     2.97177e-148      0
-1.94286     4.39855e-142      0
-1.92857     1.17916e-141      0
-1.91429     1.1778e-141      0
-1.9     1.18735e-141      0
-1.88571     2.67255e-135      0
-1.87143     4.69299e-135      0
-1.85714     4.713e-135      0
-1.84286     4.74756e-135      0
-1.82857     1.4983e-128      0
-1.81429     1.87065e-128      0
-1.8     1.89248e-128      0
-1.78571     0.0041385      0
-1.77143     0.005082      0
-1.75714     0.005096      0
-1.74286     0.005126      0
-1.72857     0.005152      0
-1.71429     0.005154      0
-1.7     0.005192      0
-1.68571     0.005188      0
-1.67143     0.005214      0
-1.65714     0.00525      0
-1.64286     0.005258      0
-1.62857     0.005278      0
-1.61429     0.005296      0
-1.6     0.005334      0
-1.58571     0.00533      0
-1.57143     0.005356      0
-1.55714     0.00539      0
-1.54286     0.005404      0
-1.52857     0.005424      0
-1.51429     0.00544      0
-1.5     0.005478      0
-1.48571     0.005488      0
-1.47143     0.005542      0
-1.45714     0.00553      0
-1.44286     0.005562      0
-1.42857     0.005596      0
-1.41429     0.00562      0
-1.4     0.005612      0
-1.38571     0.005664      0
-1.37143     0.005704      0
-1.35714     0.005708      0
-1.34286     0.00575      0
-1.32857     0.005756      0
-1.31429     0.0058      0
-1.3     0.005788      0
-1.28571     0.005864      0
-1.27143     0.005866      0
-1.25714     0.005874      0
-1.24286     0.005962      0
-1.22857     0.005966      0
-1.21429     0.00597      0
-1.2     0.006012      0
-1.18571     0.006054      0
-1.17143     0.00609      0
-1.15714     0.006088      0
-1.14286     0.006124      0
-1.12857     0.006152      0
-1.11429     0.006256      0
-1.1     0.00622      0
-1.08571     0.006248      0
-1.07143     0.0063      0
-1.05714     0.006362      0
-1.04286     0.006364      0
-1.02857     0.006424      0
-1.01429     0.006436      0
-1     0.006448      0
-0.985714     0.006516      0
-0.971429     0.006556      0
-0.957143     0.0066      0
-0.942857     0.006662      0
-0.928571     0.006634      0
-0.914286     0.00674      0
-0.9     0.006796      0
-0.885714     0.006772      0
-0.871429     0.006844      0
-0.857143     0.006862      0
-0.842857     0.006968      0
-0.828571     0.006932      0
-0.814286     0.007056      0
-0.8     0.00706      0
-0.785714     0.007168      0
-0.771429     0.00718      0
-0.757143     0.007198      0
-0.742857     0.007312      0
-0.728571     0.007316      0
-0.714286     0.007388      0
-0.7     0.007484      0
-0.685714     0.007488      0
-0.671429     0.007554      0
-0.657143     0.007642      0
-0.642857     0.00767      0
-0.628571     0.007774      0
-0.614286     0.007852      0
-0.6     0.00787      0
-0.585714     0.00801      0
-0.571429     0.008014      0
-0.557143     0.00813      0
-0.542857     0.008208      0
-0.528571     0.008248      0
-0.514286     0.008396      0
-0.5     0.008466      0
-0.485714     0.008552      0
-0.471429     0.00865      0
-0.457143     0.008736      0
-0.442857     0.008882      0
-0.428571     0.008964      0
-0.414286     0.00909      0
-0.4     0.009192      0
-0.385714     0.009364      0
-0.371429     0.009472      0
-0.357143     0.009632      0
-0.342857     0.009814      0
-0.328571     0.009944      0
-0.314286     0.010138      0
-0.3     0.01032      0
-0.285714     0.010588      0
-0.271429     0.010778      0
-0.257143     0.011064      0
-0.242857     0.01136      0
-0.228571     0.011712      0
-0.214286     0.012138      0
-0.2     0.012604      0
-0.185714     0.013172      0
-0.171429     0.013912      0
-0.157143     0.01486      0
-0.142857     0.016696      0
-0.128571     0.018856      0
-0.114286     0.0274785      0
-0.1     0.040312      0
-0.0857143     0.01791      0
-0.0714286     0.013634      0
-0.0571429     0.011292      0
-0.0428571     0.009734      0
-0.0285714     0.008474      0
-0.0142857     0.007529      0
0     0      0
0.0142857     0      0
0.0285714     0      0
0.0428571     0      0
0.0571429     0      0
0.0714286     0      0
0.0857143     0      0
0.1     0      0
0.114286     0      0
0.128571     0      0.0044225
0.142857     0      0.02232
0.157143     0      0.01687
0.171429     0      0.015404
0.185714     0      0.014898
0.2     0      0.014974
0.214286     0      0.01582
0.228571     0      0.019073
0.242857     0      0.017036
0.257143     0      0.014388
0.271429     0      0.013198
0.285714     0      0.01241
0.3     0      0.0118
0.314286     0      0.011234
0.328571     0      0.010948
0.342857     0      0.010542
0.357143     0      0.010306
0.371429     0      0.010022
0.385714     0      0.009836
0.4     0      0.009574
0.414286     0      0.009406
0.428571     0      0.009226
0.442857     0      0.009092
0.457143     0      0.008936
0.471429     0      0.008786
0.485714     0      0.008706
0.5     0      0.008486
0.514286     0      0.00841
0.528571     0      0.008348
0.542857     0      0.008214
0.557143     0      0.008066
0.571429     0      0.008032
0.585714     0      0.007926
0.6     0      0.007842
0.614286     0      0.007748
0.628571     0      0.007664
0.642857     0      0.007592
0.657143     0      0.00751
0.671429     0      0.00742
0.685714     0      0.0074
0.7     0      0.0073
0.714286     0      0.007238
0.728571     0      0.007158
0.742857     0      0.007118
0.757143     0      0.007024
0.771429     0      0.006988
0.785714     0      0.00692
0.8     0      0.006924
0.814286     0      0.006752
0.828571     0      0.006784
0.842857     0      0.006712
0.857143     0      0.006676
0.871429     0      0.006584
0.885714     0      0.0066
0.9     0      0.006488
0.914286     0      0.006462
0.928571     0      0.006408
0.942857     0      0.006382
0.957143     0      0.00629
0.971429     0      0.0063
0.985714     0      0.00623
1     0      0.00622
1.01429     0      0.006188
1.02857     0      0.006112
1.04286     0      0.006062
1.05714     0      0.006036
1.07143     0      0.005996
1.08571     0      0.005982
1.1     0      0.005934
1.11429     0      0.005902
1.12857     0      0.005812
1.14286     0      0.005838
1.15714     0      0.005768
1.17143     0      0.005762
1.18571     0      0.005764
1.2     0      0.005656
1.21429     0      0.005654
1.22857     0      0.005604
1.24286     0      0.005578
1.25714     0      0.005572
1.27143     0      0.005572
1.28571     0      0.00545
1.3     0      0.005476
1.31429     0      0.00543
1.32857     0      0.005446
1.34286     0      0.005374
1.35714     0      0.005362
1.37143     0      0.00531
1.38571     0      0.005322
1.4     0      0.005266
1.41429     0      0.005206
1.42857     0      0.00523
1.44286     0      0.005216
1.45714     0      0.005132
1.47143     0      0.005216
1.48571     0      0.005082
1.5     0      0.005074
1.51429     0      0.005068
1.52857     0      0.005038
1.54286     0      0.005024
1.55714     0      0.005002
1.57143     0      0.004972
1.58571     0      0.004954
1.6     0      0.004908
1.61429     0      0.00492
1.62857     0      0.004866
1.64286     0      0.004884
1.65714     0      0.00484
1.67143     0      0.004828
1.68571     0      0.004796
1.7     0      0.004744
1.71429     0      0.004768
1.72857     0      0.004762
1.74286     0      0.004676
1.75714     0      0.004704
1.77143     0      0.004696
1.78571     0      0.00464
1.8     0      0.004622
1.81429     0      0.00463
1.82857     0      0.004586
1.84286     0      0.004582
1.85714     0      0.004552
1.87143     0      0.004552
1.88571     0      0.004522
1.9     0      0.0045
1.91429     0      0.004484
1.92857     0      0.004472
1.94286     0      0.004442
1.95714     0      0.004426
1.97143     0      0.004426
1.98571     0      0.004402
2     0      0.004368
2.01429     0      0.004386
2.02857     0      0.004324
2.04286     0      0.004342
2.05714     0      0.004316
2.07143     0      0.004284
2.08571     0      0.004302
2.1     0      0.004246
2.11429     0      0.00427
2.12857     0      0.00422
2.14286     0      0.004232
2.15714     0      0.004194
2.17143     0      0.004186
2.18571     0      0.00418
2.2     0      0.004158
2.21429     0      0.0028765
2.22857     0      8.96251e-11
2.24286     0      7.01758e-30
2.25714     0      5.22583e-43
2.27143     0      3.06702e-50
2.28571     0      7.45583e-63
2.3     0      9.06468e-70
2.31429     0      5.01873e-77
2.32857     0      3.93577e-102
2.34286     0      3.91714e-102
2.35714     0      3.91342e-102
2.37143     0      3.8892e-102
2.38571     0      7.84639e-103
2.4     0      0
2.41429     0      0
2.42857     0      0
2.44286     0      0
2.45714     0      0
2.47143     0      0
2.48571     0      0
2.5     0      0
2.51429     0      0
2.52857     0      0
2.54286     0      0
2.55714     0      0
2.57143     0      0
2.58571     0      0
2.6     0      0
2.61429     0      0
2.62857     0      0
2.64286     0      0
2.65714     0      0
2.67143     0      0
2.68571     0      0
2.7     0      0
2.71429     0      0
2.72857     0      0
2.74286     0      0
2.75714     0      0
2.77143     0      0
2.78571     0      0
2.8     0      0
2.81429     0      0
2.82857     0      0
2.84286     0      0
2.85714     0      0
2.87143     0      0
2.88571     0      0
2.9     0      0
2.91429     0      0
2.92857     0      0
2.94286     0      0
2.95714     0      0
2.97143     0      0
2.98571     0      0
3     0      0
3.01429     0      0
3.02857     0      0
3.04286     0      0
3.05714     0      0
3.07143     0      0
3.08571     0      0
3.1     0      0
3.11429     0      0
3.12857     0      0
3.14286     0      0
3.15714     0      0
3.17143     0      0
3.18571     0      0
3.2     0      0
3.21429     0      0
3.22857     0      0
3.24286     0      0
3.25714     0      0
3.27143     0      0
3.28571     0      0
3.3     0      0
3.31429     0      0
3.32857     0      0
3.34286     0      0
3.35714     0      0
3.37143     0      0
3.38571     0      0
3.4     0      0
3.41429     0      0
3.42857     0      0
3.44286     0      0
3.45714     0      0
3.47143     0      0
3.48571     0      0
3.5     0      0
3.51429     0      0
3.52857     0      0
3.54286     0      0
3.55714     0      0
3.57143     0      0
3.58571     0      0
3.6     0      0
3.61429     0      0
3.62857     0      0
3.64286     0      0
3.65714     0      0
3.67143     0      0
3.68571     0      0
3.7     0      0
3.71429     0      0
3.72857     0      0
3.74286     0      0
3.75714     0      0
3.77143     0      0
3.78571     0      0
3.8     0      0
3.81429     0      0
3.82857     0      0
3.84286     0      0
3.85714     0      0
3.87143     0      0
3.88571     0      0
3.9     0      0
3.91429     0      0
3.92857     0      0
3.94286     0      0
3.95714     0      0
3.97143     0      0
3.98571     0      0
4     0      0
4.01429     0      0
4.02857     0      0
4.04286     0      0
4.05714     0      0
4.07143     0      0
4.08571     0      0
4.1     0      0
4.11429     0      0
4.12857     0      0
4.14286     0      0
4.15714     0      0
4.17143     0      0
4.18571     0      0
4.2     0      0
4.21429     0      0
4.22857     0      0
4.24286     0      0
4.25714     0      0
4.27143     0      0
4.28571     0      0
4.3     0      0
4.31429     0      0
4.32857     0      0
4.34286     0      0
4.35714     0      0
4.37143     0      0
4.38571     0      0
4.4     0      0
4.41429     0      0
4.42857     0      0
4.44286     0      0
4.45714     0      0
4.47143     0      0
4.48571     0      0
4.5     0      0
4.51429     0      0
4.52857     0      0
4.54286     0      0
4.55714     0      0
4.57143     0      0
4.58571     0      0
4.6     0      0
4.61429     0      0
4.62857     0      0
4.64286     0      0
4.65714     0      0
4.67143     0      0
4.68571     0      0
4.7     0      0
4.71429     0      0
4.72857     0      0
4.74286     0      0
4.75714     0      0
4.77143     0      0
4.78571     0      0
4.8     0      0
4.81429     0      0
4.82857     0      0
4.84286     0      0
4.85714     0      0
4.87143     0      0
4.88571     0      0
4.9     0      0
4.91429     0      0
4.92857     0      0
4.94286     0      0
4.95714     0      0
4.97143     0      0
4.98571     0      0
