# U,mu,nA_up, nA_dn, nB_up, nB_dn, ms, mf, ntotal,mu,cint
#energy    dos_upn   dos_upp   dos_dnn  dos_dnp GRID=1000 bin=700
-5     0      0
-4.98571     0      0
-4.97143     0      0
-4.95714     0      0
-4.94286     0      0
-4.92857     0      0
-4.91429     0      0
-4.9     0      0
-4.88571     0      0
-4.87143     0      0
-4.85714     0      0
-4.84286     0      0
-4.82857     0      0
-4.81429     0      0
-4.8     0      0
-4.78571     0      0
-4.77143     0      0
-4.75714     0      0
-4.74286     0      0
-4.72857     0      0
-4.71429     0      0
-4.7     0      0
-4.68571     0      0
-4.67143     0      0
-4.65714     0      0
-4.64286     0      0
-4.62857     0      0
-4.61429     0      0
-4.6     0      0
-4.58571     0      0
-4.57143     0      0
-4.55714     0      0
-4.54286     0      0
-4.52857     0      0
-4.51429     0      0
-4.5     0      0
-4.48571     0      0
-4.47143     0      0
-4.45714     0      0
-4.44286     0      0
-4.42857     0      0
-4.41429     0      0
-4.4     0      0
-4.38571     0      0
-4.37143     0      0
-4.35714     0      0
-4.34286     0      0
-4.32857     0      0
-4.31429     0      0
-4.3     0      0
-4.28571     0      0
-4.27143     0      0
-4.25714     0      0
-4.24286     0      0
-4.22857     0      0
-4.21429     0      0
-4.2     0      0
-4.18571     0      0
-4.17143     0      0
-4.15714     0      0
-4.14286     0      0
-4.12857     0      0
-4.11429     0      0
-4.1     0      0
-4.08571     0      0
-4.07143     0      0
-4.05714     0      0
-4.04286     0      0
-4.02857     0      0
-4.01429     0      0
-4     0      0
-3.98571     0      0
-3.97143     0      0
-3.95714     0      0
-3.94286     0      0
-3.92857     0      0
-3.91429     0      0
-3.9     0      0
-3.88571     0      0
-3.87143     0      0
-3.85714     0      0
-3.84286     0      0
-3.82857     0      0
-3.81429     0      0
-3.8     0      0
-3.78571     0      0
-3.77143     0      0
-3.75714     0      0
-3.74286     0      0
-3.72857     0      0
-3.71429     0      0
-3.7     0      0
-3.68571     0      0
-3.67143     0      0
-3.65714     0      0
-3.64286     0      0
-3.62857     0      0
-3.61429     0      0
-3.6     0      0
-3.58571     0      0
-3.57143     0      0
-3.55714     0      0
-3.54286     0      0
-3.52857     0      0
-3.51429     0      0
-3.5     0      0
-3.48571     0      0
-3.47143     0      0
-3.45714     0      0
-3.44286     0      0
-3.42857     0      0
-3.41429     0      0
-3.4     0      0
-3.38571     0      0
-3.37143     0      0
-3.35714     0      0
-3.34286     0      0
-3.32857     0      0
-3.31429     0      0
-3.3     0      0
-3.28571     0      0
-3.27143     0      0
-3.25714     0      0
-3.24286     0      0
-3.22857     0      0
-3.21429     0      0
-3.2     0      0
-3.18571     0      0
-3.17143     0      0
-3.15714     0      0
-3.14286     0      0
-3.12857     0      0
-3.11429     0      0
-3.1     0      0
-3.08571     0      0
-3.07143     0      0
-3.05714     0      0
-3.04286     0      0
-3.02857     0      0
-3.01429     0      0
-3     0      0
-2.98571     0      0
-2.97143     0      0
-2.95714     0      0
-2.94286     0      0
-2.92857     0      0
-2.91429     0      0
-2.9     0      0
-2.88571     0      0
-2.87143     0      0
-2.85714     0      0
-2.84286     0      0
-2.82857     0      0
-2.81429     0      0
-2.8     0      0
-2.78571     0      0
-2.77143     0      0
-2.75714     0      0
-2.74286     0      0
-2.72857     0      0
-2.71429     0      0
-2.7     0      0
-2.68571     0      0
-2.67143     0      0
-2.65714     0      0
-2.64286     0      0
-2.62857     0      0
-2.61429     0      0
-2.6     0      0
-2.58571     0      0
-2.57143     0      0
-2.55714     0      0
-2.54286     0      0
-2.52857     0      0
-2.51429     0      0
-2.5     0      0
-2.48571     0      0
-2.47143     0      0
-2.45714     0      0
-2.44286     0      0
-2.42857     0      0
-2.41429     0      0
-2.4     0      0
-2.38571     0      0
-2.37143     0      0
-2.35714     0      0
-2.34286     0      0
-2.32857     0      0
-2.31429     0      0
-2.3     0      0
-2.28571     0      0
-2.27143     0      0
-2.25714     0      0
-2.24286     0      0
-2.22857     0      0
-2.21429     0      0
-2.2     0      0
-2.18571     0      0
-2.17143     0      0
-2.15714     0      0
-2.14286     1.04065e-50      0
-2.12857     3.18848e-49      0
-2.11429     5.77396e-44      0
-2.1     1.27197e-42      0
-2.08571     1.28076e-42      0
-2.07143     1.28174e-42      0
-2.05714     5.45411e-37      0
-2.04286     5.08789e-36      0
-2.02857     5.08594e-36      0
-2.01429     5.12891e-36      0
-2     4.4004e-30      0
-1.98571     2.02969e-29      0
-1.97143     2.03438e-29      0
-1.95714     2.04219e-29      0
-1.94286     3.02266e-23      0
-1.92857     8.10313e-23      0
-1.91429     8.09375e-23      0
-1.9     8.15938e-23      0
-1.88571     1.83656e-16      0
-1.87143     3.225e-16      0
-1.85714     3.23875e-16      0
-1.84286     3.2625e-16      0
-1.82857     1.02963e-09      0
-1.81429     1.2855e-09      0
-1.8     1.3005e-09      0
-1.78571     0.000320501      0
-1.77143     0.005134      0
-1.75714     0.005166      0
-1.74286     0.00518      0
-1.72857     0.005192      0
-1.71429     0.00522      0
-1.7     0.005224      0
-1.68571     0.005276      0
-1.67143     0.005278      0
-1.65714     0.00531      0
-1.64286     0.005302      0
-1.62857     0.005358      0
-1.61429     0.005356      0
-1.6     0.005384      0
-1.58571     0.005432      0
-1.57143     0.005428      0
-1.55714     0.00547      0
-1.54286     0.005466      0
-1.52857     0.005524      0
-1.51429     0.00554      0
-1.5     0.005546      0
-1.48571     0.00556      0
-1.47143     0.005638      0
-1.45714     0.005636      0
-1.44286     0.005644      0
-1.42857     0.005694      0
-1.41429     0.005726      0
-1.4     0.005728      0
-1.38571     0.005782      0
-1.37143     0.00578      0
-1.35714     0.00584      0
-1.34286     0.005856      0
-1.32857     0.005878      0
-1.31429     0.005936      0
-1.3     0.005922      0
-1.28571     0.005974      0
-1.27143     0.006008      0
-1.25714     0.00606      0
-1.24286     0.006068      0
-1.22857     0.006128      0
-1.21429     0.006102      0
-1.2     0.006192      0
-1.18571     0.006228      0
-1.17143     0.006236      0
-1.15714     0.006274      0
-1.14286     0.00633      0
-1.12857     0.006356      0
-1.11429     0.006426      0
-1.1     0.006396      0
-1.08571     0.006524      0
-1.07143     0.006516      0
-1.05714     0.006536      0
-1.04286     0.00665      0
-1.02857     0.006632      0
-1.01429     0.006692      0
-1     0.006762      0
-0.985714     0.006792      0
-0.971429     0.006816      0
-0.957143     0.006922      0
-0.942857     0.00696      0
-0.928571     0.006956      0
-0.914286     0.007094      0
-0.9     0.007092      0
-0.885714     0.007156      0
-0.871429     0.00723      0
-0.857143     0.007272      0
-0.842857     0.007368      0
-0.828571     0.007446      0
-0.814286     0.007434      0
-0.8     0.007586      0
-0.785714     0.007644      0
-0.771429     0.007674      0
-0.757143     0.007784      0
-0.742857     0.00789      0
-0.728571     0.007924      0
-0.714286     0.008056      0
-0.7     0.008118      0
-0.685714     0.008218      0
-0.671429     0.008338      0
-0.657143     0.008432      0
-0.642857     0.008558      0
-0.628571     0.008622      0
-0.614286     0.008834      0
-0.6     0.008938      0
-0.585714     0.00904      0
-0.571429     0.009212      0
-0.557143     0.009338      0
-0.542857     0.009568      0
-0.528571     0.009688      0
-0.514286     0.009932      0
-0.5     0.010166      0
-0.485714     0.01038      0
-0.471429     0.010632      0
-0.457143     0.01095      0
-0.442857     0.01125      0
-0.428571     0.011612      0
-0.414286     0.012      0
-0.4     0.012534      0
-0.385714     0.013078      0
-0.371429     0.013722      0
-0.357143     0.014656      0
-0.342857     0.015648      0
-0.328571     0.016968      0
-0.314286     0.019174      0
-0.3     0.022622      0
-0.285714     0.031516      0
-0.271429     0.0625725      0
-0.257143     0.027832      0
-0.242857     0.021144      0
-0.228571     0.017502      0
-0.214286     0.01528      0
-0.2     0.013538      0
-0.185714     0.012276      0
-0.171429     0.000199      0
-0.157143     0      0
-0.142857     0      0
-0.128571     0      0
-0.114286     0      0
-0.1     0      0
-0.0857143     0      0
-0.0714286     0      0
-0.0571429     0      0
-0.0428571     0      0
-0.0285714     0      0
-0.0142857     0      0
0     0      0
0.0142857     0      0
0.0285714     0      0
0.0428571     0      0
0.0571429     0      0
0.0714286     0      0
0.0857143     0      0
0.1     0      0
0.114286     0      0
0.128571     0      0
0.142857     0      0
0.157143     0      0
0.171429     0      0
0.185714     0      0
0.2     0      6.76575e-50
0.214286     0      2.85852e-42
0.228571     0      7.26611e-42
0.242857     0      2.56118e-35
0.257143     0      1.86348e-29
0.271429     0      1.20445e-28
0.285714     0      2.1007e-22
0.3     0      4.36656e-22
0.314286     0      1.10678e-15
0.328571     0      1.65388e-15
0.342857     0      4.63013e-09
0.357143     0      6.46e-09
0.371429     0      0.0164565
0.385714     0      0.025796
0.4     0      0.021952
0.414286     0      0.020532
0.428571     0      0.02011
0.442857     0      0.02053
0.457143     0      0.022142
0.471429     0      0.027395
0.485714     0      0.02074
0.5     0      0.017558
0.514286     0      0.015702
0.528571     0      0.014524
0.542857     0      0.013602
0.557143     0      0.0128
0.571429     0      0.012212
0.585714     0      0.011668
0.6     0      0.011284
0.614286     0      0.010822
0.628571     0      0.010494
0.642857     0      0.010218
0.657143     0      0.00991
0.671429     0      0.009702
0.685714     0      0.009422
0.7     0      0.009256
0.714286     0      0.009074
0.728571     0      0.008838
0.742857     0      0.008764
0.757143     0      0.00853
0.771429     0      0.008422
0.785714     0      0.008284
0.8     0      0.008108
0.814286     0      0.008034
0.828571     0      0.00796
0.842857     0      0.00776
0.857143     0      0.00772
0.871429     0      0.007588
0.885714     0      0.007506
0.9     0      0.007484
0.914286     0      0.007298
0.928571     0      0.007234
0.942857     0      0.007212
0.957143     0      0.007076
0.971429     0      0.007056
0.985714     0      0.006924
1     0      0.006932
1.01429     0      0.006794
1.02857     0      0.00677
1.04286     0      0.00667
1.05714     0      0.006622
1.07143     0      0.00657
1.08571     0      0.006524
1.1     0      0.00648
1.11429     0      0.006406
1.12857     0      0.006356
1.14286     0      0.006304
1.15714     0      0.006244
1.17143     0      0.006272
1.18571     0      0.006122
1.2     0      0.006092
1.21429     0      0.00609
1.22857     0      0.006022
1.24286     0      0.00599
1.25714     0      0.005934
1.27143     0      0.005902
1.28571     0      0.00587
1.3     0      0.005822
1.31429     0      0.005802
1.32857     0      0.005754
1.34286     0      0.005682
1.35714     0      0.005686
1.37143     0      0.00563
1.38571     0      0.005598
1.4     0      0.00558
1.41429     0      0.005516
1.42857     0      0.005518
1.44286     0      0.005508
1.45714     0      0.005382
1.47143     0      0.005428
1.48571     0      0.005376
1.5     0      0.005326
1.51429     0      0.005316
1.52857     0      0.00531
1.54286     0      0.005252
1.55714     0      0.005194
1.57143     0      0.005228
1.58571     0      0.005154
1.6     0      0.005152
1.61429     0      0.005124
1.62857     0      0.005082
1.64286     0      0.00508
1.65714     0      0.00506
1.67143     0      0.004998
1.68571     0      0.004964
1.7     0      0.004992
1.71429     0      0.00493
1.72857     0      0.004928
1.74286     0      0.00489
1.75714     0      0.004874
1.77143     0      0.00484
1.78571     0      0.00482
1.8     0      0.004812
1.81429     0      0.004772
1.82857     0      0.004742
1.84286     0      0.004732
1.85714     0      0.004736
1.87143     0      0.004674
1.88571     0      0.00468
1.9     0      0.004628
1.91429     0      0.004676
1.92857     0      0.00459
1.94286     0      0.004568
1.95714     0      0.00458
1.97143     0      0.004564
1.98571     0      0.004542
2     0      0.004486
2.01429     0      0.004492
2.02857     0      0.00448
2.04286     0      0.004464
2.05714     0      0.004438
2.07143     0      0.004412
2.08571     0      0.004418
2.1     0      0.00437
2.11429     0      0.00436
2.12857     0      0.00439
2.14286     0      0.004314
2.15714     0      0.004298
2.17143     0      0.00431
2.18571     0      0.004288
2.2     0      0.004252
2.21429     0      0.004252
2.22857     0      0.004238
2.24286     0      0.004214
2.25714     0      0.004198
2.27143     0      0.0025685
2.28571     0      0
2.3     0      0
2.31429     0      0
2.32857     0      0
2.34286     0      0
2.35714     0      0
2.37143     0      0
2.38571     0      0
2.4     0      0
2.41429     0      0
2.42857     0      0
2.44286     0      0
2.45714     0      0
2.47143     0      0
2.48571     0      0
2.5     0      0
2.51429     0      0
2.52857     0      0
2.54286     0      0
2.55714     0      0
2.57143     0      0
2.58571     0      0
2.6     0      0
2.61429     0      0
2.62857     0      0
2.64286     0      0
2.65714     0      0
2.67143     0      0
2.68571     0      0
2.7     0      0
2.71429     0      0
2.72857     0      0
2.74286     0      0
2.75714     0      0
2.77143     0      0
2.78571     0      0
2.8     0      0
2.81429     0      0
2.82857     0      0
2.84286     0      0
2.85714     0      0
2.87143     0      0
2.88571     0      0
2.9     0      0
2.91429     0      0
2.92857     0      0
2.94286     0      0
2.95714     0      0
2.97143     0      0
2.98571     0      0
3     0      0
3.01429     0      0
3.02857     0      0
3.04286     0      0
3.05714     0      0
3.07143     0      0
3.08571     0      0
3.1     0      0
3.11429     0      0
3.12857     0      0
3.14286     0      0
3.15714     0      0
3.17143     0      0
3.18571     0      0
3.2     0      0
3.21429     0      0
3.22857     0      0
3.24286     0      0
3.25714     0      0
3.27143     0      0
3.28571     0      0
3.3     0      0
3.31429     0      0
3.32857     0      0
3.34286     0      0
3.35714     0      0
3.37143     0      0
3.38571     0      0
3.4     0      0
3.41429     0      0
3.42857     0      0
3.44286     0      0
3.45714     0      0
3.47143     0      0
3.48571     0      0
3.5     0      0
3.51429     0      0
3.52857     0      0
3.54286     0      0
3.55714     0      0
3.57143     0      0
3.58571     0      0
3.6     0      0
3.61429     0      0
3.62857     0      0
3.64286     0      0
3.65714     0      0
3.67143     0      0
3.68571     0      0
3.7     0      0
3.71429     0      0
3.72857     0      0
3.74286     0      0
3.75714     0      0
3.77143     0      0
3.78571     0      0
3.8     0      0
3.81429     0      0
3.82857     0      0
3.84286     0      0
3.85714     0      0
3.87143     0      0
3.88571     0      0
3.9     0      0
3.91429     0      0
3.92857     0      0
3.94286     0      0
3.95714     0      0
3.97143     0      0
3.98571     0      0
4     0      0
4.01429     0      0
4.02857     0      0
4.04286     0      0
4.05714     0      0
4.07143     0      0
4.08571     0      0
4.1     0      0
4.11429     0      0
4.12857     0      0
4.14286     0      0
4.15714     0      0
4.17143     0      0
4.18571     0      0
4.2     0      0
4.21429     0      0
4.22857     0      0
4.24286     0      0
4.25714     0      0
4.27143     0      0
4.28571     0      0
4.3     0      0
4.31429     0      0
4.32857     0      0
4.34286     0      0
4.35714     0      0
4.37143     0      0
4.38571     0      0
4.4     0      0
4.41429     0      0
4.42857     0      0
4.44286     0      0
4.45714     0      0
4.47143     0      0
4.48571     0      0
4.5     0      0
4.51429     0      0
4.52857     0      0
4.54286     0      0
4.55714     0      0
4.57143     0      0
4.58571     0      0
4.6     0      0
4.61429     0      0
4.62857     0      0
4.64286     0      0
4.65714     0      0
4.67143     0      0
4.68571     0      0
4.7     0      0
4.71429     0      0
4.72857     0      0
4.74286     0      0
4.75714     0      0
4.77143     0      0
4.78571     0      0
4.8     0      0
4.81429     0      0
4.82857     0      0
4.84286     0      0
4.85714     0      0
4.87143     0      0
4.88571     0      0
4.9     0      0
4.91429     0      0
4.92857     0      0
4.94286     0      0
4.95714     0      0
4.97143     0      0
4.98571     0      0
