# U,mu,nA_up, nA_dn, nB_up, nB_dn, ms, mf, ntotal,mu,cint
#energy    dos_upn   dos_upp   dos_dnn  dos_dnp GRID=1000 bin=700
-5     0      0
-4.98571     0      0
-4.97143     0      0
-4.95714     0      0
-4.94286     0      0
-4.92857     0      0
-4.91429     0      0
-4.9     0      0
-4.88571     0      0
-4.87143     0      0
-4.85714     0      0
-4.84286     0      0
-4.82857     0      0
-4.81429     0      0
-4.8     0      0
-4.78571     0      0
-4.77143     0      0
-4.75714     0      0
-4.74286     0      0
-4.72857     0      0
-4.71429     0      0
-4.7     0      0
-4.68571     0      0
-4.67143     0      0
-4.65714     0      0
-4.64286     0      0
-4.62857     0      0
-4.61429     0      0
-4.6     0      0
-4.58571     0      0
-4.57143     0      0
-4.55714     0      0
-4.54286     0      0
-4.52857     0      0
-4.51429     0      0
-4.5     0      0
-4.48571     0      0
-4.47143     0      0
-4.45714     0      0
-4.44286     0      0
-4.42857     0      0
-4.41429     0      0
-4.4     0      0
-4.38571     0      0
-4.37143     0      0
-4.35714     0      0
-4.34286     0      0
-4.32857     0      0
-4.31429     0      0
-4.3     0      0
-4.28571     0      0
-4.27143     0      0
-4.25714     0      0
-4.24286     0      0
-4.22857     0      0
-4.21429     0      0
-4.2     0      0
-4.18571     0      0
-4.17143     0      0
-4.15714     0      0
-4.14286     0      0
-4.12857     0      0
-4.11429     0      0
-4.1     0      0
-4.08571     0      0
-4.07143     0      0
-4.05714     0      0
-4.04286     0      0
-4.02857     0      0
-4.01429     0      0
-4     0      0
-3.98571     0      0
-3.97143     0      0
-3.95714     0      0
-3.94286     0      0
-3.92857     0      0
-3.91429     0      0
-3.9     0      0
-3.88571     0      0
-3.87143     0      0
-3.85714     0      0
-3.84286     0      0
-3.82857     0      0
-3.81429     0      0
-3.8     0      0
-3.78571     0      0
-3.77143     0      0
-3.75714     0      0
-3.74286     0      0
-3.72857     0      0
-3.71429     0      0
-3.7     0      0
-3.68571     0      0
-3.67143     0      0
-3.65714     0      0
-3.64286     0      0
-3.62857     0      0
-3.61429     0      0
-3.6     0      0
-3.58571     0      0
-3.57143     0      0
-3.55714     0      0
-3.54286     0      0
-3.52857     0      0
-3.51429     0      0
-3.5     0      0
-3.48571     0      0
-3.47143     0      0
-3.45714     0      0
-3.44286     0      0
-3.42857     0      0
-3.41429     0      0
-3.4     0      0
-3.38571     0      0
-3.37143     0      0
-3.35714     0      0
-3.34286     0      0
-3.32857     0      0
-3.31429     0      0
-3.3     0      0
-3.28571     0      0
-3.27143     0      0
-3.25714     0      0
-3.24286     0      0
-3.22857     0      0
-3.21429     0      0
-3.2     0      0
-3.18571     0      0
-3.17143     0      0
-3.15714     0      0
-3.14286     0      0
-3.12857     0      0
-3.11429     0      0
-3.1     0      0
-3.08571     0      0
-3.07143     0      0
-3.05714     0      0
-3.04286     0      0
-3.02857     0      0
-3.01429     0      0
-3     0      0
-2.98571     0      0
-2.97143     0      0
-2.95714     0      0
-2.94286     0      0
-2.92857     0      0
-2.91429     0      0
-2.9     0      0
-2.88571     0      0
-2.87143     0      0
-2.85714     0      0
-2.84286     0      0
-2.82857     0      0
-2.81429     0      0
-2.8     0      0
-2.78571     0      0
-2.77143     0      0
-2.75714     0      0
-2.74286     0      0
-2.72857     0      0
-2.71429     0      0
-2.7     0      0
-2.68571     0      0
-2.67143     0      0
-2.65714     0      0
-2.64286     0      0
-2.62857     0      0
-2.61429     0      0
-2.6     0      0
-2.58571     0      0
-2.57143     0      0
-2.55714     0      0
-2.54286     0      0
-2.52857     0      0
-2.51429     0      0
-2.5     0      0
-2.48571     0      0
-2.47143     0      0
-2.45714     0      0
-2.44286     0      0
-2.42857     0      0
-2.41429     0      0
-2.4     0      0
-2.38571     0      0
-2.37143     0      0
-2.35714     0      0
-2.34286     0      0
-2.32857     0      0
-2.31429     0      0
-2.3     0      0
-2.28571     0      0
-2.27143     0      0
-2.25714     0      0
-2.24286     0      0
-2.22857     0      0
-2.21429     0      0
-2.2     0      0
-2.18571     0      0
-2.17143     0      0
-2.15714     0      0
-2.14286     0      0
-2.12857     0      0
-2.11429     0      0
-2.1     0      0
-2.08571     0      0
-2.07143     0      0
-2.05714     0      0
-2.04286     0      0
-2.02857     0      0
-2.01429     0      0
-2     0      0
-1.98571     0      0
-1.97143     0      0
-1.95714     0      0
-1.94286     0      0
-1.92857     0      0
-1.91429     0      0
-1.9     0      0
-1.88571     0      0
-1.87143     0      0
-1.85714     0.0027325      0
-1.84286     0.005078      0
-1.82857     0.00509      0
-1.81429     0.00512      0
-1.8     0.005124      0
-1.78571     0.005136      0
-1.77143     0.005176      0
-1.75714     0.00519      0
-1.74286     0.005198      0
-1.72857     0.00521      0
-1.71429     0.00525      0
-1.7     0.00525      0
-1.68571     0.005306      0
-1.67143     0.005296      0
-1.65714     0.005318      0
-1.64286     0.00536      0
-1.62857     0.00535      0
-1.61429     0.005392      0
-1.6     0.005424      0
-1.58571     0.00539      0
-1.57143     0.005472      0
-1.55714     0.005488      0
-1.54286     0.005486      0
-1.52857     0.005532      0
-1.51429     0.00553      0
-1.5     0.005582      0
-1.48571     0.005592      0
-1.47143     0.0056      0
-1.45714     0.005644      0
-1.44286     0.00566      0
-1.42857     0.005694      0
-1.41429     0.005724      0
-1.4     0.005736      0
-1.38571     0.005748      0
-1.37143     0.005804      0
-1.35714     0.005816      0
-1.34286     0.005834      0
-1.32857     0.005874      0
-1.31429     0.005914      0
-1.3     0.005918      0
-1.28571     0.00593      0
-1.27143     0.006004      0
-1.25714     0.006002      0
-1.24286     0.006034      0
-1.22857     0.006072      0
-1.21429     0.006104      0
-1.2     0.006114      0
-1.18571     0.006186      0
-1.17143     0.006224      0
-1.15714     0.006208      0
-1.14286     0.006248      0
-1.12857     0.006272      0
-1.11429     0.006366      0
-1.1     0.006356      0
-1.08571     0.006384      0
-1.07143     0.006452      0
-1.05714     0.006464      0
-1.04286     0.006512      0
-1.02857     0.006502      0
-1.01429     0.006616      0
-1     0.00662      0
-0.985714     0.006612      0
-0.971429     0.006724      0
-0.957143     0.006748      0
-0.942857     0.006768      0
-0.928571     0.006844      0
-0.914286     0.006844      0
-0.9     0.006916      0
-0.885714     0.006942      0
-0.871429     0.007      0
-0.857143     0.007056      0
-0.842857     0.00707      0
-0.828571     0.007152      0
-0.814286     0.007184      0
-0.8     0.007222      0
-0.785714     0.007306      0
-0.771429     0.007356      0
-0.757143     0.007398      0
-0.742857     0.00744      0
-0.728571     0.007486      0
-0.714286     0.007606      0
-0.7     0.007618      0
-0.685714     0.007696      0
-0.671429     0.007746      0
-0.657143     0.007834      0
-0.642857     0.007868      0
-0.628571     0.007968      0
-0.614286     0.008008      0
-0.6     0.00812      0
-0.585714     0.00815      0
-0.571429     0.00823      0
-0.557143     0.008334      0
-0.542857     0.008388      0
-0.528571     0.008454      0
-0.514286     0.008602      0
-0.5     0.008684      0
-0.485714     0.008762      0
-0.471429     0.00886      0
-0.457143     0.008966      0
-0.442857     0.009032      0
-0.428571     0.00915      0
-0.414286     0.009318      0
-0.4     0.009438      0
-0.385714     0.009522      0
-0.371429     0.009698      0
-0.357143     0.009742      0
-0.342857     0.010016      0
-0.328571     0.010158      0
-0.314286     0.010298      0
-0.3     0.010402      0
-0.285714     0.010728      0
-0.271429     0.010938      0
-0.257143     0.011138      0
-0.242857     0.011332      0
-0.228571     0.011762      0
-0.214286     0.01207      0
-0.2     0.012406      0
-0.185714     0.012802      0
-0.171429     0.01354      0
-0.157143     0.014258      0
-0.142857     0.0155      0
-0.128571     0.0173      0
-0.114286     0.0275045      0
-0.1     0.025284      0
-0.0857143     0.01309      0
-0.0714286     0.010022      0
-0.0571429     0.008294      0
-0.0428571     0.006866      0
-0.0285714     0.005898      0
-0.0142857     0.004823      0
0     3.125e-19      0.0189065
0.0142857     0      0.013484
0.0285714     0      0.012342
0.0428571     0      0.0121
0.0571429     0      0.012242
0.0714286     0      0.012832
0.0857143     0      0.01457
0.1     0      0.015113
0.114286     0      0.012934
0.128571     0      0.012078
0.142857     0      0.011648
0.157143     0      0.011168
0.171429     0      0.010858
0.185714     0      0.01058
0.2     0      0.01032
0.214286     0      0.010136
0.228571     0      0.009968
0.242857     0      0.009672
0.257143     0      0.009606
0.271429     0      0.00944
0.285714     0      0.009236
0.3     0      0.00917
0.314286     0      0.00899
0.328571     0      0.008908
0.342857     0      0.008772
0.357143     0      0.00864
0.371429     0      0.00857
0.385714     0      0.008422
0.4     0      0.008332
0.414286     0      0.008314
0.428571     0      0.008118
0.442857     0      0.008104
0.457143     0      0.007986
0.471429     0      0.007898
0.485714     0      0.007834
0.5     0      0.007764
0.514286     0      0.007716
0.528571     0      0.007542
0.542857     0      0.007572
0.557143     0      0.007484
0.571429     0      0.007322
0.585714     0      0.007392
0.6     0      0.007244
0.614286     0      0.007262
0.628571     0      0.007098
0.642857     0      0.007086
0.657143     0      0.007032
0.671429     0      0.006988
0.685714     0      0.006932
0.7     0      0.00684
0.714286     0      0.006846
0.728571     0      0.00671
0.742857     0      0.00674
0.757143     0      0.00669
0.771429     0      0.006606
0.785714     0      0.00652
0.8     0      0.00655
0.814286     0      0.006508
0.828571     0      0.006394
0.842857     0      0.006382
0.857143     0      0.00634
0.871429     0      0.00633
0.885714     0      0.00625
0.9     0      0.006212
0.914286     0      0.006178
0.928571     0      0.006132
0.942857     0      0.006118
0.957143     0      0.006068
0.971429     0      0.005992
0.985714     0      0.006012
1     0      0.005944
1.01429     0      0.005894
1.02857     0      0.005876
1.04286     0      0.00585
1.05714     0      0.005808
1.07143     0      0.005802
1.08571     0      0.005734
1.1     0      0.005722
1.11429     0      0.005664
1.12857     0      0.005642
1.14286     0      0.00564
1.15714     0      0.00557
1.17143     0      0.005592
1.18571     0      0.005492
1.2     0      0.00549
1.21429     0      0.005464
1.22857     0      0.005446
1.24286     0      0.005398
1.25714     0      0.005386
1.27143     0      0.00535
1.28571     0      0.005318
1.3     0      0.005316
1.31429     0      0.005276
1.32857     0      0.00523
1.34286     0      0.005238
1.35714     0      0.005194
1.37143     0      0.00515
1.38571     0      0.005166
1.4     0      0.005132
1.41429     0      0.005058
1.42857     0      0.005098
1.44286     0      0.00504
1.45714     0      0.005024
1.47143     0      0.004992
1.48571     0      0.00497
1.5     0      0.004972
1.51429     0      0.00495
1.52857     0      0.004884
1.54286     0      0.004884
1.55714     0      0.004888
1.57143     0      0.004844
1.58571     0      0.0048
1.6     0      0.004832
1.61429     0      0.00477
1.62857     0      0.004746
1.64286     0      0.004728
1.65714     0      0.004736
1.67143     0      0.00471
1.68571     0      0.004684
1.7     0      0.004664
1.71429     0      0.004632
1.72857     0      0.004602
1.74286     0      0.004612
1.75714     0      0.004572
1.77143     0      0.004574
1.78571     0      0.004556
1.8     0      0.004522
1.81429     0      0.004522
1.82857     0      0.004468
1.84286     0      0.004486
1.85714     0      0.004466
1.87143     0      0.004424
1.88571     0      0.004426
1.9     0      0.004394
1.91429     0      0.004392
1.92857     0      0.004388
1.94286     0      0.00434
1.95714     0      0.004328
1.97143     0      0.004334
1.98571     0      0.004304
2     0      0.004276
2.01429     0      0.004278
2.02857     0      0.004254
2.04286     0      0.004246
2.05714     0      0.00423
2.07143     0      0.00422
2.08571     0      0.004198
2.1     0      0.004166
2.11429     0      0.004176
2.12857     0      0.004156
2.14286     0      0.0022565
2.15714     0      1.23633e-30
2.17143     0      0
2.18571     0      0
2.2     0      0
2.21429     0      0
2.22857     0      0
2.24286     0      0
2.25714     0      0
2.27143     0      0
2.28571     0      0
2.3     0      0
2.31429     0      0
2.32857     0      0
2.34286     0      0
2.35714     0      0
2.37143     0      0
2.38571     0      0
2.4     0      0
2.41429     0      0
2.42857     0      0
2.44286     0      0
2.45714     0      0
2.47143     0      0
2.48571     0      0
2.5     0      0
2.51429     0      0
2.52857     0      0
2.54286     0      0
2.55714     0      0
2.57143     0      0
2.58571     0      0
2.6     0      0
2.61429     0      0
2.62857     0      0
2.64286     0      0
2.65714     0      0
2.67143     0      0
2.68571     0      0
2.7     0      0
2.71429     0      0
2.72857     0      0
2.74286     0      0
2.75714     0      0
2.77143     0      0
2.78571     0      0
2.8     0      0
2.81429     0      0
2.82857     0      0
2.84286     0      0
2.85714     0      0
2.87143     0      0
2.88571     0      0
2.9     0      0
2.91429     0      0
2.92857     0      0
2.94286     0      0
2.95714     0      0
2.97143     0      0
2.98571     0      0
3     0      0
3.01429     0      0
3.02857     0      0
3.04286     0      0
3.05714     0      0
3.07143     0      0
3.08571     0      0
3.1     0      0
3.11429     0      0
3.12857     0      0
3.14286     0      0
3.15714     0      0
3.17143     0      0
3.18571     0      0
3.2     0      0
3.21429     0      0
3.22857     0      0
3.24286     0      0
3.25714     0      0
3.27143     0      0
3.28571     0      0
3.3     0      0
3.31429     0      0
3.32857     0      0
3.34286     0      0
3.35714     0      0
3.37143     0      0
3.38571     0      0
3.4     0      0
3.41429     0      0
3.42857     0      0
3.44286     0      0
3.45714     0      0
3.47143     0      0
3.48571     0      0
3.5     0      0
3.51429     0      0
3.52857     0      0
3.54286     0      0
3.55714     0      0
3.57143     0      0
3.58571     0      0
3.6     0      0
3.61429     0      0
3.62857     0      0
3.64286     0      0
3.65714     0      0
3.67143     0      0
3.68571     0      0
3.7     0      0
3.71429     0      0
3.72857     0      0
3.74286     0      0
3.75714     0      0
3.77143     0      0
3.78571     0      0
3.8     0      0
3.81429     0      0
3.82857     0      0
3.84286     0      0
3.85714     0      0
3.87143     0      0
3.88571     0      0
3.9     0      0
3.91429     0      0
3.92857     0      0
3.94286     0      0
3.95714     0      0
3.97143     0      0
3.98571     0      0
4     0      0
4.01429     0      0
4.02857     0      0
4.04286     0      0
4.05714     0      0
4.07143     0      0
4.08571     0      0
4.1     0      0
4.11429     0      0
4.12857     0      0
4.14286     0      0
4.15714     0      0
4.17143     0      0
4.18571     0      0
4.2     0      0
4.21429     0      0
4.22857     0      0
4.24286     0      0
4.25714     0      0
4.27143     0      0
4.28571     0      0
4.3     0      0
4.31429     0      0
4.32857     0      0
4.34286     0      0
4.35714     0      0
4.37143     0      0
4.38571     0      0
4.4     0      0
4.41429     0      0
4.42857     0      0
4.44286     0      0
4.45714     0      0
4.47143     0      0
4.48571     0      0
4.5     0      0
4.51429     0      0
4.52857     0      0
4.54286     0      0
4.55714     0      0
4.57143     0      0
4.58571     0      0
4.6     0      0
4.61429     0      0
4.62857     0      0
4.64286     0      0
4.65714     0      0
4.67143     0      0
4.68571     0      0
4.7     0      0
4.71429     0      0
4.72857     0      0
4.74286     0      0
4.75714     0      0
4.77143     0      0
4.78571     0      0
4.8     0      0
4.81429     0      0
4.82857     0      0
4.84286     0      0
4.85714     0      0
4.87143     0      0
4.88571     0      0
4.9     0      0
4.91429     0      0
4.92857     0      0
4.94286     0      0
4.95714     0      0
4.97143     0      0
4.98571     0      0
