# U,mu,nA_up, nA_dn, nB_up, nB_dn, ms, mf, ntotal,mu,cint
#energy    dos_upn   dos_upp   dos_dnn  dos_dnp GRID=1000 bin=700
-5     0      0
-4.98571     0      0
-4.97143     0      0
-4.95714     0      0
-4.94286     0      0
-4.92857     0      0
-4.91429     0      0
-4.9     0      0
-4.88571     0      0
-4.87143     0      0
-4.85714     0      0
-4.84286     0      0
-4.82857     0      0
-4.81429     0      0
-4.8     0      0
-4.78571     0      0
-4.77143     0      0
-4.75714     0      0
-4.74286     0      0
-4.72857     0      0
-4.71429     0      0
-4.7     0      0
-4.68571     0      0
-4.67143     0      0
-4.65714     0      0
-4.64286     0      0
-4.62857     0      0
-4.61429     0      0
-4.6     0      0
-4.58571     0      0
-4.57143     0      0
-4.55714     0      0
-4.54286     0      0
-4.52857     0      0
-4.51429     0      0
-4.5     0      0
-4.48571     0      0
-4.47143     0      0
-4.45714     0      0
-4.44286     0      0
-4.42857     0      0
-4.41429     0      0
-4.4     0      0
-4.38571     0      0
-4.37143     0      0
-4.35714     0      0
-4.34286     0      0
-4.32857     0      0
-4.31429     0      0
-4.3     0      0
-4.28571     0      0
-4.27143     0      0
-4.25714     0      0
-4.24286     0      0
-4.22857     0      0
-4.21429     0      0
-4.2     0      0
-4.18571     0      0
-4.17143     0      0
-4.15714     0      0
-4.14286     0      0
-4.12857     0      0
-4.11429     0      0
-4.1     0      0
-4.08571     0      0
-4.07143     0      0
-4.05714     0      0
-4.04286     0      0
-4.02857     0      0
-4.01429     0      0
-4     0      0
-3.98571     0      0
-3.97143     0      0
-3.95714     0      0
-3.94286     0      0
-3.92857     0      0
-3.91429     0      0
-3.9     0      0
-3.88571     0      0
-3.87143     0      0
-3.85714     0      0
-3.84286     0      0
-3.82857     0      0
-3.81429     0      0
-3.8     0      0
-3.78571     0      0
-3.77143     0      0
-3.75714     0      0
-3.74286     0      0
-3.72857     0      0
-3.71429     0      0
-3.7     0      0
-3.68571     0      0
-3.67143     0      0
-3.65714     0      0
-3.64286     0      0
-3.62857     0      0
-3.61429     0      0
-3.6     0      0
-3.58571     0      0
-3.57143     0      0
-3.55714     0      0
-3.54286     0      0
-3.52857     0      0
-3.51429     0      0
-3.5     0      0
-3.48571     0      0
-3.47143     0      0
-3.45714     0      0
-3.44286     0      0
-3.42857     0      0
-3.41429     0      0
-3.4     0      0
-3.38571     0      0
-3.37143     0      0
-3.35714     0      0
-3.34286     0      0
-3.32857     0      0
-3.31429     0      0
-3.3     0      0
-3.28571     0      0
-3.27143     0      0
-3.25714     0      0
-3.24286     0      0
-3.22857     0      0
-3.21429     0      0
-3.2     0      0
-3.18571     0      0
-3.17143     0      0
-3.15714     0      0
-3.14286     0      0
-3.12857     0      0
-3.11429     0      0
-3.1     0      0
-3.08571     0      0
-3.07143     0      0
-3.05714     0      0
-3.04286     0      0
-3.02857     0      0
-3.01429     0      0
-3     0      0
-2.98571     0      0
-2.97143     0      0
-2.95714     0      0
-2.94286     0      0
-2.92857     0      0
-2.91429     0      0
-2.9     0      0
-2.88571     0      0
-2.87143     0      0
-2.85714     0      0
-2.84286     0      0
-2.82857     0      0
-2.81429     0      0
-2.8     0      0
-2.78571     0      0
-2.77143     0      0
-2.75714     0      0
-2.74286     0      0
-2.72857     0      0
-2.71429     0      0
-2.7     0      0
-2.68571     0      0
-2.67143     0      0
-2.65714     0      0
-2.64286     0      0
-2.62857     0      0
-2.61429     0      0
-2.6     0      0
-2.58571     0      0
-2.57143     0      0
-2.55714     0      0
-2.54286     0      0
-2.52857     0      0
-2.51429     0      0
-2.5     0      0
-2.48571     0      0
-2.47143     0      0
-2.45714     0      0
-2.44286     0      0
-2.42857     0      0
-2.41429     0      0
-2.4     0      0
-2.38571     0      0
-2.37143     0      0
-2.35714     0      0
-2.34286     0      0
-2.32857     0      0
-2.31429     0      0
-2.3     0      0
-2.28571     0      0
-2.27143     0      0
-2.25714     0      0
-2.24286     0      0
-2.22857     0      0
-2.21429     0      0
-2.2     0      0
-2.18571     0      0
-2.17143     0      0
-2.15714     0      0
-2.14286     1.47885e-202      0
-2.12857     4.5311e-201      0
-2.11429     8.20529e-196      0
-2.1     1.80758e-194      0
-2.08571     1.82007e-194      0
-2.07143     1.82146e-194      0
-2.05714     7.75076e-189      0
-2.04286     7.23033e-188      0
-2.02857     7.22755e-188      0
-2.01429     7.28862e-188      0
-2     6.25334e-182      0
-1.98571     2.88436e-181      0
-1.97143     2.89102e-181      0
-1.95714     2.90212e-181      0
-1.94286     4.29546e-175      0
-1.92857     1.15152e-174      0
-1.91429     1.15019e-174      0
-1.9     1.15952e-174      0
-1.88571     2.60991e-168      0
-1.87143     4.583e-168      0
-1.85714     4.60254e-168      0
-1.84286     4.63629e-168      0
-1.82857     1.46319e-161      0
-1.81429     0.0022885      0
-1.8     0.005076      0
-1.78571     0.005094      0
-1.77143     0.005108      0
-1.75714     0.005142      0
-1.74286     0.005156      0
-1.72857     0.005146      0
-1.71429     0.005212      0
-1.7     0.005188      0
-1.68571     0.005228      0
-1.67143     0.005254      0
-1.65714     0.005278      0
-1.64286     0.005276      0
-1.62857     0.005322      0
-1.61429     0.005326      0
-1.6     0.00532      0
-1.58571     0.005392      0
-1.57143     0.005364      0
-1.55714     0.005448      0
-1.54286     0.00544      0
-1.52857     0.00546      0
-1.51429     0.005466      0
-1.5     0.00551      0
-1.48571     0.005526      0
-1.47143     0.005548      0
-1.45714     0.005566      0
-1.44286     0.005612      0
-1.42857     0.005604      0
-1.41429     0.005656      0
-1.4     0.005696      0
-1.38571     0.005692      0
-1.37143     0.005708      0
-1.35714     0.005776      0
-1.34286     0.005708      0
-1.32857     0.00582      0
-1.31429     0.005844      0
-1.3     0.00584      0
-1.28571     0.005892      0
-1.27143     0.005878      0
-1.25714     0.00598      0
-1.24286     0.005942      0
-1.22857     0.006022      0
-1.21429     0.005972      0
-1.2     0.0061      0
-1.18571     0.00608      0
-1.17143     0.006128      0
-1.15714     0.006112      0
-1.14286     0.006202      0
-1.12857     0.00621      0
-1.11429     0.006256      0
-1.1     0.006256      0
-1.08571     0.0063      0
-1.07143     0.006366      0
-1.05714     0.006372      0
-1.04286     0.006424      0
-1.02857     0.006448      0
-1.01429     0.006496      0
-1     0.006516      0
-0.985714     0.00653      0
-0.971429     0.006616      0
-0.957143     0.006652      0
-0.942857     0.00668      0
-0.928571     0.006722      0
-0.914286     0.006764      0
-0.9     0.00679      0
-0.885714     0.006896      0
-0.871429     0.006888      0
-0.857143     0.006948      0
-0.842857     0.006954      0
-0.828571     0.007048      0
-0.814286     0.007048      0
-0.8     0.00716      0
-0.785714     0.007192      0
-0.771429     0.007208      0
-0.757143     0.007304      0
-0.742857     0.007326      0
-0.728571     0.007376      0
-0.714286     0.007448      0
-0.7     0.007528      0
-0.685714     0.007604      0
-0.671429     0.007602      0
-0.657143     0.007686      0
-0.642857     0.007746      0
-0.628571     0.007822      0
-0.614286     0.007878      0
-0.6     0.007936      0
-0.585714     0.008074      0
-0.571429     0.008088      0
-0.557143     0.00822      0
-0.542857     0.008284      0
-0.528571     0.008292      0
-0.514286     0.008476      0
-0.5     0.008538      0
-0.485714     0.008576      0
-0.471429     0.008708      0
-0.457143     0.008826      0
-0.442857     0.008912      0
-0.428571     0.009066      0
-0.414286     0.009158      0
-0.4     0.009274      0
-0.385714     0.009404      0
-0.371429     0.009576      0
-0.357143     0.009662      0
-0.342857     0.00986      0
-0.328571     0.009978      0
-0.314286     0.010158      0
-0.3     0.010388      0
-0.285714     0.010648      0
-0.271429     0.01085      0
-0.257143     0.011092      0
-0.242857     0.01144      0
-0.228571     0.011732      0
-0.214286     0.012098      0
-0.2     0.012614      0
-0.185714     0.013172      0
-0.171429     0.013924      0
-0.157143     0.014982      0
-0.142857     0.016268      0
-0.128571     0.01925      0
-0.114286     0.0376005      0
-0.1     0.02586      0
-0.0857143     0.015496      0
-0.0714286     0.01218      0
-0.0571429     0.010114      0
-0.0428571     0.008704      0
-0.0285714     0.007608      0
-0.0142857     0.005455      0
0     0      0
0.0142857     0      0
0.0285714     0      0
0.0428571     0      0
0.0571429     0      0
0.0714286     0      0
0.0857143     0      0.0108405
0.1     0      0.018744
0.114286     0      0.015416
0.128571     0      0.014384
0.142857     0      0.014088
0.157143     0      0.014348
0.171429     0      0.01532
0.185714     0      0.018553
0.2     0      0.01536
0.214286     0      0.013584
0.228571     0      0.012572
0.242857     0      0.011954
0.257143     0      0.01148
0.271429     0      0.011006
0.285714     0      0.010654
0.3     0      0.010414
0.314286     0      0.010106
0.328571     0      0.009916
0.342857     0      0.009702
0.357143     0      0.00952
0.371429     0      0.009378
0.385714     0      0.009146
0.4     0      0.00902
0.414286     0      0.00888
0.428571     0      0.008768
0.442857     0      0.008668
0.457143     0      0.008518
0.471429     0      0.008394
0.485714     0      0.008358
0.5     0      0.008186
0.514286     0      0.008114
0.528571     0      0.007994
0.542857     0      0.007942
0.557143     0      0.007814
0.571429     0      0.007792
0.585714     0      0.007706
0.6     0      0.007572
0.614286     0      0.007518
0.628571     0      0.007484
0.642857     0      0.00732
0.657143     0      0.00738
0.671429     0      0.007272
0.685714     0      0.007162
0.7     0      0.007126
0.714286     0      0.007094
0.728571     0      0.006984
0.742857     0      0.006968
0.757143     0      0.006908
0.771429     0      0.006812
0.785714     0      0.006812
0.8     0      0.006708
0.814286     0      0.006698
0.828571     0      0.00663
0.842857     0      0.006556
0.857143     0      0.006566
0.871429     0      0.006524
0.885714     0      0.006406
0.9     0      0.006398
0.914286     0      0.006332
0.928571     0      0.006354
0.942857     0      0.006286
0.957143     0      0.006222
0.971429     0      0.006156
0.985714     0      0.006108
1     0      0.006134
1.01429     0      0.006064
1.02857     0      0.006044
1.04286     0      0.005988
1.05714     0      0.005938
1.07143     0      0.005932
1.08571     0      0.005894
1.1     0      0.00584
1.11429     0      0.005836
1.12857     0      0.005756
1.14286     0      0.005742
1.15714     0      0.005684
1.17143     0      0.005682
1.18571     0      0.005672
1.2     0      0.005612
1.21429     0      0.005604
1.22857     0      0.00555
1.24286     0      0.005482
1.25714     0      0.005484
1.27143     0      0.005478
1.28571     0      0.00548
1.3     0      0.005388
1.31429     0      0.005354
1.32857     0      0.005374
1.34286     0      0.005326
1.35714     0      0.00529
1.37143     0      0.005234
1.38571     0      0.00529
1.4     0      0.00519
1.41429     0      0.005214
1.42857     0      0.005134
1.44286     0      0.005136
1.45714     0      0.005142
1.47143     0      0.005082
1.48571     0      0.005026
1.5     0      0.005084
1.51429     0      0.005022
1.52857     0      0.004996
1.54286     0      0.004954
1.55714     0      0.004972
1.57143     0      0.004918
1.58571     0      0.004892
1.6     0      0.004896
1.61429     0      0.004834
1.62857     0      0.004854
1.64286     0      0.004796
1.65714     0      0.004844
1.67143     0      0.00476
1.68571     0      0.004744
1.7     0      0.004724
1.71429     0      0.004728
1.72857     0      0.004716
1.74286     0      0.00464
1.75714     0      0.004642
1.77143     0      0.004636
1.78571     0      0.004614
1.8     0      0.004608
1.81429     0      0.00456
1.82857     0      0.004564
1.84286     0      0.00458
1.85714     0      0.004486
1.87143     0      0.004496
1.88571     0      0.004488
1.9     0      0.004468
1.91429     0      0.004476
1.92857     0      0.004424
1.94286     0      0.004414
1.95714     0      0.004382
1.97143     0      0.004376
1.98571     0      0.004368
2     0      0.004386
2.01429     0      0.0043
2.02857     0      0.0043
2.04286     0      0.00432
2.05714     0      0.004286
2.07143     0      0.004254
2.08571     0      0.004262
2.1     0      0.00423
2.11429     0      0.004222
2.12857     0      0.0042
2.14286     0      0.004188
2.15714     0      0.004186
2.17143     0      0.004146
2.18571     0      0.0036925
2.2     0      3.73625e-10
2.21429     0      5.29102e-30
2.22857     0      8.75245e-44
2.24286     0      6.85311e-63
2.25714     0      5.10335e-76
2.27143     0      2.99514e-83
2.28571     0      7.28108e-96
2.3     0      8.85223e-103
2.31429     0      4.90111e-110
2.32857     0      3.84353e-135
2.34286     0      3.82534e-135
2.35714     0      3.8217e-135
2.37143     0      3.79805e-135
2.38571     0      7.66249e-136
2.4     0      0
2.41429     0      0
2.42857     0      0
2.44286     0      0
2.45714     0      0
2.47143     0      0
2.48571     0      0
2.5     0      0
2.51429     0      0
2.52857     0      0
2.54286     0      0
2.55714     0      0
2.57143     0      0
2.58571     0      0
2.6     0      0
2.61429     0      0
2.62857     0      0
2.64286     0      0
2.65714     0      0
2.67143     0      0
2.68571     0      0
2.7     0      0
2.71429     0      0
2.72857     0      0
2.74286     0      0
2.75714     0      0
2.77143     0      0
2.78571     0      0
2.8     0      0
2.81429     0      0
2.82857     0      0
2.84286     0      0
2.85714     0      0
2.87143     0      0
2.88571     0      0
2.9     0      0
2.91429     0      0
2.92857     0      0
2.94286     0      0
2.95714     0      0
2.97143     0      0
2.98571     0      0
3     0      0
3.01429     0      0
3.02857     0      0
3.04286     0      0
3.05714     0      0
3.07143     0      0
3.08571     0      0
3.1     0      0
3.11429     0      0
3.12857     0      0
3.14286     0      0
3.15714     0      0
3.17143     0      0
3.18571     0      0
3.2     0      0
3.21429     0      0
3.22857     0      0
3.24286     0      0
3.25714     0      0
3.27143     0      0
3.28571     0      0
3.3     0      0
3.31429     0      0
3.32857     0      0
3.34286     0      0
3.35714     0      0
3.37143     0      0
3.38571     0      0
3.4     0      0
3.41429     0      0
3.42857     0      0
3.44286     0      0
3.45714     0      0
3.47143     0      0
3.48571     0      0
3.5     0      0
3.51429     0      0
3.52857     0      0
3.54286     0      0
3.55714     0      0
3.57143     0      0
3.58571     0      0
3.6     0      0
3.61429     0      0
3.62857     0      0
3.64286     0      0
3.65714     0      0
3.67143     0      0
3.68571     0      0
3.7     0      0
3.71429     0      0
3.72857     0      0
3.74286     0      0
3.75714     0      0
3.77143     0      0
3.78571     0      0
3.8     0      0
3.81429     0      0
3.82857     0      0
3.84286     0      0
3.85714     0      0
3.87143     0      0
3.88571     0      0
3.9     0      0
3.91429     0      0
3.92857     0      0
3.94286     0      0
3.95714     0      0
3.97143     0      0
3.98571     0      0
4     0      0
4.01429     0      0
4.02857     0      0
4.04286     0      0
4.05714     0      0
4.07143     0      0
4.08571     0      0
4.1     0      0
4.11429     0      0
4.12857     0      0
4.14286     0      0
4.15714     0      0
4.17143     0      0
4.18571     0      0
4.2     0      0
4.21429     0      0
4.22857     0      0
4.24286     0      0
4.25714     0      0
4.27143     0      0
4.28571     0      0
4.3     0      0
4.31429     0      0
4.32857     0      0
4.34286     0      0
4.35714     0      0
4.37143     0      0
4.38571     0      0
4.4     0      0
4.41429     0      0
4.42857     0      0
4.44286     0      0
4.45714     0      0
4.47143     0      0
4.48571     0      0
4.5     0      0
4.51429     0      0
4.52857     0      0
4.54286     0      0
4.55714     0      0
4.57143     0      0
4.58571     0      0
4.6     0      0
4.61429     0      0
4.62857     0      0
4.64286     0      0
4.65714     0      0
4.67143     0      0
4.68571     0      0
4.7     0      0
4.71429     0      0
4.72857     0      0
4.74286     0      0
4.75714     0      0
4.77143     0      0
4.78571     0      0
4.8     0      0
4.81429     0      0
4.82857     0      0
4.84286     0      0
4.85714     0      0
4.87143     0      0
4.88571     0      0
4.9     0      0
4.91429     0      0
4.92857     0      0
4.94286     0      0
4.95714     0      0
4.97143     0      0
4.98571     0      0
