# U,mu,nA_up, nA_dn, nB_up, nB_dn, ms, mf, ntotal,mu,cint
#energy    dos_upn   dos_upp   dos_dnn  dos_dnp GRID=1000 bin=700
-5     0      0
-4.98571     0      0
-4.97143     0      0
-4.95714     0      0
-4.94286     0      0
-4.92857     0      0
-4.91429     0      0
-4.9     0      0
-4.88571     0      0
-4.87143     0      0
-4.85714     0      0
-4.84286     0      0
-4.82857     0      0
-4.81429     0      0
-4.8     0      0
-4.78571     0      0
-4.77143     0      0
-4.75714     0      0
-4.74286     0      0
-4.72857     0      0
-4.71429     0      0
-4.7     0      0
-4.68571     0      0
-4.67143     0      0
-4.65714     0      0
-4.64286     0      0
-4.62857     0      0
-4.61429     0      0
-4.6     0      0
-4.58571     0      0
-4.57143     0      0
-4.55714     0      0
-4.54286     0      0
-4.52857     0      0
-4.51429     0      0
-4.5     0      0
-4.48571     0      0
-4.47143     0      0
-4.45714     0      0
-4.44286     0      0
-4.42857     0      0
-4.41429     0      0
-4.4     0      0
-4.38571     0      0
-4.37143     0      0
-4.35714     0      0
-4.34286     0      0
-4.32857     0      0
-4.31429     0      0
-4.3     0      0
-4.28571     0      0
-4.27143     0      0
-4.25714     0      0
-4.24286     0      0
-4.22857     0      0
-4.21429     0      0
-4.2     0      0
-4.18571     0      0
-4.17143     0      0
-4.15714     0      0
-4.14286     0      0
-4.12857     0      0
-4.11429     0      0
-4.1     0      0
-4.08571     0      0
-4.07143     0      0
-4.05714     0      0
-4.04286     0      0
-4.02857     0      0
-4.01429     0      0
-4     0      0
-3.98571     0      0
-3.97143     0      0
-3.95714     0      0
-3.94286     0      0
-3.92857     0      0
-3.91429     0      0
-3.9     0      0
-3.88571     0      0
-3.87143     0      0
-3.85714     0      0
-3.84286     0      0
-3.82857     0      0
-3.81429     0      0
-3.8     0      0
-3.78571     0      0
-3.77143     0      0
-3.75714     0      0
-3.74286     0      0
-3.72857     0      0
-3.71429     0      0
-3.7     0      0
-3.68571     0      0
-3.67143     0      0
-3.65714     0      0
-3.64286     0      0
-3.62857     0      0
-3.61429     0      0
-3.6     0      0
-3.58571     0      0
-3.57143     0      0
-3.55714     0      0
-3.54286     0      0
-3.52857     0      0
-3.51429     0      0
-3.5     0      0
-3.48571     0      0
-3.47143     0      0
-3.45714     0      0
-3.44286     0      0
-3.42857     0      0
-3.41429     0      0
-3.4     0      0
-3.38571     0      0
-3.37143     0      0
-3.35714     0      0
-3.34286     0      0
-3.32857     0      0
-3.31429     0      0
-3.3     0      0
-3.28571     0      0
-3.27143     0      0
-3.25714     0      0
-3.24286     0      0
-3.22857     0      0
-3.21429     0      0
-3.2     0      0
-3.18571     0      0
-3.17143     0      0
-3.15714     0      0
-3.14286     0      0
-3.12857     0      0
-3.11429     0      0
-3.1     0      0
-3.08571     0      0
-3.07143     0      0
-3.05714     0      0
-3.04286     0      0
-3.02857     0      0
-3.01429     0      0
-3     0      0
-2.98571     0      0
-2.97143     0      0
-2.95714     0      0
-2.94286     0      0
-2.92857     0      0
-2.91429     0      0
-2.9     0      0
-2.88571     0      0
-2.87143     0      0
-2.85714     0      0
-2.84286     0      0
-2.82857     0      0
-2.81429     0      0
-2.8     0      0
-2.78571     0      0
-2.77143     0      0
-2.75714     0      0
-2.74286     0      0
-2.72857     0      0
-2.71429     0      0
-2.7     0      0
-2.68571     0      0
-2.67143     0      0
-2.65714     0      0
-2.64286     0      0
-2.62857     0      0
-2.61429     0      0
-2.6     0      0
-2.58571     0      0
-2.57143     0      0
-2.55714     0      0
-2.54286     0      0
-2.52857     0      0
-2.51429     0      0
-2.5     0      0
-2.48571     0      0
-2.47143     0      0
-2.45714     0      0
-2.44286     0      0
-2.42857     0      0
-2.41429     0      0
-2.4     0      0
-2.38571     0      0
-2.37143     0      0
-2.35714     0      0
-2.34286     0      0
-2.32857     0      0
-2.31429     0      0
-2.3     0      0
-2.28571     0      0
-2.27143     0      0
-2.25714     0      0
-2.24286     0      0
-2.22857     0      0
-2.21429     0      0
-2.2     0      0
-2.18571     0      0
-2.17143     0      0
-2.15714     0      0
-2.14286     9.6918e-150      0
-2.12857     2.9695e-148      0
-2.11429     5.37742e-143      0
-2.1     1.18462e-141      0
-2.08571     1.1928e-141      0
-2.07143     1.19371e-141      0
-2.05714     5.07954e-136      0
-2.04286     4.73847e-135      0
-2.02857     4.73665e-135      0
-2.01429     4.77667e-135      0
-2     4.09819e-129      0
-1.98571     1.89029e-128      0
-1.97143     1.89466e-128      0
-1.95714     1.90194e-128      0
-1.94286     2.81507e-122      0
-1.92857     7.54663e-122      0
-1.91429     7.53789e-122      0
-1.9     7.59901e-122      0
-1.88571     1.71043e-115      0
-1.87143     3.00352e-115      0
-1.85714     3.01632e-115      0
-1.84286     3.03844e-115      0
-1.82857     9.58913e-109      0
-1.81429     1.19722e-108      0
-1.8     1.21119e-108      0
-1.78571     2.9849e-103      0
-1.77143     0.0035805      0
-1.75714     0.005092      0
-1.74286     0.00511      0
-1.72857     0.005114      0
-1.71429     0.005144      0
-1.7     0.005176      0
-1.68571     0.005184      0
-1.67143     0.005192      0
-1.65714     0.005222      0
-1.64286     0.005258      0
-1.62857     0.005252      0
-1.61429     0.00529      0
-1.6     0.005272      0
-1.58571     0.005352      0
-1.57143     0.005336      0
-1.55714     0.005354      0
-1.54286     0.005404      0
-1.52857     0.005394      0
-1.51429     0.005428      0
-1.5     0.005458      0
-1.48571     0.00546      0
-1.47143     0.005486      0
-1.45714     0.005534      0
-1.44286     0.00555      0
-1.42857     0.005564      0
-1.41429     0.005594      0
-1.4     0.005638      0
-1.38571     0.005648      0
-1.37143     0.005664      0
-1.35714     0.005668      0
-1.34286     0.005718      0
-1.32857     0.005756      0
-1.31429     0.005722      0
-1.3     0.005806      0
-1.28571     0.005848      0
-1.27143     0.005852      0
-1.25714     0.005872      0
-1.24286     0.005912      0
-1.22857     0.005932      0
-1.21429     0.005948      0
-1.2     0.005984      0
-1.18571     0.006046      0
-1.17143     0.006034      0
-1.15714     0.006072      0
-1.14286     0.006134      0
-1.12857     0.006136      0
-1.11429     0.006168      0
-1.1     0.006196      0
-1.08571     0.00626      0
-1.07143     0.006284      0
-1.05714     0.006288      0
-1.04286     0.006344      0
-1.02857     0.006356      0
-1.01429     0.006458      0
-1     0.006444      0
-0.985714     0.006504      0
-0.971429     0.006532      0
-0.957143     0.006556      0
-0.942857     0.006604      0
-0.928571     0.00663      0
-0.914286     0.006676      0
-0.9     0.00677      0
-0.885714     0.00674      0
-0.871429     0.006864      0
-0.857143     0.006856      0
-0.842857     0.006878      0
-0.828571     0.006956      0
-0.814286     0.006992      0
-0.8     0.007052      0
-0.785714     0.00708      0
-0.771429     0.007172      0
-0.757143     0.007204      0
-0.742857     0.007234      0
-0.728571     0.00732      0
-0.714286     0.00734      0
-0.7     0.007428      0
-0.685714     0.007492      0
-0.671429     0.007528      0
-0.657143     0.007588      0
-0.642857     0.007664      0
-0.628571     0.007716      0
-0.614286     0.007848      0
-0.6     0.00784      0
-0.585714     0.007968      0
-0.571429     0.007976      0
-0.557143     0.008104      0
-0.542857     0.008128      0
-0.528571     0.008266      0
-0.514286     0.008372      0
-0.5     0.008436      0
-0.485714     0.008504      0
-0.471429     0.008642      0
-0.457143     0.008712      0
-0.442857     0.00883      0
-0.428571     0.008952      0
-0.414286     0.009076      0
-0.4     0.009184      0
-0.385714     0.009306      0
-0.371429     0.009466      0
-0.357143     0.00962      0
-0.342857     0.009732      0
-0.328571     0.009968      0
-0.314286     0.010152      0
-0.3     0.010328      0
-0.285714     0.01057      0
-0.271429     0.010806      0
-0.257143     0.011084      0
-0.242857     0.011412      0
-0.228571     0.011756      0
-0.214286     0.012154      0
-0.2     0.012648      0
-0.185714     0.013256      0
-0.171429     0.014214      0
-0.157143     0.01514      0
-0.142857     0.016448      0
-0.128571     0.019678      0
-0.114286     0.0282965      0
-0.1     0.042278      0
-0.0857143     0.018878      0
-0.0714286     0.014402      0
-0.0571429     0.011922      0
-0.0428571     0.010292      0
-0.0285714     0.008996      0
-0.0142857     0.007995      0
0     0      0
0.0142857     0      0
0.0285714     0      0
0.0428571     0      0
0.0571429     0      0
0.0714286     0      0
0.0857143     0      0
0.1     0      0
0.114286     0      0
0.128571     0      0
0.142857     0      0
0.157143     0      0
0.171429     0      0.0202745
0.185714     0      0.018722
0.2     0      0.016426
0.214286     0      0.015584
0.228571     0      0.015446
0.242857     0      0.01596
0.257143     0      0.017636
0.271429     0      0.020011
0.285714     0      0.015506
0.3     0      0.013932
0.314286     0      0.012896
0.328571     0      0.01216
0.342857     0      0.011616
0.357143     0      0.011186
0.371429     0      0.01081
0.385714     0      0.010456
0.4     0      0.01019
0.414286     0      0.00996
0.428571     0      0.009686
0.442857     0      0.00954
0.457143     0      0.009316
0.471429     0      0.009144
0.485714     0      0.009008
0.5     0      0.00886
0.514286     0      0.008712
0.528571     0      0.008586
0.542857     0      0.008484
0.557143     0      0.008328
0.571429     0      0.008242
0.585714     0      0.008132
0.6     0      0.008042
0.614286     0      0.007942
0.628571     0      0.007834
0.642857     0      0.007758
0.657143     0      0.007678
0.671429     0      0.007604
0.685714     0      0.007492
0.7     0      0.007464
0.714286     0      0.007382
0.728571     0      0.007304
0.742857     0      0.007256
0.757143     0      0.00716
0.771429     0      0.007094
0.785714     0      0.007026
0.8     0      0.00702
0.814286     0      0.006904
0.828571     0      0.00682
0.842857     0      0.006854
0.857143     0      0.006734
0.871429     0      0.00674
0.885714     0      0.006642
0.9     0      0.006594
0.914286     0      0.00652
0.928571     0      0.006526
0.942857     0      0.006446
0.957143     0      0.006426
0.971429     0      0.006328
0.985714     0      0.00634
1     0      0.006268
1.01429     0      0.006244
1.02857     0      0.006162
1.04286     0      0.00618
1.05714     0      0.006078
1.07143     0      0.006106
1.08571     0      0.006026
1.1     0      0.00598
1.11429     0      0.005938
1.12857     0      0.005924
1.14286     0      0.005902
1.15714     0      0.005842
1.17143     0      0.005778
1.18571     0      0.005772
1.2     0      0.005746
1.21429     0      0.0057
1.22857     0      0.005708
1.24286     0      0.005636
1.25714     0      0.005574
1.27143     0      0.005582
1.28571     0      0.00556
1.3     0      0.005518
1.31429     0      0.00551
1.32857     0      0.00543
1.34286     0      0.005406
1.35714     0      0.005416
1.37143     0      0.005392
1.38571     0      0.005334
1.4     0      0.005318
1.41429     0      0.005298
1.42857     0      0.005234
1.44286     0      0.005214
1.45714     0      0.00523
1.47143     0      0.005202
1.48571     0      0.005126
1.5     0      0.005144
1.51429     0      0.005118
1.52857     0      0.005054
1.54286     0      0.005064
1.55714     0      0.005022
1.57143     0      0.005012
1.58571     0      0.005012
1.6     0      0.00493
1.61429     0      0.004944
1.62857     0      0.004914
1.64286     0      0.004892
1.65714     0      0.004896
1.67143     0      0.004862
1.68571     0      0.004792
1.7     0      0.004822
1.71429     0      0.004784
1.72857     0      0.004764
1.74286     0      0.004754
1.75714     0      0.004704
1.77143     0      0.004708
1.78571     0      0.004682
1.8     0      0.004664
1.81429     0      0.004652
1.82857     0      0.004622
1.84286     0      0.004604
1.85714     0      0.004592
1.87143     0      0.004562
1.88571     0      0.004544
1.9     0      0.004528
1.91429     0      0.004524
1.92857     0      0.004484
1.94286     0      0.004488
1.95714     0      0.004436
1.97143     0      0.004446
1.98571     0      0.004434
2     0      0.00442
2.01429     0      0.0044
2.02857     0      0.004358
2.04286     0      0.004342
2.05714     0      0.004338
2.07143     0      0.004316
2.08571     0      0.00431
2.1     0      0.004276
2.11429     0      0.004284
2.12857     0      0.004252
2.14286     0      0.004252
2.15714     0      0.004218
2.17143     0      0.004206
2.18571     0      0.004204
2.2     0      0.004178
2.21429     0      0.004164
2.22857     0      0.0039545
2.24286     0      4.49125e-10
2.25714     0      3.34453e-23
2.27143     0      1.96289e-30
2.28571     0      4.77173e-43
2.3     0      5.8014e-50
2.31429     0      3.21199e-57
2.32857     0      2.51889e-82
2.34286     0      2.50697e-82
2.35714     0      2.50459e-82
2.37143     0      2.48909e-82
2.38571     0      5.02169e-83
2.4     0      0
2.41429     0      0
2.42857     0      0
2.44286     0      0
2.45714     0      0
2.47143     0      0
2.48571     0      0
2.5     0      0
2.51429     0      0
2.52857     0      0
2.54286     0      0
2.55714     0      0
2.57143     0      0
2.58571     0      0
2.6     0      0
2.61429     0      0
2.62857     0      0
2.64286     0      0
2.65714     0      0
2.67143     0      0
2.68571     0      0
2.7     0      0
2.71429     0      0
2.72857     0      0
2.74286     0      0
2.75714     0      0
2.77143     0      0
2.78571     0      0
2.8     0      0
2.81429     0      0
2.82857     0      0
2.84286     0      0
2.85714     0      0
2.87143     0      0
2.88571     0      0
2.9     0      0
2.91429     0      0
2.92857     0      0
2.94286     0      0
2.95714     0      0
2.97143     0      0
2.98571     0      0
3     0      0
3.01429     0      0
3.02857     0      0
3.04286     0      0
3.05714     0      0
3.07143     0      0
3.08571     0      0
3.1     0      0
3.11429     0      0
3.12857     0      0
3.14286     0      0
3.15714     0      0
3.17143     0      0
3.18571     0      0
3.2     0      0
3.21429     0      0
3.22857     0      0
3.24286     0      0
3.25714     0      0
3.27143     0      0
3.28571     0      0
3.3     0      0
3.31429     0      0
3.32857     0      0
3.34286     0      0
3.35714     0      0
3.37143     0      0
3.38571     0      0
3.4     0      0
3.41429     0      0
3.42857     0      0
3.44286     0      0
3.45714     0      0
3.47143     0      0
3.48571     0      0
3.5     0      0
3.51429     0      0
3.52857     0      0
3.54286     0      0
3.55714     0      0
3.57143     0      0
3.58571     0      0
3.6     0      0
3.61429     0      0
3.62857     0      0
3.64286     0      0
3.65714     0      0
3.67143     0      0
3.68571     0      0
3.7     0      0
3.71429     0      0
3.72857     0      0
3.74286     0      0
3.75714     0      0
3.77143     0      0
3.78571     0      0
3.8     0      0
3.81429     0      0
3.82857     0      0
3.84286     0      0
3.85714     0      0
3.87143     0      0
3.88571     0      0
3.9     0      0
3.91429     0      0
3.92857     0      0
3.94286     0      0
3.95714     0      0
3.97143     0      0
3.98571     0      0
4     0      0
4.01429     0      0
4.02857     0      0
4.04286     0      0
4.05714     0      0
4.07143     0      0
4.08571     0      0
4.1     0      0
4.11429     0      0
4.12857     0      0
4.14286     0      0
4.15714     0      0
4.17143     0      0
4.18571     0      0
4.2     0      0
4.21429     0      0
4.22857     0      0
4.24286     0      0
4.25714     0      0
4.27143     0      0
4.28571     0      0
4.3     0      0
4.31429     0      0
4.32857     0      0
4.34286     0      0
4.35714     0      0
4.37143     0      0
4.38571     0      0
4.4     0      0
4.41429     0      0
4.42857     0      0
4.44286     0      0
4.45714     0      0
4.47143     0      0
4.48571     0      0
4.5     0      0
4.51429     0      0
4.52857     0      0
4.54286     0      0
4.55714     0      0
4.57143     0      0
4.58571     0      0
4.6     0      0
4.61429     0      0
4.62857     0      0
4.64286     0      0
4.65714     0      0
4.67143     0      0
4.68571     0      0
4.7     0      0
4.71429     0      0
4.72857     0      0
4.74286     0      0
4.75714     0      0
4.77143     0      0
4.78571     0      0
4.8     0      0
4.81429     0      0
4.82857     0      0
4.84286     0      0
4.85714     0      0
4.87143     0      0
4.88571     0      0
4.9     0      0
4.91429     0      0
4.92857     0      0
4.94286     0      0
4.95714     0      0
4.97143     0      0
4.98571     0      0
