# U,mu,nA_up, nA_dn, nB_up, nB_dn, ms, mf, ntotal,mu,cint
#energy    dos_upn   dos_upp   dos_dnn  dos_dnp GRID=1000 bin=700
-5     0      0
-4.98571     0      0
-4.97143     0      0
-4.95714     0      0
-4.94286     0      0
-4.92857     0      0
-4.91429     0      0
-4.9     0      0
-4.88571     0      0
-4.87143     0      0
-4.85714     0      0
-4.84286     0      0
-4.82857     0      0
-4.81429     0      0
-4.8     0      0
-4.78571     0      0
-4.77143     0      0
-4.75714     0      0
-4.74286     0      0
-4.72857     0      0
-4.71429     0      0
-4.7     0      0
-4.68571     0      0
-4.67143     0      0
-4.65714     0      0
-4.64286     0      0
-4.62857     0      0
-4.61429     0      0
-4.6     0      0
-4.58571     0      0
-4.57143     0      0
-4.55714     0      0
-4.54286     0      0
-4.52857     0      0
-4.51429     0      0
-4.5     0      0
-4.48571     0      0
-4.47143     0      0
-4.45714     0      0
-4.44286     0      0
-4.42857     0      0
-4.41429     0      0
-4.4     0      0
-4.38571     0      0
-4.37143     0      0
-4.35714     0      0
-4.34286     0      0
-4.32857     0      0
-4.31429     0      0
-4.3     0      0
-4.28571     0      0
-4.27143     0      0
-4.25714     0      0
-4.24286     0      0
-4.22857     0      0
-4.21429     0      0
-4.2     0      0
-4.18571     0      0
-4.17143     0      0
-4.15714     0      0
-4.14286     0      0
-4.12857     0      0
-4.11429     0      0
-4.1     0      0
-4.08571     0      0
-4.07143     0      0
-4.05714     0      0
-4.04286     0      0
-4.02857     0      0
-4.01429     0      0
-4     0      0
-3.98571     0      0
-3.97143     0      0
-3.95714     0      0
-3.94286     0      0
-3.92857     0      0
-3.91429     0      0
-3.9     0      0
-3.88571     0      0
-3.87143     0      0
-3.85714     0      0
-3.84286     0      0
-3.82857     0      0
-3.81429     0      0
-3.8     0      0
-3.78571     0      0
-3.77143     0      0
-3.75714     0      0
-3.74286     0      0
-3.72857     0      0
-3.71429     0      0
-3.7     0      0
-3.68571     0      0
-3.67143     0      0
-3.65714     0      0
-3.64286     0      0
-3.62857     0      0
-3.61429     0      0
-3.6     0      0
-3.58571     0      0
-3.57143     0      0
-3.55714     0      0
-3.54286     0      0
-3.52857     0      0
-3.51429     0      0
-3.5     0      0
-3.48571     0      0
-3.47143     0      0
-3.45714     0      0
-3.44286     0      0
-3.42857     0      0
-3.41429     0      0
-3.4     0      0
-3.38571     0      0
-3.37143     0      0
-3.35714     0      0
-3.34286     0      0
-3.32857     0      0
-3.31429     0      0
-3.3     0      0
-3.28571     0      0
-3.27143     0      0
-3.25714     0      0
-3.24286     0      0
-3.22857     0      0
-3.21429     0      0
-3.2     0      0
-3.18571     0      0
-3.17143     0      0
-3.15714     0      0
-3.14286     0      0
-3.12857     0      0
-3.11429     0      0
-3.1     0      0
-3.08571     0      0
-3.07143     0      0
-3.05714     0      0
-3.04286     0      0
-3.02857     0      0
-3.01429     0      0
-3     0      0
-2.98571     0      0
-2.97143     0      0
-2.95714     0      0
-2.94286     0      0
-2.92857     0      0
-2.91429     0      0
-2.9     0      0
-2.88571     0      0
-2.87143     0      0
-2.85714     0      0
-2.84286     0      0
-2.82857     0      0
-2.81429     0      0
-2.8     0      0
-2.78571     0      0
-2.77143     0      0
-2.75714     0      0
-2.74286     0      0
-2.72857     0      0
-2.71429     0      0
-2.7     0      0
-2.68571     0      0
-2.67143     0      0
-2.65714     0      0
-2.64286     0      0
-2.62857     0      0
-2.61429     0      0
-2.6     0      0
-2.58571     0      0
-2.57143     0      0
-2.55714     0      0
-2.54286     0      0
-2.52857     0      0
-2.51429     0      0
-2.5     0      0
-2.48571     0      0
-2.47143     0      0
-2.45714     0      0
-2.44286     0      0
-2.42857     0      0
-2.41429     0      0
-2.4     0      0
-2.38571     0      0
-2.37143     0      0
-2.35714     0      0
-2.34286     0      0
-2.32857     0      0
-2.31429     0      0
-2.3     0      0
-2.28571     0      0
-2.27143     0      0
-2.25714     0      0
-2.24286     0      0
-2.22857     0      0
-2.21429     0      0
-2.2     0      0
-2.18571     0      0
-2.17143     0      0
-2.15714     0      0
-2.14286     2.60162e-57      0
-2.12857     7.97119e-56      0
-2.11429     1.44349e-50      0
-2.1     3.17993e-49      0
-2.08571     3.20191e-49      0
-2.07143     3.20435e-49      0
-2.05714     1.36353e-43      0
-2.04286     1.27197e-42      0
-2.02857     1.27148e-42      0
-2.01429     1.28223e-42      0
-2     1.1001e-36      0
-1.98571     5.07422e-36      0
-1.97143     5.08594e-36      0
-1.95714     5.10547e-36      0
-1.94286     7.55665e-30      0
-1.92857     2.02578e-29      0
-1.91429     2.02344e-29      0
-1.9     2.03984e-29      0
-1.88571     4.59141e-23      0
-1.87143     8.0625e-23      0
-1.85714     8.09688e-23      0
-1.84286     8.15625e-23      0
-1.82857     2.57406e-16      0
-1.81429     3.21375e-16      0
-1.8     3.25125e-16      0
-1.78571     8.01253e-11      0
-1.77143     1.2835e-09      0
-1.75714     1.2915e-09      0
-1.74286     1.295e-09      0
-1.72857     0.0017985      0
-1.71429     0.00515      0
-1.7     0.005148      0
-1.68571     0.005174      0
-1.67143     0.005192      0
-1.65714     0.005218      0
-1.64286     0.00525      0
-1.62857     0.005248      0
-1.61429     0.005268      0
-1.6     0.00529      0
-1.58571     0.00534      0
-1.57143     0.005338      0
-1.55714     0.005378      0
-1.54286     0.005356      0
-1.52857     0.005404      0
-1.51429     0.005426      0
-1.5     0.005486      0
-1.48571     0.005452      0
-1.47143     0.005526      0
-1.45714     0.005536      0
-1.44286     0.00554      0
-1.42857     0.005574      0
-1.41429     0.005596      0
-1.4     0.005604      0
-1.38571     0.005674      0
-1.37143     0.005656      0
-1.35714     0.005748      0
-1.34286     0.005736      0
-1.32857     0.005736      0
-1.31429     0.0058      0
-1.3     0.005812      0
-1.28571     0.005854      0
-1.27143     0.005876      0
-1.25714     0.005888      0
-1.24286     0.005956      0
-1.22857     0.00594      0
-1.21429     0.006032      0
-1.2     0.00601      0
-1.18571     0.006034      0
-1.17143     0.006122      0
-1.15714     0.00612      0
-1.14286     0.006184      0
-1.12857     0.006166      0
-1.11429     0.00625      0
-1.1     0.006282      0
-1.08571     0.006296      0
-1.07143     0.006334      0
-1.05714     0.006402      0
-1.04286     0.006412      0
-1.02857     0.006432      0
-1.01429     0.006534      0
-1     0.006512      0
-0.985714     0.00657      0
-0.971429     0.006674      0
-0.957143     0.006688      0
-0.942857     0.006668      0
-0.928571     0.006806      0
-0.914286     0.006812      0
-0.9     0.00686      0
-0.885714     0.006914      0
-0.871429     0.006964      0
-0.857143     0.007032      0
-0.842857     0.007026      0
-0.828571     0.00717      0
-0.814286     0.007212      0
-0.8     0.007196      0
-0.785714     0.007318      0
-0.771429     0.007372      0
-0.757143     0.007454      0
-0.742857     0.007486      0
-0.728571     0.007552      0
-0.714286     0.007694      0
-0.7     0.007676      0
-0.685714     0.007826      0
-0.671429     0.00787      0
-0.657143     0.007962      0
-0.642857     0.008086      0
-0.628571     0.008118      0
-0.614286     0.008252      0
-0.6     0.00832      0
-0.585714     0.008474      0
-0.571429     0.008554      0
-0.557143     0.008686      0
-0.542857     0.008772      0
-0.528571     0.008934      0
-0.514286     0.00906      0
-0.5     0.009254      0
-0.485714     0.009358      0
-0.471429     0.00957      0
-0.457143     0.0097      0
-0.442857     0.009972      0
-0.428571     0.010132      0
-0.414286     0.010354      0
-0.4     0.01069      0
-0.385714     0.010886      0
-0.371429     0.011262      0
-0.357143     0.011638      0
-0.342857     0.012044      0
-0.328571     0.012484      0
-0.314286     0.013058      0
-0.3     0.013764      0
-0.285714     0.014678      0
-0.271429     0.01568      0
-0.257143     0.01712      0
-0.242857     0.019368      0
-0.228571     0.02271      0
-0.214286     0.0463565      0
-0.2     0.047206      0
-0.185714     0.025582      0
-0.171429     0.019788      0
-0.157143     0.016608      0
-0.142857     0.014556      0
-0.128571     0.012918      0
-0.114286     0.010115      0
-0.1     0      0
-0.0857143     0      0
-0.0714286     0      0
-0.0571429     0      0
-0.0428571     0      0
-0.0285714     0      0
-0.0142857     0      0
0     0      0
0.0142857     0      0
0.0285714     0      0
0.0428571     0      0
0.0571429     0      0
0.0714286     0      0
0.0857143     0      0
0.1     0      0
0.114286     0      0
0.128571     0      0
0.142857     0      0
0.157143     0      0
0.171429     0      0
0.185714     0      0
0.2     0      1.69144e-56
0.214286     0      7.14631e-49
0.228571     0      1.81653e-48
0.242857     0      6.40296e-42
0.257143     0      4.6587e-36
0.271429     0      3.01113e-35
0.285714     0      5.25176e-29
0.3     0      1.09164e-28
0.314286     0      2.76695e-22
0.328571     0      4.13469e-22
0.342857     0      1.15753e-15
0.357143     0      1.615e-15
0.371429     0      4.11413e-09
0.385714     0      6.449e-09
0.4     0      0.0113525
0.414286     0      0.026602
0.428571     0      0.021902
0.442857     0      0.020284
0.457143     0      0.019756
0.471429     0      0.019982
0.485714     0      0.021328
0.5     0      0.026635
0.514286     0      0.021176
0.528571     0      0.017602
0.542857     0      0.015738
0.557143     0      0.014514
0.571429     0      0.013506
0.585714     0      0.012788
0.6     0      0.012154
0.614286     0      0.011672
0.628571     0      0.011208
0.642857     0      0.01079
0.657143     0      0.010482
0.671429     0      0.01015
0.685714     0      0.00991
0.7     0      0.009682
0.714286     0      0.009428
0.728571     0      0.009218
0.742857     0      0.009076
0.757143     0      0.008848
0.771429     0      0.00868
0.785714     0      0.00858
0.8     0      0.008378
0.814286     0      0.008284
0.828571     0      0.008192
0.842857     0      0.008018
0.857143     0      0.007884
0.871429     0      0.007826
0.885714     0      0.007692
0.9     0      0.007664
0.914286     0      0.007504
0.928571     0      0.00742
0.942857     0      0.007322
0.957143     0      0.007274
0.971429     0      0.007162
0.985714     0      0.007168
1     0      0.007004
1.01429     0      0.007004
1.02857     0      0.006882
1.04286     0      0.006862
1.05714     0      0.006726
1.07143     0      0.00671
1.08571     0      0.006634
1.1     0      0.006584
1.11429     0      0.00654
1.12857     0      0.006476
1.14286     0      0.006438
1.15714     0      0.00639
1.17143     0      0.006298
1.18571     0      0.006274
1.2     0      0.006238
1.21429     0      0.006166
1.22857     0      0.006144
1.24286     0      0.006116
1.25714     0      0.006022
1.27143     0      0.005996
1.28571     0      0.005968
1.3     0      0.005936
1.31429     0      0.00589
1.32857     0      0.005848
1.34286     0      0.005784
1.35714     0      0.00577
1.37143     0      0.005706
1.38571     0      0.005702
1.4     0      0.005646
1.41429     0      0.005622
1.42857     0      0.00564
1.44286     0      0.005496
1.45714     0      0.00555
1.47143     0      0.005484
1.48571     0      0.005438
1.5     0      0.00542
1.51429     0      0.0054
1.52857     0      0.00535
1.54286     0      0.00534
1.55714     0      0.005306
1.57143     0      0.005308
1.58571     0      0.005208
1.6     0      0.005232
1.61429     0      0.005186
1.62857     0      0.005176
1.64286     0      0.005094
1.65714     0      0.00514
1.67143     0      0.005062
1.68571     0      0.005068
1.7     0      0.00504
1.71429     0      0.005002
1.72857     0      0.004966
1.74286     0      0.004956
1.75714     0      0.00498
1.77143     0      0.004878
1.78571     0      0.004896
1.8     0      0.004842
1.81429     0      0.004848
1.82857     0      0.004824
1.84286     0      0.00479
1.85714     0      0.004784
1.87143     0      0.004752
1.88571     0      0.00472
1.9     0      0.00471
1.91429     0      0.0047
1.92857     0      0.004636
1.94286     0      0.004684
1.95714     0      0.004622
1.97143     0      0.004592
1.98571     0      0.004596
2     0      0.004576
2.01429     0      0.004548
2.02857     0      0.004516
2.04286     0      0.004502
2.05714     0      0.004526
2.07143     0      0.004426
2.08571     0      0.004462
2.1     0      0.004436
2.11429     0      0.004424
2.12857     0      0.004392
2.14286     0      0.004392
2.15714     0      0.004358
2.17143     0      0.004336
2.18571     0      0.004354
2.2     0      0.004298
2.21429     0      0.004306
2.22857     0      0.004292
2.24286     0      0.004262
2.25714     0      0.00423
2.27143     0      0.00424
2.28571     0      0.004218
2.3     0      0.004192
2.31429     0      0.0037905
2.32857     0      0
2.34286     0      0
2.35714     0      0
2.37143     0      0
2.38571     0      0
2.4     0      0
2.41429     0      0
2.42857     0      0
2.44286     0      0
2.45714     0      0
2.47143     0      0
2.48571     0      0
2.5     0      0
2.51429     0      0
2.52857     0      0
2.54286     0      0
2.55714     0      0
2.57143     0      0
2.58571     0      0
2.6     0      0
2.61429     0      0
2.62857     0      0
2.64286     0      0
2.65714     0      0
2.67143     0      0
2.68571     0      0
2.7     0      0
2.71429     0      0
2.72857     0      0
2.74286     0      0
2.75714     0      0
2.77143     0      0
2.78571     0      0
2.8     0      0
2.81429     0      0
2.82857     0      0
2.84286     0      0
2.85714     0      0
2.87143     0      0
2.88571     0      0
2.9     0      0
2.91429     0      0
2.92857     0      0
2.94286     0      0
2.95714     0      0
2.97143     0      0
2.98571     0      0
3     0      0
3.01429     0      0
3.02857     0      0
3.04286     0      0
3.05714     0      0
3.07143     0      0
3.08571     0      0
3.1     0      0
3.11429     0      0
3.12857     0      0
3.14286     0      0
3.15714     0      0
3.17143     0      0
3.18571     0      0
3.2     0      0
3.21429     0      0
3.22857     0      0
3.24286     0      0
3.25714     0      0
3.27143     0      0
3.28571     0      0
3.3     0      0
3.31429     0      0
3.32857     0      0
3.34286     0      0
3.35714     0      0
3.37143     0      0
3.38571     0      0
3.4     0      0
3.41429     0      0
3.42857     0      0
3.44286     0      0
3.45714     0      0
3.47143     0      0
3.48571     0      0
3.5     0      0
3.51429     0      0
3.52857     0      0
3.54286     0      0
3.55714     0      0
3.57143     0      0
3.58571     0      0
3.6     0      0
3.61429     0      0
3.62857     0      0
3.64286     0      0
3.65714     0      0
3.67143     0      0
3.68571     0      0
3.7     0      0
3.71429     0      0
3.72857     0      0
3.74286     0      0
3.75714     0      0
3.77143     0      0
3.78571     0      0
3.8     0      0
3.81429     0      0
3.82857     0      0
3.84286     0      0
3.85714     0      0
3.87143     0      0
3.88571     0      0
3.9     0      0
3.91429     0      0
3.92857     0      0
3.94286     0      0
3.95714     0      0
3.97143     0      0
3.98571     0      0
4     0      0
4.01429     0      0
4.02857     0      0
4.04286     0      0
4.05714     0      0
4.07143     0      0
4.08571     0      0
4.1     0      0
4.11429     0      0
4.12857     0      0
4.14286     0      0
4.15714     0      0
4.17143     0      0
4.18571     0      0
4.2     0      0
4.21429     0      0
4.22857     0      0
4.24286     0      0
4.25714     0      0
4.27143     0      0
4.28571     0      0
4.3     0      0
4.31429     0      0
4.32857     0      0
4.34286     0      0
4.35714     0      0
4.37143     0      0
4.38571     0      0
4.4     0      0
4.41429     0      0
4.42857     0      0
4.44286     0      0
4.45714     0      0
4.47143     0      0
4.48571     0      0
4.5     0      0
4.51429     0      0
4.52857     0      0
4.54286     0      0
4.55714     0      0
4.57143     0      0
4.58571     0      0
4.6     0      0
4.61429     0      0
4.62857     0      0
4.64286     0      0
4.65714     0      0
4.67143     0      0
4.68571     0      0
4.7     0      0
4.71429     0      0
4.72857     0      0
4.74286     0      0
4.75714     0      0
4.77143     0      0
4.78571     0      0
4.8     0      0
4.81429     0      0
4.82857     0      0
4.84286     0      0
4.85714     0      0
4.87143     0      0
4.88571     0      0
4.9     0      0
4.91429     0      0
4.92857     0      0
4.94286     0      0
4.95714     0      0
4.97143     0      0
4.98571     0      0
