# U,mu,nA_up, nA_dn, nB_up, nB_dn, ms, mf, ntotal,mu,cint
#energy    dos_upn   dos_upp   dos_dnn  dos_dnp GRID=1000 bin=700
-5     0      0
-4.98571     0      0
-4.97143     0      0
-4.95714     0      0
-4.94286     0      0
-4.92857     0      0
-4.91429     0      0
-4.9     0      0
-4.88571     0      0
-4.87143     0      0
-4.85714     0      0
-4.84286     0      0
-4.82857     0      0
-4.81429     0      0
-4.8     0      0
-4.78571     0      0
-4.77143     0      0
-4.75714     0      0
-4.74286     0      0
-4.72857     0      0
-4.71429     0      0
-4.7     0      0
-4.68571     0      0
-4.67143     0      0
-4.65714     0      0
-4.64286     0      0
-4.62857     0      0
-4.61429     0      0
-4.6     0      0
-4.58571     0      0
-4.57143     0      0
-4.55714     0      0
-4.54286     0      0
-4.52857     0      0
-4.51429     0      0
-4.5     0      0
-4.48571     0      0
-4.47143     0      0
-4.45714     0      0
-4.44286     0      0
-4.42857     0      0
-4.41429     0      0
-4.4     0      0
-4.38571     0      0
-4.37143     0      0
-4.35714     0      0
-4.34286     0      0
-4.32857     0      0
-4.31429     0      0
-4.3     0      0
-4.28571     0      0
-4.27143     0      0
-4.25714     0      0
-4.24286     0      0
-4.22857     0      0
-4.21429     0      0
-4.2     0      0
-4.18571     0      0
-4.17143     0      0
-4.15714     0      0
-4.14286     0      0
-4.12857     0      0
-4.11429     0      0
-4.1     0      0
-4.08571     0      0
-4.07143     0      0
-4.05714     0      0
-4.04286     0      0
-4.02857     0      0
-4.01429     0      0
-4     0      0
-3.98571     0      0
-3.97143     0      0
-3.95714     0      0
-3.94286     0      0
-3.92857     0      0
-3.91429     0      0
-3.9     0      0
-3.88571     0      0
-3.87143     0      0
-3.85714     0      0
-3.84286     0      0
-3.82857     0      0
-3.81429     0      0
-3.8     0      0
-3.78571     0      0
-3.77143     0      0
-3.75714     0      0
-3.74286     0      0
-3.72857     0      0
-3.71429     0      0
-3.7     0      0
-3.68571     0      0
-3.67143     0      0
-3.65714     0      0
-3.64286     0      0
-3.62857     0      0
-3.61429     0      0
-3.6     0      0
-3.58571     0      0
-3.57143     0      0
-3.55714     0      0
-3.54286     0      0
-3.52857     0      0
-3.51429     0      0
-3.5     0      0
-3.48571     0      0
-3.47143     0      0
-3.45714     0      0
-3.44286     0      0
-3.42857     0      0
-3.41429     0      0
-3.4     0      0
-3.38571     0      0
-3.37143     0      0
-3.35714     0      0
-3.34286     0      0
-3.32857     0      0
-3.31429     0      0
-3.3     0      0
-3.28571     0      0
-3.27143     0      0
-3.25714     0      0
-3.24286     0      0
-3.22857     0      0
-3.21429     0      0
-3.2     0      0
-3.18571     0      0
-3.17143     0      0
-3.15714     0      0
-3.14286     0      0
-3.12857     0      0
-3.11429     0      0
-3.1     0      0
-3.08571     0      0
-3.07143     0      0
-3.05714     0      0
-3.04286     0      0
-3.02857     0      0
-3.01429     0      0
-3     0      0
-2.98571     0      0
-2.97143     0      0
-2.95714     0      0
-2.94286     0      0
-2.92857     0      0
-2.91429     0      0
-2.9     0      0
-2.88571     0      0
-2.87143     0      0
-2.85714     0      0
-2.84286     0      0
-2.82857     0      0
-2.81429     0      0
-2.8     0      0
-2.78571     0      0
-2.77143     0      0
-2.75714     0      0
-2.74286     0      0
-2.72857     0      0
-2.71429     0      0
-2.7     0      0
-2.68571     0      0
-2.67143     0      0
-2.65714     0      0
-2.64286     0      0
-2.62857     0      0
-2.61429     0      0
-2.6     0      0
-2.58571     0      0
-2.57143     0      0
-2.55714     0      0
-2.54286     0      0
-2.52857     0      0
-2.51429     0      0
-2.5     0      0
-2.48571     0      0
-2.47143     0      0
-2.45714     0      0
-2.44286     0      0
-2.42857     0      0
-2.41429     0      0
-2.4     0      0
-2.38571     0      0
-2.37143     0      0
-2.35714     0      0
-2.34286     0      0
-2.32857     0      0
-2.31429     0      0
-2.3     0      0
-2.28571     0      0
-2.27143     0      0
-2.25714     0      0
-2.24286     0      0
-2.22857     0      0
-2.21429     0      0
-2.2     0      0
-2.18571     0      0
-2.17143     0      0
-2.15714     0      0
-2.14286     1.44419e-235      0
-2.12857     4.4249e-234      0
-2.11429     8.01298e-229      0
-2.1     1.76522e-227      0
-2.08571     1.77741e-227      0
-2.07143     1.77877e-227      0
-2.05714     7.5691e-222      0
-2.04286     7.06087e-221      0
-2.02857     7.05816e-221      0
-2.01429     7.11779e-221      0
-2     6.10678e-215      0
-1.98571     2.81676e-214      0
-1.97143     2.82326e-214      0
-1.95714     2.83411e-214      0
-1.94286     4.19478e-208      0
-1.92857     1.12453e-207      0
-1.91429     1.12323e-207      0
-1.9     1.13234e-207      0
-1.88571     2.54874e-201      0
-1.87143     4.47559e-201      0
-1.85714     4.49467e-201      0
-1.84286     4.52763e-201      0
-1.82857     0.0017525      0
-1.81429     0.00507      0
-1.8     0.00509      0
-1.78571     0.005106      0
-1.77143     0.005124      0
-1.75714     0.00515      0
-1.74286     0.005166      0
-1.72857     0.005186      0
-1.71429     0.005186      0
-1.7     0.005234      0
-1.68571     0.005264      0
-1.67143     0.005258      0
-1.65714     0.005276      0
-1.64286     0.005298      0
-1.62857     0.005338      0
-1.61429     0.00534      0
-1.6     0.00536      0
-1.58571     0.005374      0
-1.57143     0.005436      0
-1.55714     0.00542      0
-1.54286     0.005458      0
-1.52857     0.005476      0
-1.51429     0.005492      0
-1.5     0.00551      0
-1.48571     0.00553      0
-1.47143     0.005602      0
-1.45714     0.00556      0
-1.44286     0.005636      0
-1.42857     0.005624      0
-1.41429     0.005656      0
-1.4     0.005716      0
-1.38571     0.005698      0
-1.37143     0.005764      0
-1.35714     0.005752      0
-1.34286     0.005786      0
-1.32857     0.005846      0
-1.31429     0.005836      0
-1.3     0.005872      0
-1.28571     0.005904      0
-1.27143     0.005916      0
-1.25714     0.005946      0
-1.24286     0.006022      0
-1.22857     0.005944      0
-1.21429     0.006102      0
-1.2     0.006062      0
-1.18571     0.006108      0
-1.17143     0.006146      0
-1.15714     0.00616      0
-1.14286     0.006192      0
-1.12857     0.006236      0
-1.11429     0.006258      0
-1.1     0.0063      0
-1.08571     0.006336      0
-1.07143     0.006352      0
-1.05714     0.00642      0
-1.04286     0.006432      0
-1.02857     0.00648      0
-1.01429     0.006516      0
-1     0.006536      0
-0.985714     0.006594      0
-0.971429     0.00662      0
-0.957143     0.006684      0
-0.942857     0.00671      0
-0.928571     0.00676      0
-0.914286     0.006784      0
-0.9     0.006824      0
-0.885714     0.006884      0
-0.871429     0.006902      0
-0.857143     0.006972      0
-0.842857     0.007008      0
-0.828571     0.00703      0
-0.814286     0.00715      0
-0.8     0.00716      0
-0.785714     0.007178      0
-0.771429     0.007284      0
-0.757143     0.007296      0
-0.742857     0.007342      0
-0.728571     0.007434      0
-0.714286     0.0075      0
-0.7     0.007554      0
-0.685714     0.007584      0
-0.671429     0.00766      0
-0.657143     0.007696      0
-0.642857     0.00779      0
-0.628571     0.00785      0
-0.614286     0.007874      0
-0.6     0.00803      0
-0.585714     0.008044      0
-0.571429     0.00816      0
-0.557143     0.008188      0
-0.542857     0.008296      0
-0.528571     0.008388      0
-0.514286     0.008454      0
-0.5     0.008534      0
-0.485714     0.008662      0
-0.471429     0.008736      0
-0.457143     0.008846      0
-0.442857     0.008968      0
-0.428571     0.009052      0
-0.414286     0.00918      0
-0.4     0.009298      0
-0.385714     0.009402      0
-0.371429     0.00953      0
-0.357143     0.009706      0
-0.342857     0.009886      0
-0.328571     0.01002      0
-0.314286     0.010208      0
-0.3     0.010324      0
-0.285714     0.010564      0
-0.271429     0.010824      0
-0.257143     0.011078      0
-0.242857     0.011336      0
-0.228571     0.011664      0
-0.214286     0.012024      0
-0.2     0.012328      0
-0.185714     0.012972      0
-0.171429     0.013636      0
-0.157143     0.014484      0
-0.142857     0.015956      0
-0.128571     0.01796      0
-0.114286     0.0262605      0
-0.1     0.034408      0
-0.0857143     0.015438      0
-0.0714286     0.011918      0
-0.0571429     0.00971      0
-0.0428571     0.008344      0
-0.0285714     0.007182      0
-0.0142857     0.006267      0
0     0      0
0.0142857     0      0
0.0285714     0      0
0.0428571     0      0
0.0571429     0      0.0120945
0.0714286     0      0.017304
0.0857143     0      0.014548
0.1     0      0.013652
0.114286     0      0.013504
0.128571     0      0.013788
0.142857     0      0.014786
0.157143     0      0.017709
0.171429     0      0.014612
0.185714     0      0.013148
0.2     0      0.012298
0.214286     0      0.011736
0.228571     0      0.011226
0.242857     0      0.010868
0.257143     0      0.010618
0.271429     0      0.010298
0.285714     0      0.01009
0.3     0      0.009846
0.314286     0      0.009656
0.328571     0      0.009486
0.342857     0      0.009338
0.357143     0      0.009128
0.371429     0      0.00905
0.385714     0      0.008886
0.4     0      0.008742
0.414286     0      0.008638
0.428571     0      0.008546
0.442857     0      0.008426
0.457143     0      0.00832
0.471429     0      0.008234
0.485714     0      0.008118
0.5     0      0.00802
0.514286     0      0.008002
0.528571     0      0.007826
0.542857     0      0.007808
0.557143     0      0.007726
0.571429     0      0.007604
0.585714     0      0.00756
0.6     0      0.007522
0.614286     0      0.007372
0.628571     0      0.00736
0.642857     0      0.007272
0.657143     0      0.007246
0.671429     0      0.00715
0.685714     0      0.00709
0.7     0      0.007024
0.714286     0      0.007
0.728571     0      0.0069
0.742857     0      0.006904
0.757143     0      0.006792
0.771429     0      0.006792
0.785714     0      0.0067
0.8     0      0.00668
0.814286     0      0.006584
0.828571     0      0.006576
0.842857     0      0.006528
0.857143     0      0.00646
0.871429     0      0.006434
0.885714     0      0.006372
0.9     0      0.006324
0.914286     0      0.006292
0.928571     0      0.006284
0.942857     0      0.00619
0.957143     0      0.006172
0.971429     0      0.006174
0.985714     0      0.00609
1     0      0.006024
1.01429     0      0.006002
1.02857     0      0.005988
1.04286     0      0.005934
1.05714     0      0.005916
1.07143     0      0.005878
1.08571     0      0.00585
1.1     0      0.005802
1.11429     0      0.005772
1.12857     0      0.005706
1.14286     0      0.005704
1.15714     0      0.005666
1.17143     0      0.00567
1.18571     0      0.005646
1.2     0      0.005518
1.21429     0      0.005544
1.22857     0      0.005518
1.24286     0      0.005488
1.25714     0      0.005492
1.27143     0      0.005406
1.28571     0      0.005388
1.3     0      0.005402
1.31429     0      0.005342
1.32857     0      0.005298
1.34286     0      0.005302
1.35714     0      0.005262
1.37143     0      0.005248
1.38571     0      0.005176
1.4     0      0.005178
1.41429     0      0.005188
1.42857     0      0.005122
1.44286     0      0.005114
1.45714     0      0.0051
1.47143     0      0.005056
1.48571     0      0.005028
1.5     0      0.004998
1.51429     0      0.005012
1.52857     0      0.004942
1.54286     0      0.004964
1.55714     0      0.004918
1.57143     0      0.004912
1.58571     0      0.004888
1.6     0      0.00486
1.61429     0      0.004808
1.62857     0      0.0048
1.64286     0      0.004824
1.65714     0      0.004768
1.67143     0      0.004774
1.68571     0      0.004722
1.7     0      0.0047
1.71429     0      0.004704
1.72857     0      0.00466
1.74286     0      0.004646
1.75714     0      0.004608
1.77143     0      0.00465
1.78571     0      0.004568
1.8     0      0.004564
1.81429     0      0.00456
1.82857     0      0.004572
1.84286     0      0.004494
1.85714     0      0.004492
1.87143     0      0.004468
1.88571     0      0.004476
1.9     0      0.004476
1.91429     0      0.004432
1.92857     0      0.004414
1.94286     0      0.004374
1.95714     0      0.004372
1.97143     0      0.004368
1.98571     0      0.004382
2     0      0.0043
2.01429     0      0.004292
2.02857     0      0.004328
2.04286     0      0.004278
2.05714     0      0.004254
2.07143     0      0.004262
2.08571     0      0.004226
2.1     0      0.004218
2.11429     0      0.004196
2.12857     0      0.004192
2.14286     0      0.004182
2.15714     0      0.004146
2.17143     0      0.0037045
2.18571     0      1.05625e-10
2.2     0      3.64868e-43
2.21429     0      5.16701e-63
2.22857     0      8.54732e-77
2.24286     0      6.69249e-96
2.25714     0      4.98374e-109
2.27143     0      2.92494e-116
2.28571     0      7.11043e-129
2.3     0      8.64476e-136
2.31429     0      4.78624e-143
2.32857     0      3.75344e-168
2.34286     0      3.73568e-168
2.35714     0      3.73213e-168
2.37143     0      3.70903e-168
2.38571     0      7.4829e-169
2.4     0      0
2.41429     0      0
2.42857     0      0
2.44286     0      0
2.45714     0      0
2.47143     0      0
2.48571     0      0
2.5     0      0
2.51429     0      0
2.52857     0      0
2.54286     0      0
2.55714     0      0
2.57143     0      0
2.58571     0      0
2.6     0      0
2.61429     0      0
2.62857     0      0
2.64286     0      0
2.65714     0      0
2.67143     0      0
2.68571     0      0
2.7     0      0
2.71429     0      0
2.72857     0      0
2.74286     0      0
2.75714     0      0
2.77143     0      0
2.78571     0      0
2.8     0      0
2.81429     0      0
2.82857     0      0
2.84286     0      0
2.85714     0      0
2.87143     0      0
2.88571     0      0
2.9     0      0
2.91429     0      0
2.92857     0      0
2.94286     0      0
2.95714     0      0
2.97143     0      0
2.98571     0      0
3     0      0
3.01429     0      0
3.02857     0      0
3.04286     0      0
3.05714     0      0
3.07143     0      0
3.08571     0      0
3.1     0      0
3.11429     0      0
3.12857     0      0
3.14286     0      0
3.15714     0      0
3.17143     0      0
3.18571     0      0
3.2     0      0
3.21429     0      0
3.22857     0      0
3.24286     0      0
3.25714     0      0
3.27143     0      0
3.28571     0      0
3.3     0      0
3.31429     0      0
3.32857     0      0
3.34286     0      0
3.35714     0      0
3.37143     0      0
3.38571     0      0
3.4     0      0
3.41429     0      0
3.42857     0      0
3.44286     0      0
3.45714     0      0
3.47143     0      0
3.48571     0      0
3.5     0      0
3.51429     0      0
3.52857     0      0
3.54286     0      0
3.55714     0      0
3.57143     0      0
3.58571     0      0
3.6     0      0
3.61429     0      0
3.62857     0      0
3.64286     0      0
3.65714     0      0
3.67143     0      0
3.68571     0      0
3.7     0      0
3.71429     0      0
3.72857     0      0
3.74286     0      0
3.75714     0      0
3.77143     0      0
3.78571     0      0
3.8     0      0
3.81429     0      0
3.82857     0      0
3.84286     0      0
3.85714     0      0
3.87143     0      0
3.88571     0      0
3.9     0      0
3.91429     0      0
3.92857     0      0
3.94286     0      0
3.95714     0      0
3.97143     0      0
3.98571     0      0
4     0      0
4.01429     0      0
4.02857     0      0
4.04286     0      0
4.05714     0      0
4.07143     0      0
4.08571     0      0
4.1     0      0
4.11429     0      0
4.12857     0      0
4.14286     0      0
4.15714     0      0
4.17143     0      0
4.18571     0      0
4.2     0      0
4.21429     0      0
4.22857     0      0
4.24286     0      0
4.25714     0      0
4.27143     0      0
4.28571     0      0
4.3     0      0
4.31429     0      0
4.32857     0      0
4.34286     0      0
4.35714     0      0
4.37143     0      0
4.38571     0      0
4.4     0      0
4.41429     0      0
4.42857     0      0
4.44286     0      0
4.45714     0      0
4.47143     0      0
4.48571     0      0
4.5     0      0
4.51429     0      0
4.52857     0      0
4.54286     0      0
4.55714     0      0
4.57143     0      0
4.58571     0      0
4.6     0      0
4.61429     0      0
4.62857     0      0
4.64286     0      0
4.65714     0      0
4.67143     0      0
4.68571     0      0
4.7     0      0
4.71429     0      0
4.72857     0      0
4.74286     0      0
4.75714     0      0
4.77143     0      0
4.78571     0      0
4.8     0      0
4.81429     0      0
4.82857     0      0
4.84286     0      0
4.85714     0      0
4.87143     0      0
4.88571     0      0
4.9     0      0
4.91429     0      0
4.92857     0      0
4.94286     0      0
4.95714     0      0
4.97143     0      0
4.98571     0      0
