# U,mu,nA_up, nA_dn, nB_up, nB_dn, ms, mf, ntotal,mu,cint
#energy    dos_upn   dos_upp   dos_dnn  dos_dnp GRID=1000 bin=700
-5     0      0
-4.98571     0      0
-4.97143     0      0
-4.95714     0      0
-4.94286     0      0
-4.92857     0      0
-4.91429     0      0
-4.9     0      0
-4.88571     0      0
-4.87143     0      0
-4.85714     0      0
-4.84286     0      0
-4.82857     0      0
-4.81429     0      0
-4.8     0      0
-4.78571     0      0
-4.77143     0      0
-4.75714     0      0
-4.74286     0      0
-4.72857     0      0
-4.71429     0      0
-4.7     0      0
-4.68571     0      0
-4.67143     0      0
-4.65714     0      0
-4.64286     0      0
-4.62857     0      0
-4.61429     0      0
-4.6     0      0
-4.58571     0      0
-4.57143     0      0
-4.55714     0      0
-4.54286     0      0
-4.52857     0      0
-4.51429     0      0
-4.5     0      0
-4.48571     0      0
-4.47143     0      0
-4.45714     0      0
-4.44286     0      0
-4.42857     0      0
-4.41429     0      0
-4.4     0      0
-4.38571     0      0
-4.37143     0      0
-4.35714     0      0
-4.34286     0      0
-4.32857     0      0
-4.31429     0      0
-4.3     0      0
-4.28571     0      0
-4.27143     0      0
-4.25714     0      0
-4.24286     0      0
-4.22857     0      0
-4.21429     0      0
-4.2     0      0
-4.18571     0      0
-4.17143     0      0
-4.15714     0      0
-4.14286     0      0
-4.12857     0      0
-4.11429     0      0
-4.1     0      0
-4.08571     0      0
-4.07143     0      0
-4.05714     0      0
-4.04286     0      0
-4.02857     0      0
-4.01429     0      0
-4     0      0
-3.98571     0      0
-3.97143     0      0
-3.95714     0      0
-3.94286     0      0
-3.92857     0      0
-3.91429     0      0
-3.9     0      0
-3.88571     0      0
-3.87143     0      0
-3.85714     0      0
-3.84286     0      0
-3.82857     0      0
-3.81429     0      0
-3.8     0      0
-3.78571     0      0
-3.77143     0      0
-3.75714     0      0
-3.74286     0      0
-3.72857     0      0
-3.71429     0      0
-3.7     0      0
-3.68571     0      0
-3.67143     0      0
-3.65714     0      0
-3.64286     0      0
-3.62857     0      0
-3.61429     0      0
-3.6     0      0
-3.58571     0      0
-3.57143     0      0
-3.55714     0      0
-3.54286     0      0
-3.52857     0      0
-3.51429     0      0
-3.5     0      0
-3.48571     0      0
-3.47143     0      0
-3.45714     0      0
-3.44286     0      0
-3.42857     0      0
-3.41429     0      0
-3.4     0      0
-3.38571     0      0
-3.37143     0      0
-3.35714     0      0
-3.34286     0      0
-3.32857     0      0
-3.31429     0      0
-3.3     0      0
-3.28571     0      0
-3.27143     0      0
-3.25714     0      0
-3.24286     0      0
-3.22857     0      0
-3.21429     0      0
-3.2     0      0
-3.18571     0      0
-3.17143     0      0
-3.15714     0      0
-3.14286     0      0
-3.12857     0      0
-3.11429     0      0
-3.1     0      0
-3.08571     0      0
-3.07143     0      0
-3.05714     0      0
-3.04286     0      0
-3.02857     0      0
-3.01429     0      0
-3     0      0
-2.98571     0      0
-2.97143     0      0
-2.95714     0      0
-2.94286     0      0
-2.92857     0      0
-2.91429     0      0
-2.9     0      0
-2.88571     0      0
-2.87143     0      0
-2.85714     0      0
-2.84286     0      0
-2.82857     0      0
-2.81429     0      0
-2.8     0      0
-2.78571     0      0
-2.77143     0      0
-2.75714     0      0
-2.74286     0      0
-2.72857     0      0
-2.71429     0      0
-2.7     0      0
-2.68571     0      0
-2.67143     0      0
-2.65714     0      0
-2.64286     0      0
-2.62857     0      0
-2.61429     0      0
-2.6     0      0
-2.58571     0      0
-2.57143     0      0
-2.55714     0      0
-2.54286     0      0
-2.52857     0      0
-2.51429     0      0
-2.5     0      0
-2.48571     0      0
-2.47143     0      0
-2.45714     0      0
-2.44286     0      0
-2.42857     0      0
-2.41429     0      0
-2.4     0      0
-2.38571     0      0
-2.37143     0      0
-2.35714     0      0
-2.34286     0      0
-2.32857     0      0
-2.31429     0      0
-2.3     0      0
-2.28571     0      0
-2.27143     0      0
-2.25714     0      0
-2.24286     0      0
-2.22857     0      0
-2.21429     0      0
-2.2     0      0
-2.18571     0      0
-2.17143     0      0
-2.15714     0      0
-2.14286     2.31071e-222      0
-2.12857     7.07984e-221      0
-2.11429     1.28208e-215      0
-2.1     2.82435e-214      0
-2.08571     2.84386e-214      0
-2.07143     2.84603e-214      0
-2.05714     1.21106e-208      0
-2.04286     1.12974e-207      0
-2.02857     1.12931e-207      0
-2.01429     1.13885e-207      0
-2     9.77084e-202      0
-1.98571     4.50681e-201      0
-1.97143     4.51722e-201      0
-1.95714     4.53457e-201      0
-1.94286     6.71165e-195      0
-1.92857     1.79926e-194      0
-1.91429     1.79717e-194      0
-1.9     1.81175e-194      0
-1.88571     4.07799e-188      0
-1.87143     7.16094e-188      0
-1.85714     7.19147e-188      0
-1.84286     7.24421e-188      0
-1.82857     0.0005885      0
-1.81429     0.005056      0
-1.8     0.005088      0
-1.78571     0.005112      0
-1.77143     0.005124      0
-1.75714     0.005146      0
-1.74286     0.005158      0
-1.72857     0.005182      0
-1.71429     0.005208      0
-1.7     0.005202      0
-1.68571     0.005236      0
-1.67143     0.005272      0
-1.65714     0.005252      0
-1.64286     0.005338      0
-1.62857     0.005322      0
-1.61429     0.005348      0
-1.6     0.005328      0
-1.58571     0.00541      0
-1.57143     0.005396      0
-1.55714     0.005402      0
-1.54286     0.005464      0
-1.52857     0.00548      0
-1.51429     0.005506      0
-1.5     0.005466      0
-1.48571     0.005574      0
-1.47143     0.005548      0
-1.45714     0.005602      0
-1.44286     0.005636      0
-1.42857     0.005644      0
-1.41429     0.005624      0
-1.4     0.005692      0
-1.38571     0.005728      0
-1.37143     0.005726      0
-1.35714     0.005734      0
-1.34286     0.005808      0
-1.32857     0.005814      0
-1.31429     0.005822      0
-1.3     0.00589      0
-1.28571     0.005888      0
-1.27143     0.005948      0
-1.25714     0.005928      0
-1.24286     0.005976      0
-1.22857     0.006008      0
-1.21429     0.006048      0
-1.2     0.00608      0
-1.18571     0.006088      0
-1.17143     0.006142      0
-1.15714     0.006168      0
-1.14286     0.006192      0
-1.12857     0.006214      0
-1.11429     0.006272      0
-1.1     0.006282      0
-1.08571     0.006348      0
-1.07143     0.006356      0
-1.05714     0.006408      0
-1.04286     0.006444      0
-1.02857     0.006428      0
-1.01429     0.006516      0
-1     0.006546      0
-0.985714     0.00656      0
-0.971429     0.006662      0
-0.957143     0.006628      0
-0.942857     0.0067      0
-0.928571     0.006804      0
-0.914286     0.006742      0
-0.9     0.006856      0
-0.885714     0.006824      0
-0.871429     0.006944      0
-0.857143     0.006918      0
-0.842857     0.007048      0
-0.828571     0.007024      0
-0.814286     0.00711      0
-0.8     0.00717      0
-0.785714     0.00718      0
-0.771429     0.00728      0
-0.757143     0.007298      0
-0.742857     0.007332      0
-0.728571     0.00742      0
-0.714286     0.007516      0
-0.7     0.007544      0
-0.685714     0.00757      0
-0.671429     0.007638      0
-0.657143     0.007722      0
-0.642857     0.007764      0
-0.628571     0.007856      0
-0.614286     0.007872      0
-0.6     0.008038      0
-0.585714     0.00803      0
-0.571429     0.00815      0
-0.557143     0.00821      0
-0.542857     0.00829      0
-0.528571     0.008376      0
-0.514286     0.008446      0
-0.5     0.00855      0
-0.485714     0.008632      0
-0.471429     0.008726      0
-0.457143     0.00886      0
-0.442857     0.008982      0
-0.428571     0.009058      0
-0.414286     0.009182      0
-0.4     0.009292      0
-0.385714     0.009452      0
-0.371429     0.00951      0
-0.357143     0.009696      0
-0.342857     0.009864      0
-0.328571     0.01005      0
-0.314286     0.010214      0
-0.3     0.010422      0
-0.285714     0.010606      0
-0.271429     0.010792      0
-0.257143     0.01108      0
-0.242857     0.011432      0
-0.228571     0.011702      0
-0.214286     0.012124      0
-0.2     0.012548      0
-0.185714     0.013116      0
-0.171429     0.013832      0
-0.157143     0.01481      0
-0.142857     0.016002      0
-0.128571     0.0189      0
-0.114286     0.0361725      0
-0.1     0.025228      0
-0.0857143     0.015048      0
-0.0714286     0.011772      0
-0.0571429     0.009742      0
-0.0428571     0.008292      0
-0.0285714     0.007254      0
-0.0142857     0.005329      0
0     0      0
0.0142857     0      0
0.0285714     0      0
0.0428571     0      0
0.0571429     0      0
0.0714286     0      0.0188785
0.0857143     0      0.016262
0.1     0      0.014396
0.114286     0      0.01377
0.128571     0      0.013796
0.142857     0      0.014236
0.157143     0      0.015818
0.171429     0      0.017599
0.185714     0      0.014148
0.2     0      0.01293
0.214286     0      0.01216
0.228571     0      0.011662
0.242857     0      0.01116
0.257143     0      0.010772
0.271429     0      0.01054
0.285714     0      0.010204
0.3     0      0.010056
0.314286     0      0.009784
0.328571     0      0.009622
0.342857     0      0.009406
0.357143     0      0.00929
0.371429     0      0.009084
0.385714     0      0.008954
0.4     0      0.008878
0.414286     0      0.008698
0.428571     0      0.008598
0.442857     0      0.008522
0.457143     0      0.008374
0.471429     0      0.008282
0.485714     0      0.008152
0.5     0      0.008122
0.514286     0      0.00799
0.528571     0      0.00792
0.542857     0      0.007768
0.557143     0      0.007742
0.571429     0      0.007704
0.585714     0      0.007602
0.6     0      0.007528
0.614286     0      0.007452
0.628571     0      0.007376
0.642857     0      0.007278
0.657143     0      0.007316
0.671429     0      0.007136
0.685714     0      0.007156
0.7     0      0.007052
0.714286     0      0.006976
0.728571     0      0.006938
0.742857     0      0.006914
0.757143     0      0.006874
0.771429     0      0.006748
0.785714     0      0.006766
0.8     0      0.006708
0.814286     0      0.00661
0.828571     0      0.006538
0.842857     0      0.006564
0.857143     0      0.006524
0.871429     0      0.006412
0.885714     0      0.00638
0.9     0      0.006366
0.914286     0      0.00632
0.928571     0      0.006272
0.942857     0      0.006244
0.957143     0      0.006148
0.971429     0      0.00615
0.985714     0      0.006124
1     0      0.006084
1.01429     0      0.006024
1.02857     0      0.005978
1.04286     0      0.005976
1.05714     0      0.005906
1.07143     0      0.005892
1.08571     0      0.005854
1.1     0      0.005838
1.11429     0      0.005762
1.12857     0      0.005744
1.14286     0      0.005694
1.15714     0      0.005688
1.17143     0      0.00565
1.18571     0      0.005618
1.2     0      0.005594
1.21429     0      0.005552
1.22857     0      0.00553
1.24286     0      0.005486
1.25714     0      0.005468
1.27143     0      0.00546
1.28571     0      0.005414
1.3     0      0.005344
1.31429     0      0.00535
1.32857     0      0.005356
1.34286     0      0.005292
1.35714     0      0.005282
1.37143     0      0.005226
1.38571     0      0.005232
1.4     0      0.005164
1.41429     0      0.00521
1.42857     0      0.005136
1.44286     0      0.005094
1.45714     0      0.005128
1.47143     0      0.005046
1.48571     0      0.005074
1.5     0      0.004994
1.51429     0      0.004994
1.52857     0      0.004968
1.54286     0      0.00498
1.55714     0      0.004906
1.57143     0      0.004916
1.58571     0      0.00488
1.6     0      0.00486
1.61429     0      0.004856
1.62857     0      0.004856
1.64286     0      0.004754
1.65714     0      0.004784
1.67143     0      0.004738
1.68571     0      0.004752
1.7     0      0.004728
1.71429     0      0.004682
1.72857     0      0.00466
1.74286     0      0.00469
1.75714     0      0.004642
1.77143     0      0.004594
1.78571     0      0.004606
1.8     0      0.004578
1.81429     0      0.004578
1.82857     0      0.004532
1.84286     0      0.004528
1.85714     0      0.004524
1.87143     0      0.004488
1.88571     0      0.004456
1.9     0      0.004464
1.91429     0      0.004426
1.92857     0      0.004418
1.94286     0      0.004406
1.95714     0      0.004372
1.97143     0      0.004384
1.98571     0      0.004362
2     0      0.004308
2.01429     0      0.004322
2.02857     0      0.004316
2.04286     0      0.004286
2.05714     0      0.004266
2.07143     0      0.00424
2.08571     0      0.004238
2.1     0      0.00423
2.11429     0      0.004204
2.12857     0      0.004184
2.14286     0      0.004194
2.15714     0      0.004156
2.17143     0      0.004148
2.18571     0      0.000656501
2.2     0      5.83789e-30
2.21429     0      8.26722e-50
2.22857     0      1.36757e-63
2.24286     0      1.0708e-82
2.25714     0      7.97399e-96
2.27143     0      4.6799e-103
2.28571     0      1.13767e-115
2.3     0      1.38316e-122
2.31429     0      7.65798e-130
2.32857     0      6.00551e-155
2.34286     0      5.97709e-155
2.35714     0      5.9714e-155
2.37143     0      5.93445e-155
2.38571     0      1.19726e-155
2.4     0      0
2.41429     0      0
2.42857     0      0
2.44286     0      0
2.45714     0      0
2.47143     0      0
2.48571     0      0
2.5     0      0
2.51429     0      0
2.52857     0      0
2.54286     0      0
2.55714     0      0
2.57143     0      0
2.58571     0      0
2.6     0      0
2.61429     0      0
2.62857     0      0
2.64286     0      0
2.65714     0      0
2.67143     0      0
2.68571     0      0
2.7     0      0
2.71429     0      0
2.72857     0      0
2.74286     0      0
2.75714     0      0
2.77143     0      0
2.78571     0      0
2.8     0      0
2.81429     0      0
2.82857     0      0
2.84286     0      0
2.85714     0      0
2.87143     0      0
2.88571     0      0
2.9     0      0
2.91429     0      0
2.92857     0      0
2.94286     0      0
2.95714     0      0
2.97143     0      0
2.98571     0      0
3     0      0
3.01429     0      0
3.02857     0      0
3.04286     0      0
3.05714     0      0
3.07143     0      0
3.08571     0      0
3.1     0      0
3.11429     0      0
3.12857     0      0
3.14286     0      0
3.15714     0      0
3.17143     0      0
3.18571     0      0
3.2     0      0
3.21429     0      0
3.22857     0      0
3.24286     0      0
3.25714     0      0
3.27143     0      0
3.28571     0      0
3.3     0      0
3.31429     0      0
3.32857     0      0
3.34286     0      0
3.35714     0      0
3.37143     0      0
3.38571     0      0
3.4     0      0
3.41429     0      0
3.42857     0      0
3.44286     0      0
3.45714     0      0
3.47143     0      0
3.48571     0      0
3.5     0      0
3.51429     0      0
3.52857     0      0
3.54286     0      0
3.55714     0      0
3.57143     0      0
3.58571     0      0
3.6     0      0
3.61429     0      0
3.62857     0      0
3.64286     0      0
3.65714     0      0
3.67143     0      0
3.68571     0      0
3.7     0      0
3.71429     0      0
3.72857     0      0
3.74286     0      0
3.75714     0      0
3.77143     0      0
3.78571     0      0
3.8     0      0
3.81429     0      0
3.82857     0      0
3.84286     0      0
3.85714     0      0
3.87143     0      0
3.88571     0      0
3.9     0      0
3.91429     0      0
3.92857     0      0
3.94286     0      0
3.95714     0      0
3.97143     0      0
3.98571     0      0
4     0      0
4.01429     0      0
4.02857     0      0
4.04286     0      0
4.05714     0      0
4.07143     0      0
4.08571     0      0
4.1     0      0
4.11429     0      0
4.12857     0      0
4.14286     0      0
4.15714     0      0
4.17143     0      0
4.18571     0      0
4.2     0      0
4.21429     0      0
4.22857     0      0
4.24286     0      0
4.25714     0      0
4.27143     0      0
4.28571     0      0
4.3     0      0
4.31429     0      0
4.32857     0      0
4.34286     0      0
4.35714     0      0
4.37143     0      0
4.38571     0      0
4.4     0      0
4.41429     0      0
4.42857     0      0
4.44286     0      0
4.45714     0      0
4.47143     0      0
4.48571     0      0
4.5     0      0
4.51429     0      0
4.52857     0      0
4.54286     0      0
4.55714     0      0
4.57143     0      0
4.58571     0      0
4.6     0      0
4.61429     0      0
4.62857     0      0
4.64286     0      0
4.65714     0      0
4.67143     0      0
4.68571     0      0
4.7     0      0
4.71429     0      0
4.72857     0      0
4.74286     0      0
4.75714     0      0
4.77143     0      0
4.78571     0      0
4.8     0      0
4.81429     0      0
4.82857     0      0
4.84286     0      0
4.85714     0      0
4.87143     0      0
4.88571     0      0
4.9     0      0
4.91429     0      0
4.92857     0      0
4.94286     0      0
4.95714     0      0
4.97143     0      0
4.98571     0      0
