# U,mu,nA_up, nA_dn, nB_up, nB_dn, ms, mf, ntotal,mu,cint
#energy    dos_upn   dos_upp   dos_dnn  dos_dnp GRID=1000 bin=700
-5     0      0
-4.98571     0      0
-4.97143     0      0
-4.95714     0      0
-4.94286     0      0
-4.92857     0      0
-4.91429     0      0
-4.9     0      0
-4.88571     0      0
-4.87143     0      0
-4.85714     0      0
-4.84286     0      0
-4.82857     0      0
-4.81429     0      0
-4.8     0      0
-4.78571     0      0
-4.77143     0      0
-4.75714     0      0
-4.74286     0      0
-4.72857     0      0
-4.71429     0      0
-4.7     0      0
-4.68571     0      0
-4.67143     0      0
-4.65714     0      0
-4.64286     0      0
-4.62857     0      0
-4.61429     0      0
-4.6     0      0
-4.58571     0      0
-4.57143     0      0
-4.55714     0      0
-4.54286     0      0
-4.52857     0      0
-4.51429     0      0
-4.5     0      0
-4.48571     0      0
-4.47143     0      0
-4.45714     0      0
-4.44286     0      0
-4.42857     0      0
-4.41429     0      0
-4.4     0      0
-4.38571     0      0
-4.37143     0      0
-4.35714     0      0
-4.34286     0      0
-4.32857     0      0
-4.31429     0      0
-4.3     0      0
-4.28571     0      0
-4.27143     0      0
-4.25714     0      0
-4.24286     0      0
-4.22857     0      0
-4.21429     0      0
-4.2     0      0
-4.18571     0      0
-4.17143     0      0
-4.15714     0      0
-4.14286     0      0
-4.12857     0      0
-4.11429     0      0
-4.1     0      0
-4.08571     0      0
-4.07143     0      0
-4.05714     0      0
-4.04286     0      0
-4.02857     0      0
-4.01429     0      0
-4     0      0
-3.98571     0      0
-3.97143     0      0
-3.95714     0      0
-3.94286     0      0
-3.92857     0      0
-3.91429     0      0
-3.9     0      0
-3.88571     0      0
-3.87143     0      0
-3.85714     0      0
-3.84286     0      0
-3.82857     0      0
-3.81429     0      0
-3.8     0      0
-3.78571     0      0
-3.77143     0      0
-3.75714     0      0
-3.74286     0      0
-3.72857     0      0
-3.71429     0      0
-3.7     0      0
-3.68571     0      0
-3.67143     0      0
-3.65714     0      0
-3.64286     0      0
-3.62857     0      0
-3.61429     0      0
-3.6     0      0
-3.58571     0      0
-3.57143     0      0
-3.55714     0      0
-3.54286     0      0
-3.52857     0      0
-3.51429     0      0
-3.5     0      0
-3.48571     0      0
-3.47143     0      0
-3.45714     0      0
-3.44286     0      0
-3.42857     0      0
-3.41429     0      0
-3.4     0      0
-3.38571     0      0
-3.37143     0      0
-3.35714     0      0
-3.34286     0      0
-3.32857     0      0
-3.31429     0      0
-3.3     0      0
-3.28571     0      0
-3.27143     0      0
-3.25714     0      0
-3.24286     0      0
-3.22857     0      0
-3.21429     0      0
-3.2     0      0
-3.18571     0      0
-3.17143     0      0
-3.15714     0      0
-3.14286     0      0
-3.12857     0      0
-3.11429     0      0
-3.1     0      0
-3.08571     0      0
-3.07143     0      0
-3.05714     0      0
-3.04286     0      0
-3.02857     0      0
-3.01429     0      0
-3     0      0
-2.98571     0      0
-2.97143     0      0
-2.95714     0      0
-2.94286     0      0
-2.92857     0      0
-2.91429     0      0
-2.9     0      0
-2.88571     0      0
-2.87143     0      0
-2.85714     0      0
-2.84286     0      0
-2.82857     0      0
-2.81429     0      0
-2.8     0      0
-2.78571     0      0
-2.77143     0      0
-2.75714     0      0
-2.74286     0      0
-2.72857     0      0
-2.71429     0      0
-2.7     0      0
-2.68571     0      0
-2.67143     0      0
-2.65714     0      0
-2.64286     0      0
-2.62857     0      0
-2.61429     0      0
-2.6     0      0
-2.58571     0      0
-2.57143     0      0
-2.55714     0      0
-2.54286     0      0
-2.52857     0      0
-2.51429     0      0
-2.5     0      0
-2.48571     0      0
-2.47143     0      0
-2.45714     0      0
-2.44286     0      0
-2.42857     0      0
-2.41429     0      0
-2.4     0      0
-2.38571     0      0
-2.37143     0      0
-2.35714     0      0
-2.34286     0      0
-2.32857     0      0
-2.31429     0      0
-2.3     0      0
-2.28571     0      0
-2.27143     0      0
-2.25714     0      0
-2.24286     0      0
-2.22857     0      0
-2.21429     0      0
-2.2     0      0
-2.18571     0      0
-2.17143     0      0
-2.15714     0      0
-2.14286     2.42295e-156      0
-2.12857     7.42375e-155      0
-2.11429     1.34435e-149      0
-2.1     2.96154e-148      0
-2.08571     2.98201e-148      0
-2.07143     2.98428e-148      0
-2.05714     1.26988e-142      0
-2.04286     1.18462e-141      0
-2.02857     1.18416e-141      0
-2.01429     1.19417e-141      0
-2     1.02455e-135      0
-1.98571     4.72574e-135      0
-1.97143     4.73665e-135      0
-1.95714     4.75484e-135      0
-1.94286     7.03767e-129      0
-1.92857     1.88666e-128      0
-1.91429     1.88447e-128      0
-1.9     1.89975e-128      0
-1.88571     4.27608e-122      0
-1.87143     7.50879e-122      0
-1.85714     7.5408e-122      0
-1.84286     7.5961e-122      0
-1.82857     2.39728e-115      0
-1.81429     2.99304e-115      0
-1.8     3.02796e-115      0
-1.78571     0.0005245      0
-1.77143     0.005082      0
-1.75714     0.00509      0
-1.74286     0.005116      0
-1.72857     0.005124      0
-1.71429     0.005142      0
-1.7     0.005178      0
-1.68571     0.005186      0
-1.67143     0.00522      0
-1.65714     0.005214      0
-1.64286     0.005238      0
-1.62857     0.00527      0
-1.61429     0.005292      0
-1.6     0.005326      0
-1.58571     0.005342      0
-1.57143     0.005348      0
-1.55714     0.005358      0
-1.54286     0.00538      0
-1.52857     0.005424      0
-1.51429     0.005418      0
-1.5     0.00546      0
-1.48571     0.005484      0
-1.47143     0.005534      0
-1.45714     0.005532      0
-1.44286     0.005532      0
-1.42857     0.005574      0
-1.41429     0.005612      0
-1.4     0.005624      0
-1.38571     0.005644      0
-1.37143     0.005676      0
-1.35714     0.005668      0
-1.34286     0.005732      0
-1.32857     0.005764      0
-1.31429     0.005782      0
-1.3     0.00577      0
-1.28571     0.00585      0
-1.27143     0.00586      0
-1.25714     0.005862      0
-1.24286     0.005934      0
-1.22857     0.005924      0
-1.21429     0.006012      0
-1.2     0.005984      0
-1.18571     0.006018      0
-1.17143     0.006066      0
-1.15714     0.006052      0
-1.14286     0.00617      0
-1.12857     0.006136      0
-1.11429     0.006198      0
-1.1     0.006188      0
-1.08571     0.006282      0
-1.07143     0.006288      0
-1.05714     0.006292      0
-1.04286     0.006368      0
-1.02857     0.006364      0
-1.01429     0.006466      0
-1     0.006428      0
-0.985714     0.006536      0
-0.971429     0.00652      0
-0.957143     0.006596      0
-0.942857     0.006588      0
-0.928571     0.006668      0
-0.914286     0.006678      0
-0.9     0.006748      0
-0.885714     0.00681      0
-0.871429     0.006796      0
-0.857143     0.006892      0
-0.842857     0.006898      0
-0.828571     0.007004      0
-0.814286     0.006968      0
-0.8     0.007052      0
-0.785714     0.007106      0
-0.771429     0.007178      0
-0.757143     0.007216      0
-0.742857     0.00723      0
-0.728571     0.007332      0
-0.714286     0.00736      0
-0.7     0.007436      0
-0.685714     0.007512      0
-0.671429     0.007552      0
-0.657143     0.007582      0
-0.642857     0.00769      0
-0.628571     0.00773      0
-0.614286     0.007786      0
-0.6     0.007936      0
-0.585714     0.007924      0
-0.571429     0.008044      0
-0.557143     0.008076      0
-0.542857     0.00818      0
-0.528571     0.008276      0
-0.514286     0.008338      0
-0.5     0.008418      0
-0.485714     0.008542      0
-0.471429     0.008624      0
-0.457143     0.008754      0
-0.442857     0.008836      0
-0.428571     0.008938      0
-0.414286     0.009066      0
-0.4     0.009218      0
-0.385714     0.009308      0
-0.371429     0.009492      0
-0.357143     0.00957      0
-0.342857     0.009794      0
-0.328571     0.00997      0
-0.314286     0.01013      0
-0.3     0.010338      0
-0.285714     0.010548      0
-0.271429     0.010804      0
-0.257143     0.011094      0
-0.242857     0.011394      0
-0.228571     0.011732      0
-0.214286     0.012118      0
-0.2     0.01271      0
-0.185714     0.013296      0
-0.171429     0.014028      0
-0.157143     0.015006      0
-0.142857     0.016592      0
-0.128571     0.019376      0
-0.114286     0.0283085      0
-0.1     0.041316      0
-0.0857143     0.018514      0
-0.0714286     0.014114      0
-0.0571429     0.011722      0
-0.0428571     0.010054      0
-0.0285714     0.008838      0
-0.0142857     0.007797      0
0     0      0
0.0142857     0      0
0.0285714     0      0
0.0428571     0      0
0.0571429     0      0
0.0714286     0      0
0.0857143     0      0
0.1     0      0
0.114286     0      0
0.128571     0      0
0.142857     0      0
0.157143     0      0.0167745
0.171429     0      0.01914
0.185714     0      0.01641
0.2     0      0.01547
0.214286     0      0.01524
0.228571     0      0.01561
0.242857     0      0.016984
0.257143     0      0.020103
0.271429     0      0.015686
0.285714     0      0.013992
0.3     0      0.012956
0.314286     0      0.012164
0.328571     0      0.011692
0.342857     0      0.01118
0.357143     0      0.010798
0.371429     0      0.010494
0.385714     0      0.010222
0.4     0      0.009938
0.414286     0      0.009728
0.428571     0      0.009524
0.442857     0      0.00931
0.457143     0      0.009216
0.471429     0      0.00902
0.485714     0      0.008892
0.5     0      0.008714
0.514286     0      0.00858
0.528571     0      0.008462
0.542857     0      0.008372
0.557143     0      0.008282
0.571429     0      0.008154
0.585714     0      0.008032
0.6     0      0.007946
0.614286     0      0.007896
0.628571     0      0.007786
0.642857     0      0.007686
0.657143     0      0.007618
0.671429     0      0.00757
0.685714     0      0.007438
0.7     0      0.007386
0.714286     0      0.007334
0.728571     0      0.007262
0.742857     0      0.007138
0.757143     0      0.007148
0.771429     0      0.0071
0.785714     0      0.006984
0.8     0      0.006922
0.814286     0      0.006886
0.828571     0      0.00684
0.842857     0      0.0068
0.857143     0      0.00666
0.871429     0      0.006692
0.885714     0      0.006612
0.9     0      0.006556
0.914286     0      0.006524
0.928571     0      0.006488
0.942857     0      0.006396
0.957143     0      0.00637
0.971429     0      0.006332
0.985714     0      0.006332
1     0      0.00624
1.01429     0      0.006204
1.02857     0      0.006126
1.04286     0      0.006124
1.05714     0      0.00609
1.07143     0      0.006054
1.08571     0      0.005998
1.1     0      0.005964
1.11429     0      0.005926
1.12857     0      0.0059
1.14286     0      0.00587
1.15714     0      0.005842
1.17143     0      0.005774
1.18571     0      0.005712
1.2     0      0.005754
1.21429     0      0.005684
1.22857     0      0.005676
1.24286     0      0.005642
1.25714     0      0.005528
1.27143     0      0.005558
1.28571     0      0.005556
1.3     0      0.005522
1.31429     0      0.005464
1.32857     0      0.005416
1.34286     0      0.005426
1.35714     0      0.005362
1.37143     0      0.005382
1.38571     0      0.005306
1.4     0      0.005278
1.41429     0      0.005328
1.42857     0      0.005204
1.44286     0      0.005226
1.45714     0      0.005244
1.47143     0      0.005114
1.48571     0      0.005146
1.5     0      0.00516
1.51429     0      0.005036
1.52857     0      0.005116
1.54286     0      0.004994
1.55714     0      0.005068
1.57143     0      0.004962
1.58571     0      0.004988
1.6     0      0.004926
1.61429     0      0.00494
1.62857     0      0.00491
1.64286     0      0.00486
1.65714     0      0.00489
1.67143     0      0.004828
1.68571     0      0.004814
1.7     0      0.00478
1.71429     0      0.004768
1.72857     0      0.004758
1.74286     0      0.004756
1.75714     0      0.004694
1.77143     0      0.004704
1.78571     0      0.004676
1.8     0      0.004664
1.81429     0      0.004622
1.82857     0      0.0046
1.84286     0      0.004592
1.85714     0      0.004582
1.87143     0      0.004572
1.88571     0      0.00453
1.9     0      0.004544
1.91429     0      0.00448
1.92857     0      0.004476
1.94286     0      0.004482
1.95714     0      0.004444
1.97143     0      0.004414
1.98571     0      0.00443
2     0      0.004388
2.01429     0      0.004384
2.02857     0      0.00436
2.04286     0      0.004336
2.05714     0      0.00433
2.07143     0      0.004316
2.08571     0      0.004326
2.1     0      0.004248
2.11429     0      0.00429
2.12857     0      0.00424
2.14286     0      0.004228
2.15714     0      0.004208
2.17143     0      0.004208
2.18571     0      0.004188
2.2     0      0.004178
2.21429     0      0.004148
2.22857     0      0.0020825
2.24286     0      1.12281e-16
2.25714     0      8.36133e-30
2.27143     0      4.90723e-37
2.28571     0      1.19293e-49
2.3     0      1.45035e-56
2.31429     0      8.02997e-64
2.32857     0      6.29723e-89
2.34286     0      6.26743e-89
2.35714     0      6.26147e-89
2.37143     0      6.22273e-89
2.38571     0      1.25542e-89
2.4     0      0
2.41429     0      0
2.42857     0      0
2.44286     0      0
2.45714     0      0
2.47143     0      0
2.48571     0      0
2.5     0      0
2.51429     0      0
2.52857     0      0
2.54286     0      0
2.55714     0      0
2.57143     0      0
2.58571     0      0
2.6     0      0
2.61429     0      0
2.62857     0      0
2.64286     0      0
2.65714     0      0
2.67143     0      0
2.68571     0      0
2.7     0      0
2.71429     0      0
2.72857     0      0
2.74286     0      0
2.75714     0      0
2.77143     0      0
2.78571     0      0
2.8     0      0
2.81429     0      0
2.82857     0      0
2.84286     0      0
2.85714     0      0
2.87143     0      0
2.88571     0      0
2.9     0      0
2.91429     0      0
2.92857     0      0
2.94286     0      0
2.95714     0      0
2.97143     0      0
2.98571     0      0
3     0      0
3.01429     0      0
3.02857     0      0
3.04286     0      0
3.05714     0      0
3.07143     0      0
3.08571     0      0
3.1     0      0
3.11429     0      0
3.12857     0      0
3.14286     0      0
3.15714     0      0
3.17143     0      0
3.18571     0      0
3.2     0      0
3.21429     0      0
3.22857     0      0
3.24286     0      0
3.25714     0      0
3.27143     0      0
3.28571     0      0
3.3     0      0
3.31429     0      0
3.32857     0      0
3.34286     0      0
3.35714     0      0
3.37143     0      0
3.38571     0      0
3.4     0      0
3.41429     0      0
3.42857     0      0
3.44286     0      0
3.45714     0      0
3.47143     0      0
3.48571     0      0
3.5     0      0
3.51429     0      0
3.52857     0      0
3.54286     0      0
3.55714     0      0
3.57143     0      0
3.58571     0      0
3.6     0      0
3.61429     0      0
3.62857     0      0
3.64286     0      0
3.65714     0      0
3.67143     0      0
3.68571     0      0
3.7     0      0
3.71429     0      0
3.72857     0      0
3.74286     0      0
3.75714     0      0
3.77143     0      0
3.78571     0      0
3.8     0      0
3.81429     0      0
3.82857     0      0
3.84286     0      0
3.85714     0      0
3.87143     0      0
3.88571     0      0
3.9     0      0
3.91429     0      0
3.92857     0      0
3.94286     0      0
3.95714     0      0
3.97143     0      0
3.98571     0      0
4     0      0
4.01429     0      0
4.02857     0      0
4.04286     0      0
4.05714     0      0
4.07143     0      0
4.08571     0      0
4.1     0      0
4.11429     0      0
4.12857     0      0
4.14286     0      0
4.15714     0      0
4.17143     0      0
4.18571     0      0
4.2     0      0
4.21429     0      0
4.22857     0      0
4.24286     0      0
4.25714     0      0
4.27143     0      0
4.28571     0      0
4.3     0      0
4.31429     0      0
4.32857     0      0
4.34286     0      0
4.35714     0      0
4.37143     0      0
4.38571     0      0
4.4     0      0
4.41429     0      0
4.42857     0      0
4.44286     0      0
4.45714     0      0
4.47143     0      0
4.48571     0      0
4.5     0      0
4.51429     0      0
4.52857     0      0
4.54286     0      0
4.55714     0      0
4.57143     0      0
4.58571     0      0
4.6     0      0
4.61429     0      0
4.62857     0      0
4.64286     0      0
4.65714     0      0
4.67143     0      0
4.68571     0      0
4.7     0      0
4.71429     0      0
4.72857     0      0
4.74286     0      0
4.75714     0      0
4.77143     0      0
4.78571     0      0
4.8     0      0
4.81429     0      0
4.82857     0      0
4.84286     0      0
4.85714     0      0
4.87143     0      0
4.88571     0      0
4.9     0      0
4.91429     0      0
4.92857     0      0
4.94286     0      0
4.95714     0      0
4.97143     0      0
4.98571     0      0
