# U,mu,nA_up, nA_dn, nB_up, nB_dn, ms, mf, ntotal,mu,cint
#energy    dos_upn   dos_upp   dos_dnn  dos_dnp GRID=1000 bin=700
-5     0      0
-4.98571     0      0
-4.97143     0      0
-4.95714     0      0
-4.94286     0      0
-4.92857     0      0
-4.91429     0      0
-4.9     0      0
-4.88571     0      0
-4.87143     0      0
-4.85714     0      0
-4.84286     0      0
-4.82857     0      0
-4.81429     0      0
-4.8     0      0
-4.78571     0      0
-4.77143     0      0
-4.75714     0      0
-4.74286     0      0
-4.72857     0      0
-4.71429     0      0
-4.7     0      0
-4.68571     0      0
-4.67143     0      0
-4.65714     0      0
-4.64286     0      0
-4.62857     0      0
-4.61429     0      0
-4.6     0      0
-4.58571     0      0
-4.57143     0      0
-4.55714     0      0
-4.54286     0      0
-4.52857     0      0
-4.51429     0      0
-4.5     0      0
-4.48571     0      0
-4.47143     0      0
-4.45714     0      0
-4.44286     0      0
-4.42857     0      0
-4.41429     0      0
-4.4     0      0
-4.38571     0      0
-4.37143     0      0
-4.35714     0      0
-4.34286     0      0
-4.32857     0      0
-4.31429     0      0
-4.3     0      0
-4.28571     0      0
-4.27143     0      0
-4.25714     0      0
-4.24286     0      0
-4.22857     0      0
-4.21429     0      0
-4.2     0      0
-4.18571     0      0
-4.17143     0      0
-4.15714     0      0
-4.14286     0      0
-4.12857     0      0
-4.11429     0      0
-4.1     0      0
-4.08571     0      0
-4.07143     0      0
-4.05714     0      0
-4.04286     0      0
-4.02857     0      0
-4.01429     0      0
-4     0      0
-3.98571     0      0
-3.97143     0      0
-3.95714     0      0
-3.94286     0      0
-3.92857     0      0
-3.91429     0      0
-3.9     0      0
-3.88571     0      0
-3.87143     0      0
-3.85714     0      0
-3.84286     0      0
-3.82857     0      0
-3.81429     0      0
-3.8     0      0
-3.78571     0      0
-3.77143     0      0
-3.75714     0      0
-3.74286     0      0
-3.72857     0      0
-3.71429     0      0
-3.7     0      0
-3.68571     0      0
-3.67143     0      0
-3.65714     0      0
-3.64286     0      0
-3.62857     0      0
-3.61429     0      0
-3.6     0      0
-3.58571     0      0
-3.57143     0      0
-3.55714     0      0
-3.54286     0      0
-3.52857     0      0
-3.51429     0      0
-3.5     0      0
-3.48571     0      0
-3.47143     0      0
-3.45714     0      0
-3.44286     0      0
-3.42857     0      0
-3.41429     0      0
-3.4     0      0
-3.38571     0      0
-3.37143     0      0
-3.35714     0      0
-3.34286     0      0
-3.32857     0      0
-3.31429     0      0
-3.3     0      0
-3.28571     0      0
-3.27143     0      0
-3.25714     0      0
-3.24286     0      0
-3.22857     0      0
-3.21429     0      0
-3.2     0      0
-3.18571     0      0
-3.17143     0      0
-3.15714     0      0
-3.14286     0      0
-3.12857     0      0
-3.11429     0      0
-3.1     0      0
-3.08571     0      0
-3.07143     0      0
-3.05714     0      0
-3.04286     0      0
-3.02857     0      0
-3.01429     0      0
-3     0      0
-2.98571     0      0
-2.97143     0      0
-2.95714     0      0
-2.94286     0      0
-2.92857     0      0
-2.91429     0      0
-2.9     0      0
-2.88571     0      0
-2.87143     0      0
-2.85714     0      0
-2.84286     0      0
-2.82857     0      0
-2.81429     0      0
-2.8     0      0
-2.78571     0      0
-2.77143     0      0
-2.75714     0      0
-2.74286     0      0
-2.72857     0      0
-2.71429     0      0
-2.7     0      0
-2.68571     0      0
-2.67143     0      0
-2.65714     0      0
-2.64286     0      0
-2.62857     0      0
-2.61429     0      0
-2.6     0      0
-2.58571     0      0
-2.57143     0      0
-2.55714     0      0
-2.54286     0      0
-2.52857     0      0
-2.51429     0      0
-2.5     0      0
-2.48571     0      0
-2.47143     0      0
-2.45714     0      0
-2.44286     0      0
-2.42857     0      0
-2.41429     0      0
-2.4     0      0
-2.38571     0      0
-2.37143     0      0
-2.35714     0      0
-2.34286     0      0
-2.32857     0      0
-2.31429     0      0
-2.3     0      0
-2.28571     0      0
-2.27143     0      0
-2.25714     0      0
-2.24286     0      0
-2.22857     0      0
-2.21429     0      0
-2.2     0      0
-2.18571     0      0
-2.17143     0      0
-2.15714     0      0
-2.14286     3.78586e-176      0
-2.12857     1.15996e-174      0
-2.11429     2.10055e-169      0
-2.1     4.62741e-168      0
-2.08571     4.65939e-168      0
-2.07143     4.66294e-168      0
-2.05714     1.9842e-162      0
-2.04286     1.85096e-161      0
-2.02857     1.85025e-161      0
-2.01429     1.86589e-161      0
-2     1.60085e-155      0
-1.98571     7.38396e-155      0
-1.97143     7.40102e-155      0
-1.95714     7.42944e-155      0
-1.94286     1.09964e-148      0
-1.92857     2.9479e-148      0
-1.91429     2.94449e-148      0
-1.9     2.96836e-148      0
-1.88571     6.68138e-142      0
-1.87143     1.17325e-141      0
-1.85714     1.17825e-141      0
-1.84286     1.18689e-141      0
-1.82857     3.74576e-135      0
-1.81429     4.67662e-135      0
-1.8     0.0007205      0
-1.78571     0.005064      0
-1.77143     0.005106      0
-1.75714     0.005114      0
-1.74286     0.005122      0
-1.72857     0.005146      0
-1.71429     0.00516      0
-1.7     0.005208      0
-1.68571     0.005178      0
-1.67143     0.00523      0
-1.65714     0.00525      0
-1.64286     0.005278      0
-1.62857     0.005286      0
-1.61429     0.00528      0
-1.6     0.00533      0
-1.58571     0.005356      0
-1.57143     0.005362      0
-1.55714     0.005388      0
-1.54286     0.005398      0
-1.52857     0.005456      0
-1.51429     0.005462      0
-1.5     0.00545      0
-1.48571     0.005522      0
-1.47143     0.005536      0
-1.45714     0.005524      0
-1.44286     0.005598      0
-1.42857     0.005592      0
-1.41429     0.005596      0
-1.4     0.005648      0
-1.38571     0.00566      0
-1.37143     0.00572      0
-1.35714     0.0057      0
-1.34286     0.00576      0
-1.32857     0.00577      0
-1.31429     0.005784      0
-1.3     0.005818      0
-1.28571     0.005894      0
-1.27143     0.005846      0
-1.25714     0.005922      0
-1.24286     0.005872      0
-1.22857     0.006024      0
-1.21429     0.005964      0
-1.2     0.006052      0
-1.18571     0.00604      0
-1.17143     0.00606      0
-1.15714     0.006154      0
-1.14286     0.006124      0
-1.12857     0.006178      0
-1.11429     0.006204      0
-1.1     0.006262      0
-1.08571     0.006272      0
-1.07143     0.006284      0
-1.05714     0.006364      0
-1.04286     0.006348      0
-1.02857     0.006416      0
-1.01429     0.006466      0
-1     0.006484      0
-0.985714     0.006568      0
-0.971429     0.006548      0
-0.957143     0.006624      0
-0.942857     0.006582      0
-0.928571     0.006724      0
-0.914286     0.006724      0
-0.9     0.006732      0
-0.885714     0.006828      0
-0.871429     0.006882      0
-0.857143     0.00689      0
-0.842857     0.006936      0
-0.828571     0.006992      0
-0.814286     0.007028      0
-0.8     0.007106      0
-0.785714     0.007112      0
-0.771429     0.007204      0
-0.757143     0.00726      0
-0.742857     0.007264      0
-0.728571     0.00738      0
-0.714286     0.00739      0
-0.7     0.007424      0
-0.685714     0.00752      0
-0.671429     0.00762      0
-0.657143     0.007628      0
-0.642857     0.007712      0
-0.628571     0.007756      0
-0.614286     0.007844      0
-0.6     0.007904      0
-0.585714     0.00796      0
-0.571429     0.008084      0
-0.557143     0.008162      0
-0.542857     0.008194      0
-0.528571     0.008306      0
-0.514286     0.008376      0
-0.5     0.008452      0
-0.485714     0.008584      0
-0.471429     0.008674      0
-0.457143     0.008732      0
-0.442857     0.008882      0
-0.428571     0.008968      0
-0.414286     0.009108      0
-0.4     0.009212      0
-0.385714     0.009294      0
-0.371429     0.009478      0
-0.357143     0.009662      0
-0.342857     0.009792      0
-0.328571     0.00995      0
-0.314286     0.010172      0
-0.3     0.010314      0
-0.285714     0.010582      0
-0.271429     0.010796      0
-0.257143     0.011062      0
-0.242857     0.011372      0
-0.228571     0.011704      0
-0.214286     0.012096      0
-0.2     0.012566      0
-0.185714     0.013136      0
-0.171429     0.013882      0
-0.157143     0.014812      0
-0.142857     0.016546      0
-0.128571     0.01885      0
-0.114286     0.0273985      0
-0.1     0.039512      0
-0.0857143     0.017574      0
-0.0714286     0.013434      0
-0.0571429     0.011112      0
-0.0428571     0.00952      0
-0.0285714     0.008368      0
-0.0142857     0.007337      0
0     0      0
0.0142857     0      0
0.0285714     0      0
0.0428571     0      0
0.0571429     0      0
0.0714286     0      0
0.0857143     0      0
0.1     0      0
0.114286     0      0
0.128571     0      0.0206845
0.142857     0      0.01755
0.157143     0      0.015526
0.171429     0      0.014816
0.185714     0      0.014718
0.2     0      0.01529
0.214286     0      0.01703
0.228571     0      0.018827
0.242857     0      0.014824
0.257143     0      0.013464
0.271429     0      0.0125
0.285714     0      0.01189
0.3     0      0.011396
0.314286     0      0.010974
0.328571     0      0.010672
0.342857     0      0.01034
0.357143     0      0.010096
0.371429     0      0.009848
0.385714     0      0.009662
0.4     0      0.009418
0.414286     0      0.00931
0.428571     0      0.009148
0.442857     0      0.008898
0.457143     0      0.008832
0.471429     0      0.008724
0.485714     0      0.008584
0.5     0      0.008466
0.514286     0      0.00831
0.528571     0      0.008276
0.542857     0      0.008146
0.557143     0      0.008038
0.571429     0      0.007972
0.585714     0      0.007846
0.6     0      0.007808
0.614286     0      0.007694
0.628571     0      0.007576
0.642857     0      0.007584
0.657143     0      0.007458
0.671429     0      0.007384
0.685714     0      0.007352
0.7     0      0.00726
0.714286     0      0.007182
0.728571     0      0.007142
0.742857     0      0.007126
0.757143     0      0.006956
0.771429     0      0.006988
0.785714     0      0.00688
0.8     0      0.006832
0.814286     0      0.006784
0.828571     0      0.006704
0.842857     0      0.006698
0.857143     0      0.006658
0.871429     0      0.006556
0.885714     0      0.006518
0.9     0      0.006536
0.914286     0      0.006424
0.928571     0      0.006392
0.942857     0      0.006316
0.957143     0      0.006326
0.971429     0      0.006286
0.985714     0      0.00621
1     0      0.006164
1.01429     0      0.006158
1.02857     0      0.006092
1.04286     0      0.006078
1.05714     0      0.005998
1.07143     0      0.005976
1.08571     0      0.005938
1.1     0      0.005908
1.11429     0      0.005874
1.12857     0      0.005872
1.14286     0      0.005808
1.15714     0      0.005764
1.17143     0      0.00569
1.18571     0      0.005762
1.2     0      0.005632
1.21429     0      0.00567
1.22857     0      0.005598
1.24286     0      0.005562
1.25714     0      0.005516
1.27143     0      0.005546
1.28571     0      0.005518
1.3     0      0.00543
1.31429     0      0.005414
1.32857     0      0.00539
1.34286     0      0.00536
1.35714     0      0.00538
1.37143     0      0.005286
1.38571     0      0.005296
1.4     0      0.005254
1.41429     0      0.005248
1.42857     0      0.005178
1.44286     0      0.005222
1.45714     0      0.005142
1.47143     0      0.005122
1.48571     0      0.005136
1.5     0      0.005042
1.51429     0      0.005078
1.52857     0      0.005024
1.54286     0      0.005026
1.55714     0      0.00496
1.57143     0      0.005004
1.58571     0      0.004914
1.6     0      0.004916
1.61429     0      0.004886
1.62857     0      0.004892
1.64286     0      0.004848
1.65714     0      0.004844
1.67143     0      0.004792
1.68571     0      0.004772
1.7     0      0.004792
1.71429     0      0.004728
1.72857     0      0.004746
1.74286     0      0.004692
1.75714     0      0.004674
1.77143     0      0.004692
1.78571     0      0.00464
1.8     0      0.0046
1.81429     0      0.004626
1.82857     0      0.004596
1.84286     0      0.004564
1.85714     0      0.004528
1.87143     0      0.004572
1.88571     0      0.004492
1.9     0      0.004516
1.91429     0      0.004488
1.92857     0      0.004434
1.94286     0      0.004444
1.95714     0      0.004448
1.97143     0      0.004376
1.98571     0      0.004384
2     0      0.004384
2.01429     0      0.004356
2.02857     0      0.004354
2.04286     0      0.004318
2.05714     0      0.004324
2.07143     0      0.004256
2.08571     0      0.004294
2.1     0      0.00426
2.11429     0      0.00425
2.12857     0      0.004212
2.14286     0      0.004218
2.15714     0      0.004218
2.17143     0      0.004164
2.18571     0      0.00417
2.2     0      0.00415
2.21429     0      0.0013545
2.22857     0      2.24063e-17
2.24286     0      1.7544e-36
2.25714     0      1.30646e-49
2.27143     0      7.66755e-57
2.28571     0      1.86396e-69
2.3     0      2.26617e-76
2.31429     0      1.25468e-83
2.32857     0      9.83943e-109
2.34286     0      9.79286e-109
2.35714     0      9.78355e-109
2.37143     0      9.72301e-109
2.38571     0      1.9616e-109
2.4     0      0
2.41429     0      0
2.42857     0      0
2.44286     0      0
2.45714     0      0
2.47143     0      0
2.48571     0      0
2.5     0      0
2.51429     0      0
2.52857     0      0
2.54286     0      0
2.55714     0      0
2.57143     0      0
2.58571     0      0
2.6     0      0
2.61429     0      0
2.62857     0      0
2.64286     0      0
2.65714     0      0
2.67143     0      0
2.68571     0      0
2.7     0      0
2.71429     0      0
2.72857     0      0
2.74286     0      0
2.75714     0      0
2.77143     0      0
2.78571     0      0
2.8     0      0
2.81429     0      0
2.82857     0      0
2.84286     0      0
2.85714     0      0
2.87143     0      0
2.88571     0      0
2.9     0      0
2.91429     0      0
2.92857     0      0
2.94286     0      0
2.95714     0      0
2.97143     0      0
2.98571     0      0
3     0      0
3.01429     0      0
3.02857     0      0
3.04286     0      0
3.05714     0      0
3.07143     0      0
3.08571     0      0
3.1     0      0
3.11429     0      0
3.12857     0      0
3.14286     0      0
3.15714     0      0
3.17143     0      0
3.18571     0      0
3.2     0      0
3.21429     0      0
3.22857     0      0
3.24286     0      0
3.25714     0      0
3.27143     0      0
3.28571     0      0
3.3     0      0
3.31429     0      0
3.32857     0      0
3.34286     0      0
3.35714     0      0
3.37143     0      0
3.38571     0      0
3.4     0      0
3.41429     0      0
3.42857     0      0
3.44286     0      0
3.45714     0      0
3.47143     0      0
3.48571     0      0
3.5     0      0
3.51429     0      0
3.52857     0      0
3.54286     0      0
3.55714     0      0
3.57143     0      0
3.58571     0      0
3.6     0      0
3.61429     0      0
3.62857     0      0
3.64286     0      0
3.65714     0      0
3.67143     0      0
3.68571     0      0
3.7     0      0
3.71429     0      0
3.72857     0      0
3.74286     0      0
3.75714     0      0
3.77143     0      0
3.78571     0      0
3.8     0      0
3.81429     0      0
3.82857     0      0
3.84286     0      0
3.85714     0      0
3.87143     0      0
3.88571     0      0
3.9     0      0
3.91429     0      0
3.92857     0      0
3.94286     0      0
3.95714     0      0
3.97143     0      0
3.98571     0      0
4     0      0
4.01429     0      0
4.02857     0      0
4.04286     0      0
4.05714     0      0
4.07143     0      0
4.08571     0      0
4.1     0      0
4.11429     0      0
4.12857     0      0
4.14286     0      0
4.15714     0      0
4.17143     0      0
4.18571     0      0
4.2     0      0
4.21429     0      0
4.22857     0      0
4.24286     0      0
4.25714     0      0
4.27143     0      0
4.28571     0      0
4.3     0      0
4.31429     0      0
4.32857     0      0
4.34286     0      0
4.35714     0      0
4.37143     0      0
4.38571     0      0
4.4     0      0
4.41429     0      0
4.42857     0      0
4.44286     0      0
4.45714     0      0
4.47143     0      0
4.48571     0      0
4.5     0      0
4.51429     0      0
4.52857     0      0
4.54286     0      0
4.55714     0      0
4.57143     0      0
4.58571     0      0
4.6     0      0
4.61429     0      0
4.62857     0      0
4.64286     0      0
4.65714     0      0
4.67143     0      0
4.68571     0      0
4.7     0      0
4.71429     0      0
4.72857     0      0
4.74286     0      0
4.75714     0      0
4.77143     0      0
4.78571     0      0
4.8     0      0
4.81429     0      0
4.82857     0      0
4.84286     0      0
4.85714     0      0
4.87143     0      0
4.88571     0      0
4.9     0      0
4.91429     0      0
4.92857     0      0
4.94286     0      0
4.95714     0      0
4.97143     0      0
4.98571     0      0
