# U,mu,nA_up, nA_dn, nB_up, nB_dn, ms, mf, ntotal,mu,cint
#energy    dos_upn   dos_upp   dos_dnn  dos_dnp GRID=1000 bin=700
-5     0      0
-4.98571     0      0
-4.97143     0      0
-4.95714     0      0
-4.94286     0      0
-4.92857     0      0
-4.91429     0      0
-4.9     0      0
-4.88571     0      0
-4.87143     0      0
-4.85714     0      0
-4.84286     0      0
-4.82857     0      0
-4.81429     0      0
-4.8     0      0
-4.78571     0      0
-4.77143     0      0
-4.75714     0      0
-4.74286     0      0
-4.72857     0      0
-4.71429     0      0
-4.7     0      0
-4.68571     0      0
-4.67143     0      0
-4.65714     0      0
-4.64286     0      0
-4.62857     0      0
-4.61429     0      0
-4.6     0      0
-4.58571     0      0
-4.57143     0      0
-4.55714     0      0
-4.54286     0      0
-4.52857     0      0
-4.51429     0      0
-4.5     0      0
-4.48571     0      0
-4.47143     0      0
-4.45714     0      0
-4.44286     0      0
-4.42857     0      0
-4.41429     0      0
-4.4     0      0
-4.38571     0      0
-4.37143     0      0
-4.35714     0      0
-4.34286     0      0
-4.32857     0      0
-4.31429     0      0
-4.3     0      0
-4.28571     0      0
-4.27143     0      0
-4.25714     0      0
-4.24286     0      0
-4.22857     0      0
-4.21429     0      0
-4.2     0      0
-4.18571     0      0
-4.17143     0      0
-4.15714     0      0
-4.14286     0      0
-4.12857     0      0
-4.11429     0      0
-4.1     0      0
-4.08571     0      0
-4.07143     0      0
-4.05714     0      0
-4.04286     0      0
-4.02857     0      0
-4.01429     0      0
-4     0      0
-3.98571     0      0
-3.97143     0      0
-3.95714     0      0
-3.94286     0      0
-3.92857     0      0
-3.91429     0      0
-3.9     0      0
-3.88571     0      0
-3.87143     0      0
-3.85714     0      0
-3.84286     0      0
-3.82857     0      0
-3.81429     0      0
-3.8     0      0
-3.78571     0      0
-3.77143     0      0
-3.75714     0      0
-3.74286     0      0
-3.72857     0      0
-3.71429     0      0
-3.7     0      0
-3.68571     0      0
-3.67143     0      0
-3.65714     0      0
-3.64286     0      0
-3.62857     0      0
-3.61429     0      0
-3.6     0      0
-3.58571     0      0
-3.57143     0      0
-3.55714     0      0
-3.54286     0      0
-3.52857     0      0
-3.51429     0      0
-3.5     0      0
-3.48571     0      0
-3.47143     0      0
-3.45714     0      0
-3.44286     0      0
-3.42857     0      0
-3.41429     0      0
-3.4     0      0
-3.38571     0      0
-3.37143     0      0
-3.35714     0      0
-3.34286     0      0
-3.32857     0      0
-3.31429     0      0
-3.3     0      0
-3.28571     0      0
-3.27143     0      0
-3.25714     0      0
-3.24286     0      0
-3.22857     0      0
-3.21429     0      0
-3.2     0      0
-3.18571     0      0
-3.17143     0      0
-3.15714     0      0
-3.14286     0      0
-3.12857     0      0
-3.11429     0      0
-3.1     0      0
-3.08571     0      0
-3.07143     0      0
-3.05714     0      0
-3.04286     0      0
-3.02857     0      0
-3.01429     0      0
-3     0      0
-2.98571     0      0
-2.97143     0      0
-2.95714     0      0
-2.94286     0      0
-2.92857     0      0
-2.91429     0      0
-2.9     0      0
-2.88571     0      0
-2.87143     0      0
-2.85714     0      0
-2.84286     0      0
-2.82857     0      0
-2.81429     0      0
-2.8     0      0
-2.78571     0      0
-2.77143     0      0
-2.75714     0      0
-2.74286     0      0
-2.72857     0      0
-2.71429     0      0
-2.7     0      0
-2.68571     0      0
-2.67143     0      0
-2.65714     0      0
-2.64286     0      0
-2.62857     0      0
-2.61429     0      0
-2.6     0      0
-2.58571     0      0
-2.57143     0      0
-2.55714     0      0
-2.54286     0      0
-2.52857     0      0
-2.51429     0      0
-2.5     0      0
-2.48571     0      0
-2.47143     0      0
-2.45714     0      0
-2.44286     0      0
-2.42857     0      0
-2.41429     0      0
-2.4     0      0
-2.38571     0      0
-2.37143     0      0
-2.35714     0      0
-2.34286     0      0
-2.32857     0      0
-2.31429     0      0
-2.3     0      0
-2.28571     0      0
-2.27143     0      0
-2.25714     0      0
-2.24286     0      0
-2.22857     0      0
-2.21429     0      0
-2.2     0      0
-2.18571     0      0
-2.17143     0      0
-2.15714     0      0
-2.14286     5.77676e-229      0
-2.12857     1.76996e-227      0
-2.11429     3.20519e-222      0
-2.1     7.06087e-221      0
-2.08571     7.10966e-221      0
-2.07143     7.11508e-221      0
-2.05714     3.02764e-215      0
-2.04286     2.82435e-214      0
-2.02857     2.82326e-214      0
-2.01429     2.84712e-214      0
-2     2.44271e-208      0
-1.98571     1.1267e-207      0
-1.97143     1.12931e-207      0
-1.95714     1.13364e-207      0
-1.94286     1.67791e-201      0
-1.92857     4.49814e-201      0
-1.91429     4.49293e-201      0
-1.9     4.52936e-201      0
-1.88571     1.0195e-194      0
-1.87143     1.79024e-194      0
-1.85714     1.79787e-194      0
-1.84286     1.81105e-194      0
-1.82857     0.0007745      0
-1.81429     0.00507      0
-1.8     0.00509      0
-1.78571     0.005102      0
-1.77143     0.005122      0
-1.75714     0.005146      0
-1.74286     0.005148      0
-1.72857     0.005208      0
-1.71429     0.005166      0
-1.7     0.005238      0
-1.68571     0.005246      0
-1.67143     0.005274      0
-1.65714     0.005278      0
-1.64286     0.00528      0
-1.62857     0.005318      0
-1.61429     0.005344      0
-1.6     0.005366      0
-1.58571     0.005364      0
-1.57143     0.005414      0
-1.55714     0.00544      0
-1.54286     0.005454      0
-1.52857     0.005446      0
-1.51429     0.005534      0
-1.5     0.005516      0
-1.48571     0.005516      0
-1.47143     0.005566      0
-1.45714     0.005612      0
-1.44286     0.005592      0
-1.42857     0.005644      0
-1.41429     0.005664      0
-1.4     0.005664      0
-1.38571     0.005708      0
-1.37143     0.00574      0
-1.35714     0.005782      0
-1.34286     0.005762      0
-1.32857     0.00583      0
-1.31429     0.005824      0
-1.3     0.005852      0
-1.28571     0.005932      0
-1.27143     0.005916      0
-1.25714     0.005948      0
-1.24286     0.005992      0
-1.22857     0.005976      0
-1.21429     0.006084      0
-1.2     0.006044      0
-1.18571     0.00612      0
-1.17143     0.006138      0
-1.15714     0.006124      0
-1.14286     0.006206      0
-1.12857     0.006244      0
-1.11429     0.006262      0
-1.1     0.006288      0
-1.08571     0.006324      0
-1.07143     0.00636      0
-1.05714     0.006408      0
-1.04286     0.006404      0
-1.02857     0.006492      0
-1.01429     0.006492      0
-1     0.00655      0
-0.985714     0.006578      0
-0.971429     0.006632      0
-0.957143     0.006692      0
-0.942857     0.006688      0
-0.928571     0.00674      0
-0.914286     0.00676      0
-0.9     0.006834      0
-0.885714     0.006872      0
-0.871429     0.006924      0
-0.857143     0.006944      0
-0.842857     0.006986      0
-0.828571     0.007058      0
-0.814286     0.007112      0
-0.8     0.007154      0
-0.785714     0.007172      0
-0.771429     0.007284      0
-0.757143     0.007306      0
-0.742857     0.007324      0
-0.728571     0.007432      0
-0.714286     0.007504      0
-0.7     0.007508      0
-0.685714     0.007582      0
-0.671429     0.007642      0
-0.657143     0.007726      0
-0.642857     0.00774      0
-0.628571     0.007848      0
-0.614286     0.007956      0
-0.6     0.00799      0
-0.585714     0.008034      0
-0.571429     0.008146      0
-0.557143     0.008194      0
-0.542857     0.008266      0
-0.528571     0.0084      0
-0.514286     0.00845      0
-0.5     0.008514      0
-0.485714     0.008612      0
-0.471429     0.00875      0
-0.457143     0.008828      0
-0.442857     0.00895      0
-0.428571     0.009074      0
-0.414286     0.009154      0
-0.4     0.009288      0
-0.385714     0.009452      0
-0.371429     0.009502      0
-0.357143     0.009664      0
-0.342857     0.00986      0
-0.328571     0.01001      0
-0.314286     0.010218      0
-0.3     0.010382      0
-0.285714     0.010566      0
-0.271429     0.01074      0
-0.257143     0.011048      0
-0.242857     0.01135      0
-0.228571     0.01169      0
-0.214286     0.012054      0
-0.2     0.012464      0
-0.185714     0.012964      0
-0.171429     0.013646      0
-0.157143     0.014666      0
-0.142857     0.015824      0
-0.128571     0.01818      0
-0.114286     0.0263285      0
-0.1     0.034642      0
-0.0857143     0.015724      0
-0.0714286     0.011954      0
-0.0571429     0.009916      0
-0.0428571     0.008446      0
-0.0285714     0.007296      0
-0.0142857     0.006367      0
0     0      0
0.0142857     0      0
0.0285714     0      0
0.0428571     0      0
0.0571429     0      0.0018925
0.0714286     0      0.02132
0.0857143     0      0.015402
0.1     0      0.01404
0.114286     0      0.013642
0.128571     0      0.013696
0.142857     0      0.01437
0.157143     0      0.016997
0.171429     0      0.016112
0.185714     0      0.013676
0.2     0      0.012634
0.214286     0      0.011964
0.228571     0      0.011498
0.242857     0      0.011028
0.257143     0      0.010692
0.271429     0      0.010446
0.285714     0      0.010162
0.3     0      0.009944
0.314286     0      0.009746
0.328571     0      0.009584
0.342857     0      0.009348
0.357143     0      0.009258
0.371429     0      0.00903
0.385714     0      0.009006
0.4     0      0.008738
0.414286     0      0.008748
0.428571     0      0.008596
0.442857     0      0.008386
0.457143     0      0.008358
0.471429     0      0.008308
0.485714     0      0.008138
0.5     0      0.008046
0.514286     0      0.008012
0.528571     0      0.007902
0.542857     0      0.00781
0.557143     0      0.007758
0.571429     0      0.007598
0.585714     0      0.007634
0.6     0      0.007514
0.614286     0      0.007378
0.628571     0      0.00741
0.642857     0      0.007268
0.657143     0      0.007268
0.671429     0      0.007176
0.685714     0      0.007098
0.7     0      0.007054
0.714286     0      0.00701
0.728571     0      0.0069
0.742857     0      0.006938
0.757143     0      0.006822
0.771429     0      0.006792
0.785714     0      0.006718
0.8     0      0.006666
0.814286     0      0.00661
0.828571     0      0.006592
0.842857     0      0.00653
0.857143     0      0.006502
0.871429     0      0.006416
0.885714     0      0.006414
0.9     0      0.00635
0.914286     0      0.006268
0.928571     0      0.006294
0.942857     0      0.006212
0.957143     0      0.006214
0.971429     0      0.00612
0.985714     0      0.006114
1     0      0.006062
1.01429     0      0.006004
1.02857     0      0.00599
1.04286     0      0.005952
1.05714     0      0.00593
1.07143     0      0.005902
1.08571     0      0.005858
1.1     0      0.005772
1.11429     0      0.005786
1.12857     0      0.00572
1.14286     0      0.005714
1.15714     0      0.005708
1.17143     0      0.005648
1.18571     0      0.005616
1.2     0      0.005578
1.21429     0      0.005542
1.22857     0      0.005528
1.24286     0      0.00551
1.25714     0      0.005478
1.27143     0      0.005422
1.28571     0      0.005378
1.3     0      0.005392
1.31429     0      0.005372
1.32857     0      0.005302
1.34286     0      0.005322
1.35714     0      0.005252
1.37143     0      0.005268
1.38571     0      0.005178
1.4     0      0.005194
1.41429     0      0.00517
1.42857     0      0.005138
1.44286     0      0.005142
1.45714     0      0.005056
1.47143     0      0.005082
1.48571     0      0.00504
1.5     0      0.005034
1.51429     0      0.004996
1.52857     0      0.004966
1.54286     0      0.004964
1.55714     0      0.004918
1.57143     0      0.0049
1.58571     0      0.0049
1.6     0      0.004838
1.61429     0      0.004856
1.62857     0      0.004796
1.64286     0      0.004804
1.65714     0      0.004786
1.67143     0      0.004766
1.68571     0      0.004716
1.7     0      0.004718
1.71429     0      0.004704
1.72857     0      0.004688
1.74286     0      0.004644
1.75714     0      0.004614
1.77143     0      0.004624
1.78571     0      0.004604
1.8     0      0.00459
1.81429     0      0.004554
1.82857     0      0.00453
1.84286     0      0.004528
1.85714     0      0.004512
1.87143     0      0.004484
1.88571     0      0.00446
1.9     0      0.004458
1.91429     0      0.004466
1.92857     0      0.004382
1.94286     0      0.004418
1.95714     0      0.00438
1.97143     0      0.004356
1.98571     0      0.004348
2     0      0.004342
2.01429     0      0.004318
2.02857     0      0.004316
2.04286     0      0.004264
2.05714     0      0.004272
2.07143     0      0.004252
2.08571     0      0.004238
2.1     0      0.00421
2.11429     0      0.004206
2.12857     0      0.004202
2.14286     0      0.004168
2.15714     0      0.004166
2.17143     0      0.004148
2.18571     0      0.0004225
2.2     0      1.45947e-36
2.21429     0      2.0668e-56
2.22857     0      3.41893e-70
2.24286     0      2.677e-89
2.25714     0      1.9935e-102
2.27143     0      1.16998e-109
2.28571     0      2.84417e-122
2.3     0      3.4579e-129
2.31429     0      1.9145e-136
2.32857     0      1.50138e-161
2.34286     0      1.49427e-161
2.35714     0      1.49285e-161
2.37143     0      1.48361e-161
2.38571     0      2.99316e-162
2.4     0      0
2.41429     0      0
2.42857     0      0
2.44286     0      0
2.45714     0      0
2.47143     0      0
2.48571     0      0
2.5     0      0
2.51429     0      0
2.52857     0      0
2.54286     0      0
2.55714     0      0
2.57143     0      0
2.58571     0      0
2.6     0      0
2.61429     0      0
2.62857     0      0
2.64286     0      0
2.65714     0      0
2.67143     0      0
2.68571     0      0
2.7     0      0
2.71429     0      0
2.72857     0      0
2.74286     0      0
2.75714     0      0
2.77143     0      0
2.78571     0      0
2.8     0      0
2.81429     0      0
2.82857     0      0
2.84286     0      0
2.85714     0      0
2.87143     0      0
2.88571     0      0
2.9     0      0
2.91429     0      0
2.92857     0      0
2.94286     0      0
2.95714     0      0
2.97143     0      0
2.98571     0      0
3     0      0
3.01429     0      0
3.02857     0      0
3.04286     0      0
3.05714     0      0
3.07143     0      0
3.08571     0      0
3.1     0      0
3.11429     0      0
3.12857     0      0
3.14286     0      0
3.15714     0      0
3.17143     0      0
3.18571     0      0
3.2     0      0
3.21429     0      0
3.22857     0      0
3.24286     0      0
3.25714     0      0
3.27143     0      0
3.28571     0      0
3.3     0      0
3.31429     0      0
3.32857     0      0
3.34286     0      0
3.35714     0      0
3.37143     0      0
3.38571     0      0
3.4     0      0
3.41429     0      0
3.42857     0      0
3.44286     0      0
3.45714     0      0
3.47143     0      0
3.48571     0      0
3.5     0      0
3.51429     0      0
3.52857     0      0
3.54286     0      0
3.55714     0      0
3.57143     0      0
3.58571     0      0
3.6     0      0
3.61429     0      0
3.62857     0      0
3.64286     0      0
3.65714     0      0
3.67143     0      0
3.68571     0      0
3.7     0      0
3.71429     0      0
3.72857     0      0
3.74286     0      0
3.75714     0      0
3.77143     0      0
3.78571     0      0
3.8     0      0
3.81429     0      0
3.82857     0      0
3.84286     0      0
3.85714     0      0
3.87143     0      0
3.88571     0      0
3.9     0      0
3.91429     0      0
3.92857     0      0
3.94286     0      0
3.95714     0      0
3.97143     0      0
3.98571     0      0
4     0      0
4.01429     0      0
4.02857     0      0
4.04286     0      0
4.05714     0      0
4.07143     0      0
4.08571     0      0
4.1     0      0
4.11429     0      0
4.12857     0      0
4.14286     0      0
4.15714     0      0
4.17143     0      0
4.18571     0      0
4.2     0      0
4.21429     0      0
4.22857     0      0
4.24286     0      0
4.25714     0      0
4.27143     0      0
4.28571     0      0
4.3     0      0
4.31429     0      0
4.32857     0      0
4.34286     0      0
4.35714     0      0
4.37143     0      0
4.38571     0      0
4.4     0      0
4.41429     0      0
4.42857     0      0
4.44286     0      0
4.45714     0      0
4.47143     0      0
4.48571     0      0
4.5     0      0
4.51429     0      0
4.52857     0      0
4.54286     0      0
4.55714     0      0
4.57143     0      0
4.58571     0      0
4.6     0      0
4.61429     0      0
4.62857     0      0
4.64286     0      0
4.65714     0      0
4.67143     0      0
4.68571     0      0
4.7     0      0
4.71429     0      0
4.72857     0      0
4.74286     0      0
4.75714     0      0
4.77143     0      0
4.78571     0      0
4.8     0      0
4.81429     0      0
4.82857     0      0
4.84286     0      0
4.85714     0      0
4.87143     0      0
4.88571     0      0
4.9     0      0
4.91429     0      0
4.92857     0      0
4.94286     0      0
4.95714     0      0
4.97143     0      0
4.98571     0      0
