# U,mu,nA_up, nA_dn, nB_up, nB_dn, ms, mf, ntotal,mu,cint
#energy    dos_upn   dos_upp   dos_dnn  dos_dnp GRID=1000 bin=700
-5     0      0
-4.98571     0      0
-4.97143     0      0
-4.95714     0      0
-4.94286     0      0
-4.92857     0      0
-4.91429     0      0
-4.9     0      0
-4.88571     0      0
-4.87143     0      0
-4.85714     0      0
-4.84286     0      0
-4.82857     0      0
-4.81429     0      0
-4.8     0      0
-4.78571     0      0
-4.77143     0      0
-4.75714     0      0
-4.74286     0      0
-4.72857     0      0
-4.71429     0      0
-4.7     0      0
-4.68571     0      0
-4.67143     0      0
-4.65714     0      0
-4.64286     0      0
-4.62857     0      0
-4.61429     0      0
-4.6     0      0
-4.58571     0      0
-4.57143     0      0
-4.55714     0      0
-4.54286     0      0
-4.52857     0      0
-4.51429     0      0
-4.5     0      0
-4.48571     0      0
-4.47143     0      0
-4.45714     0      0
-4.44286     0      0
-4.42857     0      0
-4.41429     0      0
-4.4     0      0
-4.38571     0      0
-4.37143     0      0
-4.35714     0      0
-4.34286     0      0
-4.32857     0      0
-4.31429     0      0
-4.3     0      0
-4.28571     0      0
-4.27143     0      0
-4.25714     0      0
-4.24286     0      0
-4.22857     0      0
-4.21429     0      0
-4.2     0      0
-4.18571     0      0
-4.17143     0      0
-4.15714     0      0
-4.14286     0      0
-4.12857     0      0
-4.11429     0      0
-4.1     0      0
-4.08571     0      0
-4.07143     0      0
-4.05714     0      0
-4.04286     0      0
-4.02857     0      0
-4.01429     0      0
-4     0      0
-3.98571     0      0
-3.97143     0      0
-3.95714     0      0
-3.94286     0      0
-3.92857     0      0
-3.91429     0      0
-3.9     0      0
-3.88571     0      0
-3.87143     0      0
-3.85714     0      0
-3.84286     0      0
-3.82857     0      0
-3.81429     0      0
-3.8     0      0
-3.78571     0      0
-3.77143     0      0
-3.75714     0      0
-3.74286     0      0
-3.72857     0      0
-3.71429     0      0
-3.7     0      0
-3.68571     0      0
-3.67143     0      0
-3.65714     0      0
-3.64286     0      0
-3.62857     0      0
-3.61429     0      0
-3.6     0      0
-3.58571     0      0
-3.57143     0      0
-3.55714     0      0
-3.54286     0      0
-3.52857     0      0
-3.51429     0      0
-3.5     0      0
-3.48571     0      0
-3.47143     0      0
-3.45714     0      0
-3.44286     0      0
-3.42857     0      0
-3.41429     0      0
-3.4     0      0
-3.38571     0      0
-3.37143     0      0
-3.35714     0      0
-3.34286     0      0
-3.32857     0      0
-3.31429     0      0
-3.3     0      0
-3.28571     0      0
-3.27143     0      0
-3.25714     0      0
-3.24286     0      0
-3.22857     0      0
-3.21429     0      0
-3.2     0      0
-3.18571     0      0
-3.17143     0      0
-3.15714     0      0
-3.14286     0      0
-3.12857     0      0
-3.11429     0      0
-3.1     0      0
-3.08571     0      0
-3.07143     0      0
-3.05714     0      0
-3.04286     0      0
-3.02857     0      0
-3.01429     0      0
-3     0      0
-2.98571     0      0
-2.97143     0      0
-2.95714     0      0
-2.94286     0      0
-2.92857     0      0
-2.91429     0      0
-2.9     0      0
-2.88571     0      0
-2.87143     0      0
-2.85714     0      0
-2.84286     0      0
-2.82857     0      0
-2.81429     0      0
-2.8     0      0
-2.78571     0      0
-2.77143     0      0
-2.75714     0      0
-2.74286     0      0
-2.72857     0      0
-2.71429     0      0
-2.7     0      0
-2.68571     0      0
-2.67143     0      0
-2.65714     0      0
-2.64286     0      0
-2.62857     0      0
-2.61429     0      0
-2.6     0      0
-2.58571     0      0
-2.57143     0      0
-2.55714     0      0
-2.54286     0      0
-2.52857     0      0
-2.51429     0      0
-2.5     0      0
-2.48571     0      0
-2.47143     0      0
-2.45714     0      0
-2.44286     0      0
-2.42857     0      0
-2.41429     0      0
-2.4     0      0
-2.38571     0      0
-2.37143     0      0
-2.35714     0      0
-2.34286     0      0
-2.32857     0      0
-2.31429     0      0
-2.3     0      0
-2.28571     0      0
-2.27143     0      0
-2.25714     0      0
-2.24286     0      0
-2.22857     0      0
-2.21429     0      0
-2.2     0      0
-2.18571     0      0
-2.17143     0      0
-2.15714     0      0
-2.14286     0      0
-2.12857     0      0
-2.11429     0      0
-2.1     0      0
-2.08571     0      0
-2.07143     0      0
-2.05714     0      0
-2.04286     0      0
-2.02857     0      0
-2.01429     0      0
-2     0      0
-1.98571     0      0
-1.97143     0      0
-1.95714     0      0
-1.94286     0      0
-1.92857     0      0
-1.91429     0      0
-1.9     0      0
-1.88571     0      0
-1.87143     0      0
-1.85714     0.0016825      0
-1.84286     0.005076      0
-1.82857     0.005072      0
-1.81429     0.00512      0
-1.8     0.005116      0
-1.78571     0.005136      0
-1.77143     0.005162      0
-1.75714     0.00519      0
-1.74286     0.005212      0
-1.72857     0.005222      0
-1.71429     0.005206      0
-1.7     0.005262      0
-1.68571     0.005314      0
-1.67143     0.005264      0
-1.65714     0.005332      0
-1.64286     0.005334      0
-1.62857     0.005386      0
-1.61429     0.00536      0
-1.6     0.00543      0
-1.58571     0.005406      0
-1.57143     0.005456      0
-1.55714     0.005476      0
-1.54286     0.005468      0
-1.52857     0.005542      0
-1.51429     0.00553      0
-1.5     0.005574      0
-1.48571     0.005576      0
-1.47143     0.005604      0
-1.45714     0.00564      0
-1.44286     0.005664      0
-1.42857     0.00568      0
-1.41429     0.00571      0
-1.4     0.00574      0
-1.38571     0.005736      0
-1.37143     0.005788      0
-1.35714     0.005804      0
-1.34286     0.005828      0
-1.32857     0.005896      0
-1.31429     0.00587      0
-1.3     0.005958      0
-1.28571     0.005924      0
-1.27143     0.005992      0
-1.25714     0.005972      0
-1.24286     0.006062      0
-1.22857     0.006068      0
-1.21429     0.006094      0
-1.2     0.00612      0
-1.18571     0.00617      0
-1.17143     0.00614      0
-1.15714     0.006276      0
-1.14286     0.00626      0
-1.12857     0.00626      0
-1.11429     0.006334      0
-1.1     0.006368      0
-1.08571     0.006396      0
-1.07143     0.00644      0
-1.05714     0.00644      0
-1.04286     0.006476      0
-1.02857     0.006524      0
-1.01429     0.006588      0
-1     0.00662      0
-0.985714     0.006622      0
-0.971429     0.006708      0
-0.957143     0.006732      0
-0.942857     0.006748      0
-0.928571     0.006854      0
-0.914286     0.006858      0
-0.9     0.0069      0
-0.885714     0.006928      0
-0.871429     0.006974      0
-0.857143     0.007068      0
-0.842857     0.00706      0
-0.828571     0.007144      0
-0.814286     0.007182      0
-0.8     0.007208      0
-0.785714     0.007292      0
-0.771429     0.007352      0
-0.757143     0.007392      0
-0.742857     0.00743      0
-0.728571     0.007488      0
-0.714286     0.007576      0
-0.7     0.007608      0
-0.685714     0.007684      0
-0.671429     0.007732      0
-0.657143     0.007828      0
-0.642857     0.007862      0
-0.628571     0.007958      0
-0.614286     0.00801      0
-0.6     0.00809      0
-0.585714     0.008134      0
-0.571429     0.008242      0
-0.557143     0.0083      0
-0.542857     0.00838      0
-0.528571     0.008428      0
-0.514286     0.008596      0
-0.5     0.008678      0
-0.485714     0.008748      0
-0.471429     0.008854      0
-0.457143     0.008936      0
-0.442857     0.009038      0
-0.428571     0.00913      0
-0.414286     0.009288      0
-0.4     0.009408      0
-0.385714     0.009548      0
-0.371429     0.009656      0
-0.357143     0.009774      0
-0.342857     0.009954      0
-0.328571     0.010132      0
-0.314286     0.010278      0
-0.3     0.010454      0
-0.285714     0.01066      0
-0.271429     0.010908      0
-0.257143     0.011142      0
-0.242857     0.011326      0
-0.228571     0.01169      0
-0.214286     0.01205      0
-0.2     0.012468      0
-0.185714     0.012784      0
-0.171429     0.013372      0
-0.157143     0.014194      0
-0.142857     0.015578      0
-0.128571     0.01738      0
-0.114286     0.02461      0
-0.1     0.0290345      0
-0.0857143     0.013386      0
-0.0714286     0.01024      0
-0.0571429     0.008364      0
-0.0428571     0.00711      0
-0.0285714     0.005986      0
-0.0142857     0.005122      0
0     5e-06      0.0129085
0.0142857     0      0.014722
0.0285714     0      0.012804
0.0428571     0      0.012268
0.0571429     0      0.012266
0.0714286     0      0.012668
0.0857143     0      0.013706
0.1     0      0.015977
0.114286     0      0.013498
0.128571     0      0.012426
0.142857     0      0.01179
0.157143     0      0.011346
0.171429     0      0.010992
0.185714     0      0.010694
0.2     0      0.010492
0.214286     0      0.010184
0.228571     0      0.009994
0.242857     0      0.009806
0.257143     0      0.00966
0.271429     0      0.009472
0.285714     0      0.009306
0.3     0      0.009242
0.314286     0      0.008956
0.328571     0      0.00899
0.342857     0      0.008806
0.357143     0      0.008674
0.371429     0      0.008634
0.385714     0      0.008418
0.4     0      0.008402
0.414286     0      0.008266
0.428571     0      0.008184
0.442857     0      0.008142
0.457143     0      0.00797
0.471429     0      0.007968
0.485714     0      0.007842
0.5     0      0.007782
0.514286     0      0.007726
0.528571     0      0.00759
0.542857     0      0.007582
0.557143     0      0.007468
0.571429     0      0.00738
0.585714     0      0.007418
0.6     0      0.00724
0.614286     0      0.007288
0.628571     0      0.007112
0.642857     0      0.007106
0.657143     0      0.007066
0.671429     0      0.006968
0.685714     0      0.006934
0.7     0      0.00689
0.714286     0      0.006818
0.728571     0      0.006768
0.742857     0      0.006738
0.757143     0      0.006702
0.771429     0      0.006616
0.785714     0      0.006542
0.8     0      0.006576
0.814286     0      0.006498
0.828571     0      0.006406
0.842857     0      0.006424
0.857143     0      0.006318
0.871429     0      0.006332
0.885714     0      0.006274
0.9     0      0.006214
0.914286     0      0.006184
0.928571     0      0.006142
0.942857     0      0.006156
0.957143     0      0.006044
0.971429     0      0.006064
0.985714     0      0.005948
1     0      0.005958
1.01429     0      0.005936
1.02857     0      0.005882
1.04286     0      0.005852
1.05714     0      0.00581
1.07143     0      0.005814
1.08571     0      0.005742
1.1     0      0.005708
1.11429     0      0.005682
1.12857     0      0.00566
1.14286     0      0.005626
1.15714     0      0.005592
1.17143     0      0.005608
1.18571     0      0.005514
1.2     0      0.005464
1.21429     0      0.00549
1.22857     0      0.005466
1.24286     0      0.005426
1.25714     0      0.005358
1.27143     0      0.005352
1.28571     0      0.005326
1.3     0      0.005322
1.31429     0      0.005288
1.32857     0      0.00522
1.34286     0      0.00525
1.35714     0      0.005208
1.37143     0      0.005166
1.38571     0      0.005164
1.4     0      0.005108
1.41429     0      0.005094
1.42857     0      0.00511
1.44286     0      0.00502
1.45714     0      0.005046
1.47143     0      0.00498
1.48571     0      0.004994
1.5     0      0.004976
1.51429     0      0.00493
1.52857     0      0.0049
1.54286     0      0.004916
1.55714     0      0.004854
1.57143     0      0.00486
1.58571     0      0.004836
1.6     0      0.004804
1.61429     0      0.004792
1.62857     0      0.00474
1.64286     0      0.004752
1.65714     0      0.004716
1.67143     0      0.00469
1.68571     0      0.004692
1.7     0      0.004682
1.71429     0      0.004638
1.72857     0      0.004634
1.74286     0      0.004592
1.75714     0      0.004604
1.77143     0      0.004554
1.78571     0      0.004564
1.8     0      0.004546
1.81429     0      0.004504
1.82857     0      0.004484
1.84286     0      0.004476
1.85714     0      0.00446
1.87143     0      0.00446
1.88571     0      0.004416
1.9     0      0.004392
1.91429     0      0.0044
1.92857     0      0.00438
1.94286     0      0.004356
1.95714     0      0.004358
1.97143     0      0.004308
1.98571     0      0.004328
2     0      0.004274
2.01429     0      0.00427
2.02857     0      0.004272
2.04286     0      0.004242
2.05714     0      0.00426
2.07143     0      0.004194
2.08571     0      0.004204
2.1     0      0.004172
2.11429     0      0.004162
2.12857     0      0.004166
2.14286     0      0.0031665
2.15714     0      1.97813e-17
2.17143     0      0
2.18571     0      0
2.2     0      0
2.21429     0      0
2.22857     0      0
2.24286     0      0
2.25714     0      0
2.27143     0      0
2.28571     0      0
2.3     0      0
2.31429     0      0
2.32857     0      0
2.34286     0      0
2.35714     0      0
2.37143     0      0
2.38571     0      0
2.4     0      0
2.41429     0      0
2.42857     0      0
2.44286     0      0
2.45714     0      0
2.47143     0      0
2.48571     0      0
2.5     0      0
2.51429     0      0
2.52857     0      0
2.54286     0      0
2.55714     0      0
2.57143     0      0
2.58571     0      0
2.6     0      0
2.61429     0      0
2.62857     0      0
2.64286     0      0
2.65714     0      0
2.67143     0      0
2.68571     0      0
2.7     0      0
2.71429     0      0
2.72857     0      0
2.74286     0      0
2.75714     0      0
2.77143     0      0
2.78571     0      0
2.8     0      0
2.81429     0      0
2.82857     0      0
2.84286     0      0
2.85714     0      0
2.87143     0      0
2.88571     0      0
2.9     0      0
2.91429     0      0
2.92857     0      0
2.94286     0      0
2.95714     0      0
2.97143     0      0
2.98571     0      0
3     0      0
3.01429     0      0
3.02857     0      0
3.04286     0      0
3.05714     0      0
3.07143     0      0
3.08571     0      0
3.1     0      0
3.11429     0      0
3.12857     0      0
3.14286     0      0
3.15714     0      0
3.17143     0      0
3.18571     0      0
3.2     0      0
3.21429     0      0
3.22857     0      0
3.24286     0      0
3.25714     0      0
3.27143     0      0
3.28571     0      0
3.3     0      0
3.31429     0      0
3.32857     0      0
3.34286     0      0
3.35714     0      0
3.37143     0      0
3.38571     0      0
3.4     0      0
3.41429     0      0
3.42857     0      0
3.44286     0      0
3.45714     0      0
3.47143     0      0
3.48571     0      0
3.5     0      0
3.51429     0      0
3.52857     0      0
3.54286     0      0
3.55714     0      0
3.57143     0      0
3.58571     0      0
3.6     0      0
3.61429     0      0
3.62857     0      0
3.64286     0      0
3.65714     0      0
3.67143     0      0
3.68571     0      0
3.7     0      0
3.71429     0      0
3.72857     0      0
3.74286     0      0
3.75714     0      0
3.77143     0      0
3.78571     0      0
3.8     0      0
3.81429     0      0
3.82857     0      0
3.84286     0      0
3.85714     0      0
3.87143     0      0
3.88571     0      0
3.9     0      0
3.91429     0      0
3.92857     0      0
3.94286     0      0
3.95714     0      0
3.97143     0      0
3.98571     0      0
4     0      0
4.01429     0      0
4.02857     0      0
4.04286     0      0
4.05714     0      0
4.07143     0      0
4.08571     0      0
4.1     0      0
4.11429     0      0
4.12857     0      0
4.14286     0      0
4.15714     0      0
4.17143     0      0
4.18571     0      0
4.2     0      0
4.21429     0      0
4.22857     0      0
4.24286     0      0
4.25714     0      0
4.27143     0      0
4.28571     0      0
4.3     0      0
4.31429     0      0
4.32857     0      0
4.34286     0      0
4.35714     0      0
4.37143     0      0
4.38571     0      0
4.4     0      0
4.41429     0      0
4.42857     0      0
4.44286     0      0
4.45714     0      0
4.47143     0      0
4.48571     0      0
4.5     0      0
4.51429     0      0
4.52857     0      0
4.54286     0      0
4.55714     0      0
4.57143     0      0
4.58571     0      0
4.6     0      0
4.61429     0      0
4.62857     0      0
4.64286     0      0
4.65714     0      0
4.67143     0      0
4.68571     0      0
4.7     0      0
4.71429     0      0
4.72857     0      0
4.74286     0      0
4.75714     0      0
4.77143     0      0
4.78571     0      0
4.8     0      0
4.81429     0      0
4.82857     0      0
4.84286     0      0
4.85714     0      0
4.87143     0      0
4.88571     0      0
4.9     0      0
4.91429     0      0
4.92857     0      0
4.94286     0      0
4.95714     0      0
4.97143     0      0
4.98571     0      0
