# U,mu,nA_up, nA_dn, nB_up, nB_dn, ms, mf, ntotal,mu,cint
#energy    dos_upn   dos_upp   dos_dnn  dos_dnp GRID=1000 bin=700
-5     0      0
-4.98571     0      0
-4.97143     0      0
-4.95714     0      0
-4.94286     0      0
-4.92857     0      0
-4.91429     0      0
-4.9     0      0
-4.88571     0      0
-4.87143     0      0
-4.85714     0      0
-4.84286     0      0
-4.82857     0      0
-4.81429     0      0
-4.8     0      0
-4.78571     0      0
-4.77143     0      0
-4.75714     0      0
-4.74286     0      0
-4.72857     0      0
-4.71429     0      0
-4.7     0      0
-4.68571     0      0
-4.67143     0      0
-4.65714     0      0
-4.64286     0      0
-4.62857     0      0
-4.61429     0      0
-4.6     0      0
-4.58571     0      0
-4.57143     0      0
-4.55714     0      0
-4.54286     0      0
-4.52857     0      0
-4.51429     0      0
-4.5     0      0
-4.48571     0      0
-4.47143     0      0
-4.45714     0      0
-4.44286     0      0
-4.42857     0      0
-4.41429     0      0
-4.4     0      0
-4.38571     0      0
-4.37143     0      0
-4.35714     0      0
-4.34286     0      0
-4.32857     0      0
-4.31429     0      0
-4.3     0      0
-4.28571     0      0
-4.27143     0      0
-4.25714     0      0
-4.24286     0      0
-4.22857     0      0
-4.21429     0      0
-4.2     0      0
-4.18571     0      0
-4.17143     0      0
-4.15714     0      0
-4.14286     0      0
-4.12857     0      0
-4.11429     0      0
-4.1     0      0
-4.08571     0      0
-4.07143     0      0
-4.05714     0      0
-4.04286     0      0
-4.02857     0      0
-4.01429     0      0
-4     0      0
-3.98571     0      0
-3.97143     0      0
-3.95714     0      0
-3.94286     0      0
-3.92857     0      0
-3.91429     0      0
-3.9     0      0
-3.88571     0      0
-3.87143     0      0
-3.85714     0      0
-3.84286     0      0
-3.82857     0      0
-3.81429     0      0
-3.8     0      0
-3.78571     0      0
-3.77143     0      0
-3.75714     0      0
-3.74286     0      0
-3.72857     0      0
-3.71429     0      0
-3.7     0      0
-3.68571     0      0
-3.67143     0      0
-3.65714     0      0
-3.64286     0      0
-3.62857     0      0
-3.61429     0      0
-3.6     0      0
-3.58571     0      0
-3.57143     0      0
-3.55714     0      0
-3.54286     0      0
-3.52857     0      0
-3.51429     0      0
-3.5     0      0
-3.48571     0      0
-3.47143     0      0
-3.45714     0      0
-3.44286     0      0
-3.42857     0      0
-3.41429     0      0
-3.4     0      0
-3.38571     0      0
-3.37143     0      0
-3.35714     0      0
-3.34286     0      0
-3.32857     0      0
-3.31429     0      0
-3.3     0      0
-3.28571     0      0
-3.27143     0      0
-3.25714     0      0
-3.24286     0      0
-3.22857     0      0
-3.21429     0      0
-3.2     0      0
-3.18571     0      0
-3.17143     0      0
-3.15714     0      0
-3.14286     0      0
-3.12857     0      0
-3.11429     0      0
-3.1     0      0
-3.08571     0      0
-3.07143     0      0
-3.05714     0      0
-3.04286     0      0
-3.02857     0      0
-3.01429     0      0
-3     0      0
-2.98571     0      0
-2.97143     0      0
-2.95714     0      0
-2.94286     0      0
-2.92857     0      0
-2.91429     0      0
-2.9     0      0
-2.88571     0      0
-2.87143     0      0
-2.85714     0      0
-2.84286     0      0
-2.82857     0      0
-2.81429     0      0
-2.8     0      0
-2.78571     0      0
-2.77143     0      0
-2.75714     0      0
-2.74286     0      0
-2.72857     0      0
-2.71429     0      0
-2.7     0      0
-2.68571     0      0
-2.67143     0      0
-2.65714     0      0
-2.64286     0      0
-2.62857     0      0
-2.61429     0      0
-2.6     0      0
-2.58571     0      0
-2.57143     0      0
-2.55714     0      0
-2.54286     0      0
-2.52857     0      0
-2.51429     0      0
-2.5     0      0
-2.48571     0      0
-2.47143     0      0
-2.45714     0      0
-2.44286     0      0
-2.42857     0      0
-2.41429     0      0
-2.4     0      0
-2.38571     0      0
-2.37143     0      0
-2.35714     0      0
-2.34286     0      0
-2.32857     0      0
-2.31429     0      0
-2.3     0      0
-2.28571     0      0
-2.27143     0      0
-2.25714     0      0
-2.24286     0      0
-2.22857     0      0
-2.21429     0      0
-2.2     0      0
-2.18571     0      0
-2.17143     0      0
-2.15714     0      0
-2.14286     0      0
-2.12857     0      0
-2.11429     0      0
-2.1     0      0
-2.08571     0      0
-2.07143     0      0
-2.05714     0      0
-2.04286     0      0
-2.02857     0      0
-2.01429     0      0
-2     0      0
-1.98571     0      0
-1.97143     0      0
-1.95714     0      0
-1.94286     0      0
-1.92857     0      0
-1.91429     0      0
-1.9     0      0
-1.88571     0      0
-1.87143     0      0
-1.85714     0.0025725      0
-1.84286     0.005064      0
-1.82857     0.00511      0
-1.81429     0.0051      0
-1.8     0.005134      0
-1.78571     0.005136      0
-1.77143     0.005162      0
-1.75714     0.005184      0
-1.74286     0.005198      0
-1.72857     0.005246      0
-1.71429     0.005234      0
-1.7     0.005266      0
-1.68571     0.005278      0
-1.67143     0.005308      0
-1.65714     0.00531      0
-1.64286     0.005364      0
-1.62857     0.005344      0
-1.61429     0.005394      0
-1.6     0.0054      0
-1.58571     0.00545      0
-1.57143     0.00544      0
-1.55714     0.005466      0
-1.54286     0.005498      0
-1.52857     0.005534      0
-1.51429     0.00552      0
-1.5     0.005578      0
-1.48571     0.005594      0
-1.47143     0.005608      0
-1.45714     0.005632      0
-1.44286     0.005642      0
-1.42857     0.005716      0
-1.41429     0.005708      0
-1.4     0.005724      0
-1.38571     0.005766      0
-1.37143     0.005778      0
-1.35714     0.005832      0
-1.34286     0.005832      0
-1.32857     0.005904      0
-1.31429     0.005858      0
-1.3     0.005952      0
-1.28571     0.00593      0
-1.27143     0.006002      0
-1.25714     0.005988      0
-1.24286     0.006038      0
-1.22857     0.00609      0
-1.21429     0.006112      0
-1.2     0.00612      0
-1.18571     0.006154      0
-1.17143     0.006206      0
-1.15714     0.00624      0
-1.14286     0.006232      0
-1.12857     0.006296      0
-1.11429     0.006312      0
-1.1     0.006382      0
-1.08571     0.006404      0
-1.07143     0.006428      0
-1.05714     0.006472      0
-1.04286     0.006482      0
-1.02857     0.006544      0
-1.01429     0.006588      0
-1     0.006596      0
-0.985714     0.006664      0
-0.971429     0.006696      0
-0.957143     0.006724      0
-0.942857     0.006782      0
-0.928571     0.00682      0
-0.914286     0.006852      0
-0.9     0.006918      0
-0.885714     0.006986      0
-0.871429     0.006972      0
-0.857143     0.007084      0
-0.842857     0.00705      0
-0.828571     0.00712      0
-0.814286     0.007192      0
-0.8     0.007246      0
-0.785714     0.007288      0
-0.771429     0.00734      0
-0.757143     0.007428      0
-0.742857     0.007448      0
-0.728571     0.007466      0
-0.714286     0.007574      0
-0.7     0.007622      0
-0.685714     0.007688      0
-0.671429     0.007726      0
-0.657143     0.007834      0
-0.642857     0.007868      0
-0.628571     0.007988      0
-0.614286     0.007992      0
-0.6     0.0081      0
-0.585714     0.008116      0
-0.571429     0.008256      0
-0.557143     0.008328      0
-0.542857     0.008364      0
-0.528571     0.008508      0
-0.514286     0.00859      0
-0.5     0.008664      0
-0.485714     0.008766      0
-0.471429     0.008852      0
-0.457143     0.008938      0
-0.442857     0.009012      0
-0.428571     0.009198      0
-0.414286     0.009302      0
-0.4     0.009388      0
-0.385714     0.009556      0
-0.371429     0.009622      0
-0.357143     0.009834      0
-0.342857     0.00998      0
-0.328571     0.010118      0
-0.314286     0.010198      0
-0.3     0.010538      0
-0.285714     0.010704      0
-0.271429     0.010866      0
-0.257143     0.011036      0
-0.242857     0.01143      0
-0.228571     0.011712      0
-0.214286     0.012008      0
-0.2     0.01228      0
-0.185714     0.012932      0
-0.171429     0.013486      0
-0.157143     0.014254      0
-0.142857     0.01509      0
-0.128571     0.017032      0
-0.114286     0.02275      0
-0.1     0.0300965      0
-0.0857143     0.013468      0
-0.0714286     0.010188      0
-0.0571429     0.00833      0
-0.0428571     0.007016      0
-0.0285714     0.005904      0
-0.0142857     0.005026      0.0002225
0     0.000343      0.019206
0.0142857     0      0.01329
0.0285714     0      0.01229
0.0428571     0      0.012046
0.0571429     0      0.012208
0.0714286     0      0.012824
0.0857143     0      0.014785
0.1     0      0.014786
0.114286     0      0.012878
0.128571     0      0.012018
0.142857     0      0.011642
0.157143     0      0.011146
0.171429     0      0.010846
0.185714     0      0.010548
0.2     0      0.010328
0.214286     0      0.010108
0.228571     0      0.009924
0.242857     0      0.00972
0.257143     0      0.00957
0.271429     0      0.00944
0.285714     0      0.009272
0.3     0      0.009146
0.314286     0      0.008982
0.328571     0      0.008892
0.342857     0      0.008774
0.357143     0      0.008678
0.371429     0      0.008542
0.385714     0      0.008406
0.4     0      0.008364
0.414286     0      0.008274
0.428571     0      0.008126
0.442857     0      0.008108
0.457143     0      0.007954
0.471429     0      0.007962
0.485714     0      0.007798
0.5     0      0.007776
0.514286     0      0.00768
0.528571     0      0.00759
0.542857     0      0.007576
0.557143     0      0.007412
0.571429     0      0.007414
0.585714     0      0.007376
0.6     0      0.007224
0.614286     0      0.007214
0.628571     0      0.007128
0.642857     0      0.00714
0.657143     0      0.007012
0.671429     0      0.006952
0.685714     0      0.006932
0.7     0      0.00686
0.714286     0      0.006828
0.728571     0      0.00676
0.742857     0      0.00672
0.757143     0      0.006644
0.771429     0      0.006608
0.785714     0      0.006596
0.8     0      0.006522
0.814286     0      0.006472
0.828571     0      0.006434
0.842857     0      0.006386
0.857143     0      0.006336
0.871429     0      0.006288
0.885714     0      0.006282
0.9     0      0.006226
0.914286     0      0.006166
0.928571     0      0.006132
0.942857     0      0.00611
0.957143     0      0.006052
0.971429     0      0.00601
0.985714     0      0.00603
1     0      0.00592
1.01429     0      0.00593
1.02857     0      0.005872
1.04286     0      0.005838
1.05714     0      0.005828
1.07143     0      0.005778
1.08571     0      0.005752
1.1     0      0.005724
1.11429     0      0.005648
1.12857     0      0.005658
1.14286     0      0.0056
1.15714     0      0.00559
1.17143     0      0.005586
1.18571     0      0.005518
1.2     0      0.005486
1.21429     0      0.005456
1.22857     0      0.005458
1.24286     0      0.005398
1.25714     0      0.00539
1.27143     0      0.005374
1.28571     0      0.00529
1.3     0      0.005304
1.31429     0      0.005324
1.32857     0      0.00519
1.34286     0      0.005218
1.35714     0      0.005208
1.37143     0      0.005164
1.38571     0      0.005154
1.4     0      0.005156
1.41429     0      0.005054
1.42857     0      0.00509
1.44286     0      0.005038
1.45714     0      0.00501
1.47143     0      0.005008
1.48571     0      0.004966
1.5     0      0.004984
1.51429     0      0.00489
1.52857     0      0.00492
1.54286     0      0.004916
1.55714     0      0.004842
1.57143     0      0.004846
1.58571     0      0.004856
1.6     0      0.004796
1.61429     0      0.00477
1.62857     0      0.00474
1.64286     0      0.00475
1.65714     0      0.004732
1.67143     0      0.004698
1.68571     0      0.004672
1.7     0      0.00468
1.71429     0      0.004632
1.72857     0      0.00463
1.74286     0      0.004576
1.75714     0      0.004604
1.77143     0      0.004554
1.78571     0      0.00455
1.8     0      0.00454
1.81429     0      0.004494
1.82857     0      0.004504
1.84286     0      0.004482
1.85714     0      0.004432
1.87143     0      0.004466
1.88571     0      0.004396
1.9     0      0.004432
1.91429     0      0.004374
1.92857     0      0.004368
1.94286     0      0.004386
1.95714     0      0.004296
1.97143     0      0.004346
1.98571     0      0.0043
2     0      0.00429
2.01429     0      0.004268
2.02857     0      0.004266
2.04286     0      0.004242
2.05714     0      0.004224
2.07143     0      0.004192
2.08571     0      0.004208
2.1     0      0.004174
2.11429     0      0.004166
2.12857     0      0.004164
2.14286     0      0.0023825
2.15714     0      3.09082e-37
2.17143     0      0
2.18571     0      0
2.2     0      0
2.21429     0      0
2.22857     0      0
2.24286     0      0
2.25714     0      0
2.27143     0      0
2.28571     0      0
2.3     0      0
2.31429     0      0
2.32857     0      0
2.34286     0      0
2.35714     0      0
2.37143     0      0
2.38571     0      0
2.4     0      0
2.41429     0      0
2.42857     0      0
2.44286     0      0
2.45714     0      0
2.47143     0      0
2.48571     0      0
2.5     0      0
2.51429     0      0
2.52857     0      0
2.54286     0      0
2.55714     0      0
2.57143     0      0
2.58571     0      0
2.6     0      0
2.61429     0      0
2.62857     0      0
2.64286     0      0
2.65714     0      0
2.67143     0      0
2.68571     0      0
2.7     0      0
2.71429     0      0
2.72857     0      0
2.74286     0      0
2.75714     0      0
2.77143     0      0
2.78571     0      0
2.8     0      0
2.81429     0      0
2.82857     0      0
2.84286     0      0
2.85714     0      0
2.87143     0      0
2.88571     0      0
2.9     0      0
2.91429     0      0
2.92857     0      0
2.94286     0      0
2.95714     0      0
2.97143     0      0
2.98571     0      0
3     0      0
3.01429     0      0
3.02857     0      0
3.04286     0      0
3.05714     0      0
3.07143     0      0
3.08571     0      0
3.1     0      0
3.11429     0      0
3.12857     0      0
3.14286     0      0
3.15714     0      0
3.17143     0      0
3.18571     0      0
3.2     0      0
3.21429     0      0
3.22857     0      0
3.24286     0      0
3.25714     0      0
3.27143     0      0
3.28571     0      0
3.3     0      0
3.31429     0      0
3.32857     0      0
3.34286     0      0
3.35714     0      0
3.37143     0      0
3.38571     0      0
3.4     0      0
3.41429     0      0
3.42857     0      0
3.44286     0      0
3.45714     0      0
3.47143     0      0
3.48571     0      0
3.5     0      0
3.51429     0      0
3.52857     0      0
3.54286     0      0
3.55714     0      0
3.57143     0      0
3.58571     0      0
3.6     0      0
3.61429     0      0
3.62857     0      0
3.64286     0      0
3.65714     0      0
3.67143     0      0
3.68571     0      0
3.7     0      0
3.71429     0      0
3.72857     0      0
3.74286     0      0
3.75714     0      0
3.77143     0      0
3.78571     0      0
3.8     0      0
3.81429     0      0
3.82857     0      0
3.84286     0      0
3.85714     0      0
3.87143     0      0
3.88571     0      0
3.9     0      0
3.91429     0      0
3.92857     0      0
3.94286     0      0
3.95714     0      0
3.97143     0      0
3.98571     0      0
4     0      0
4.01429     0      0
4.02857     0      0
4.04286     0      0
4.05714     0      0
4.07143     0      0
4.08571     0      0
4.1     0      0
4.11429     0      0
4.12857     0      0
4.14286     0      0
4.15714     0      0
4.17143     0      0
4.18571     0      0
4.2     0      0
4.21429     0      0
4.22857     0      0
4.24286     0      0
4.25714     0      0
4.27143     0      0
4.28571     0      0
4.3     0      0
4.31429     0      0
4.32857     0      0
4.34286     0      0
4.35714     0      0
4.37143     0      0
4.38571     0      0
4.4     0      0
4.41429     0      0
4.42857     0      0
4.44286     0      0
4.45714     0      0
4.47143     0      0
4.48571     0      0
4.5     0      0
4.51429     0      0
4.52857     0      0
4.54286     0      0
4.55714     0      0
4.57143     0      0
4.58571     0      0
4.6     0      0
4.61429     0      0
4.62857     0      0
4.64286     0      0
4.65714     0      0
4.67143     0      0
4.68571     0      0
4.7     0      0
4.71429     0      0
4.72857     0      0
4.74286     0      0
4.75714     0      0
4.77143     0      0
4.78571     0      0
4.8     0      0
4.81429     0      0
4.82857     0      0
4.84286     0      0
4.85714     0      0
4.87143     0      0
4.88571     0      0
4.9     0      0
4.91429     0      0
4.92857     0      0
4.94286     0      0
4.95714     0      0
4.97143     0      0
4.98571     0      0
