# U,mu,nA_up, nA_dn, nB_up, nB_dn, ms, mf, ntotal,mu,cint
#energy    dos_upn   dos_upp   dos_dnn  dos_dnp GRID=1000 bin=700
-5     0      0
-4.98571     0      0
-4.97143     0      0
-4.95714     0      0
-4.94286     0      0
-4.92857     0      0
-4.91429     0      0
-4.9     0      0
-4.88571     0      0
-4.87143     0      0
-4.85714     0      0
-4.84286     0      0
-4.82857     0      0
-4.81429     0      0
-4.8     0      0
-4.78571     0      0
-4.77143     0      0
-4.75714     0      0
-4.74286     0      0
-4.72857     0      0
-4.71429     0      0
-4.7     0      0
-4.68571     0      0
-4.67143     0      0
-4.65714     0      0
-4.64286     0      0
-4.62857     0      0
-4.61429     0      0
-4.6     0      0
-4.58571     0      0
-4.57143     0      0
-4.55714     0      0
-4.54286     0      0
-4.52857     0      0
-4.51429     0      0
-4.5     0      0
-4.48571     0      0
-4.47143     0      0
-4.45714     0      0
-4.44286     0      0
-4.42857     0      0
-4.41429     0      0
-4.4     0      0
-4.38571     0      0
-4.37143     0      0
-4.35714     0      0
-4.34286     0      0
-4.32857     0      0
-4.31429     0      0
-4.3     0      0
-4.28571     0      0
-4.27143     0      0
-4.25714     0      0
-4.24286     0      0
-4.22857     0      0
-4.21429     0      0
-4.2     0      0
-4.18571     0      0
-4.17143     0      0
-4.15714     0      0
-4.14286     0      0
-4.12857     0      0
-4.11429     0      0
-4.1     0      0
-4.08571     0      0
-4.07143     0      0
-4.05714     0      0
-4.04286     0      0
-4.02857     0      0
-4.01429     0      0
-4     0      0
-3.98571     0      0
-3.97143     0      0
-3.95714     0      0
-3.94286     0      0
-3.92857     0      0
-3.91429     0      0
-3.9     0      0
-3.88571     0      0
-3.87143     0      0
-3.85714     0      0
-3.84286     0      0
-3.82857     0      0
-3.81429     0      0
-3.8     0      0
-3.78571     0      0
-3.77143     0      0
-3.75714     0      0
-3.74286     0      0
-3.72857     0      0
-3.71429     0      0
-3.7     0      0
-3.68571     0      0
-3.67143     0      0
-3.65714     0      0
-3.64286     0      0
-3.62857     0      0
-3.61429     0      0
-3.6     0      0
-3.58571     0      0
-3.57143     0      0
-3.55714     0      0
-3.54286     0      0
-3.52857     0      0
-3.51429     0      0
-3.5     0      0
-3.48571     0      0
-3.47143     0      0
-3.45714     0      0
-3.44286     0      0
-3.42857     0      0
-3.41429     0      0
-3.4     0      0
-3.38571     0      0
-3.37143     0      0
-3.35714     0      0
-3.34286     0      0
-3.32857     0      0
-3.31429     0      0
-3.3     0      0
-3.28571     0      0
-3.27143     0      0
-3.25714     0      0
-3.24286     0      0
-3.22857     0      0
-3.21429     0      0
-3.2     0      0
-3.18571     0      0
-3.17143     0      0
-3.15714     0      0
-3.14286     0      0
-3.12857     0      0
-3.11429     0      0
-3.1     0      0
-3.08571     0      0
-3.07143     0      0
-3.05714     0      0
-3.04286     0      0
-3.02857     0      0
-3.01429     0      0
-3     0      0
-2.98571     0      0
-2.97143     0      0
-2.95714     0      0
-2.94286     0      0
-2.92857     0      0
-2.91429     0      0
-2.9     0      0
-2.88571     0      0
-2.87143     0      0
-2.85714     0      0
-2.84286     0      0
-2.82857     0      0
-2.81429     0      0
-2.8     0      0
-2.78571     0      0
-2.77143     0      0
-2.75714     0      0
-2.74286     0      0
-2.72857     0      0
-2.71429     0      0
-2.7     0      0
-2.68571     0      0
-2.67143     0      0
-2.65714     0      0
-2.64286     0      0
-2.62857     0      0
-2.61429     0      0
-2.6     0      0
-2.58571     0      0
-2.57143     0      0
-2.55714     0      0
-2.54286     0      0
-2.52857     0      0
-2.51429     0      0
-2.5     0      0
-2.48571     0      0
-2.47143     0      0
-2.45714     0      0
-2.44286     0      0
-2.42857     0      0
-2.41429     0      0
-2.4     0      0
-2.38571     0      0
-2.37143     0      0
-2.35714     0      0
-2.34286     0      0
-2.32857     0      0
-2.31429     0      0
-2.3     0      0
-2.28571     0      0
-2.27143     0      0
-2.25714     0      0
-2.24286     0      0
-2.22857     0      0
-2.21429     0      0
-2.2     0      0
-2.18571     0      0
-2.17143     0      0
-2.15714     0      0
-2.14286     9.24282e-216      0
-2.12857     2.83194e-214      0
-2.11429     5.1283e-209      0
-2.1     1.12974e-207      0
-2.08571     1.13755e-207      0
-2.07143     1.13841e-207      0
-2.05714     4.84423e-202      0
-2.04286     4.51896e-201      0
-2.02857     4.51722e-201      0
-2.01429     4.55539e-201      0
-2     3.90834e-195      0
-1.98571     1.80273e-194      0
-1.97143     1.80689e-194      0
-1.95714     1.81383e-194      0
-1.94286     2.68466e-188      0
-1.92857     7.19702e-188      0
-1.91429     7.1887e-188      0
-1.9     7.24698e-188      0
-1.88571     1.6312e-181      0
-1.87143     2.86438e-181      0
-1.85714     2.87659e-181      0
-1.84286     2.89768e-181      0
-1.82857     9.14491e-175      0
-1.81429     0.0037205      0
-1.8     0.005076      0
-1.78571     0.005112      0
-1.77143     0.005122      0
-1.75714     0.005132      0
-1.74286     0.005142      0
-1.72857     0.005176      0
-1.71429     0.005204      0
-1.7     0.005212      0
-1.68571     0.005232      0
-1.67143     0.005252      0
-1.65714     0.005274      0
-1.64286     0.005302      0
-1.62857     0.00531      0
-1.61429     0.005324      0
-1.6     0.005342      0
-1.58571     0.0054      0
-1.57143     0.005382      0
-1.55714     0.005428      0
-1.54286     0.005434      0
-1.52857     0.005452      0
-1.51429     0.005484      0
-1.5     0.005536      0
-1.48571     0.00553      0
-1.47143     0.005552      0
-1.45714     0.00555      0
-1.44286     0.005614      0
-1.42857     0.005656      0
-1.41429     0.005644      0
-1.4     0.005662      0
-1.38571     0.005716      0
-1.37143     0.005678      0
-1.35714     0.005796      0
-1.34286     0.005766      0
-1.32857     0.00582      0
-1.31429     0.005818      0
-1.3     0.005866      0
-1.28571     0.005876      0
-1.27143     0.005908      0
-1.25714     0.005952      0
-1.24286     0.005992      0
-1.22857     0.005984      0
-1.21429     0.00603      0
-1.2     0.006062      0
-1.18571     0.006076      0
-1.17143     0.006118      0
-1.15714     0.006192      0
-1.14286     0.006176      0
-1.12857     0.006168      0
-1.11429     0.006254      0
-1.1     0.00633      0
-1.08571     0.006324      0
-1.07143     0.006336      0
-1.05714     0.006408      0
-1.04286     0.006404      0
-1.02857     0.00644      0
-1.01429     0.006478      0
-1     0.00653      0
-0.985714     0.0066      0
-0.971429     0.006596      0
-0.957143     0.006644      0
-0.942857     0.00672      0
-0.928571     0.006736      0
-0.914286     0.006726      0
-0.9     0.006832      0
-0.885714     0.006848      0
-0.871429     0.006912      0
-0.857143     0.006906      0
-0.842857     0.007012      0
-0.828571     0.007046      0
-0.814286     0.007092      0
-0.8     0.007142      0
-0.785714     0.00716      0
-0.771429     0.007268      0
-0.757143     0.007278      0
-0.742857     0.00734      0
-0.728571     0.007412      0
-0.714286     0.00748      0
-0.7     0.007484      0
-0.685714     0.007558      0
-0.671429     0.007622      0
-0.657143     0.00771      0
-0.642857     0.007744      0
-0.628571     0.007838      0
-0.614286     0.007902      0
-0.6     0.007994      0
-0.585714     0.008026      0
-0.571429     0.008126      0
-0.557143     0.00819      0
-0.542857     0.008254      0
-0.528571     0.008368      0
-0.514286     0.008422      0
-0.5     0.008526      0
-0.485714     0.008626      0
-0.471429     0.008696      0
-0.457143     0.008818      0
-0.442857     0.008896      0
-0.428571     0.009018      0
-0.414286     0.009194      0
-0.4     0.009268      0
-0.385714     0.009408      0
-0.371429     0.009512      0
-0.357143     0.009712      0
-0.342857     0.009798      0
-0.328571     0.009922      0
-0.314286     0.010228      0
-0.3     0.010368      0
-0.285714     0.0106      0
-0.271429     0.010808      0
-0.257143     0.011022      0
-0.242857     0.011358      0
-0.228571     0.011632      0
-0.214286     0.011966      0
-0.2     0.012484      0
-0.185714     0.013028      0
-0.171429     0.013712      0
-0.157143     0.014548      0
-0.142857     0.01607      0
-0.128571     0.01834      0
-0.114286     0.0268945      0
-0.1     0.035484      0
-0.0857143     0.01609      0
-0.0714286     0.012306      0
-0.0571429     0.01015      0
-0.0428571     0.008704      0
-0.0285714     0.007536      0
-0.0142857     0.006535      0
0     0      0
0.0142857     0      0
0.0285714     0      0
0.0428571     0      0
0.0571429     0      0
0.0714286     0      0.0057545
0.0857143     0      0.020008
0.1     0      0.015446
0.114286     0      0.0142
0.128571     0      0.013872
0.142857     0      0.014
0.157143     0      0.014746
0.171429     0      0.017827
0.185714     0      0.015754
0.2     0      0.013666
0.214286     0      0.0127
0.228571     0      0.011952
0.242857     0      0.011414
0.257143     0      0.011096
0.271429     0      0.010696
0.285714     0      0.010404
0.3     0      0.010184
0.314286     0      0.009936
0.328571     0      0.009742
0.342857     0      0.009532
0.357143     0      0.009352
0.371429     0      0.009164
0.385714     0      0.009104
0.4     0      0.008944
0.414286     0      0.008788
0.428571     0      0.00861
0.442857     0      0.008564
0.457143     0      0.00845
0.471429     0      0.008356
0.485714     0      0.00824
0.5     0      0.00811
0.514286     0      0.008066
0.528571     0      0.007966
0.542857     0      0.007822
0.557143     0      0.007806
0.571429     0      0.007748
0.585714     0      0.007606
0.6     0      0.00754
0.614286     0      0.007512
0.628571     0      0.007416
0.642857     0      0.00735
0.657143     0      0.007292
0.671429     0      0.007172
0.685714     0      0.007202
0.7     0      0.007086
0.714286     0      0.007042
0.728571     0      0.006972
0.742857     0      0.00691
0.757143     0      0.006886
0.771429     0      0.006788
0.785714     0      0.006762
0.8     0      0.006754
0.814286     0      0.006596
0.828571     0      0.006618
0.842857     0      0.00659
0.857143     0      0.00651
0.871429     0      0.00644
0.885714     0      0.006412
0.9     0      0.006386
0.914286     0      0.006338
0.928571     0      0.006322
0.942857     0      0.0062
0.957143     0      0.006216
0.971429     0      0.006162
0.985714     0      0.006142
1     0      0.006094
1.01429     0      0.006032
1.02857     0      0.006026
1.04286     0      0.005964
1.05714     0      0.00595
1.07143     0      0.005914
1.08571     0      0.005878
1.1     0      0.005784
1.11429     0      0.005826
1.12857     0      0.005732
1.14286     0      0.005746
1.15714     0      0.005704
1.17143     0      0.005664
1.18571     0      0.005632
1.2     0      0.005558
1.21429     0      0.00556
1.22857     0      0.005594
1.24286     0      0.005528
1.25714     0      0.005456
1.27143     0      0.005438
1.28571     0      0.005442
1.3     0      0.005392
1.31429     0      0.005364
1.32857     0      0.005334
1.34286     0      0.00528
1.35714     0      0.005298
1.37143     0      0.005272
1.38571     0      0.005252
1.4     0      0.005158
1.41429     0      0.005224
1.42857     0      0.00511
1.44286     0      0.00513
1.45714     0      0.005152
1.47143     0      0.00502
1.48571     0      0.005088
1.5     0      0.005018
1.51429     0      0.005048
1.52857     0      0.004958
1.54286     0      0.004968
1.55714     0      0.004922
1.57143     0      0.00492
1.58571     0      0.00491
1.6     0      0.004856
1.61429     0      0.004878
1.62857     0      0.004808
1.64286     0      0.004822
1.65714     0      0.004764
1.67143     0      0.004764
1.68571     0      0.004758
1.7     0      0.004716
1.71429     0      0.004708
1.72857     0      0.00469
1.74286     0      0.004672
1.75714     0      0.004652
1.77143     0      0.004626
1.78571     0      0.004592
1.8     0      0.004596
1.81429     0      0.00457
1.82857     0      0.004546
1.84286     0      0.004548
1.85714     0      0.004494
1.87143     0      0.004508
1.88571     0      0.004482
1.9     0      0.004456
1.91429     0      0.004454
1.92857     0      0.004426
1.94286     0      0.004414
1.95714     0      0.004382
1.97143     0      0.004364
1.98571     0      0.004366
2     0      0.004332
2.01429     0      0.004346
2.02857     0      0.0043
2.04286     0      0.004288
2.05714     0      0.004274
2.07143     0      0.004254
2.08571     0      0.004242
2.1     0      0.00425
2.11429     0      0.00421
2.12857     0      0.004184
2.14286     0      0.004182
2.15714     0      0.004174
2.17143     0      0.004152
2.18571     0      0.0023185
2.2     0      2.33516e-23
2.21429     0      3.30689e-43
2.22857     0      5.47028e-57
2.24286     0      4.28319e-76
2.25714     0      3.1896e-89
2.27143     0      1.87196e-96
2.28571     0      4.55068e-109
2.3     0      5.53264e-116
2.31429     0      3.06319e-123
2.32857     0      2.4022e-148
2.34286     0      2.39083e-148
2.35714     0      2.38856e-148
2.37143     0      2.37378e-148
2.38571     0      4.78906e-149
2.4     0      0
2.41429     0      0
2.42857     0      0
2.44286     0      0
2.45714     0      0
2.47143     0      0
2.48571     0      0
2.5     0      0
2.51429     0      0
2.52857     0      0
2.54286     0      0
2.55714     0      0
2.57143     0      0
2.58571     0      0
2.6     0      0
2.61429     0      0
2.62857     0      0
2.64286     0      0
2.65714     0      0
2.67143     0      0
2.68571     0      0
2.7     0      0
2.71429     0      0
2.72857     0      0
2.74286     0      0
2.75714     0      0
2.77143     0      0
2.78571     0      0
2.8     0      0
2.81429     0      0
2.82857     0      0
2.84286     0      0
2.85714     0      0
2.87143     0      0
2.88571     0      0
2.9     0      0
2.91429     0      0
2.92857     0      0
2.94286     0      0
2.95714     0      0
2.97143     0      0
2.98571     0      0
3     0      0
3.01429     0      0
3.02857     0      0
3.04286     0      0
3.05714     0      0
3.07143     0      0
3.08571     0      0
3.1     0      0
3.11429     0      0
3.12857     0      0
3.14286     0      0
3.15714     0      0
3.17143     0      0
3.18571     0      0
3.2     0      0
3.21429     0      0
3.22857     0      0
3.24286     0      0
3.25714     0      0
3.27143     0      0
3.28571     0      0
3.3     0      0
3.31429     0      0
3.32857     0      0
3.34286     0      0
3.35714     0      0
3.37143     0      0
3.38571     0      0
3.4     0      0
3.41429     0      0
3.42857     0      0
3.44286     0      0
3.45714     0      0
3.47143     0      0
3.48571     0      0
3.5     0      0
3.51429     0      0
3.52857     0      0
3.54286     0      0
3.55714     0      0
3.57143     0      0
3.58571     0      0
3.6     0      0
3.61429     0      0
3.62857     0      0
3.64286     0      0
3.65714     0      0
3.67143     0      0
3.68571     0      0
3.7     0      0
3.71429     0      0
3.72857     0      0
3.74286     0      0
3.75714     0      0
3.77143     0      0
3.78571     0      0
3.8     0      0
3.81429     0      0
3.82857     0      0
3.84286     0      0
3.85714     0      0
3.87143     0      0
3.88571     0      0
3.9     0      0
3.91429     0      0
3.92857     0      0
3.94286     0      0
3.95714     0      0
3.97143     0      0
3.98571     0      0
4     0      0
4.01429     0      0
4.02857     0      0
4.04286     0      0
4.05714     0      0
4.07143     0      0
4.08571     0      0
4.1     0      0
4.11429     0      0
4.12857     0      0
4.14286     0      0
4.15714     0      0
4.17143     0      0
4.18571     0      0
4.2     0      0
4.21429     0      0
4.22857     0      0
4.24286     0      0
4.25714     0      0
4.27143     0      0
4.28571     0      0
4.3     0      0
4.31429     0      0
4.32857     0      0
4.34286     0      0
4.35714     0      0
4.37143     0      0
4.38571     0      0
4.4     0      0
4.41429     0      0
4.42857     0      0
4.44286     0      0
4.45714     0      0
4.47143     0      0
4.48571     0      0
4.5     0      0
4.51429     0      0
4.52857     0      0
4.54286     0      0
4.55714     0      0
4.57143     0      0
4.58571     0      0
4.6     0      0
4.61429     0      0
4.62857     0      0
4.64286     0      0
4.65714     0      0
4.67143     0      0
4.68571     0      0
4.7     0      0
4.71429     0      0
4.72857     0      0
4.74286     0      0
4.75714     0      0
4.77143     0      0
4.78571     0      0
4.8     0      0
4.81429     0      0
4.82857     0      0
4.84286     0      0
4.85714     0      0
4.87143     0      0
4.88571     0      0
4.9     0      0
4.91429     0      0
4.92857     0      0
4.94286     0      0
4.95714     0      0
4.97143     0      0
4.98571     0      0
