# U,mu,nA_up, nA_dn, nB_up, nB_dn, ms, mf, ntotal,mu,cint
#energy    dos_upn   dos_upp   dos_dnn  dos_dnp GRID=1000 bin=700
-5     0      0
-4.98571     0      0
-4.97143     0      0
-4.95714     0      0
-4.94286     0      0
-4.92857     0      0
-4.91429     0      0
-4.9     0      0
-4.88571     0      0
-4.87143     0      0
-4.85714     0      0
-4.84286     0      0
-4.82857     0      0
-4.81429     0      0
-4.8     0      0
-4.78571     0      0
-4.77143     0      0
-4.75714     0      0
-4.74286     0      0
-4.72857     0      0
-4.71429     0      0
-4.7     0      0
-4.68571     0      0
-4.67143     0      0
-4.65714     0      0
-4.64286     0      0
-4.62857     0      0
-4.61429     0      0
-4.6     0      0
-4.58571     0      0
-4.57143     0      0
-4.55714     0      0
-4.54286     0      0
-4.52857     0      0
-4.51429     0      0
-4.5     0      0
-4.48571     0      0
-4.47143     0      0
-4.45714     0      0
-4.44286     0      0
-4.42857     0      0
-4.41429     0      0
-4.4     0      0
-4.38571     0      0
-4.37143     0      0
-4.35714     0      0
-4.34286     0      0
-4.32857     0      0
-4.31429     0      0
-4.3     0      0
-4.28571     0      0
-4.27143     0      0
-4.25714     0      0
-4.24286     0      0
-4.22857     0      0
-4.21429     0      0
-4.2     0      0
-4.18571     0      0
-4.17143     0      0
-4.15714     0      0
-4.14286     0      0
-4.12857     0      0
-4.11429     0      0
-4.1     0      0
-4.08571     0      0
-4.07143     0      0
-4.05714     0      0
-4.04286     0      0
-4.02857     0      0
-4.01429     0      0
-4     0      0
-3.98571     0      0
-3.97143     0      0
-3.95714     0      0
-3.94286     0      0
-3.92857     0      0
-3.91429     0      0
-3.9     0      0
-3.88571     0      0
-3.87143     0      0
-3.85714     0      0
-3.84286     0      0
-3.82857     0      0
-3.81429     0      0
-3.8     0      0
-3.78571     0      0
-3.77143     0      0
-3.75714     0      0
-3.74286     0      0
-3.72857     0      0
-3.71429     0      0
-3.7     0      0
-3.68571     0      0
-3.67143     0      0
-3.65714     0      0
-3.64286     0      0
-3.62857     0      0
-3.61429     0      0
-3.6     0      0
-3.58571     0      0
-3.57143     0      0
-3.55714     0      0
-3.54286     0      0
-3.52857     0      0
-3.51429     0      0
-3.5     0      0
-3.48571     0      0
-3.47143     0      0
-3.45714     0      0
-3.44286     0      0
-3.42857     0      0
-3.41429     0      0
-3.4     0      0
-3.38571     0      0
-3.37143     0      0
-3.35714     0      0
-3.34286     0      0
-3.32857     0      0
-3.31429     0      0
-3.3     0      0
-3.28571     0      0
-3.27143     0      0
-3.25714     0      0
-3.24286     0      0
-3.22857     0      0
-3.21429     0      0
-3.2     0      0
-3.18571     0      0
-3.17143     0      0
-3.15714     0      0
-3.14286     0      0
-3.12857     0      0
-3.11429     0      0
-3.1     0      0
-3.08571     0      0
-3.07143     0      0
-3.05714     0      0
-3.04286     0      0
-3.02857     0      0
-3.01429     0      0
-3     0      0
-2.98571     0      0
-2.97143     0      0
-2.95714     0      0
-2.94286     0      0
-2.92857     0      0
-2.91429     0      0
-2.9     0      0
-2.88571     0      0
-2.87143     0      0
-2.85714     0      0
-2.84286     0      0
-2.82857     0      0
-2.81429     0      0
-2.8     0      0
-2.78571     0      0
-2.77143     0      0
-2.75714     0      0
-2.74286     0      0
-2.72857     0      0
-2.71429     0      0
-2.7     0      0
-2.68571     0      0
-2.67143     0      0
-2.65714     0      0
-2.64286     0      0
-2.62857     0      0
-2.61429     0      0
-2.6     0      0
-2.58571     0      0
-2.57143     0      0
-2.55714     0      0
-2.54286     0      0
-2.52857     0      0
-2.51429     0      0
-2.5     0      0
-2.48571     0      0
-2.47143     0      0
-2.45714     0      0
-2.44286     0      0
-2.42857     0      0
-2.41429     0      0
-2.4     0      0
-2.38571     0      0
-2.37143     0      0
-2.35714     0      0
-2.34286     0      0
-2.32857     0      0
-2.31429     0      0
-2.3     0      0
-2.28571     0      0
-2.27143     0      0
-2.25714     0      0
-2.24286     0      0
-2.22857     0      0
-2.21429     0      0
-2.2     0      0
-2.18571     0      0
-2.17143     0      0
-2.15714     0      0
-2.14286     0      0
-2.12857     0      0
-2.11429     0      0
-2.1     0      0
-2.08571     0      0
-2.07143     0      0
-2.05714     0      0
-2.04286     0      0
-2.02857     0      0
-2.01429     0      0
-2     0      0
-1.98571     0      0
-1.97143     0      0
-1.95714     0      0
-1.94286     0      0
-1.92857     0      0
-1.91429     0      0
-1.9     0      0
-1.88571     0      0
-1.87143     0      0
-1.85714     0.0012085      0
-1.84286     0.005074      0
-1.82857     0.005084      0
-1.81429     0.005098      0
-1.8     0.005134      0
-1.78571     0.005134      0
-1.77143     0.005144      0
-1.75714     0.005212      0
-1.74286     0.005186      0
-1.72857     0.005222      0
-1.71429     0.005236      0
-1.7     0.005272      0
-1.68571     0.005256      0
-1.67143     0.0053      0
-1.65714     0.00534      0
-1.64286     0.00533      0
-1.62857     0.005332      0
-1.61429     0.005414      0
-1.6     0.005396      0
-1.58571     0.005412      0
-1.57143     0.005456      0
-1.55714     0.005466      0
-1.54286     0.005488      0
-1.52857     0.005508      0
-1.51429     0.005562      0
-1.5     0.00552      0
-1.48571     0.005588      0
-1.47143     0.005598      0
-1.45714     0.005656      0
-1.44286     0.005664      0
-1.42857     0.005652      0
-1.41429     0.00571      0
-1.4     0.005744      0
-1.38571     0.005762      0
-1.37143     0.005792      0
-1.35714     0.005794      0
-1.34286     0.005866      0
-1.32857     0.005848      0
-1.31429     0.005888      0
-1.3     0.0059      0
-1.28571     0.00596      0
-1.27143     0.005972      0
-1.25714     0.006012      0
-1.24286     0.006016      0
-1.22857     0.006048      0
-1.21429     0.006134      0
-1.2     0.006108      0
-1.18571     0.006158      0
-1.17143     0.006172      0
-1.15714     0.00623      0
-1.14286     0.006252      0
-1.12857     0.00628      0
-1.11429     0.006316      0
-1.1     0.006352      0
-1.08571     0.006372      0
-1.07143     0.006428      0
-1.05714     0.006444      0
-1.04286     0.006538      0
-1.02857     0.006512      0
-1.01429     0.006566      0
-1     0.006652      0
-0.985714     0.006636      0
-0.971429     0.00666      0
-0.957143     0.006732      0
-0.942857     0.006784      0
-0.928571     0.006802      0
-0.914286     0.00686      0
-0.9     0.006888      0
-0.885714     0.006928      0
-0.871429     0.006982      0
-0.857143     0.007016      0
-0.842857     0.007118      0
-0.828571     0.00713      0
-0.814286     0.007168      0
-0.8     0.007224      0
-0.785714     0.007282      0
-0.771429     0.007308      0
-0.757143     0.00738      0
-0.742857     0.007476      0
-0.728571     0.007516      0
-0.714286     0.007546      0
-0.7     0.007596      0
-0.685714     0.007684      0
-0.671429     0.007712      0
-0.657143     0.007824      0
-0.642857     0.007872      0
-0.628571     0.007894      0
-0.614286     0.008038      0
-0.6     0.008058      0
-0.585714     0.008178      0
-0.571429     0.008184      0
-0.557143     0.008316      0
-0.542857     0.008428      0
-0.528571     0.008462      0
-0.514286     0.008564      0
-0.5     0.00864      0
-0.485714     0.008708      0
-0.471429     0.008838      0
-0.457143     0.008922      0
-0.442857     0.009068      0
-0.428571     0.009166      0
-0.414286     0.009288      0
-0.4     0.009408      0
-0.385714     0.009486      0
-0.371429     0.009604      0
-0.357143     0.009832      0
-0.342857     0.00997      0
-0.328571     0.010084      0
-0.314286     0.010256      0
-0.3     0.010454      0
-0.285714     0.01071      0
-0.271429     0.010856      0
-0.257143     0.011058      0
-0.242857     0.011414      0
-0.228571     0.011734      0
-0.214286     0.012022      0
-0.2     0.01228      0
-0.185714     0.012982      0
-0.171429     0.013542      0
-0.157143     0.014294      0
-0.142857     0.015474      0
-0.128571     0.017262      0
-0.114286     0.0245245      0
-0.1     0.029356      0
-0.0857143     0.013512      0
-0.0714286     0.01037      0
-0.0571429     0.008488      0
-0.0428571     0.007182      0
-0.0285714     0.006018      0
-0.0142857     0.005183      0
0     0      0.0095105
0.0142857     0      0.015686
0.0285714     0      0.01311
0.0428571     0      0.012402
0.0571429     0      0.012304
0.0714286     0      0.01257
0.0857143     0      0.01346
0.1     0      0.016025
0.114286     0      0.013898
0.128571     0      0.01262
0.142857     0      0.011884
0.157143     0      0.01146
0.171429     0      0.011086
0.185714     0      0.010732
0.2     0      0.010482
0.214286     0      0.010304
0.228571     0      0.010024
0.242857     0      0.009848
0.257143     0      0.009662
0.271429     0      0.009496
0.285714     0      0.009352
0.3     0      0.009202
0.314286     0      0.00913
0.328571     0      0.008892
0.342857     0      0.008836
0.357143     0      0.008768
0.371429     0      0.00855
0.385714     0      0.008504
0.4     0      0.008388
0.414286     0      0.008306
0.428571     0      0.008242
0.442857     0      0.008052
0.457143     0      0.00807
0.471429     0      0.00796
0.485714     0      0.007828
0.5     0      0.007794
0.514286     0      0.007694
0.528571     0      0.007652
0.542857     0      0.00752
0.557143     0      0.007538
0.571429     0      0.00745
0.585714     0      0.00729
0.6     0      0.007346
0.614286     0      0.007196
0.628571     0      0.007172
0.642857     0      0.007128
0.657143     0      0.00709
0.671429     0      0.00697
0.685714     0      0.006952
0.7     0      0.006862
0.714286     0      0.006822
0.728571     0      0.006832
0.742857     0      0.006714
0.757143     0      0.006654
0.771429     0      0.006628
0.785714     0      0.00661
0.8     0      0.006546
0.814286     0      0.006476
0.828571     0      0.006482
0.842857     0      0.006406
0.857143     0      0.006324
0.871429     0      0.006322
0.885714     0      0.006264
0.9     0      0.006274
0.914286     0      0.006174
0.928571     0      0.006156
0.942857     0      0.00609
0.957143     0      0.006068
0.971429     0      0.006046
0.985714     0      0.006
1     0      0.00599
1.01429     0      0.005946
1.02857     0      0.00587
1.04286     0      0.005852
1.05714     0      0.005834
1.07143     0      0.005776
1.08571     0      0.005766
1.1     0      0.005716
1.11429     0      0.005732
1.12857     0      0.005616
1.14286     0      0.005634
1.15714     0      0.00558
1.17143     0      0.005538
1.18571     0      0.005564
1.2     0      0.005536
1.21429     0      0.005462
1.22857     0      0.005432
1.24286     0      0.005418
1.25714     0      0.00539
1.27143     0      0.005362
1.28571     0      0.005326
1.3     0      0.005322
1.31429     0      0.005272
1.32857     0      0.005288
1.34286     0      0.005182
1.35714     0      0.005234
1.37143     0      0.005198
1.38571     0      0.005126
1.4     0      0.005118
1.41429     0      0.005116
1.42857     0      0.005082
1.44286     0      0.005058
1.45714     0      0.005026
1.47143     0      0.005002
1.48571     0      0.00498
1.5     0      0.004982
1.51429     0      0.004912
1.52857     0      0.004944
1.54286     0      0.004878
1.55714     0      0.004874
1.57143     0      0.004868
1.58571     0      0.004834
1.6     0      0.004792
1.61429     0      0.004772
1.62857     0      0.004794
1.64286     0      0.004756
1.65714     0      0.004712
1.67143     0      0.004718
1.68571     0      0.004664
1.7     0      0.004656
1.71429     0      0.004678
1.72857     0      0.004622
1.74286     0      0.004626
1.75714     0      0.004558
1.77143     0      0.004608
1.78571     0      0.004508
1.8     0      0.004544
1.81429     0      0.00452
1.82857     0      0.004516
1.84286     0      0.004462
1.85714     0      0.004484
1.87143     0      0.00442
1.88571     0      0.004428
1.9     0      0.004416
1.91429     0      0.004388
1.92857     0      0.004384
1.94286     0      0.004352
1.95714     0      0.004346
1.97143     0      0.00432
1.98571     0      0.00432
2     0      0.00429
2.01429     0      0.004268
2.02857     0      0.004274
2.04286     0      0.004246
2.05714     0      0.004226
2.07143     0      0.004224
2.08571     0      0.004198
2.1     0      0.004184
2.11429     0      0.004174
2.12857     0      0.004154
2.14286     0      0.0035765
2.15714     0      7.9125e-11
2.17143     0      0
2.18571     0      0
2.2     0      0
2.21429     0      0
2.22857     0      0
2.24286     0      0
2.25714     0      0
2.27143     0      0
2.28571     0      0
2.3     0      0
2.31429     0      0
2.32857     0      0
2.34286     0      0
2.35714     0      0
2.37143     0      0
2.38571     0      0
2.4     0      0
2.41429     0      0
2.42857     0      0
2.44286     0      0
2.45714     0      0
2.47143     0      0
2.48571     0      0
2.5     0      0
2.51429     0      0
2.52857     0      0
2.54286     0      0
2.55714     0      0
2.57143     0      0
2.58571     0      0
2.6     0      0
2.61429     0      0
2.62857     0      0
2.64286     0      0
2.65714     0      0
2.67143     0      0
2.68571     0      0
2.7     0      0
2.71429     0      0
2.72857     0      0
2.74286     0      0
2.75714     0      0
2.77143     0      0
2.78571     0      0
2.8     0      0
2.81429     0      0
2.82857     0      0
2.84286     0      0
2.85714     0      0
2.87143     0      0
2.88571     0      0
2.9     0      0
2.91429     0      0
2.92857     0      0
2.94286     0      0
2.95714     0      0
2.97143     0      0
2.98571     0      0
3     0      0
3.01429     0      0
3.02857     0      0
3.04286     0      0
3.05714     0      0
3.07143     0      0
3.08571     0      0
3.1     0      0
3.11429     0      0
3.12857     0      0
3.14286     0      0
3.15714     0      0
3.17143     0      0
3.18571     0      0
3.2     0      0
3.21429     0      0
3.22857     0      0
3.24286     0      0
3.25714     0      0
3.27143     0      0
3.28571     0      0
3.3     0      0
3.31429     0      0
3.32857     0      0
3.34286     0      0
3.35714     0      0
3.37143     0      0
3.38571     0      0
3.4     0      0
3.41429     0      0
3.42857     0      0
3.44286     0      0
3.45714     0      0
3.47143     0      0
3.48571     0      0
3.5     0      0
3.51429     0      0
3.52857     0      0
3.54286     0      0
3.55714     0      0
3.57143     0      0
3.58571     0      0
3.6     0      0
3.61429     0      0
3.62857     0      0
3.64286     0      0
3.65714     0      0
3.67143     0      0
3.68571     0      0
3.7     0      0
3.71429     0      0
3.72857     0      0
3.74286     0      0
3.75714     0      0
3.77143     0      0
3.78571     0      0
3.8     0      0
3.81429     0      0
3.82857     0      0
3.84286     0      0
3.85714     0      0
3.87143     0      0
3.88571     0      0
3.9     0      0
3.91429     0      0
3.92857     0      0
3.94286     0      0
3.95714     0      0
3.97143     0      0
3.98571     0      0
4     0      0
4.01429     0      0
4.02857     0      0
4.04286     0      0
4.05714     0      0
4.07143     0      0
4.08571     0      0
4.1     0      0
4.11429     0      0
4.12857     0      0
4.14286     0      0
4.15714     0      0
4.17143     0      0
4.18571     0      0
4.2     0      0
4.21429     0      0
4.22857     0      0
4.24286     0      0
4.25714     0      0
4.27143     0      0
4.28571     0      0
4.3     0      0
4.31429     0      0
4.32857     0      0
4.34286     0      0
4.35714     0      0
4.37143     0      0
4.38571     0      0
4.4     0      0
4.41429     0      0
4.42857     0      0
4.44286     0      0
4.45714     0      0
4.47143     0      0
4.48571     0      0
4.5     0      0
4.51429     0      0
4.52857     0      0
4.54286     0      0
4.55714     0      0
4.57143     0      0
4.58571     0      0
4.6     0      0
4.61429     0      0
4.62857     0      0
4.64286     0      0
4.65714     0      0
4.67143     0      0
4.68571     0      0
4.7     0      0
4.71429     0      0
4.72857     0      0
4.74286     0      0
4.75714     0      0
4.77143     0      0
4.78571     0      0
4.8     0      0
4.81429     0      0
4.82857     0      0
4.84286     0      0
4.85714     0      0
4.87143     0      0
4.88571     0      0
4.9     0      0
4.91429     0      0
4.92857     0      0
4.94286     0      0
4.95714     0      0
4.97143     0      0
4.98571     0      0
