# U,mu,nA_up, nA_dn, nB_up, nB_dn, ms, mf, ntotal,mu,cint
#energy    dos_upn   dos_upp   dos_dnn  dos_dnp GRID=1000 bin=700
-5     0      0
-4.98571     0      0
-4.97143     0      0
-4.95714     0      0
-4.94286     0      0
-4.92857     0      0
-4.91429     0      0
-4.9     0      0
-4.88571     0      0
-4.87143     0      0
-4.85714     0      0
-4.84286     0      0
-4.82857     0      0
-4.81429     0      0
-4.8     0      0
-4.78571     0      0
-4.77143     0      0
-4.75714     0      0
-4.74286     0      0
-4.72857     0      0
-4.71429     0      0
-4.7     0      0
-4.68571     0      0
-4.67143     0      0
-4.65714     0      0
-4.64286     0      0
-4.62857     0      0
-4.61429     0      0
-4.6     0      0
-4.58571     0      0
-4.57143     0      0
-4.55714     0      0
-4.54286     0      0
-4.52857     0      0
-4.51429     0      0
-4.5     0      0
-4.48571     0      0
-4.47143     0      0
-4.45714     0      0
-4.44286     0      0
-4.42857     0      0
-4.41429     0      0
-4.4     0      0
-4.38571     0      0
-4.37143     0      0
-4.35714     0      0
-4.34286     0      0
-4.32857     0      0
-4.31429     0      0
-4.3     0      0
-4.28571     0      0
-4.27143     0      0
-4.25714     0      0
-4.24286     0      0
-4.22857     0      0
-4.21429     0      0
-4.2     0      0
-4.18571     0      0
-4.17143     0      0
-4.15714     0      0
-4.14286     0      0
-4.12857     0      0
-4.11429     0      0
-4.1     0      0
-4.08571     0      0
-4.07143     0      0
-4.05714     0      0
-4.04286     0      0
-4.02857     0      0
-4.01429     0      0
-4     0      0
-3.98571     0      0
-3.97143     0      0
-3.95714     0      0
-3.94286     0      0
-3.92857     0      0
-3.91429     0      0
-3.9     0      0
-3.88571     0      0
-3.87143     0      0
-3.85714     0      0
-3.84286     0      0
-3.82857     0      0
-3.81429     0      0
-3.8     0      0
-3.78571     0      0
-3.77143     0      0
-3.75714     0      0
-3.74286     0      0
-3.72857     0      0
-3.71429     0      0
-3.7     0      0
-3.68571     0      0
-3.67143     0      0
-3.65714     0      0
-3.64286     0      0
-3.62857     0      0
-3.61429     0      0
-3.6     0      0
-3.58571     0      0
-3.57143     0      0
-3.55714     0      0
-3.54286     0      0
-3.52857     0      0
-3.51429     0      0
-3.5     0      0
-3.48571     0      0
-3.47143     0      0
-3.45714     0      0
-3.44286     0      0
-3.42857     0      0
-3.41429     0      0
-3.4     0      0
-3.38571     0      0
-3.37143     0      0
-3.35714     0      0
-3.34286     0      0
-3.32857     0      0
-3.31429     0      0
-3.3     0      0
-3.28571     0      0
-3.27143     0      0
-3.25714     0      0
-3.24286     0      0
-3.22857     0      0
-3.21429     0      0
-3.2     0      0
-3.18571     0      0
-3.17143     0      0
-3.15714     0      0
-3.14286     0      0
-3.12857     0      0
-3.11429     0      0
-3.1     0      0
-3.08571     0      0
-3.07143     0      0
-3.05714     0      0
-3.04286     0      0
-3.02857     0      0
-3.01429     0      0
-3     0      0
-2.98571     0      0
-2.97143     0      0
-2.95714     0      0
-2.94286     0      0
-2.92857     0      0
-2.91429     0      0
-2.9     0      0
-2.88571     0      0
-2.87143     0      0
-2.85714     0      0
-2.84286     0      0
-2.82857     0      0
-2.81429     0      0
-2.8     0      0
-2.78571     0      0
-2.77143     0      0
-2.75714     0      0
-2.74286     0      0
-2.72857     0      0
-2.71429     0      0
-2.7     0      0
-2.68571     0      0
-2.67143     0      0
-2.65714     0      0
-2.64286     0      0
-2.62857     0      0
-2.61429     0      0
-2.6     0      0
-2.58571     0      0
-2.57143     0      0
-2.55714     0      0
-2.54286     0      0
-2.52857     0      0
-2.51429     0      0
-2.5     0      0
-2.48571     0      0
-2.47143     0      0
-2.45714     0      0
-2.44286     0      0
-2.42857     0      0
-2.41429     0      0
-2.4     0      0
-2.38571     0      0
-2.37143     0      0
-2.35714     0      0
-2.34286     0      0
-2.32857     0      0
-2.31429     0      0
-2.3     0      0
-2.28571     0      0
-2.27143     0      0
-2.25714     0      0
-2.24286     0      0
-2.22857     0      0
-2.21429     0      0
-2.2     0      0
-2.18571     0      0
-2.17143     0      0
-2.15714     0      0
-2.14286     6.35162e-97      0
-2.12857     1.94609e-95      0
-2.11429     3.52414e-90      0
-2.1     7.76351e-89      0
-2.08571     7.81715e-89      0
-2.07143     7.82311e-89      0
-2.05714     3.32893e-83      0
-2.04286     3.1054e-82      0
-2.02857     3.10421e-82      0
-2.01429     3.13044e-82      0
-2     2.68579e-76      0
-1.98571     1.23882e-75      0
-1.97143     1.24168e-75      0
-1.95714     1.24645e-75      0
-1.94286     1.84488e-69      0
-1.92857     4.94576e-69      0
-1.91429     4.94003e-69      0
-1.9     4.98009e-69      0
-1.88571     1.12095e-62      0
-1.87143     1.96838e-62      0
-1.85714     1.97678e-62      0
-1.84286     1.99127e-62      0
-1.82857     6.28433e-56      0
-1.81429     7.84607e-56      0
-1.8     7.93762e-56      0
-1.78571     1.95618e-50      0
-1.77143     9.38281e-24      0
-1.75714     7.99375e-23      0
-1.74286     7.99687e-23      0
-1.72857     8.01875e-23      0
-1.71429     0.0020945      0
-1.7     0.00509      0
-1.68571     0.005116      0
-1.67143     0.005142      0
-1.65714     0.005162      0
-1.64286     0.00518      0
-1.62857     0.005206      0
-1.61429     0.005196      0
-1.6     0.005228      0
-1.58571     0.005256      0
-1.57143     0.005266      0
-1.55714     0.005326      0
-1.54286     0.00528      0
-1.52857     0.005362      0
-1.51429     0.005366      0
-1.5     0.00538      0
-1.48571     0.0054      0
-1.47143     0.00543      0
-1.45714     0.005452      0
-1.44286     0.005446      0
-1.42857     0.005484      0
-1.41429     0.00556      0
-1.4     0.005506      0
-1.38571     0.005556      0
-1.37143     0.005616      0
-1.35714     0.005628      0
-1.34286     0.005588      0
-1.32857     0.005682      0
-1.31429     0.005704      0
-1.3     0.005736      0
-1.28571     0.005744      0
-1.27143     0.005762      0
-1.25714     0.005796      0
-1.24286     0.005782      0
-1.22857     0.005876      0
-1.21429     0.005886      0
-1.2     0.00589      0
-1.18571     0.005978      0
-1.17143     0.005944      0
-1.15714     0.006008      0
-1.14286     0.006008      0
-1.12857     0.006072      0
-1.11429     0.00609      0
-1.1     0.006104      0
-1.08571     0.00617      0
-1.07143     0.006166      0
-1.05714     0.006264      0
-1.04286     0.006224      0
-1.02857     0.006282      0
-1.01429     0.006338      0
-1     0.006372      0
-0.985714     0.006408      0
-0.971429     0.00638      0
-0.957143     0.006506      0
-0.942857     0.006504      0
-0.928571     0.00656      0
-0.914286     0.006592      0
-0.9     0.006636      0
-0.885714     0.006686      0
-0.871429     0.00672      0
-0.857143     0.006768      0
-0.842857     0.006814      0
-0.828571     0.006848      0
-0.814286     0.006908      0
-0.8     0.006938      0
-0.785714     0.007024      0
-0.771429     0.007024      0
-0.757143     0.007122      0
-0.742857     0.007132      0
-0.728571     0.00721      0
-0.714286     0.007268      0
-0.7     0.007342      0
-0.685714     0.00734      0
-0.671429     0.007462      0
-0.657143     0.007502      0
-0.642857     0.007576      0
-0.628571     0.007626      0
-0.614286     0.007706      0
-0.6     0.007778      0
-0.585714     0.007872      0
-0.571429     0.00788      0
-0.557143     0.008052      0
-0.542857     0.008078      0
-0.528571     0.00817      0
-0.514286     0.008222      0
-0.5     0.008386      0
-0.485714     0.008444      0
-0.471429     0.008558      0
-0.457143     0.008638      0
-0.442857     0.008816      0
-0.428571     0.008926      0
-0.414286     0.009012      0
-0.4     0.009122      0
-0.385714     0.00929      0
-0.371429     0.009438      0
-0.357143     0.009664      0
-0.342857     0.009762      0
-0.328571     0.009964      0
-0.314286     0.010146      0
-0.3     0.010468      0
-0.285714     0.010638      0
-0.271429     0.010912      0
-0.257143     0.011246      0
-0.242857     0.01165      0
-0.228571     0.011946      0
-0.214286     0.012562      0
-0.2     0.013034      0
-0.185714     0.013792      0
-0.171429     0.014606      0
-0.157143     0.01597      0
-0.142857     0.017708      0
-0.128571     0.020726      0
-0.114286     0.0301245      0
-0.1     0.050368      0
-0.0857143     0.022312      0
-0.0714286     0.016978      0
-0.0571429     0.014148      0
-0.0428571     0.012272      0
-0.0285714     0.010862      0
-0.0142857     0.009663      0
0     0      0
0.0142857     0      0
0.0285714     0      0
0.0428571     0      0
0.0571429     0      0
0.0714286     0      0
0.0857143     0      0
0.1     0      0
0.114286     0      0
0.128571     0      0
0.142857     0      0
0.157143     0      0
0.171429     0      0
0.185714     0      0
0.2     0      4.12948e-96
0.214286     0      1.7447e-88
0.228571     0      4.43488e-88
0.242857     0      1.56322e-81
0.257143     0      1.13738e-75
0.271429     0      7.3514e-75
0.285714     0      1.04695e-22
0.3     0      0.0120945
0.314286     0      0.023402
0.328571     0      0.019244
0.342857     0      0.017824
0.357143     0      0.017394
0.371429     0      0.017626
0.385714     0      0.018816
0.4     0      0.023211
0.414286     0      0.018436
0.428571     0      0.015746
0.442857     0      0.014268
0.457143     0      0.013308
0.471429     0      0.01254
0.485714     0      0.011872
0.5     0      0.01142
0.514286     0      0.010962
0.528571     0      0.010674
0.542857     0      0.01029
0.557143     0      0.01007
0.571429     0      0.009768
0.585714     0      0.00957
0.6     0      0.009386
0.614286     0      0.009122
0.628571     0      0.009034
0.642857     0      0.008838
0.657143     0      0.008736
0.671429     0      0.008538
0.685714     0      0.008422
0.7     0      0.00832
0.714286     0      0.008154
0.728571     0      0.008088
0.742857     0      0.00795
0.757143     0      0.007844
0.771429     0      0.00776
0.785714     0      0.007658
0.8     0      0.007608
0.814286     0      0.007516
0.828571     0      0.007408
0.842857     0      0.007378
0.857143     0      0.007266
0.871429     0      0.007214
0.885714     0      0.007104
0.9     0      0.007072
0.914286     0      0.006988
0.928571     0      0.006944
0.942857     0      0.006872
0.957143     0      0.00686
0.971429     0      0.00674
0.985714     0      0.006694
1     0      0.00667
1.01429     0      0.006548
1.02857     0      0.006534
1.04286     0      0.006518
1.05714     0      0.006406
1.07143     0      0.006388
1.08571     0      0.006398
1.1     0      0.006278
1.11429     0      0.00625
1.12857     0      0.006176
1.14286     0      0.006194
1.15714     0      0.006158
1.17143     0      0.006046
1.18571     0      0.006016
1.2     0      0.006018
1.21429     0      0.005968
1.22857     0      0.005928
1.24286     0      0.005856
1.25714     0      0.005862
1.27143     0      0.005834
1.28571     0      0.005786
1.3     0      0.005706
1.31429     0      0.005708
1.32857     0      0.005674
1.34286     0      0.005646
1.35714     0      0.005618
1.37143     0      0.005558
1.38571     0      0.005544
1.4     0      0.005526
1.41429     0      0.005492
1.42857     0      0.005444
1.44286     0      0.005402
1.45714     0      0.00539
1.47143     0      0.005364
1.48571     0      0.0053
1.5     0      0.005334
1.51429     0      0.005264
1.52857     0      0.005242
1.54286     0      0.005264
1.55714     0      0.005152
1.57143     0      0.005162
1.58571     0      0.005172
1.6     0      0.005098
1.61429     0      0.005124
1.62857     0      0.005054
1.64286     0      0.005036
1.65714     0      0.005002
1.67143     0      0.005012
1.68571     0      0.005004
1.7     0      0.004902
1.71429     0      0.004932
1.72857     0      0.004912
1.74286     0      0.004872
1.75714     0      0.004844
1.77143     0      0.004816
1.78571     0      0.00484
1.8     0      0.004802
1.81429     0      0.004744
1.82857     0      0.00476
1.84286     0      0.004714
1.85714     0      0.004708
1.87143     0      0.004694
1.88571     0      0.00467
1.9     0      0.00463
1.91429     0      0.004654
1.92857     0      0.004586
1.94286     0      0.004598
1.95714     0      0.004572
1.97143     0      0.004532
1.98571     0      0.004552
2     0      0.004516
2.01429     0      0.004472
2.02857     0      0.004482
2.04286     0      0.004452
2.05714     0      0.004462
2.07143     0      0.004424
2.08571     0      0.004412
2.1     0      0.004368
2.11429     0      0.00436
2.12857     0      0.004362
2.14286     0      0.004338
2.15714     0      0.004312
2.17143     0      0.0043
2.18571     0      0.00428
2.2     0      0.004288
2.21429     0      0.004236
2.22857     0      0.004248
2.24286     0      0.00424
2.25714     0      0.004194
2.27143     0      0.004204
2.28571     0      0.00418
2.3     0      0.004152
2.31429     0      0.000210501
2.32857     0      1.65078e-29
2.34286     0      1.64297e-29
2.35714     0      1.64141e-29
2.37143     0      1.63125e-29
2.38571     0      3.29102e-30
2.4     0      0
2.41429     0      0
2.42857     0      0
2.44286     0      0
2.45714     0      0
2.47143     0      0
2.48571     0      0
2.5     0      0
2.51429     0      0
2.52857     0      0
2.54286     0      0
2.55714     0      0
2.57143     0      0
2.58571     0      0
2.6     0      0
2.61429     0      0
2.62857     0      0
2.64286     0      0
2.65714     0      0
2.67143     0      0
2.68571     0      0
2.7     0      0
2.71429     0      0
2.72857     0      0
2.74286     0      0
2.75714     0      0
2.77143     0      0
2.78571     0      0
2.8     0      0
2.81429     0      0
2.82857     0      0
2.84286     0      0
2.85714     0      0
2.87143     0      0
2.88571     0      0
2.9     0      0
2.91429     0      0
2.92857     0      0
2.94286     0      0
2.95714     0      0
2.97143     0      0
2.98571     0      0
3     0      0
3.01429     0      0
3.02857     0      0
3.04286     0      0
3.05714     0      0
3.07143     0      0
3.08571     0      0
3.1     0      0
3.11429     0      0
3.12857     0      0
3.14286     0      0
3.15714     0      0
3.17143     0      0
3.18571     0      0
3.2     0      0
3.21429     0      0
3.22857     0      0
3.24286     0      0
3.25714     0      0
3.27143     0      0
3.28571     0      0
3.3     0      0
3.31429     0      0
3.32857     0      0
3.34286     0      0
3.35714     0      0
3.37143     0      0
3.38571     0      0
3.4     0      0
3.41429     0      0
3.42857     0      0
3.44286     0      0
3.45714     0      0
3.47143     0      0
3.48571     0      0
3.5     0      0
3.51429     0      0
3.52857     0      0
3.54286     0      0
3.55714     0      0
3.57143     0      0
3.58571     0      0
3.6     0      0
3.61429     0      0
3.62857     0      0
3.64286     0      0
3.65714     0      0
3.67143     0      0
3.68571     0      0
3.7     0      0
3.71429     0      0
3.72857     0      0
3.74286     0      0
3.75714     0      0
3.77143     0      0
3.78571     0      0
3.8     0      0
3.81429     0      0
3.82857     0      0
3.84286     0      0
3.85714     0      0
3.87143     0      0
3.88571     0      0
3.9     0      0
3.91429     0      0
3.92857     0      0
3.94286     0      0
3.95714     0      0
3.97143     0      0
3.98571     0      0
4     0      0
4.01429     0      0
4.02857     0      0
4.04286     0      0
4.05714     0      0
4.07143     0      0
4.08571     0      0
4.1     0      0
4.11429     0      0
4.12857     0      0
4.14286     0      0
4.15714     0      0
4.17143     0      0
4.18571     0      0
4.2     0      0
4.21429     0      0
4.22857     0      0
4.24286     0      0
4.25714     0      0
4.27143     0      0
4.28571     0      0
4.3     0      0
4.31429     0      0
4.32857     0      0
4.34286     0      0
4.35714     0      0
4.37143     0      0
4.38571     0      0
4.4     0      0
4.41429     0      0
4.42857     0      0
4.44286     0      0
4.45714     0      0
4.47143     0      0
4.48571     0      0
4.5     0      0
4.51429     0      0
4.52857     0      0
4.54286     0      0
4.55714     0      0
4.57143     0      0
4.58571     0      0
4.6     0      0
4.61429     0      0
4.62857     0      0
4.64286     0      0
4.65714     0      0
4.67143     0      0
4.68571     0      0
4.7     0      0
4.71429     0      0
4.72857     0      0
4.74286     0      0
4.75714     0      0
4.77143     0      0
4.78571     0      0
4.8     0      0
4.81429     0      0
4.82857     0      0
4.84286     0      0
4.85714     0      0
4.87143     0      0
4.88571     0      0
4.9     0      0
4.91429     0      0
4.92857     0      0
4.94286     0      0
4.95714     0      0
4.97143     0      0
4.98571     0      0
