# U,mu,nA_up, nA_dn, nB_up, nB_dn, ms, mf, ntotal,mu,cint
#energy    dos_upn   dos_upp   dos_dnn  dos_dnp GRID=1000 bin=700
-5     0      0
-4.98571     0      0
-4.97143     0      0
-4.95714     0      0
-4.94286     0      0
-4.92857     0      0
-4.91429     0      0
-4.9     0      0
-4.88571     0      0
-4.87143     0      0
-4.85714     0      0
-4.84286     0      0
-4.82857     0      0
-4.81429     0      0
-4.8     0      0
-4.78571     0      0
-4.77143     0      0
-4.75714     0      0
-4.74286     0      0
-4.72857     0      0
-4.71429     0      0
-4.7     0      0
-4.68571     0      0
-4.67143     0      0
-4.65714     0      0
-4.64286     0      0
-4.62857     0      0
-4.61429     0      0
-4.6     0      0
-4.58571     0      0
-4.57143     0      0
-4.55714     0      0
-4.54286     0      0
-4.52857     0      0
-4.51429     0      0
-4.5     0      0
-4.48571     0      0
-4.47143     0      0
-4.45714     0      0
-4.44286     0      0
-4.42857     0      0
-4.41429     0      0
-4.4     0      0
-4.38571     0      0
-4.37143     0      0
-4.35714     0      0
-4.34286     0      0
-4.32857     0      0
-4.31429     0      0
-4.3     0      0
-4.28571     0      0
-4.27143     0      0
-4.25714     0      0
-4.24286     0      0
-4.22857     0      0
-4.21429     0      0
-4.2     0      0
-4.18571     0      0
-4.17143     0      0
-4.15714     0      0
-4.14286     0      0
-4.12857     0      0
-4.11429     0      0
-4.1     0      0
-4.08571     0      0
-4.07143     0      0
-4.05714     0      0
-4.04286     0      0
-4.02857     0      0
-4.01429     0      0
-4     0      0
-3.98571     0      0
-3.97143     0      0
-3.95714     0      0
-3.94286     0      0
-3.92857     0      0
-3.91429     0      0
-3.9     0      0
-3.88571     0      0
-3.87143     0      0
-3.85714     0      0
-3.84286     0      0
-3.82857     0      0
-3.81429     0      0
-3.8     0      0
-3.78571     0      0
-3.77143     0      0
-3.75714     0      0
-3.74286     0      0
-3.72857     0      0
-3.71429     0      0
-3.7     0      0
-3.68571     0      0
-3.67143     0      0
-3.65714     0      0
-3.64286     0      0
-3.62857     0      0
-3.61429     0      0
-3.6     0      0
-3.58571     0      0
-3.57143     0      0
-3.55714     0      0
-3.54286     0      0
-3.52857     0      0
-3.51429     0      0
-3.5     0      0
-3.48571     0      0
-3.47143     0      0
-3.45714     0      0
-3.44286     0      0
-3.42857     0      0
-3.41429     0      0
-3.4     0      0
-3.38571     0      0
-3.37143     0      0
-3.35714     0      0
-3.34286     0      0
-3.32857     0      0
-3.31429     0      0
-3.3     0      0
-3.28571     0      0
-3.27143     0      0
-3.25714     0      0
-3.24286     0      0
-3.22857     0      0
-3.21429     0      0
-3.2     0      0
-3.18571     0      0
-3.17143     0      0
-3.15714     0      0
-3.14286     0      0
-3.12857     0      0
-3.11429     0      0
-3.1     0      0
-3.08571     0      0
-3.07143     0      0
-3.05714     0      0
-3.04286     0      0
-3.02857     0      0
-3.01429     0      0
-3     0      0
-2.98571     0      0
-2.97143     0      0
-2.95714     0      0
-2.94286     0      0
-2.92857     0      0
-2.91429     0      0
-2.9     0      0
-2.88571     0      0
-2.87143     0      0
-2.85714     0      0
-2.84286     0      0
-2.82857     0      0
-2.81429     0      0
-2.8     0      0
-2.78571     0      0
-2.77143     0      0
-2.75714     0      0
-2.74286     0      0
-2.72857     0      0
-2.71429     0      0
-2.7     0      0
-2.68571     0      0
-2.67143     0      0
-2.65714     0      0
-2.64286     0      0
-2.62857     0      0
-2.61429     0      0
-2.6     0      0
-2.58571     0      0
-2.57143     0      0
-2.55714     0      0
-2.54286     0      0
-2.52857     0      0
-2.51429     0      0
-2.5     0      0
-2.48571     0      0
-2.47143     0      0
-2.45714     0      0
-2.44286     0      0
-2.42857     0      0
-2.41429     0      0
-2.4     0      0
-2.38571     0      0
-2.37143     0      0
-2.35714     0      0
-2.34286     0      0
-2.32857     0      0
-2.31429     0      0
-2.3     0      0
-2.28571     0      0
-2.27143     0      0
-2.25714     0      0
-2.24286     0      0
-2.22857     0      0
-2.21429     0      0
-2.2     0      0
-2.18571     0      0
-2.17143     0      0
-2.15714     0      0
-2.14286     9.46465e-183      0
-2.12857     2.8999e-181      0
-2.11429     5.25138e-176      0
-2.1     1.15685e-174      0
-2.08571     1.16485e-174      0
-2.07143     1.16573e-174      0
-2.05714     4.96049e-169      0
-2.04286     4.62741e-168      0
-2.02857     4.62563e-168      0
-2.01429     4.66471e-168      0
-2     4.00214e-162      0
-1.98571     1.84599e-161      0
-1.97143     1.85025e-161      0
-1.95714     1.85736e-161      0
-1.94286     2.74909e-155      0
-1.92857     7.36975e-155      0
-1.91429     7.36122e-155      0
-1.9     7.42091e-155      0
-1.88571     1.67034e-148      0
-1.87143     2.93312e-148      0
-1.85714     2.94563e-148      0
-1.84286     2.96723e-148      0
-1.82857     9.36439e-142      0
-1.81429     1.16916e-141      0
-1.8     0.0022545      0
-1.78571     0.00509      0
-1.77143     0.00509      0
-1.75714     0.00512      0
-1.74286     0.005138      0
-1.72857     0.00516      0
-1.71429     0.005154      0
-1.7     0.005196      0
-1.68571     0.005208      0
-1.67143     0.005216      0
-1.65714     0.005266      0
-1.64286     0.005278      0
-1.62857     0.005276      0
-1.61429     0.005326      0
-1.6     0.005338      0
-1.58571     0.005324      0
-1.57143     0.005388      0
-1.55714     0.005376      0
-1.54286     0.005432      0
-1.52857     0.005448      0
-1.51429     0.005472      0
-1.5     0.005474      0
-1.48571     0.005498      0
-1.47143     0.00553      0
-1.45714     0.00556      0
-1.44286     0.005566      0
-1.42857     0.00561      0
-1.41429     0.00562      0
-1.4     0.005634      0
-1.38571     0.0057      0
-1.37143     0.005712      0
-1.35714     0.005708      0
-1.34286     0.005752      0
-1.32857     0.005766      0
-1.31429     0.005802      0
-1.3     0.005848      0
-1.28571     0.005834      0
-1.27143     0.005906      0
-1.25714     0.005902      0
-1.24286     0.00594      0
-1.22857     0.005972      0
-1.21429     0.006004      0
-1.2     0.006016      0
-1.18571     0.006084      0
-1.17143     0.00606      0
-1.15714     0.006136      0
-1.14286     0.006146      0
-1.12857     0.00621      0
-1.11429     0.006212      0
-1.1     0.006232      0
-1.08571     0.006284      0
-1.07143     0.006322      0
-1.05714     0.006356      0
-1.04286     0.006388      0
-1.02857     0.006432      0
-1.01429     0.00646      0
-1     0.006484      0
-0.985714     0.006536      0
-0.971429     0.006592      0
-0.957143     0.006564      0
-0.942857     0.006692      0
-0.928571     0.006688      0
-0.914286     0.006744      0
-0.9     0.006784      0
-0.885714     0.00682      0
-0.871429     0.006834      0
-0.857143     0.006928      0
-0.842857     0.006936      0
-0.828571     0.007      0
-0.814286     0.00703      0
-0.8     0.007094      0
-0.785714     0.007168      0
-0.771429     0.007182      0
-0.757143     0.007268      0
-0.742857     0.00728      0
-0.728571     0.00735      0
-0.714286     0.007418      0
-0.7     0.007508      0
-0.685714     0.007506      0
-0.671429     0.007566      0
-0.657143     0.007694      0
-0.642857     0.007676      0
-0.628571     0.007786      0
-0.614286     0.007874      0
-0.6     0.0079      0
-0.585714     0.008008      0
-0.571429     0.008064      0
-0.557143     0.008148      0
-0.542857     0.008206      0
-0.528571     0.008294      0
-0.514286     0.008426      0
-0.5     0.008496      0
-0.485714     0.008554      0
-0.471429     0.008656      0
-0.457143     0.008782      0
-0.442857     0.008876      0
-0.428571     0.008978      0
-0.414286     0.009112      0
-0.4     0.009232      0
-0.385714     0.009356      0
-0.371429     0.009488      0
-0.357143     0.009632      0
-0.342857     0.009756      0
-0.328571     0.009966      0
-0.314286     0.010146      0
-0.3     0.010354      0
-0.285714     0.01055      0
-0.271429     0.01081      0
-0.257143     0.011056      0
-0.242857     0.011368      0
-0.228571     0.01171      0
-0.214286     0.012072      0
-0.2     0.012568      0
-0.185714     0.013108      0
-0.171429     0.013832      0
-0.157143     0.014768      0
-0.142857     0.016206      0
-0.128571     0.01905      0
-0.114286     0.0271025      0
-0.1     0.038936      0
-0.0857143     0.01723      0
-0.0714286     0.013234      0
-0.0571429     0.01096      0
-0.0428571     0.009396      0
-0.0285714     0.008164      0
-0.0142857     0.007221      0
0     0      0
0.0142857     0      0
0.0285714     0      0
0.0428571     0      0
0.0571429     0      0
0.0714286     0      0
0.0857143     0      0
0.1     0      0
0.114286     0      0.0131725
0.128571     0      0.018882
0.142857     0      0.015812
0.157143     0      0.014802
0.171429     0      0.014544
0.185714     0      0.01485
0.2     0      0.01592
0.214286     0      0.019205
0.228571     0      0.015456
0.242857     0      0.01378
0.257143     0      0.012706
0.271429     0      0.012044
0.285714     0      0.0115
0.3     0      0.011168
0.314286     0      0.010704
0.328571     0      0.010384
0.342857     0      0.010164
0.357143     0      0.009906
0.371429     0      0.00972
0.385714     0      0.00951
0.4     0      0.00934
0.414286     0      0.009168
0.428571     0      0.009036
0.442857     0      0.008846
0.457143     0      0.00875
0.471429     0      0.008622
0.485714     0      0.008516
0.5     0      0.008402
0.514286     0      0.00825
0.528571     0      0.008204
0.542857     0      0.008114
0.557143     0      0.00795
0.571429     0      0.007912
0.585714     0      0.007854
0.6     0      0.007742
0.614286     0      0.007642
0.628571     0      0.007566
0.642857     0      0.007526
0.657143     0      0.007398
0.671429     0      0.007358
0.685714     0      0.00734
0.7     0      0.007192
0.714286     0      0.007206
0.728571     0      0.007074
0.742857     0      0.007036
0.757143     0      0.00699
0.771429     0      0.006898
0.785714     0      0.006914
0.8     0      0.006752
0.814286     0      0.006766
0.828571     0      0.006726
0.842857     0      0.006658
0.857143     0      0.006572
0.871429     0      0.006618
0.885714     0      0.006482
0.9     0      0.006464
0.914286     0      0.006396
0.928571     0      0.00638
0.942857     0      0.006312
0.957143     0      0.00631
0.971429     0      0.006232
0.985714     0      0.006226
1     0      0.006166
1.01429     0      0.006108
1.02857     0      0.006066
1.04286     0      0.006028
1.05714     0      0.005998
1.07143     0      0.005976
1.08571     0      0.00596
1.1     0      0.005888
1.11429     0      0.005846
1.12857     0      0.00584
1.14286     0      0.005766
1.15714     0      0.00578
1.17143     0      0.00571
1.18571     0      0.005694
1.2     0      0.005674
1.21429     0      0.005594
1.22857     0      0.0056
1.24286     0      0.005542
1.25714     0      0.005566
1.27143     0      0.00551
1.28571     0      0.005462
1.3     0      0.005444
1.31429     0      0.005394
1.32857     0      0.005404
1.34286     0      0.00534
1.35714     0      0.005326
1.37143     0      0.005298
1.38571     0      0.00529
1.4     0      0.005238
1.41429     0      0.00523
1.42857     0      0.005236
1.44286     0      0.005142
1.45714     0      0.005128
1.47143     0      0.005132
1.48571     0      0.005106
1.5     0      0.00512
1.51429     0      0.004986
1.52857     0      0.005052
1.54286     0      0.004962
1.55714     0      0.005008
1.57143     0      0.004942
1.58571     0      0.004932
1.6     0      0.004886
1.61429     0      0.004912
1.62857     0      0.004884
1.64286     0      0.004856
1.65714     0      0.004786
1.67143     0      0.004822
1.68571     0      0.004768
1.7     0      0.004756
1.71429     0      0.004746
1.72857     0      0.004692
1.74286     0      0.004704
1.75714     0      0.004682
1.77143     0      0.004652
1.78571     0      0.004656
1.8     0      0.004618
1.81429     0      0.004592
1.82857     0      0.004584
1.84286     0      0.004538
1.85714     0      0.004564
1.87143     0      0.004532
1.88571     0      0.004524
1.9     0      0.004476
1.91429     0      0.004456
1.92857     0      0.004444
1.94286     0      0.004446
1.95714     0      0.00443
1.97143     0      0.004404
1.98571     0      0.004372
2     0      0.004364
2.01429     0      0.004362
2.02857     0      0.004322
2.04286     0      0.004322
2.05714     0      0.004324
2.07143     0      0.004274
2.08571     0      0.00425
2.1     0      0.004278
2.11429     0      0.004218
2.12857     0      0.004226
2.14286     0      0.004224
2.15714     0      0.004188
2.17143     0      0.00417
2.18571     0      0.004174
2.2     0      0.0040685
2.21429     0      3.38625e-10
2.22857     0      5.60157e-24
2.24286     0      4.38599e-43
2.25714     0      3.26615e-56
2.27143     0      1.91689e-63
2.28571     0      4.65989e-76
2.3     0      5.66543e-83
2.31429     0      3.13671e-90
2.32857     0      2.45986e-115
2.34286     0      2.44821e-115
2.35714     0      2.44589e-115
2.37143     0      2.43075e-115
2.38571     0      4.904e-116
2.4     0      0
2.41429     0      0
2.42857     0      0
2.44286     0      0
2.45714     0      0
2.47143     0      0
2.48571     0      0
2.5     0      0
2.51429     0      0
2.52857     0      0
2.54286     0      0
2.55714     0      0
2.57143     0      0
2.58571     0      0
2.6     0      0
2.61429     0      0
2.62857     0      0
2.64286     0      0
2.65714     0      0
2.67143     0      0
2.68571     0      0
2.7     0      0
2.71429     0      0
2.72857     0      0
2.74286     0      0
2.75714     0      0
2.77143     0      0
2.78571     0      0
2.8     0      0
2.81429     0      0
2.82857     0      0
2.84286     0      0
2.85714     0      0
2.87143     0      0
2.88571     0      0
2.9     0      0
2.91429     0      0
2.92857     0      0
2.94286     0      0
2.95714     0      0
2.97143     0      0
2.98571     0      0
3     0      0
3.01429     0      0
3.02857     0      0
3.04286     0      0
3.05714     0      0
3.07143     0      0
3.08571     0      0
3.1     0      0
3.11429     0      0
3.12857     0      0
3.14286     0      0
3.15714     0      0
3.17143     0      0
3.18571     0      0
3.2     0      0
3.21429     0      0
3.22857     0      0
3.24286     0      0
3.25714     0      0
3.27143     0      0
3.28571     0      0
3.3     0      0
3.31429     0      0
3.32857     0      0
3.34286     0      0
3.35714     0      0
3.37143     0      0
3.38571     0      0
3.4     0      0
3.41429     0      0
3.42857     0      0
3.44286     0      0
3.45714     0      0
3.47143     0      0
3.48571     0      0
3.5     0      0
3.51429     0      0
3.52857     0      0
3.54286     0      0
3.55714     0      0
3.57143     0      0
3.58571     0      0
3.6     0      0
3.61429     0      0
3.62857     0      0
3.64286     0      0
3.65714     0      0
3.67143     0      0
3.68571     0      0
3.7     0      0
3.71429     0      0
3.72857     0      0
3.74286     0      0
3.75714     0      0
3.77143     0      0
3.78571     0      0
3.8     0      0
3.81429     0      0
3.82857     0      0
3.84286     0      0
3.85714     0      0
3.87143     0      0
3.88571     0      0
3.9     0      0
3.91429     0      0
3.92857     0      0
3.94286     0      0
3.95714     0      0
3.97143     0      0
3.98571     0      0
4     0      0
4.01429     0      0
4.02857     0      0
4.04286     0      0
4.05714     0      0
4.07143     0      0
4.08571     0      0
4.1     0      0
4.11429     0      0
4.12857     0      0
4.14286     0      0
4.15714     0      0
4.17143     0      0
4.18571     0      0
4.2     0      0
4.21429     0      0
4.22857     0      0
4.24286     0      0
4.25714     0      0
4.27143     0      0
4.28571     0      0
4.3     0      0
4.31429     0      0
4.32857     0      0
4.34286     0      0
4.35714     0      0
4.37143     0      0
4.38571     0      0
4.4     0      0
4.41429     0      0
4.42857     0      0
4.44286     0      0
4.45714     0      0
4.47143     0      0
4.48571     0      0
4.5     0      0
4.51429     0      0
4.52857     0      0
4.54286     0      0
4.55714     0      0
4.57143     0      0
4.58571     0      0
4.6     0      0
4.61429     0      0
4.62857     0      0
4.64286     0      0
4.65714     0      0
4.67143     0      0
4.68571     0      0
4.7     0      0
4.71429     0      0
4.72857     0      0
4.74286     0      0
4.75714     0      0
4.77143     0      0
4.78571     0      0
4.8     0      0
4.81429     0      0
4.82857     0      0
4.84286     0      0
4.85714     0      0
4.87143     0      0
4.88571     0      0
4.9     0      0
4.91429     0      0
4.92857     0      0
4.94286     0      0
4.95714     0      0
4.97143     0      0
4.98571     0      0
