# U,mu,nA_up, nA_dn, nB_up, nB_dn, ms, mf, ntotal,mu,cint
#energy    dos_upn   dos_upp   dos_dnn  dos_dnp GRID=1000 bin=700
-5     0      0
-4.98571     0      0
-4.97143     0      0
-4.95714     0      0
-4.94286     0      0
-4.92857     0      0
-4.91429     0      0
-4.9     0      0
-4.88571     0      0
-4.87143     0      0
-4.85714     0      0
-4.84286     0      0
-4.82857     0      0
-4.81429     0      0
-4.8     0      0
-4.78571     0      0
-4.77143     0      0
-4.75714     0      0
-4.74286     0      0
-4.72857     0      0
-4.71429     0      0
-4.7     0      0
-4.68571     0      0
-4.67143     0      0
-4.65714     0      0
-4.64286     0      0
-4.62857     0      0
-4.61429     0      0
-4.6     0      0
-4.58571     0      0
-4.57143     0      0
-4.55714     0      0
-4.54286     0      0
-4.52857     0      0
-4.51429     0      0
-4.5     0      0
-4.48571     0      0
-4.47143     0      0
-4.45714     0      0
-4.44286     0      0
-4.42857     0      0
-4.41429     0      0
-4.4     0      0
-4.38571     0      0
-4.37143     0      0
-4.35714     0      0
-4.34286     0      0
-4.32857     0      0
-4.31429     0      0
-4.3     0      0
-4.28571     0      0
-4.27143     0      0
-4.25714     0      0
-4.24286     0      0
-4.22857     0      0
-4.21429     0      0
-4.2     0      0
-4.18571     0      0
-4.17143     0      0
-4.15714     0      0
-4.14286     0      0
-4.12857     0      0
-4.11429     0      0
-4.1     0      0
-4.08571     0      0
-4.07143     0      0
-4.05714     0      0
-4.04286     0      0
-4.02857     0      0
-4.01429     0      0
-4     0      0
-3.98571     0      0
-3.97143     0      0
-3.95714     0      0
-3.94286     0      0
-3.92857     0      0
-3.91429     0      0
-3.9     0      0
-3.88571     0      0
-3.87143     0      0
-3.85714     0      0
-3.84286     0      0
-3.82857     0      0
-3.81429     0      0
-3.8     0      0
-3.78571     0      0
-3.77143     0      0
-3.75714     0      0
-3.74286     0      0
-3.72857     0      0
-3.71429     0      0
-3.7     0      0
-3.68571     0      0
-3.67143     0      0
-3.65714     0      0
-3.64286     0      0
-3.62857     0      0
-3.61429     0      0
-3.6     0      0
-3.58571     0      0
-3.57143     0      0
-3.55714     0      0
-3.54286     0      0
-3.52857     0      0
-3.51429     0      0
-3.5     0      0
-3.48571     0      0
-3.47143     0      0
-3.45714     0      0
-3.44286     0      0
-3.42857     0      0
-3.41429     0      0
-3.4     0      0
-3.38571     0      0
-3.37143     0      0
-3.35714     0      0
-3.34286     0      0
-3.32857     0      0
-3.31429     0      0
-3.3     0      0
-3.28571     0      0
-3.27143     0      0
-3.25714     0      0
-3.24286     0      0
-3.22857     0      0
-3.21429     0      0
-3.2     0      0
-3.18571     0      0
-3.17143     0      0
-3.15714     0      0
-3.14286     0      0
-3.12857     0      0
-3.11429     0      0
-3.1     0      0
-3.08571     0      0
-3.07143     0      0
-3.05714     0      0
-3.04286     0      0
-3.02857     0      0
-3.01429     0      0
-3     0      0
-2.98571     0      0
-2.97143     0      0
-2.95714     0      0
-2.94286     0      0
-2.92857     0      0
-2.91429     0      0
-2.9     0      0
-2.88571     0      0
-2.87143     0      0
-2.85714     0      0
-2.84286     0      0
-2.82857     0      0
-2.81429     0      0
-2.8     0      0
-2.78571     0      0
-2.77143     0      0
-2.75714     0      0
-2.74286     0      0
-2.72857     0      0
-2.71429     0      0
-2.7     0      0
-2.68571     0      0
-2.67143     0      0
-2.65714     0      0
-2.64286     0      0
-2.62857     0      0
-2.61429     0      0
-2.6     0      0
-2.58571     0      0
-2.57143     0      0
-2.55714     0      0
-2.54286     0      0
-2.52857     0      0
-2.51429     0      0
-2.5     0      0
-2.48571     0      0
-2.47143     0      0
-2.45714     0      0
-2.44286     0      0
-2.42857     0      0
-2.41429     0      0
-2.4     0      0
-2.38571     0      0
-2.37143     0      0
-2.35714     0      0
-2.34286     0      0
-2.32857     0      0
-2.31429     0      0
-2.3     0      0
-2.28571     0      0
-2.27143     0      0
-2.25714     0      0
-2.24286     0      0
-2.22857     0      0
-2.21429     0      0
-2.2     0      0
-2.18571     0      0
-2.17143     0      0
-2.15714     0      0
-2.14286     0      0
-2.12857     0      0
-2.11429     0      0
-2.1     0      0
-2.08571     0      0
-2.07143     0      0
-2.05714     0      0
-2.04286     0      0
-2.02857     0      0
-2.01429     0      0
-2     0      0
-1.98571     0      0
-1.97143     0      0
-1.95714     0      0
-1.94286     0      0
-1.92857     0      0
-1.91429     0      0
-1.9     0      0
-1.88571     0      0
-1.87143     0      0
-1.85714     0.0002005      0
-1.84286     0.005058      0
-1.82857     0.005086      0
-1.81429     0.00511      0
-1.8     0.005114      0
-1.78571     0.00514      0
-1.77143     0.005164      0
-1.75714     0.005162      0
-1.74286     0.00519      0
-1.72857     0.00523      0
-1.71429     0.005236      0
-1.7     0.005238      0
-1.68571     0.005282      0
-1.67143     0.005292      0
-1.65714     0.005316      0
-1.64286     0.005326      0
-1.62857     0.005362      0
-1.61429     0.005368      0
-1.6     0.005406      0
-1.58571     0.00544      0
-1.57143     0.005436      0
-1.55714     0.005454      0
-1.54286     0.005486      0
-1.52857     0.005526      0
-1.51429     0.005508      0
-1.5     0.005576      0
-1.48571     0.005588      0
-1.47143     0.005576      0
-1.45714     0.005624      0
-1.44286     0.00564      0
-1.42857     0.005682      0
-1.41429     0.005708      0
-1.4     0.005732      0
-1.38571     0.005772      0
-1.37143     0.005762      0
-1.35714     0.005782      0
-1.34286     0.005858      0
-1.32857     0.005814      0
-1.31429     0.005922      0
-1.3     0.005886      0
-1.28571     0.00599      0
-1.27143     0.005942      0
-1.25714     0.005998      0
-1.24286     0.006056      0
-1.22857     0.006036      0
-1.21429     0.006096      0
-1.2     0.006124      0
-1.18571     0.006124      0
-1.17143     0.00618      0
-1.15714     0.006242      0
-1.14286     0.006224      0
-1.12857     0.006312      0
-1.11429     0.006288      0
-1.1     0.00636      0
-1.08571     0.00636      0
-1.07143     0.006416      0
-1.05714     0.006436      0
-1.04286     0.006534      0
-1.02857     0.006484      0
-1.01429     0.006584      0
-1     0.006628      0
-0.985714     0.00664      0
-0.971429     0.00665      0
-0.957143     0.00672      0
-0.942857     0.006764      0
-0.928571     0.006812      0
-0.914286     0.006828      0
-0.9     0.006906      0
-0.885714     0.006904      0
-0.871429     0.00698      0
-0.857143     0.007032      0
-0.842857     0.007088      0
-0.828571     0.00712      0
-0.814286     0.007162      0
-0.8     0.007228      0
-0.785714     0.007268      0
-0.771429     0.007302      0
-0.757143     0.007362      0
-0.742857     0.007468      0
-0.728571     0.007526      0
-0.714286     0.007536      0
-0.7     0.007586      0
-0.685714     0.007662      0
-0.671429     0.007718      0
-0.657143     0.007778      0
-0.642857     0.007886      0
-0.628571     0.007888      0
-0.614286     0.008012      0
-0.6     0.00805      0
-0.585714     0.008162      0
-0.571429     0.008198      0
-0.557143     0.008306      0
-0.542857     0.008406      0
-0.528571     0.008456      0
-0.514286     0.008532      0
-0.5     0.008628      0
-0.485714     0.008754      0
-0.471429     0.008816      0
-0.457143     0.008882      0
-0.442857     0.009054      0
-0.428571     0.009176      0
-0.414286     0.00923      0
-0.4     0.009394      0
-0.385714     0.009498      0
-0.371429     0.00961      0
-0.357143     0.009814      0
-0.342857     0.00994      0
-0.328571     0.010114      0
-0.314286     0.010222      0
-0.3     0.01043      0
-0.285714     0.010692      0
-0.271429     0.01091      0
-0.257143     0.011068      0
-0.242857     0.011314      0
-0.228571     0.011712      0
-0.214286     0.012048      0
-0.2     0.012434      0
-0.185714     0.01271      0
-0.171429     0.013536      0
-0.157143     0.014272      0
-0.142857     0.015572      0
-0.128571     0.017498      0
-0.114286     0.0248645      0
-0.1     0.029824      0
-0.0857143     0.013712      0
-0.0714286     0.010474      0
-0.0571429     0.008606      0
-0.0428571     0.00727      0
-0.0285714     0.006236      0
-0.0142857     0.005283      0
0     0      0
0.0142857     0      0.0195585
0.0285714     0      0.013936
0.0428571     0      0.012746
0.0571429     0      0.012426
0.0714286     0      0.01256
0.0857143     0      0.013132
0.1     0      0.014968
0.114286     0      0.015423
0.128571     0      0.013142
0.142857     0      0.0122
0.157143     0      0.011644
0.171429     0      0.011252
0.185714     0      0.010894
0.2     0      0.0106
0.214286     0      0.010386
0.228571     0      0.01012
0.242857     0      0.009924
0.257143     0      0.009712
0.271429     0      0.009594
0.285714     0      0.009384
0.3     0      0.009266
0.314286     0      0.009138
0.328571     0      0.008976
0.342857     0      0.00889
0.357143     0      0.008764
0.371429     0      0.008604
0.385714     0      0.008546
0.4     0      0.008426
0.414286     0      0.00834
0.428571     0      0.008238
0.442857     0      0.008136
0.457143     0      0.008066
0.471429     0      0.007938
0.485714     0      0.00791
0.5     0      0.007794
0.514286     0      0.007748
0.528571     0      0.007682
0.542857     0      0.007528
0.557143     0      0.007544
0.571429     0      0.007462
0.585714     0      0.007324
0.6     0      0.007356
0.614286     0      0.007216
0.628571     0      0.007198
0.642857     0      0.007146
0.657143     0      0.007086
0.671429     0      0.006992
0.685714     0      0.006974
0.7     0      0.006866
0.714286     0      0.006848
0.728571     0      0.006846
0.742857     0      0.006686
0.757143     0      0.006716
0.771429     0      0.006654
0.785714     0      0.006594
0.8     0      0.006528
0.814286     0      0.006502
0.828571     0      0.006504
0.842857     0      0.006386
0.857143     0      0.00637
0.871429     0      0.006312
0.885714     0      0.006302
0.9     0      0.006272
0.914286     0      0.006206
0.928571     0      0.006154
0.942857     0      0.006084
0.957143     0      0.006082
0.971429     0      0.00608
0.985714     0      0.005994
1     0      0.006038
1.01429     0      0.005898
1.02857     0      0.005908
1.04286     0      0.005844
1.05714     0      0.005834
1.07143     0      0.005784
1.08571     0      0.005782
1.1     0      0.005746
1.11429     0      0.005714
1.12857     0      0.005634
1.14286     0      0.00562
1.15714     0      0.005606
1.17143     0      0.005564
1.18571     0      0.005554
1.2     0      0.005526
1.21429     0      0.005482
1.22857     0      0.005434
1.24286     0      0.005432
1.25714     0      0.005406
1.27143     0      0.005364
1.28571     0      0.005312
1.3     0      0.005338
1.31429     0      0.005274
1.32857     0      0.005278
1.34286     0      0.005226
1.35714     0      0.005222
1.37143     0      0.00522
1.38571     0      0.005138
1.4     0      0.00512
1.41429     0      0.00512
1.42857     0      0.005078
1.44286     0      0.00506
1.45714     0      0.00503
1.47143     0      0.005002
1.48571     0      0.005008
1.5     0      0.004974
1.51429     0      0.00492
1.52857     0      0.004944
1.54286     0      0.00487
1.55714     0      0.004884
1.57143     0      0.004904
1.58571     0      0.00479
1.6     0      0.00482
1.61429     0      0.004798
1.62857     0      0.004788
1.64286     0      0.004744
1.65714     0      0.004744
1.67143     0      0.004698
1.68571     0      0.004692
1.7     0      0.004666
1.71429     0      0.00464
1.72857     0      0.004638
1.74286     0      0.004602
1.75714     0      0.004606
1.77143     0      0.004578
1.78571     0      0.004556
1.8     0      0.004566
1.81429     0      0.004474
1.82857     0      0.0045
1.84286     0      0.004496
1.85714     0      0.00447
1.87143     0      0.004456
1.88571     0      0.004418
1.9     0      0.004414
1.91429     0      0.004402
1.92857     0      0.004384
1.94286     0      0.004368
1.95714     0      0.004336
1.97143     0      0.00435
1.98571     0      0.004308
2     0      0.004292
2.01429     0      0.004278
2.02857     0      0.004264
2.04286     0      0.004266
2.05714     0      0.00421
2.07143     0      0.004228
2.08571     0      0.004222
2.1     0      0.004168
2.11429     0      0.004186
2.12857     0      0.004148
2.14286     0      0.004152
2.15714     0      0.0003165
2.17143     0      0
2.18571     0      0
2.2     0      0
2.21429     0      0
2.22857     0      0
2.24286     0      0
2.25714     0      0
2.27143     0      0
2.28571     0      0
2.3     0      0
2.31429     0      0
2.32857     0      0
2.34286     0      0
2.35714     0      0
2.37143     0      0
2.38571     0      0
2.4     0      0
2.41429     0      0
2.42857     0      0
2.44286     0      0
2.45714     0      0
2.47143     0      0
2.48571     0      0
2.5     0      0
2.51429     0      0
2.52857     0      0
2.54286     0      0
2.55714     0      0
2.57143     0      0
2.58571     0      0
2.6     0      0
2.61429     0      0
2.62857     0      0
2.64286     0      0
2.65714     0      0
2.67143     0      0
2.68571     0      0
2.7     0      0
2.71429     0      0
2.72857     0      0
2.74286     0      0
2.75714     0      0
2.77143     0      0
2.78571     0      0
2.8     0      0
2.81429     0      0
2.82857     0      0
2.84286     0      0
2.85714     0      0
2.87143     0      0
2.88571     0      0
2.9     0      0
2.91429     0      0
2.92857     0      0
2.94286     0      0
2.95714     0      0
2.97143     0      0
2.98571     0      0
3     0      0
3.01429     0      0
3.02857     0      0
3.04286     0      0
3.05714     0      0
3.07143     0      0
3.08571     0      0
3.1     0      0
3.11429     0      0
3.12857     0      0
3.14286     0      0
3.15714     0      0
3.17143     0      0
3.18571     0      0
3.2     0      0
3.21429     0      0
3.22857     0      0
3.24286     0      0
3.25714     0      0
3.27143     0      0
3.28571     0      0
3.3     0      0
3.31429     0      0
3.32857     0      0
3.34286     0      0
3.35714     0      0
3.37143     0      0
3.38571     0      0
3.4     0      0
3.41429     0      0
3.42857     0      0
3.44286     0      0
3.45714     0      0
3.47143     0      0
3.48571     0      0
3.5     0      0
3.51429     0      0
3.52857     0      0
3.54286     0      0
3.55714     0      0
3.57143     0      0
3.58571     0      0
3.6     0      0
3.61429     0      0
3.62857     0      0
3.64286     0      0
3.65714     0      0
3.67143     0      0
3.68571     0      0
3.7     0      0
3.71429     0      0
3.72857     0      0
3.74286     0      0
3.75714     0      0
3.77143     0      0
3.78571     0      0
3.8     0      0
3.81429     0      0
3.82857     0      0
3.84286     0      0
3.85714     0      0
3.87143     0      0
3.88571     0      0
3.9     0      0
3.91429     0      0
3.92857     0      0
3.94286     0      0
3.95714     0      0
3.97143     0      0
3.98571     0      0
4     0      0
4.01429     0      0
4.02857     0      0
4.04286     0      0
4.05714     0      0
4.07143     0      0
4.08571     0      0
4.1     0      0
4.11429     0      0
4.12857     0      0
4.14286     0      0
4.15714     0      0
4.17143     0      0
4.18571     0      0
4.2     0      0
4.21429     0      0
4.22857     0      0
4.24286     0      0
4.25714     0      0
4.27143     0      0
4.28571     0      0
4.3     0      0
4.31429     0      0
4.32857     0      0
4.34286     0      0
4.35714     0      0
4.37143     0      0
4.38571     0      0
4.4     0      0
4.41429     0      0
4.42857     0      0
4.44286     0      0
4.45714     0      0
4.47143     0      0
4.48571     0      0
4.5     0      0
4.51429     0      0
4.52857     0      0
4.54286     0      0
4.55714     0      0
4.57143     0      0
4.58571     0      0
4.6     0      0
4.61429     0      0
4.62857     0      0
4.64286     0      0
4.65714     0      0
4.67143     0      0
4.68571     0      0
4.7     0      0
4.71429     0      0
4.72857     0      0
4.74286     0      0
4.75714     0      0
4.77143     0      0
4.78571     0      0
4.8     0      0
4.81429     0      0
4.82857     0      0
4.84286     0      0
4.85714     0      0
4.87143     0      0
4.88571     0      0
4.9     0      0
4.91429     0      0
4.92857     0      0
4.94286     0      0
4.95714     0      0
4.97143     0      0
4.98571     0      0
