# U,mu,nA_up, nA_dn, nB_up, nB_dn, ms, mf, ntotal,mu,cint
#energy    dos_upn   dos_upp   dos_dnn  dos_dnp GRID=1000 bin=700
-5     0      0
-4.98571     0      0
-4.97143     0      0
-4.95714     0      0
-4.94286     0      0
-4.92857     0      0
-4.91429     0      0
-4.9     0      0
-4.88571     0      0
-4.87143     0      0
-4.85714     0      0
-4.84286     0      0
-4.82857     0      0
-4.81429     0      0
-4.8     0      0
-4.78571     0      0
-4.77143     0      0
-4.75714     0      0
-4.74286     0      0
-4.72857     0      0
-4.71429     0      0
-4.7     0      0
-4.68571     0      0
-4.67143     0      0
-4.65714     0      0
-4.64286     0      0
-4.62857     0      0
-4.61429     0      0
-4.6     0      0
-4.58571     0      0
-4.57143     0      0
-4.55714     0      0
-4.54286     0      0
-4.52857     0      0
-4.51429     0      0
-4.5     0      0
-4.48571     0      0
-4.47143     0      0
-4.45714     0      0
-4.44286     0      0
-4.42857     0      0
-4.41429     0      0
-4.4     0      0
-4.38571     0      0
-4.37143     0      0
-4.35714     0      0
-4.34286     0      0
-4.32857     0      0
-4.31429     0      0
-4.3     0      0
-4.28571     0      0
-4.27143     0      0
-4.25714     0      0
-4.24286     0      0
-4.22857     0      0
-4.21429     0      0
-4.2     0      0
-4.18571     0      0
-4.17143     0      0
-4.15714     0      0
-4.14286     0      0
-4.12857     0      0
-4.11429     0      0
-4.1     0      0
-4.08571     0      0
-4.07143     0      0
-4.05714     0      0
-4.04286     0      0
-4.02857     0      0
-4.01429     0      0
-4     0      0
-3.98571     0      0
-3.97143     0      0
-3.95714     0      0
-3.94286     0      0
-3.92857     0      0
-3.91429     0      0
-3.9     0      0
-3.88571     0      0
-3.87143     0      0
-3.85714     0      0
-3.84286     0      0
-3.82857     0      0
-3.81429     0      0
-3.8     0      0
-3.78571     0      0
-3.77143     0      0
-3.75714     0      0
-3.74286     0      0
-3.72857     0      0
-3.71429     0      0
-3.7     0      0
-3.68571     0      0
-3.67143     0      0
-3.65714     0      0
-3.64286     0      0
-3.62857     0      0
-3.61429     0      0
-3.6     0      0
-3.58571     0      0
-3.57143     0      0
-3.55714     0      0
-3.54286     0      0
-3.52857     0      0
-3.51429     0      0
-3.5     0      0
-3.48571     0      0
-3.47143     0      0
-3.45714     0      0
-3.44286     0      0
-3.42857     0      0
-3.41429     0      0
-3.4     0      0
-3.38571     0      0
-3.37143     0      0
-3.35714     0      0
-3.34286     0      0
-3.32857     0      0
-3.31429     0      0
-3.3     0      0
-3.28571     0      0
-3.27143     0      0
-3.25714     0      0
-3.24286     0      0
-3.22857     0      0
-3.21429     0      0
-3.2     0      0
-3.18571     0      0
-3.17143     0      0
-3.15714     0      0
-3.14286     0      0
-3.12857     0      0
-3.11429     0      0
-3.1     0      0
-3.08571     0      0
-3.07143     0      0
-3.05714     0      0
-3.04286     0      0
-3.02857     0      0
-3.01429     0      0
-3     0      0
-2.98571     0      0
-2.97143     0      0
-2.95714     0      0
-2.94286     0      0
-2.92857     0      0
-2.91429     0      0
-2.9     0      0
-2.88571     0      0
-2.87143     0      0
-2.85714     0      0
-2.84286     0      0
-2.82857     0      0
-2.81429     0      0
-2.8     0      0
-2.78571     0      0
-2.77143     0      0
-2.75714     0      0
-2.74286     0      0
-2.72857     0      0
-2.71429     0      0
-2.7     0      0
-2.68571     0      0
-2.67143     0      0
-2.65714     0      0
-2.64286     0      0
-2.62857     0      0
-2.61429     0      0
-2.6     0      0
-2.58571     0      0
-2.57143     0      0
-2.55714     0      0
-2.54286     0      0
-2.52857     0      0
-2.51429     0      0
-2.5     0      0
-2.48571     0      0
-2.47143     0      0
-2.45714     0      0
-2.44286     0      0
-2.42857     0      0
-2.41429     0      0
-2.4     0      0
-2.38571     0      0
-2.37143     0      0
-2.35714     0      0
-2.34286     0      0
-2.32857     0      0
-2.31429     0      0
-2.3     0      0
-2.28571     0      0
-2.27143     0      0
-2.25714     0      0
-2.24286     0      0
-2.22857     0      0
-2.21429     0      0
-2.2     0      0
-2.18571     0      0
-2.17143     0      0
-2.15714     0      0
-2.14286     5.64137e-262      0
-2.12857     1.72848e-260      0
-2.11429     3.13007e-255      0
-2.1     6.89538e-254      0
-2.08571     6.94302e-254      0
-2.07143     6.94832e-254      0
-2.05714     2.95668e-248      0
-2.04286     2.75815e-247      0
-2.02857     2.75709e-247      0
-2.01429     2.78039e-247      0
-2     2.38546e-241      0
-1.98571     1.1003e-240      0
-1.97143     1.10284e-240      0
-1.95714     1.10707e-240      0
-1.94286     1.63859e-234      0
-1.92857     4.39271e-234      0
-1.91429     4.38763e-234      0
-1.9     4.42321e-234      0
-1.88571     9.95603e-228      0
-1.87143     1.74828e-227      0
-1.85714     1.75573e-227      0
-1.84286     0.0001245      0
-1.82857     0.005074      0
-1.81429     0.005072      0
-1.8     0.00511      0
-1.78571     0.005136      0
-1.77143     0.005128      0
-1.75714     0.00516      0
-1.74286     0.005166      0
-1.72857     0.005198      0
-1.71429     0.005214      0
-1.7     0.00524      0
-1.68571     0.005246      0
-1.67143     0.005282      0
-1.65714     0.005308      0
-1.64286     0.005308      0
-1.62857     0.005338      0
-1.61429     0.005366      0
-1.6     0.005348      0
-1.58571     0.005422      0
-1.57143     0.005412      0
-1.55714     0.005468      0
-1.54286     0.005434      0
-1.52857     0.005514      0
-1.51429     0.005514      0
-1.5     0.005504      0
-1.48571     0.005588      0
-1.47143     0.005584      0
-1.45714     0.005584      0
-1.44286     0.00564      0
-1.42857     0.00564      0
-1.41429     0.005682      0
-1.4     0.005716      0
-1.38571     0.00572      0
-1.37143     0.005772      0
-1.35714     0.005766      0
-1.34286     0.00579      0
-1.32857     0.005858      0
-1.31429     0.005818      0
-1.3     0.00593      0
-1.28571     0.005878      0
-1.27143     0.005998      0
-1.25714     0.00595      0
-1.24286     0.006006      0
-1.22857     0.006048      0
-1.21429     0.006032      0
-1.2     0.006128      0
-1.18571     0.00612      0
-1.17143     0.00612      0
-1.15714     0.006188      0
-1.14286     0.006254      0
-1.12857     0.006248      0
-1.11429     0.006268      0
-1.1     0.006316      0
-1.08571     0.006336      0
-1.07143     0.006372      0
-1.05714     0.006444      0
-1.04286     0.006474      0
-1.02857     0.006476      0
-1.01429     0.006568      0
-1     0.006552      0
-0.985714     0.00662      0
-0.971429     0.00664      0
-0.957143     0.006642      0
-0.942857     0.006772      0
-0.928571     0.00676      0
-0.914286     0.006796      0
-0.9     0.006852      0
-0.885714     0.00689      0
-0.871429     0.006944      0
-0.857143     0.007002      0
-0.842857     0.007022      0
-0.828571     0.007116      0
-0.814286     0.00712      0
-0.8     0.007184      0
-0.785714     0.00725      0
-0.771429     0.00726      0
-0.757143     0.007316      0
-0.742857     0.007416      0
-0.728571     0.00748      0
-0.714286     0.007478      0
-0.7     0.007532      0
-0.685714     0.007632      0
-0.671429     0.0077      0
-0.657143     0.007706      0
-0.642857     0.007846      0
-0.628571     0.00788      0
-0.614286     0.007968      0
-0.6     0.007988      0
-0.585714     0.008116      0
-0.571429     0.008136      0
-0.557143     0.008276      0
-0.542857     0.008322      0
-0.528571     0.008386      0
-0.514286     0.008472      0
-0.5     0.00859      0
-0.485714     0.0087      0
-0.471429     0.008794      0
-0.457143     0.008876      0
-0.442857     0.008978      0
-0.428571     0.009068      0
-0.414286     0.009232      0
-0.4     0.009288      0
-0.385714     0.009434      0
-0.371429     0.009594      0
-0.357143     0.009758      0
-0.342857     0.009884      0
-0.328571     0.010002      0
-0.314286     0.010164      0
-0.3     0.010472      0
-0.285714     0.01062      0
-0.271429     0.010822      0
-0.257143     0.011056      0
-0.242857     0.011262      0
-0.228571     0.011688      0
-0.214286     0.012046      0
-0.2     0.01245      0
-0.185714     0.012982      0
-0.171429     0.013558      0
-0.157143     0.014542      0
-0.142857     0.01548      0
-0.128571     0.017872      0
-0.114286     0.0257805      0
-0.1     0.032536      0
-0.0857143     0.014754      0
-0.0714286     0.011288      0
-0.0571429     0.009344      0
-0.0428571     0.007898      0
-0.0285714     0.006828      0
-0.0142857     0.005889      0
0     0      0
0.0142857     0      0
0.0285714     0      0
0.0428571     0      0.0192005
0.0571429     0      0.015146
0.0714286     0      0.013548
0.0857143     0      0.013102
0.1     0      0.013174
0.114286     0      0.013694
0.128571     0      0.015276
0.142857     0      0.016635
0.157143     0      0.013564
0.171429     0      0.012562
0.185714     0      0.01195
0.2     0      0.011368
0.214286     0      0.011018
0.228571     0      0.010728
0.242857     0      0.01042
0.257143     0      0.010164
0.271429     0      0.009956
0.285714     0      0.009774
0.3     0      0.009572
0.314286     0      0.009416
0.328571     0      0.009262
0.342857     0      0.00911
0.357143     0      0.008984
0.371429     0      0.0088
0.385714     0      0.008768
0.4     0      0.008634
0.414286     0      0.008476
0.428571     0      0.008418
0.442857     0      0.00831
0.457143     0      0.00819
0.471429     0      0.008146
0.485714     0      0.008
0.5     0      0.007916
0.514286     0      0.007874
0.528571     0      0.007762
0.542857     0      0.00772
0.557143     0      0.007608
0.571429     0      0.007554
0.585714     0      0.007516
0.6     0      0.007372
0.614286     0      0.007362
0.628571     0      0.007302
0.642857     0      0.007178
0.657143     0      0.007188
0.671429     0      0.007074
0.685714     0      0.007018
0.7     0      0.007034
0.714286     0      0.006884
0.728571     0      0.006888
0.742857     0      0.006792
0.757143     0      0.00679
0.771429     0      0.006722
0.785714     0      0.006652
0.8     0      0.006602
0.814286     0      0.006576
0.828571     0      0.00651
0.842857     0      0.006494
0.857143     0      0.006416
0.871429     0      0.006396
0.885714     0      0.006334
0.9     0      0.006286
0.914286     0      0.006286
0.928571     0      0.006192
0.942857     0      0.00621
0.957143     0      0.006108
0.971429     0      0.006126
0.985714     0      0.006014
1     0      0.006044
1.01429     0      0.00597
1.02857     0      0.005936
1.04286     0      0.005934
1.05714     0      0.005864
1.07143     0      0.005864
1.08571     0      0.005792
1.1     0      0.005782
1.11429     0      0.005712
1.12857     0      0.005718
1.14286     0      0.005664
1.15714     0      0.005688
1.17143     0      0.00558
1.18571     0      0.005586
1.2     0      0.00555
1.21429     0      0.005528
1.22857     0      0.00547
1.24286     0      0.005466
1.25714     0      0.005446
1.27143     0      0.00539
1.28571     0      0.005372
1.3     0      0.005374
1.31429     0      0.005312
1.32857     0      0.005276
1.34286     0      0.005266
1.35714     0      0.005244
1.37143     0      0.005238
1.38571     0      0.005184
1.4     0      0.005174
1.41429     0      0.005128
1.42857     0      0.00509
1.44286     0      0.005124
1.45714     0      0.005038
1.47143     0      0.005096
1.48571     0      0.004978
1.5     0      0.005018
1.51429     0      0.004962
1.52857     0      0.00494
1.54286     0      0.004918
1.55714     0      0.004914
1.57143     0      0.00489
1.58571     0      0.00482
1.6     0      0.00486
1.61429     0      0.00484
1.62857     0      0.004774
1.64286     0      0.004802
1.65714     0      0.004716
1.67143     0      0.004736
1.68571     0      0.004716
1.7     0      0.004706
1.71429     0      0.00466
1.72857     0      0.004668
1.74286     0      0.00464
1.75714     0      0.004614
1.77143     0      0.004602
1.78571     0      0.004554
1.8     0      0.004592
1.81429     0      0.004534
1.82857     0      0.004496
1.84286     0      0.004536
1.85714     0      0.004492
1.87143     0      0.004444
1.88571     0      0.00447
1.9     0      0.004428
1.91429     0      0.004402
1.92857     0      0.004418
1.94286     0      0.004364
1.95714     0      0.004376
1.97143     0      0.00437
1.98571     0      0.004296
2     0      0.004338
2.01429     0      0.004304
2.02857     0      0.004294
2.04286     0      0.00425
2.05714     0      0.00424
2.07143     0      0.004242
2.08571     0      0.004226
2.1     0      0.004204
2.11429     0      0.004184
2.12857     0      0.00419
2.14286     0      0.004156
2.15714     0      0.004148
2.17143     0      0.0006565
2.18571     0      4.12598e-37
2.2     0      1.42527e-69
2.21429     0      2.01836e-89
2.22857     0      3.3388e-103
2.24286     0      2.61425e-122
2.25714     0      1.94677e-135
2.27143     0      1.14255e-142
2.28571     0      2.77751e-155
2.3     0      3.37686e-162
2.31429     0      1.86962e-169
2.32857     0      1.46619e-194
2.34286     0      1.45925e-194
2.35714     0      1.45786e-194
2.37143     0      1.44884e-194
2.38571     0      2.92301e-195
2.4     0      0
2.41429     0      0
2.42857     0      0
2.44286     0      0
2.45714     0      0
2.47143     0      0
2.48571     0      0
2.5     0      0
2.51429     0      0
2.52857     0      0
2.54286     0      0
2.55714     0      0
2.57143     0      0
2.58571     0      0
2.6     0      0
2.61429     0      0
2.62857     0      0
2.64286     0      0
2.65714     0      0
2.67143     0      0
2.68571     0      0
2.7     0      0
2.71429     0      0
2.72857     0      0
2.74286     0      0
2.75714     0      0
2.77143     0      0
2.78571     0      0
2.8     0      0
2.81429     0      0
2.82857     0      0
2.84286     0      0
2.85714     0      0
2.87143     0      0
2.88571     0      0
2.9     0      0
2.91429     0      0
2.92857     0      0
2.94286     0      0
2.95714     0      0
2.97143     0      0
2.98571     0      0
3     0      0
3.01429     0      0
3.02857     0      0
3.04286     0      0
3.05714     0      0
3.07143     0      0
3.08571     0      0
3.1     0      0
3.11429     0      0
3.12857     0      0
3.14286     0      0
3.15714     0      0
3.17143     0      0
3.18571     0      0
3.2     0      0
3.21429     0      0
3.22857     0      0
3.24286     0      0
3.25714     0      0
3.27143     0      0
3.28571     0      0
3.3     0      0
3.31429     0      0
3.32857     0      0
3.34286     0      0
3.35714     0      0
3.37143     0      0
3.38571     0      0
3.4     0      0
3.41429     0      0
3.42857     0      0
3.44286     0      0
3.45714     0      0
3.47143     0      0
3.48571     0      0
3.5     0      0
3.51429     0      0
3.52857     0      0
3.54286     0      0
3.55714     0      0
3.57143     0      0
3.58571     0      0
3.6     0      0
3.61429     0      0
3.62857     0      0
3.64286     0      0
3.65714     0      0
3.67143     0      0
3.68571     0      0
3.7     0      0
3.71429     0      0
3.72857     0      0
3.74286     0      0
3.75714     0      0
3.77143     0      0
3.78571     0      0
3.8     0      0
3.81429     0      0
3.82857     0      0
3.84286     0      0
3.85714     0      0
3.87143     0      0
3.88571     0      0
3.9     0      0
3.91429     0      0
3.92857     0      0
3.94286     0      0
3.95714     0      0
3.97143     0      0
3.98571     0      0
4     0      0
4.01429     0      0
4.02857     0      0
4.04286     0      0
4.05714     0      0
4.07143     0      0
4.08571     0      0
4.1     0      0
4.11429     0      0
4.12857     0      0
4.14286     0      0
4.15714     0      0
4.17143     0      0
4.18571     0      0
4.2     0      0
4.21429     0      0
4.22857     0      0
4.24286     0      0
4.25714     0      0
4.27143     0      0
4.28571     0      0
4.3     0      0
4.31429     0      0
4.32857     0      0
4.34286     0      0
4.35714     0      0
4.37143     0      0
4.38571     0      0
4.4     0      0
4.41429     0      0
4.42857     0      0
4.44286     0      0
4.45714     0      0
4.47143     0      0
4.48571     0      0
4.5     0      0
4.51429     0      0
4.52857     0      0
4.54286     0      0
4.55714     0      0
4.57143     0      0
4.58571     0      0
4.6     0      0
4.61429     0      0
4.62857     0      0
4.64286     0      0
4.65714     0      0
4.67143     0      0
4.68571     0      0
4.7     0      0
4.71429     0      0
4.72857     0      0
4.74286     0      0
4.75714     0      0
4.77143     0      0
4.78571     0      0
4.8     0      0
4.81429     0      0
4.82857     0      0
4.84286     0      0
4.85714     0      0
4.87143     0      0
4.88571     0      0
4.9     0      0
4.91429     0      0
4.92857     0      0
4.94286     0      0
4.95714     0      0
4.97143     0      0
4.98571     0      0
