# U,mu,nA_up, nA_dn, nB_up, nB_dn, ms, mf, ntotal,mu,cint
#energy    dos_upn   dos_upp   dos_dnn  dos_dnp GRID=1000 bin=700
-5     0      0
-4.98571     0      0
-4.97143     0      0
-4.95714     0      0
-4.94286     0      0
-4.92857     0      0
-4.91429     0      0
-4.9     0      0
-4.88571     0      0
-4.87143     0      0
-4.85714     0      0
-4.84286     0      0
-4.82857     0      0
-4.81429     0      0
-4.8     0      0
-4.78571     0      0
-4.77143     0      0
-4.75714     0      0
-4.74286     0      0
-4.72857     0      0
-4.71429     0      0
-4.7     0      0
-4.68571     0      0
-4.67143     0      0
-4.65714     0      0
-4.64286     0      0
-4.62857     0      0
-4.61429     0      0
-4.6     0      0
-4.58571     0      0
-4.57143     0      0
-4.55714     0      0
-4.54286     0      0
-4.52857     0      0
-4.51429     0      0
-4.5     0      0
-4.48571     0      0
-4.47143     0      0
-4.45714     0      0
-4.44286     0      0
-4.42857     0      0
-4.41429     0      0
-4.4     0      0
-4.38571     0      0
-4.37143     0      0
-4.35714     0      0
-4.34286     0      0
-4.32857     0      0
-4.31429     0      0
-4.3     0      0
-4.28571     0      0
-4.27143     0      0
-4.25714     0      0
-4.24286     0      0
-4.22857     0      0
-4.21429     0      0
-4.2     0      0
-4.18571     0      0
-4.17143     0      0
-4.15714     0      0
-4.14286     0      0
-4.12857     0      0
-4.11429     0      0
-4.1     0      0
-4.08571     0      0
-4.07143     0      0
-4.05714     0      0
-4.04286     0      0
-4.02857     0      0
-4.01429     0      0
-4     0      0
-3.98571     0      0
-3.97143     0      0
-3.95714     0      0
-3.94286     0      0
-3.92857     0      0
-3.91429     0      0
-3.9     0      0
-3.88571     0      0
-3.87143     0      0
-3.85714     0      0
-3.84286     0      0
-3.82857     0      0
-3.81429     0      0
-3.8     0      0
-3.78571     0      0
-3.77143     0      0
-3.75714     0      0
-3.74286     0      0
-3.72857     0      0
-3.71429     0      0
-3.7     0      0
-3.68571     0      0
-3.67143     0      0
-3.65714     0      0
-3.64286     0      0
-3.62857     0      0
-3.61429     0      0
-3.6     0      0
-3.58571     0      0
-3.57143     0      0
-3.55714     0      0
-3.54286     0      0
-3.52857     0      0
-3.51429     0      0
-3.5     0      0
-3.48571     0      0
-3.47143     0      0
-3.45714     0      0
-3.44286     0      0
-3.42857     0      0
-3.41429     0      0
-3.4     0      0
-3.38571     0      0
-3.37143     0      0
-3.35714     0      0
-3.34286     0      0
-3.32857     0      0
-3.31429     0      0
-3.3     0      0
-3.28571     0      0
-3.27143     0      0
-3.25714     0      0
-3.24286     0      0
-3.22857     0      0
-3.21429     0      0
-3.2     0      0
-3.18571     0      0
-3.17143     0      0
-3.15714     0      0
-3.14286     0      0
-3.12857     0      0
-3.11429     0      0
-3.1     0      0
-3.08571     0      0
-3.07143     0      0
-3.05714     0      0
-3.04286     0      0
-3.02857     0      0
-3.01429     0      0
-3     0      0
-2.98571     0      0
-2.97143     0      0
-2.95714     0      0
-2.94286     0      0
-2.92857     0      0
-2.91429     0      0
-2.9     0      0
-2.88571     0      0
-2.87143     0      0
-2.85714     0      0
-2.84286     0      0
-2.82857     0      0
-2.81429     0      0
-2.8     0      0
-2.78571     0      0
-2.77143     0      0
-2.75714     0      0
-2.74286     0      0
-2.72857     0      0
-2.71429     0      0
-2.7     0      0
-2.68571     0      0
-2.67143     0      0
-2.65714     0      0
-2.64286     0      0
-2.62857     0      0
-2.61429     0      0
-2.6     0      0
-2.58571     0      0
-2.57143     0      0
-2.55714     0      0
-2.54286     0      0
-2.52857     0      0
-2.51429     0      0
-2.5     0      0
-2.48571     0      0
-2.47143     0      0
-2.45714     0      0
-2.44286     0      0
-2.42857     0      0
-2.41429     0      0
-2.4     0      0
-2.38571     0      0
-2.37143     0      0
-2.35714     0      0
-2.34286     0      0
-2.32857     0      0
-2.31429     0      0
-2.3     0      0
-2.28571     0      0
-2.27143     0      0
-2.25714     0      0
-2.24286     0      0
-2.22857     0      0
-2.21429     0      0
-2.2     0      0
-2.18571     0      0
-2.17143     0      0
-2.15714     0      0
-2.14286     0      0
-2.12857     0      0
-2.11429     0      0
-2.1     0      0
-2.08571     0      0
-2.07143     0      0
-2.05714     0      0
-2.04286     0      0
-2.02857     0      0
-2.01429     0      0
-2     0      0
-1.98571     0      0
-1.97143     0      0
-1.95714     0      0
-1.94286     0      0
-1.92857     0      0
-1.91429     0      0
-1.9     0      0
-1.88571     0      0
-1.87143     0      0
-1.85714     0.0021905      0
-1.84286     0.005058      0
-1.82857     0.005104      0
-1.81429     0.005098      0
-1.8     0.005134      0
-1.78571     0.005148      0
-1.77143     0.005158      0
-1.75714     0.005184      0
-1.74286     0.005186      0
-1.72857     0.005254      0
-1.71429     0.005228      0
-1.7     0.005242      0
-1.68571     0.005298      0
-1.67143     0.005278      0
-1.65714     0.005324      0
-1.64286     0.005366      0
-1.62857     0.005366      0
-1.61429     0.005384      0
-1.6     0.005388      0
-1.58571     0.005428      0
-1.57143     0.005456      0
-1.55714     0.00549      0
-1.54286     0.005482      0
-1.52857     0.005522      0
-1.51429     0.005534      0
-1.5     0.005572      0
-1.48571     0.005568      0
-1.47143     0.005614      0
-1.45714     0.005664      0
-1.44286     0.005656      0
-1.42857     0.00568      0
-1.41429     0.005704      0
-1.4     0.005724      0
-1.38571     0.005792      0
-1.37143     0.005808      0
-1.35714     0.00576      0
-1.34286     0.005852      0
-1.32857     0.005882      0
-1.31429     0.005882      0
-1.3     0.005938      0
-1.28571     0.005946      0
-1.27143     0.005972      0
-1.25714     0.006006      0
-1.24286     0.00602      0
-1.22857     0.006054      0
-1.21429     0.006134      0
-1.2     0.006156      0
-1.18571     0.006164      0
-1.17143     0.006144      0
-1.15714     0.006238      0
-1.14286     0.006268      0
-1.12857     0.006288      0
-1.11429     0.006334      0
-1.1     0.006344      0
-1.08571     0.006362      0
-1.07143     0.006428      0
-1.05714     0.00648      0
-1.04286     0.006518      0
-1.02857     0.006536      0
-1.01429     0.00658      0
-1     0.006632      0
-0.985714     0.006672      0
-0.971429     0.006672      0
-0.957143     0.006734      0
-0.942857     0.006768      0
-0.928571     0.006812      0
-0.914286     0.006872      0
-0.9     0.006886      0
-0.885714     0.006956      0
-0.871429     0.006988      0
-0.857143     0.00701      0
-0.842857     0.007142      0
-0.828571     0.007112      0
-0.814286     0.007178      0
-0.8     0.007256      0
-0.785714     0.007292      0
-0.771429     0.007318      0
-0.757143     0.00738      0
-0.742857     0.007454      0
-0.728571     0.007506      0
-0.714286     0.007604      0
-0.7     0.007606      0
-0.685714     0.007698      0
-0.671429     0.007738      0
-0.657143     0.007782      0
-0.642857     0.007918      0
-0.628571     0.007912      0
-0.614286     0.008052      0
-0.6     0.008032      0
-0.585714     0.008172      0
-0.571429     0.00825      0
-0.557143     0.008322      0
-0.542857     0.00841      0
-0.528571     0.008484      0
-0.514286     0.008562      0
-0.5     0.00864      0
-0.485714     0.008728      0
-0.471429     0.00883      0
-0.457143     0.00898      0
-0.442857     0.009058      0
-0.428571     0.009196      0
-0.414286     0.009304      0
-0.4     0.00936      0
-0.385714     0.009522      0
-0.371429     0.00967      0
-0.357143     0.009834      0
-0.342857     0.009956      0
-0.328571     0.010064      0
-0.314286     0.01033      0
-0.3     0.010498      0
-0.285714     0.01067      0
-0.271429     0.01081      0
-0.257143     0.011182      0
-0.242857     0.011422      0
-0.228571     0.011688      0
-0.214286     0.011934      0
-0.2     0.012476      0
-0.185714     0.012956      0
-0.171429     0.013576      0
-0.157143     0.014204      0
-0.142857     0.015246      0
-0.128571     0.017372      0
-0.114286     0.0252565      0
-0.1     0.027982      0
-0.0857143     0.013258      0
-0.0714286     0.010144      0
-0.0571429     0.008326      0
-0.0428571     0.007012      0
-0.0285714     0.005988      0
-0.0142857     0.004977      0
0     1.25e-12      0.0160005
0.0142857     0      0.014024
0.0285714     0      0.012566
0.0428571     0      0.012168
0.0571429     0      0.012232
0.0714286     0      0.012714
0.0857143     0      0.014048
0.1     0      0.015737
0.114286     0      0.013172
0.128571     0      0.012232
0.142857     0      0.011738
0.157143     0      0.011212
0.171429     0      0.010934
0.185714     0      0.010676
0.2     0      0.01039
0.214286     0      0.010124
0.228571     0      0.009974
0.242857     0      0.009814
0.257143     0      0.009572
0.271429     0      0.00949
0.285714     0      0.009282
0.3     0      0.00916
0.314286     0      0.009042
0.328571     0      0.008854
0.342857     0      0.008828
0.357143     0      0.008676
0.371429     0      0.008558
0.385714     0      0.008498
0.4     0      0.008328
0.414286     0      0.00828
0.428571     0      0.008226
0.442857     0      0.00801
0.457143     0      0.008068
0.471429     0      0.007898
0.485714     0      0.007844
0.5     0      0.007754
0.514286     0      0.007684
0.528571     0      0.007646
0.542857     0      0.007504
0.557143     0      0.007496
0.571429     0      0.007414
0.585714     0      0.007296
0.6     0      0.007324
0.614286     0      0.007216
0.628571     0      0.007146
0.642857     0      0.007102
0.657143     0      0.007046
0.671429     0      0.006936
0.685714     0      0.007002
0.7     0      0.006822
0.714286     0      0.006824
0.728571     0      0.006798
0.742857     0      0.00673
0.757143     0      0.006616
0.771429     0      0.006658
0.785714     0      0.006582
0.8     0      0.00652
0.814286     0      0.006454
0.828571     0      0.006456
0.842857     0      0.006388
0.857143     0      0.006344
0.871429     0      0.006324
0.885714     0      0.006238
0.9     0      0.006228
0.914286     0      0.006188
0.928571     0      0.006148
0.942857     0      0.0061
0.957143     0      0.006062
0.971429     0      0.006024
0.985714     0      0.005994
1     0      0.00596
1.01429     0      0.005934
1.02857     0      0.005898
1.04286     0      0.005866
1.05714     0      0.00578
1.07143     0      0.005806
1.08571     0      0.005712
1.1     0      0.005726
1.11429     0      0.005676
1.12857     0      0.005672
1.14286     0      0.005612
1.15714     0      0.005582
1.17143     0      0.005544
1.18571     0      0.005546
1.2     0      0.005486
1.21429     0      0.00549
1.22857     0      0.005438
1.24286     0      0.005396
1.25714     0      0.005366
1.27143     0      0.005382
1.28571     0      0.005346
1.3     0      0.00529
1.31429     0      0.005246
1.32857     0      0.00529
1.34286     0      0.005206
1.35714     0      0.005178
1.37143     0      0.005206
1.38571     0      0.005148
1.4     0      0.00511
1.41429     0      0.005114
1.42857     0      0.005062
1.44286     0      0.005054
1.45714     0      0.005032
1.47143     0      0.00499
1.48571     0      0.005
1.5     0      0.004958
1.51429     0      0.004912
1.52857     0      0.004932
1.54286     0      0.004866
1.55714     0      0.004868
1.57143     0      0.00488
1.58571     0      0.004794
1.6     0      0.004798
1.61429     0      0.00478
1.62857     0      0.004768
1.64286     0      0.004764
1.65714     0      0.00471
1.67143     0      0.004716
1.68571     0      0.004678
1.7     0      0.004656
1.71429     0      0.004618
1.72857     0      0.004664
1.74286     0      0.00458
1.75714     0      0.004586
1.77143     0      0.004558
1.78571     0      0.004554
1.8     0      0.004544
1.81429     0      0.004512
1.82857     0      0.004496
1.84286     0      0.004484
1.85714     0      0.004448
1.87143     0      0.004438
1.88571     0      0.00443
1.9     0      0.004394
1.91429     0      0.004398
1.92857     0      0.004372
1.94286     0      0.004364
1.95714     0      0.004312
1.97143     0      0.004332
1.98571     0      0.004318
2     0      0.00428
2.01429     0      0.004286
2.02857     0      0.004256
2.04286     0      0.004236
2.05714     0      0.004234
2.07143     0      0.004206
2.08571     0      0.004196
2.1     0      0.004198
2.11429     0      0.004156
2.12857     0      0.00416
2.14286     0      0.0027325
2.15714     0      4.94532e-24
2.17143     0      0
2.18571     0      0
2.2     0      0
2.21429     0      0
2.22857     0      0
2.24286     0      0
2.25714     0      0
2.27143     0      0
2.28571     0      0
2.3     0      0
2.31429     0      0
2.32857     0      0
2.34286     0      0
2.35714     0      0
2.37143     0      0
2.38571     0      0
2.4     0      0
2.41429     0      0
2.42857     0      0
2.44286     0      0
2.45714     0      0
2.47143     0      0
2.48571     0      0
2.5     0      0
2.51429     0      0
2.52857     0      0
2.54286     0      0
2.55714     0      0
2.57143     0      0
2.58571     0      0
2.6     0      0
2.61429     0      0
2.62857     0      0
2.64286     0      0
2.65714     0      0
2.67143     0      0
2.68571     0      0
2.7     0      0
2.71429     0      0
2.72857     0      0
2.74286     0      0
2.75714     0      0
2.77143     0      0
2.78571     0      0
2.8     0      0
2.81429     0      0
2.82857     0      0
2.84286     0      0
2.85714     0      0
2.87143     0      0
2.88571     0      0
2.9     0      0
2.91429     0      0
2.92857     0      0
2.94286     0      0
2.95714     0      0
2.97143     0      0
2.98571     0      0
3     0      0
3.01429     0      0
3.02857     0      0
3.04286     0      0
3.05714     0      0
3.07143     0      0
3.08571     0      0
3.1     0      0
3.11429     0      0
3.12857     0      0
3.14286     0      0
3.15714     0      0
3.17143     0      0
3.18571     0      0
3.2     0      0
3.21429     0      0
3.22857     0      0
3.24286     0      0
3.25714     0      0
3.27143     0      0
3.28571     0      0
3.3     0      0
3.31429     0      0
3.32857     0      0
3.34286     0      0
3.35714     0      0
3.37143     0      0
3.38571     0      0
3.4     0      0
3.41429     0      0
3.42857     0      0
3.44286     0      0
3.45714     0      0
3.47143     0      0
3.48571     0      0
3.5     0      0
3.51429     0      0
3.52857     0      0
3.54286     0      0
3.55714     0      0
3.57143     0      0
3.58571     0      0
3.6     0      0
3.61429     0      0
3.62857     0      0
3.64286     0      0
3.65714     0      0
3.67143     0      0
3.68571     0      0
3.7     0      0
3.71429     0      0
3.72857     0      0
3.74286     0      0
3.75714     0      0
3.77143     0      0
3.78571     0      0
3.8     0      0
3.81429     0      0
3.82857     0      0
3.84286     0      0
3.85714     0      0
3.87143     0      0
3.88571     0      0
3.9     0      0
3.91429     0      0
3.92857     0      0
3.94286     0      0
3.95714     0      0
3.97143     0      0
3.98571     0      0
4     0      0
4.01429     0      0
4.02857     0      0
4.04286     0      0
4.05714     0      0
4.07143     0      0
4.08571     0      0
4.1     0      0
4.11429     0      0
4.12857     0      0
4.14286     0      0
4.15714     0      0
4.17143     0      0
4.18571     0      0
4.2     0      0
4.21429     0      0
4.22857     0      0
4.24286     0      0
4.25714     0      0
4.27143     0      0
4.28571     0      0
4.3     0      0
4.31429     0      0
4.32857     0      0
4.34286     0      0
4.35714     0      0
4.37143     0      0
4.38571     0      0
4.4     0      0
4.41429     0      0
4.42857     0      0
4.44286     0      0
4.45714     0      0
4.47143     0      0
4.48571     0      0
4.5     0      0
4.51429     0      0
4.52857     0      0
4.54286     0      0
4.55714     0      0
4.57143     0      0
4.58571     0      0
4.6     0      0
4.61429     0      0
4.62857     0      0
4.64286     0      0
4.65714     0      0
4.67143     0      0
4.68571     0      0
4.7     0      0
4.71429     0      0
4.72857     0      0
4.74286     0      0
4.75714     0      0
4.77143     0      0
4.78571     0      0
4.8     0      0
4.81429     0      0
4.82857     0      0
4.84286     0      0
4.85714     0      0
4.87143     0      0
4.88571     0      0
4.9     0      0
4.91429     0      0
4.92857     0      0
4.94286     0      0
4.95714     0      0
4.97143     0      0
4.98571     0      0
