# U,mu,nA_up, nA_dn, nB_up, nB_dn, ms, mf, ntotal,mu,cint
#energy    dos_upn   dos_upp   dos_dnn  dos_dnp GRID=1000 bin=700
-5     0      0
-4.98571     0      0
-4.97143     0      0
-4.95714     0      0
-4.94286     0      0
-4.92857     0      0
-4.91429     0      0
-4.9     0      0
-4.88571     0      0
-4.87143     0      0
-4.85714     0      0
-4.84286     0      0
-4.82857     0      0
-4.81429     0      0
-4.8     0      0
-4.78571     0      0
-4.77143     0      0
-4.75714     0      0
-4.74286     0      0
-4.72857     0      0
-4.71429     0      0
-4.7     0      0
-4.68571     0      0
-4.67143     0      0
-4.65714     0      0
-4.64286     0      0
-4.62857     0      0
-4.61429     0      0
-4.6     0      0
-4.58571     0      0
-4.57143     0      0
-4.55714     0      0
-4.54286     0      0
-4.52857     0      0
-4.51429     0      0
-4.5     0      0
-4.48571     0      0
-4.47143     0      0
-4.45714     0      0
-4.44286     0      0
-4.42857     0      0
-4.41429     0      0
-4.4     0      0
-4.38571     0      0
-4.37143     0      0
-4.35714     0      0
-4.34286     0      0
-4.32857     0      0
-4.31429     0      0
-4.3     0      0
-4.28571     0      0
-4.27143     0      0
-4.25714     0      0
-4.24286     0      0
-4.22857     0      0
-4.21429     0      0
-4.2     0      0
-4.18571     0      0
-4.17143     0      0
-4.15714     0      0
-4.14286     0      0
-4.12857     0      0
-4.11429     0      0
-4.1     0      0
-4.08571     0      0
-4.07143     0      0
-4.05714     0      0
-4.04286     0      0
-4.02857     0      0
-4.01429     0      0
-4     0      0
-3.98571     0      0
-3.97143     0      0
-3.95714     0      0
-3.94286     0      0
-3.92857     0      0
-3.91429     0      0
-3.9     0      0
-3.88571     0      0
-3.87143     0      0
-3.85714     0      0
-3.84286     0      0
-3.82857     0      0
-3.81429     0      0
-3.8     0      0
-3.78571     0      0
-3.77143     0      0
-3.75714     0      0
-3.74286     0      0
-3.72857     0      0
-3.71429     0      0
-3.7     0      0
-3.68571     0      0
-3.67143     0      0
-3.65714     0      0
-3.64286     0      0
-3.62857     0      0
-3.61429     0      0
-3.6     0      0
-3.58571     0      0
-3.57143     0      0
-3.55714     0      0
-3.54286     0      0
-3.52857     0      0
-3.51429     0      0
-3.5     0      0
-3.48571     0      0
-3.47143     0      0
-3.45714     0      0
-3.44286     0      0
-3.42857     0      0
-3.41429     0      0
-3.4     0      0
-3.38571     0      0
-3.37143     0      0
-3.35714     0      0
-3.34286     0      0
-3.32857     0      0
-3.31429     0      0
-3.3     0      0
-3.28571     0      0
-3.27143     0      0
-3.25714     0      0
-3.24286     0      0
-3.22857     0      0
-3.21429     0      0
-3.2     0      0
-3.18571     0      0
-3.17143     0      0
-3.15714     0      0
-3.14286     0      0
-3.12857     0      0
-3.11429     0      0
-3.1     0      0
-3.08571     0      0
-3.07143     0      0
-3.05714     0      0
-3.04286     0      0
-3.02857     0      0
-3.01429     0      0
-3     0      0
-2.98571     0      0
-2.97143     0      0
-2.95714     0      0
-2.94286     0      0
-2.92857     0      0
-2.91429     0      0
-2.9     0      0
-2.88571     0      0
-2.87143     0      0
-2.85714     0      0
-2.84286     0      0
-2.82857     0      0
-2.81429     0      0
-2.8     0      0
-2.78571     0      0
-2.77143     0      0
-2.75714     0      0
-2.74286     0      0
-2.72857     0      0
-2.71429     0      0
-2.7     0      0
-2.68571     0      0
-2.67143     0      0
-2.65714     0      0
-2.64286     0      0
-2.62857     0      0
-2.61429     0      0
-2.6     0      0
-2.58571     0      0
-2.57143     0      0
-2.55714     0      0
-2.54286     0      0
-2.52857     0      0
-2.51429     0      0
-2.5     0      0
-2.48571     0      0
-2.47143     0      0
-2.45714     0      0
-2.44286     0      0
-2.42857     0      0
-2.41429     0      0
-2.4     0      0
-2.38571     0      0
-2.37143     0      0
-2.35714     0      0
-2.34286     0      0
-2.32857     0      0
-2.31429     0      0
-2.3     0      0
-2.28571     0      0
-2.27143     0      0
-2.25714     0      0
-2.24286     0      0
-2.22857     0      0
-2.21429     0      0
-2.2     0      0
-2.18571     0      0
-2.17143     0      0
-2.15714     0      0
-2.14286     2.66406e-24      0
-2.12857     8.1625e-23      0
-2.11429     1.47813e-17      0
-2.1     3.25625e-16      0
-2.08571     3.27875e-16      0
-2.07143     3.28125e-16      0
-2.05714     1.39625e-10      0
-2.04286     1.3025e-09      0
-2.02857     1.302e-09      0
-2.01429     1.313e-09      0
-2     0.0011265      0
-1.98571     0.005196      0
-1.97143     0.005208      0
-1.95714     0.005228      0
-1.94286     0.00526      0
-1.92857     0.005274      0
-1.91429     0.005286      0
-1.9     0.005298      0
-1.88571     0.005372      0
-1.87143     0.005346      0
-1.85714     0.00539      0
-1.84286     0.005422      0
-1.82857     0.005434      0
-1.81429     0.005456      0
-1.8     0.005486      0
-1.78571     0.005486      0
-1.77143     0.005516      0
-1.75714     0.00558      0
-1.74286     0.005552      0
-1.72857     0.005628      0
-1.71429     0.00568      0
-1.7     0.005656      0
-1.68571     0.005674      0
-1.67143     0.005718      0
-1.65714     0.005766      0
-1.64286     0.005754      0
-1.62857     0.005822      0
-1.61429     0.00582      0
-1.6     0.00589      0
-1.58571     0.005908      0
-1.57143     0.005924      0
-1.55714     0.00594      0
-1.54286     0.005994      0
-1.52857     0.006056      0
-1.51429     0.006048      0
-1.5     0.006084      0
-1.48571     0.00613      0
-1.47143     0.006174      0
-1.45714     0.006214      0
-1.44286     0.006216      0
-1.42857     0.006296      0
-1.41429     0.00634      0
-1.4     0.006374      0
-1.38571     0.006398      0
-1.37143     0.006414      0
-1.35714     0.006488      0
-1.34286     0.00656      0
-1.32857     0.006536      0
-1.31429     0.006666      0
-1.3     0.006632      0
-1.28571     0.006756      0
-1.27143     0.006732      0
-1.25714     0.006822      0
-1.24286     0.00688      0
-1.22857     0.006934      0
-1.21429     0.006984      0
-1.2     0.00701      0
-1.18571     0.00711      0
-1.17143     0.007178      0
-1.15714     0.0072      0
-1.14286     0.007318      0
-1.12857     0.007324      0
-1.11429     0.007434      0
-1.1     0.007488      0
-1.08571     0.00757      0
-1.07143     0.007662      0
-1.05714     0.007704      0
-1.04286     0.007818      0
-1.02857     0.007862      0
-1.01429     0.007958      0
-1     0.00813      0
-0.985714     0.008186      0
-0.971429     0.008274      0
-0.957143     0.008422      0
-0.942857     0.008498      0
-0.928571     0.00863      0
-0.914286     0.008722      0
-0.9     0.00887      0
-0.885714     0.009104      0
-0.871429     0.009182      0
-0.857143     0.009368      0
-0.842857     0.009544      0
-0.828571     0.009714      0
-0.814286     0.009948      0
-0.8     0.010132      0
-0.785714     0.010434      0
-0.771429     0.01066      0
-0.757143     0.01097      0
-0.742857     0.011278      0
-0.728571     0.011664      0
-0.714286     0.012038      0
-0.7     0.012578      0
-0.685714     0.013112      0
-0.671429     0.013696      0
-0.657143     0.014626      0
-0.642857     0.015528      0
-0.628571     0.016784      0
-0.614286     0.018534      0
-0.6     0.021074      0
-0.585714     0.02542      0
-0.571429     0.0606925      0
-0.557143     0.044788      0
-0.542857     0.027882      0
-0.528571     0.02205      0
-0.514286     0.018706      0
-0.5     0.016508      0
-0.485714     0.014742      0
-0.471429     0.009051      0
-0.457143     0      0
-0.442857     0      0
-0.428571     0      0
-0.414286     0      0
-0.4     0      0
-0.385714     0      0
-0.371429     0      0
-0.357143     0      0
-0.342857     0      0
-0.328571     0      0
-0.314286     0      0
-0.3     0      0
-0.285714     0      0
-0.271429     0      0
-0.257143     0      0
-0.242857     0      0
-0.228571     0      0
-0.214286     0      0
-0.2     0      0
-0.185714     0      0
-0.171429     0      0
-0.157143     0      0
-0.142857     0      0
-0.128571     0      0
-0.114286     0      0
-0.1     0      0
-0.0857143     0      0
-0.0714286     0      0
-0.0571429     0      0
-0.0428571     0      0
-0.0285714     0      0
-0.0142857     0      0
0     0      0
0.0142857     0      0
0.0285714     0      0
0.0428571     0      0
0.0571429     0      0
0.0714286     0      0
0.0857143     0      0
0.1     0      0
0.114286     0      0
0.128571     0      0
0.142857     0      0
0.157143     0      0
0.171429     0      0
0.185714     0      0
0.2     0      1.73203e-23
0.214286     0      7.31782e-16
0.228571     0      1.86013e-15
0.242857     0      6.55663e-09
0.257143     0      0.00477051
0.271429     0      0.030834
0.285714     0      0.024624
0.3     0      0.022544
0.314286     0      0.021862
0.328571     0      0.022032
0.342857     0      0.023198
0.357143     0      0.029007
0.371429     0      0.024934
0.385714     0      0.01985
0.4     0      0.017486
0.414286     0      0.015838
0.428571     0      0.01472
0.442857     0      0.013772
0.457143     0      0.013022
0.471429     0      0.012362
0.485714     0      0.011904
0.5     0      0.011396
0.514286     0      0.011044
0.528571     0      0.010622
0.542857     0      0.010356
0.557143     0      0.010058
0.571429     0      0.009766
0.585714     0      0.009566
0.6     0      0.009296
0.614286     0      0.009182
0.628571     0      0.008896
0.642857     0      0.008762
0.657143     0      0.008618
0.671429     0      0.008456
0.685714     0      0.008268
0.7     0      0.008192
0.714286     0      0.008034
0.728571     0      0.007928
0.742857     0      0.007816
0.757143     0      0.007716
0.771429     0      0.007582
0.785714     0      0.007548
0.8     0      0.007342
0.814286     0      0.007354
0.828571     0      0.007228
0.842857     0      0.00715
0.857143     0      0.007062
0.871429     0      0.006988
0.885714     0      0.00691
0.9     0      0.006862
0.914286     0      0.00681
0.928571     0      0.006664
0.942857     0      0.006698
0.957143     0      0.006554
0.971429     0      0.00653
0.985714     0      0.006476
1     0      0.006388
1.01429     0      0.006368
1.02857     0      0.006294
1.04286     0      0.006266
1.05714     0      0.006178
1.07143     0      0.006168
1.08571     0      0.00608
1.1     0      0.006066
1.11429     0      0.006008
1.12857     0      0.005946
1.14286     0      0.005954
1.15714     0      0.00587
1.17143     0      0.005836
1.18571     0      0.005782
1.2     0      0.00576
1.21429     0      0.005724
1.22857     0      0.005658
1.24286     0      0.005656
1.25714     0      0.005602
1.27143     0      0.005586
1.28571     0      0.005514
1.3     0      0.005524
1.31429     0      0.005458
1.32857     0      0.005428
1.34286     0      0.005382
1.35714     0      0.005376
1.37143     0      0.005314
1.38571     0      0.005304
1.4     0      0.005294
1.41429     0      0.005228
1.42857     0      0.00524
1.44286     0      0.005158
1.45714     0      0.005176
1.47143     0      0.005112
1.48571     0      0.005108
1.5     0      0.005084
1.51429     0      0.005028
1.52857     0      0.005016
1.54286     0      0.005008
1.55714     0      0.00499
1.57143     0      0.004908
1.58571     0      0.00492
1.6     0      0.004894
1.61429     0      0.004896
1.62857     0      0.004846
1.64286     0      0.004822
1.65714     0      0.004786
1.67143     0      0.004756
1.68571     0      0.004776
1.7     0      0.004714
1.71429     0      0.004728
1.72857     0      0.004708
1.74286     0      0.00464
1.75714     0      0.004666
1.77143     0      0.004616
1.78571     0      0.00458
1.8     0      0.00463
1.81429     0      0.00452
1.82857     0      0.004538
1.84286     0      0.004556
1.85714     0      0.004486
1.87143     0      0.004476
1.88571     0      0.004464
1.9     0      0.004458
1.91429     0      0.004414
1.92857     0      0.004406
1.94286     0      0.004402
1.95714     0      0.004368
1.97143     0      0.00435
1.98571     0      0.004342
2     0      0.004318
2.01429     0      0.004308
2.02857     0      0.004286
2.04286     0      0.004254
2.05714     0      0.004264
2.07143     0      0.004232
2.08571     0      0.0032505
2.1     0      0
2.11429     0      0
2.12857     0      0
2.14286     0      0
2.15714     0      0
2.17143     0      0
2.18571     0      0
2.2     0      0
2.21429     0      0
2.22857     0      0
2.24286     0      0
2.25714     0      0
2.27143     0      0
2.28571     0      0
2.3     0      0
2.31429     0      0
2.32857     0      0
2.34286     0      0
2.35714     0      0
2.37143     0      0
2.38571     0      0
2.4     0      0
2.41429     0      0
2.42857     0      0
2.44286     0      0
2.45714     0      0
2.47143     0      0
2.48571     0      0
2.5     0      0
2.51429     0      0
2.52857     0      0
2.54286     0      0
2.55714     0      0
2.57143     0      0
2.58571     0      0
2.6     0      0
2.61429     0      0
2.62857     0      0
2.64286     0      0
2.65714     0      0
2.67143     0      0
2.68571     0      0
2.7     0      0
2.71429     0      0
2.72857     0      0
2.74286     0      0
2.75714     0      0
2.77143     0      0
2.78571     0      0
2.8     0      0
2.81429     0      0
2.82857     0      0
2.84286     0      0
2.85714     0      0
2.87143     0      0
2.88571     0      0
2.9     0      0
2.91429     0      0
2.92857     0      0
2.94286     0      0
2.95714     0      0
2.97143     0      0
2.98571     0      0
3     0      0
3.01429     0      0
3.02857     0      0
3.04286     0      0
3.05714     0      0
3.07143     0      0
3.08571     0      0
3.1     0      0
3.11429     0      0
3.12857     0      0
3.14286     0      0
3.15714     0      0
3.17143     0      0
3.18571     0      0
3.2     0      0
3.21429     0      0
3.22857     0      0
3.24286     0      0
3.25714     0      0
3.27143     0      0
3.28571     0      0
3.3     0      0
3.31429     0      0
3.32857     0      0
3.34286     0      0
3.35714     0      0
3.37143     0      0
3.38571     0      0
3.4     0      0
3.41429     0      0
3.42857     0      0
3.44286     0      0
3.45714     0      0
3.47143     0      0
3.48571     0      0
3.5     0      0
3.51429     0      0
3.52857     0      0
3.54286     0      0
3.55714     0      0
3.57143     0      0
3.58571     0      0
3.6     0      0
3.61429     0      0
3.62857     0      0
3.64286     0      0
3.65714     0      0
3.67143     0      0
3.68571     0      0
3.7     0      0
3.71429     0      0
3.72857     0      0
3.74286     0      0
3.75714     0      0
3.77143     0      0
3.78571     0      0
3.8     0      0
3.81429     0      0
3.82857     0      0
3.84286     0      0
3.85714     0      0
3.87143     0      0
3.88571     0      0
3.9     0      0
3.91429     0      0
3.92857     0      0
3.94286     0      0
3.95714     0      0
3.97143     0      0
3.98571     0      0
4     0      0
4.01429     0      0
4.02857     0      0
4.04286     0      0
4.05714     0      0
4.07143     0      0
4.08571     0      0
4.1     0      0
4.11429     0      0
4.12857     0      0
4.14286     0      0
4.15714     0      0
4.17143     0      0
4.18571     0      0
4.2     0      0
4.21429     0      0
4.22857     0      0
4.24286     0      0
4.25714     0      0
4.27143     0      0
4.28571     0      0
4.3     0      0
4.31429     0      0
4.32857     0      0
4.34286     0      0
4.35714     0      0
4.37143     0      0
4.38571     0      0
4.4     0      0
4.41429     0      0
4.42857     0      0
4.44286     0      0
4.45714     0      0
4.47143     0      0
4.48571     0      0
4.5     0      0
4.51429     0      0
4.52857     0      0
4.54286     0      0
4.55714     0      0
4.57143     0      0
4.58571     0      0
4.6     0      0
4.61429     0      0
4.62857     0      0
4.64286     0      0
4.65714     0      0
4.67143     0      0
4.68571     0      0
4.7     0      0
4.71429     0      0
4.72857     0      0
4.74286     0      0
4.75714     0      0
4.77143     0      0
4.78571     0      0
4.8     0      0
4.81429     0      0
4.82857     0      0
4.84286     0      0
4.85714     0      0
4.87143     0      0
4.88571     0      0
4.9     0      0
4.91429     0      0
4.92857     0      0
4.94286     0      0
4.95714     0      0
4.97143     0      0
4.98571     0      0
