# U,mu,nA_up, nA_dn, nB_up, nB_dn, ms, mf, ntotal,mu,cint
#energy    dos_upn   dos_upp   dos_dnn  dos_dnp GRID=1000 bin=700
-5     0      0
-4.98571     0      0
-4.97143     0      0
-4.95714     0      0
-4.94286     0      0
-4.92857     0      0
-4.91429     0      0
-4.9     0      0
-4.88571     0      0
-4.87143     0      0
-4.85714     0      0
-4.84286     0      0
-4.82857     0      0
-4.81429     0      0
-4.8     0      0
-4.78571     0      0
-4.77143     0      0
-4.75714     0      0
-4.74286     0      0
-4.72857     0      0
-4.71429     0      0
-4.7     0      0
-4.68571     0      0
-4.67143     0      0
-4.65714     0      0
-4.64286     0      0
-4.62857     0      0
-4.61429     0      0
-4.6     0      0
-4.58571     0      0
-4.57143     0      0
-4.55714     0      0
-4.54286     0      0
-4.52857     0      0
-4.51429     0      0
-4.5     0      0
-4.48571     0      0
-4.47143     0      0
-4.45714     0      0
-4.44286     0      0
-4.42857     0      0
-4.41429     0      0
-4.4     0      0
-4.38571     0      0
-4.37143     0      0
-4.35714     0      0
-4.34286     0      0
-4.32857     0      0
-4.31429     0      0
-4.3     0      0
-4.28571     0      0
-4.27143     0      0
-4.25714     0      0
-4.24286     0      0
-4.22857     0      0
-4.21429     0      0
-4.2     0      0
-4.18571     0      0
-4.17143     0      0
-4.15714     0      0
-4.14286     0      0
-4.12857     0      0
-4.11429     0      0
-4.1     0      0
-4.08571     0      0
-4.07143     0      0
-4.05714     0      0
-4.04286     0      0
-4.02857     0      0
-4.01429     0      0
-4     0      0
-3.98571     0      0
-3.97143     0      0
-3.95714     0      0
-3.94286     0      0
-3.92857     0      0
-3.91429     0      0
-3.9     0      0
-3.88571     0      0
-3.87143     0      0
-3.85714     0      0
-3.84286     0      0
-3.82857     0      0
-3.81429     0      0
-3.8     0      0
-3.78571     0      0
-3.77143     0      0
-3.75714     0      0
-3.74286     0      0
-3.72857     0      0
-3.71429     0      0
-3.7     0      0
-3.68571     0      0
-3.67143     0      0
-3.65714     0      0
-3.64286     0      0
-3.62857     0      0
-3.61429     0      0
-3.6     0      0
-3.58571     0      0
-3.57143     0      0
-3.55714     0      0
-3.54286     0      0
-3.52857     0      0
-3.51429     0      0
-3.5     0      0
-3.48571     0      0
-3.47143     0      0
-3.45714     0      0
-3.44286     0      0
-3.42857     0      0
-3.41429     0      0
-3.4     0      0
-3.38571     0      0
-3.37143     0      0
-3.35714     0      0
-3.34286     0      0
-3.32857     0      0
-3.31429     0      0
-3.3     0      0
-3.28571     0      0
-3.27143     0      0
-3.25714     0      0
-3.24286     0      0
-3.22857     0      0
-3.21429     0      0
-3.2     0      0
-3.18571     0      0
-3.17143     0      0
-3.15714     0      0
-3.14286     0      0
-3.12857     0      0
-3.11429     0      0
-3.1     0      0
-3.08571     0      0
-3.07143     0      0
-3.05714     0      0
-3.04286     0      0
-3.02857     0      0
-3.01429     0      0
-3     0      0
-2.98571     0      0
-2.97143     0      0
-2.95714     0      0
-2.94286     0      0
-2.92857     0      0
-2.91429     0      0
-2.9     0      0
-2.88571     0      0
-2.87143     0      0
-2.85714     0      0
-2.84286     0      0
-2.82857     0      0
-2.81429     0      0
-2.8     0      0
-2.78571     0      0
-2.77143     0      0
-2.75714     0      0
-2.74286     0      0
-2.72857     0      0
-2.71429     0      0
-2.7     0      0
-2.68571     0      0
-2.67143     0      0
-2.65714     0      0
-2.64286     0      0
-2.62857     0      0
-2.61429     0      0
-2.6     0      0
-2.58571     0      0
-2.57143     0      0
-2.55714     0      0
-2.54286     0      0
-2.52857     0      0
-2.51429     0      0
-2.5     0      0
-2.48571     0      0
-2.47143     0      0
-2.45714     0      0
-2.44286     0      0
-2.42857     0      0
-2.41429     0      0
-2.4     0      0
-2.38571     0      0
-2.37143     0      0
-2.35714     0      0
-2.34286     0      0
-2.32857     0      0
-2.31429     0      0
-2.3     0      0
-2.28571     0      0
-2.27143     0      0
-2.25714     0      0
-2.24286     0      0
-2.22857     0      0
-2.21429     0      0
-2.2     0      0
-2.18571     0      0
-2.17143     0      0
-2.15714     0      0
-2.14286     0      0
-2.12857     0      0
-2.11429     0      0
-2.1     0      0
-2.08571     0      0
-2.07143     0      0
-2.05714     0      0
-2.04286     0      0
-2.02857     0      0
-2.01429     0      0
-2     0      0
-1.98571     0      0
-1.97143     0      0
-1.95714     0      0
-1.94286     8.53516e-31      0
-1.92857     2.65e-29      0
-1.91429     4.63284e-24      0
-1.9     1.05813e-22      0
-1.88571     1.06125e-22      0
-1.87143     1.06531e-22      0
-1.85714     4.55314e-17      0
-1.84286     4.20875e-16      0
-1.82857     4.23125e-16      0
-1.81429     4.24375e-16      0
-1.8     3.67625e-10      0
-1.78571     1.6795e-09      0
-1.77143     1.6825e-09      0
-1.75714     1.689e-09      0
-1.74286     0.0024985      0
-1.72857     0.00669      0
-1.71429     0.006716      0
-1.7     0.006756      0
-1.68571     0.00677      0
-1.67143     0.006782      0
-1.65714     0.006824      0
-1.64286     0.006844      0
-1.62857     0.006876      0
-1.61429     0.006902      0
-1.6     0.006922      0
-1.58571     0.006954      0
-1.57143     0.006978      0
-1.55714     0.007028      0
-1.54286     0.00708      0
-1.52857     0.007066      0
-1.51429     0.00711      0
-1.5     0.007132      0
-1.48571     0.007206      0
-1.47143     0.007218      0
-1.45714     0.007256      0
-1.44286     0.007298      0
-1.42857     0.007342      0
-1.41429     0.00737      0
-1.4     0.00739      0
-1.38571     0.007434      0
-1.37143     0.007502      0
-1.35714     0.007538      0
-1.34286     0.007582      0
-1.32857     0.007636      0
-1.31429     0.007666      0
-1.3     0.007732      0
-1.28571     0.007788      0
-1.27143     0.007814      0
-1.25714     0.007882      0
-1.24286     0.007946      0
-1.22857     0.00799      0
-1.21429     0.008006      0
-1.2     0.008134      0
-1.18571     0.008182      0
-1.17143     0.008234      0
-1.15714     0.008306      0
-1.14286     0.008392      0
-1.12857     0.00845      0
-1.11429     0.008508      0
-1.1     0.00859      0
-1.08571     0.008722      0
-1.07143     0.008778      0
-1.05714     0.00888      0
-1.04286     0.00895      0
-1.02857     0.009086      0
-1.01429     0.009158      0
-1     0.00925      0
-0.985714     0.00942      0
-0.971429     0.009548      0
-0.957143     0.009602      0
-0.942857     0.009828      0
-0.928571     0.009922      0
-0.914286     0.010116      0
-0.9     0.010296      0
-0.885714     0.010486      0
-0.871429     0.01066      0
-0.857143     0.010914      0
-0.842857     0.011172      0
-0.828571     0.011368      0
-0.814286     0.011786      0
-0.8     0.012074      0
-0.785714     0.012428      0
-0.771429     0.013084      0
-0.757143     0.013462      0
-0.742857     0.01423      0
-0.728571     0.01514      0
-0.714286     0.016376      0
-0.7     0.0197545      0
-0.685714     0.041524      0
-0.671429     0.048494      0
-0.657143     0.029492      0
-0.642857     0.023654      0
-0.628571     0.020476      0
-0.614286     0.018126      0
-0.6     0.016526      0
-0.585714     0.015196      0
-0.571429     0.014116      0
-0.557143     0.01313      0
-0.542857     0.012368      0
-0.528571     0.01166      0
-0.514286     0.011102      0
-0.5     0.01052      0
-0.485714     0.010022      0
-0.471429     0.009546      0
-0.457143     0.009104      0
-0.442857     0.008774      0
-0.428571     0.00834      0
-0.414286     0.008018      0
-0.4     0.007001      0
-0.385714     0      0
-0.371429     0      0
-0.357143     0      0
-0.342857     0      0
-0.328571     0      0
-0.314286     0      0
-0.3     0      0
-0.285714     0      0
-0.271429     0      0
-0.257143     0      0
-0.242857     0      0
-0.228571     0      0
-0.214286     0      0
-0.2     0      0
-0.185714     0      0
-0.171429     0      0
-0.157143     0      0
-0.142857     0      0
-0.128571     0      0
-0.114286     0      0
-0.1     0      0
-0.0857143     0      0
-0.0714286     0      0
-0.0571429     0      0
-0.0428571     0      0
-0.0285714     0      0
-0.0142857     0      0
0     0      1.46289e-30
0.0142857     0      6.91016e-23
0.0285714     0      2.16406e-22
0.0428571     0      6.85406e-16
0.0571429     0      4.24626e-10
0.0714286     0      3.4935e-09
0.0857143     0      0.0052625
0.1     0      0.01351
0.114286     0      0.012432
0.128571     0      0.011764
0.142857     0      0.011284
0.157143     0      0.010986
0.171429     0      0.01069
0.185714     0      0.010618
0.2     0      0.010536
0.214286     0      0.010448
0.228571     0      0.010498
0.242857     0      0.010524
0.257143     0      0.010582
0.271429     0      0.01076
0.285714     0      0.010874
0.3     0      0.011156
0.314286     0      0.011412
0.328571     0      0.011822
0.342857     0      0.012318
0.357143     0      0.013134
0.371429     0      0.014566
0.385714     0      0.018307
0.4     0      0.01504
0.414286     0      0.013034
0.428571     0      0.011984
0.442857     0      0.011256
0.457143     0      0.010738
0.471429     0      0.010246
0.485714     0      0.009878
0.5     0      0.009538
0.514286     0      0.009224
0.528571     0      0.009038
0.542857     0      0.00877
0.557143     0      0.008568
0.571429     0      0.008358
0.585714     0      0.00823
0.6     0      0.008012
0.614286     0      0.007876
0.628571     0      0.007754
0.642857     0      0.007636
0.657143     0      0.007518
0.671429     0      0.007336
0.685714     0      0.007274
0.7     0      0.007186
0.714286     0      0.007056
0.728571     0      0.00697
0.742857     0      0.00688
0.757143     0      0.006774
0.771429     0      0.00674
0.785714     0      0.00663
0.8     0      0.00656
0.814286     0      0.006482
0.828571     0      0.006456
0.842857     0      0.006366
0.857143     0      0.006262
0.871429     0      0.006218
0.885714     0      0.006168
0.9     0      0.006122
0.914286     0      0.006052
0.928571     0      0.005992
0.942857     0      0.005944
0.957143     0      0.005864
0.971429     0      0.005842
0.985714     0      0.005754
1     0      0.005758
1.01429     0      0.005708
1.02857     0      0.005652
1.04286     0      0.00558
1.05714     0      0.005572
1.07143     0      0.00551
1.08571     0      0.005478
1.1     0      0.005426
1.11429     0      0.00542
1.12857     0      0.005324
1.14286     0      0.0053
1.15714     0      0.005312
1.17143     0      0.005224
1.18571     0      0.0052
1.2     0      0.005198
1.21429     0      0.005138
1.22857     0      0.005114
1.24286     0      0.00508
1.25714     0      0.005034
1.27143     0      0.00499
1.28571     0      0.00498
1.3     0      0.004962
1.31429     0      0.004878
1.32857     0      0.00491
1.34286     0      0.004872
1.35714     0      0.004816
1.37143     0      0.004804
1.38571     0      0.004766
1.4     0      0.004756
1.41429     0      0.004732
1.42857     0      0.00469
1.44286     0      0.004644
1.45714     0      0.004638
1.47143     0      0.004644
1.48571     0      0.004576
1.5     0      0.004552
1.51429     0      0.004554
1.52857     0      0.004514
1.54286     0      0.004492
1.55714     0      0.004502
1.57143     0      0.004454
1.58571     0      0.004408
1.6     0      0.004418
1.61429     0      0.004374
1.62857     0      0.00439
1.64286     0      0.004328
1.65714     0      0.004294
1.67143     0      0.00431
1.68571     0      0.004266
1.7     0      0.00427
1.71429     0      0.004234
1.72857     0      0.004244
1.74286     0      0.004164
1.75714     0      0.00417
1.77143     0      0.004162
1.78571     0      0.00416
1.8     0      0.004122
1.81429     0      0.00413
1.82857     0      0.004054
1.84286     0      0.004068
1.85714     0      0.004038
1.87143     0      0.004056
1.88571     0      0.004024
1.9     0      0.003976
1.91429     0      0.003976
1.92857     0      0.00397
1.94286     0      0.003956
1.95714     0      0.003928
1.97143     0      0.003934
1.98571     0      0.003862
2     0      0.003918
2.01429     0      0.00385
2.02857     0      0.003838
2.04286     0      0.003828
2.05714     0      0.003832
2.07143     0      0.003816
2.08571     0      0.003788
2.1     0      0.003778
2.11429     0      0.00376
2.12857     0      0.003744
2.14286     0      0.00372
2.15714     0      0.003732
2.17143     0      0.003706
2.18571     0      0.00367
2.2     0      0.00367
2.21429     0      0.003666
2.22857     0      0.00366
2.24286     0      0.00361
2.25714     0      0.00365
2.27143     0      0.00359
2.28571     0      0.00358
2.3     0      0.003588
2.31429     0      0.00357
2.32857     0      0.0032865
2.34286     0      0
2.35714     0      0
2.37143     0      0
2.38571     0      0
2.4     0      0
2.41429     0      0
2.42857     0      0
2.44286     0      0
2.45714     0      0
2.47143     0      0
2.48571     0      0
2.5     0      0
2.51429     0      0
2.52857     0      0
2.54286     0      0
2.55714     0      0
2.57143     0      0
2.58571     0      0
2.6     0      0
2.61429     0      0
2.62857     0      0
2.64286     0      0
2.65714     0      0
2.67143     0      0
2.68571     0      0
2.7     0      0
2.71429     0      0
2.72857     0      0
2.74286     0      0
2.75714     0      0
2.77143     0      0
2.78571     0      0
2.8     0      0
2.81429     0      0
2.82857     0      0
2.84286     0      0
2.85714     0      0
2.87143     0      0
2.88571     0      0
2.9     0      0
2.91429     0      0
2.92857     0      0
2.94286     0      0
2.95714     0      0
2.97143     0      0
2.98571     0      0
3     0      0
3.01429     0      0
3.02857     0      0
3.04286     0      0
3.05714     0      0
3.07143     0      0
3.08571     0      0
3.1     0      0
3.11429     0      0
3.12857     0      0
3.14286     0      0
3.15714     0      0
3.17143     0      0
3.18571     0      0
3.2     0      0
3.21429     0      0
3.22857     0      0
3.24286     0      0
3.25714     0      0
3.27143     0      0
3.28571     0      0
3.3     0      0
3.31429     0      0
3.32857     0      0
3.34286     0      0
3.35714     0      0
3.37143     0      0
3.38571     0      0
3.4     0      0
3.41429     0      0
3.42857     0      0
3.44286     0      0
3.45714     0      0
3.47143     0      0
3.48571     0      0
3.5     0      0
3.51429     0      0
3.52857     0      0
3.54286     0      0
3.55714     0      0
3.57143     0      0
3.58571     0      0
3.6     0      0
3.61429     0      0
3.62857     0      0
3.64286     0      0
3.65714     0      0
3.67143     0      0
3.68571     0      0
3.7     0      0
3.71429     0      0
3.72857     0      0
3.74286     0      0
3.75714     0      0
3.77143     0      0
3.78571     0      0
3.8     0      0
3.81429     0      0
3.82857     0      0
3.84286     0      0
3.85714     0      0
3.87143     0      0
3.88571     0      0
3.9     0      0
3.91429     0      0
3.92857     0      0
3.94286     0      0
3.95714     0      0
3.97143     0      0
3.98571     0      0
4     0      0
4.01429     0      0
4.02857     0      0
4.04286     0      0
4.05714     0      0
4.07143     0      0
4.08571     0      0
4.1     0      0
4.11429     0      0
4.12857     0      0
4.14286     0      0
4.15714     0      0
4.17143     0      0
4.18571     0      0
4.2     0      0
4.21429     0      0
4.22857     0      0
4.24286     0      0
4.25714     0      0
4.27143     0      0
4.28571     0      0
4.3     0      0
4.31429     0      0
4.32857     0      0
4.34286     0      0
4.35714     0      0
4.37143     0      0
4.38571     0      0
4.4     0      0
4.41429     0      0
4.42857     0      0
4.44286     0      0
4.45714     0      0
4.47143     0      0
4.48571     0      0
4.5     0      0
4.51429     0      0
4.52857     0      0
4.54286     0      0
4.55714     0      0
4.57143     0      0
4.58571     0      0
4.6     0      0
4.61429     0      0
4.62857     0      0
4.64286     0      0
4.65714     0      0
4.67143     0      0
4.68571     0      0
4.7     0      0
4.71429     0      0
4.72857     0      0
4.74286     0      0
4.75714     0      0
4.77143     0      0
4.78571     0      0
4.8     0      0
4.81429     0      0
4.82857     0      0
4.84286     0      0
4.85714     0      0
4.87143     0      0
4.88571     0      0
4.9     0      0
4.91429     0      0
4.92857     0      0
4.94286     0      0
4.95714     0      0
4.97143     0      0
4.98571     0      0
