# U,mu,nA_up, nA_dn, nB_up, nB_dn, ms, mf, ntotal,mu,cint
#energy    dos_upn   dos_upp   dos_dnn  dos_dnp GRID=1000 bin=700
-5     0      0
-4.98571     0      0
-4.97143     0      0
-4.95714     0      0
-4.94286     0      0
-4.92857     0      0
-4.91429     0      0
-4.9     0      0
-4.88571     0      0
-4.87143     0      0
-4.85714     0      0
-4.84286     0      0
-4.82857     0      0
-4.81429     0      0
-4.8     0      0
-4.78571     0      0
-4.77143     0      0
-4.75714     0      0
-4.74286     0      0
-4.72857     0      0
-4.71429     0      0
-4.7     0      0
-4.68571     0      0
-4.67143     0      0
-4.65714     0      0
-4.64286     0      0
-4.62857     0      0
-4.61429     0      0
-4.6     0      0
-4.58571     0      0
-4.57143     0      0
-4.55714     0      0
-4.54286     0      0
-4.52857     0      0
-4.51429     0      0
-4.5     0      0
-4.48571     0      0
-4.47143     0      0
-4.45714     0      0
-4.44286     0      0
-4.42857     0      0
-4.41429     0      0
-4.4     0      0
-4.38571     0      0
-4.37143     0      0
-4.35714     0      0
-4.34286     0      0
-4.32857     0      0
-4.31429     0      0
-4.3     0      0
-4.28571     0      0
-4.27143     0      0
-4.25714     0      0
-4.24286     0      0
-4.22857     0      0
-4.21429     0      0
-4.2     0      0
-4.18571     0      0
-4.17143     0      0
-4.15714     0      0
-4.14286     0      0
-4.12857     0      0
-4.11429     0      0
-4.1     0      0
-4.08571     0      0
-4.07143     0      0
-4.05714     0      0
-4.04286     0      0
-4.02857     0      0
-4.01429     0      0
-4     0      0
-3.98571     0      0
-3.97143     0      0
-3.95714     0      0
-3.94286     0      0
-3.92857     0      0
-3.91429     0      0
-3.9     0      0
-3.88571     0      0
-3.87143     0      0
-3.85714     0      0
-3.84286     0      0
-3.82857     0      0
-3.81429     0      0
-3.8     0      0
-3.78571     0      0
-3.77143     0      0
-3.75714     0      0
-3.74286     0      0
-3.72857     0      0
-3.71429     0      0
-3.7     0      0
-3.68571     0      0
-3.67143     0      0
-3.65714     0      0
-3.64286     0      0
-3.62857     0      0
-3.61429     0      0
-3.6     0      0
-3.58571     0      0
-3.57143     0      0
-3.55714     0      0
-3.54286     0      0
-3.52857     0      0
-3.51429     0      0
-3.5     0      0
-3.48571     0      0
-3.47143     0      0
-3.45714     0      0
-3.44286     0      0
-3.42857     0      0
-3.41429     0      0
-3.4     0      0
-3.38571     0      0
-3.37143     0      0
-3.35714     0      0
-3.34286     0      0
-3.32857     0      0
-3.31429     0      0
-3.3     0      0
-3.28571     0      0
-3.27143     0      0
-3.25714     0      0
-3.24286     0      0
-3.22857     0      0
-3.21429     0      0
-3.2     0      0
-3.18571     0      0
-3.17143     0      0
-3.15714     0      0
-3.14286     0      0
-3.12857     0      0
-3.11429     0      0
-3.1     0      0
-3.08571     0      0
-3.07143     0      0
-3.05714     0      0
-3.04286     0      0
-3.02857     0      0
-3.01429     0      0
-3     0      0
-2.98571     0      0
-2.97143     0      0
-2.95714     0      0
-2.94286     0      0
-2.92857     0      0
-2.91429     0      0
-2.9     0      0
-2.88571     0      0
-2.87143     0      0
-2.85714     0      0
-2.84286     0      0
-2.82857     0      0
-2.81429     0      0
-2.8     0      0
-2.78571     0      0
-2.77143     0      0
-2.75714     0      0
-2.74286     0      0
-2.72857     0      0
-2.71429     0      0
-2.7     0      0
-2.68571     0      0
-2.67143     0      0
-2.65714     0      0
-2.64286     0      0
-2.62857     0      0
-2.61429     0      0
-2.6     0      0
-2.58571     0      0
-2.57143     0      0
-2.55714     0      0
-2.54286     0      0
-2.52857     0      0
-2.51429     0      0
-2.5     0      0
-2.48571     0      0
-2.47143     0      0
-2.45714     0      0
-2.44286     0      0
-2.42857     0      0
-2.41429     0      0
-2.4     0      0
-2.38571     0      0
-2.37143     0      0
-2.35714     0      0
-2.34286     0      0
-2.32857     0      0
-2.31429     0      0
-2.3     0      0
-2.28571     0      0
-2.27143     0      0
-2.25714     0      0
-2.24286     0      0
-2.22857     0      0
-2.21429     0      0
-2.2     0      0
-2.18571     0      0
-2.17143     0      0
-2.15714     0      0
-2.14286     0      0
-2.12857     0      0
-2.11429     0      0
-2.1     0      0
-2.08571     0      0
-2.07143     0      0
-2.05714     0      0
-2.04286     0      0
-2.02857     0      0
-2.01429     0      0
-2     0      0
-1.98571     0      0
-1.97143     0      0
-1.95714     0      0
-1.94286     5.4625e-11      0
-1.92857     1.696e-09      0
-1.91429     0.000296502      0
-1.9     0.006772      0
-1.88571     0.006792      0
-1.87143     0.006818      0
-1.85714     0.006836      0
-1.84286     0.006882      0
-1.82857     0.006896      0
-1.81429     0.00694      0
-1.8     0.00696      0
-1.78571     0.006966      0
-1.77143     0.007054      0
-1.75714     0.007036      0
-1.74286     0.007102      0
-1.72857     0.007122      0
-1.71429     0.007168      0
-1.7     0.007162      0
-1.68571     0.007242      0
-1.67143     0.007254      0
-1.65714     0.007304      0
-1.64286     0.007354      0
-1.62857     0.007366      0
-1.61429     0.00744      0
-1.6     0.007482      0
-1.58571     0.007498      0
-1.57143     0.00753      0
-1.55714     0.007634      0
-1.54286     0.007648      0
-1.52857     0.007656      0
-1.51429     0.007788      0
-1.5     0.00779      0
-1.48571     0.007838      0
-1.47143     0.007948      0
-1.45714     0.007932      0
-1.44286     0.008076      0
-1.42857     0.008058      0
-1.41429     0.008164      0
-1.4     0.008234      0
-1.38571     0.00829      0
-1.37143     0.008384      0
-1.35714     0.008408      0
-1.34286     0.00853      0
-1.32857     0.008584      0
-1.31429     0.008698      0
-1.3     0.008744      0
-1.28571     0.008896      0
-1.27143     0.008962      0
-1.25714     0.009058      0
-1.24286     0.009166      0
-1.22857     0.00929      0
-1.21429     0.009424      0
-1.2     0.00954      0
-1.18571     0.009636      0
-1.17143     0.009842      0
-1.15714     0.010014      0
-1.14286     0.010154      0
-1.12857     0.010336      0
-1.11429     0.010516      0
-1.1     0.010706      0
-1.08571     0.010988      0
-1.07143     0.011256      0
-1.05714     0.011506      0
-1.04286     0.011762      0
-1.02857     0.012264      0
-1.01429     0.012618      0
-1     0.012976      0
-0.985714     0.01374      0
-0.971429     0.014444      0
-0.957143     0.015192      0
-0.942857     0.016438      0
-0.928571     0.0206565      0
-0.914286     0.04028      0
-0.9     0.053278      0
-0.885714     0.03299      0
-0.871429     0.026174      0
-0.857143     0.022352      0
-0.842857     0.019866      0
-0.828571     0.018      0
-0.814286     0.016536      0
-0.8     0.015316      0
-0.785714     0.014394      0
-0.771429     0.013434      0
-0.757143     0.012696      0
-0.742857     0.012082      0
-0.728571     0.011476      0
-0.714286     0.010908      0
-0.7     0.010442      0
-0.685714     0.009978      0
-0.671429     0.00957      0
-0.657143     0.009184      0
-0.642857     0.008788      0
-0.628571     0.007199      0
-0.614286     0      0
-0.6     0      0
-0.585714     0      0
-0.571429     0      0
-0.557143     0      0
-0.542857     0      0
-0.528571     0      0
-0.514286     0      0
-0.5     0      0
-0.485714     0      0
-0.471429     0      0
-0.457143     0      0
-0.442857     0      0
-0.428571     0      0
-0.414286     0      0
-0.4     0      0
-0.385714     0      0
-0.371429     0      0
-0.357143     0      0
-0.342857     0      0
-0.328571     0      0
-0.314286     0      0
-0.3     0      0
-0.285714     0      0
-0.271429     0      0
-0.257143     0      0
-0.242857     0      0
-0.228571     0      0
-0.214286     0      0
-0.2     0      0
-0.185714     0      0
-0.171429     0      0
-0.157143     0      0
-0.142857     0      0
-0.128571     0      0
-0.114286     0      0
-0.1     0      0
-0.0857143     0      0
-0.0714286     0      0
-0.0571429     0      0
-0.0428571     0      0
-0.0285714     0      0
-0.0142857     0      0
0     0      9.3625e-11
0.0142857     0      0.0044225
0.0285714     0      0.01385
0.0428571     0      0.012836
0.0571429     0      0.012214
0.0714286     0      0.011742
0.0857143     0      0.011444
0.1     0      0.011256
0.114286     0      0.011054
0.128571     0      0.011016
0.142857     0      0.010982
0.157143     0      0.010992
0.171429     0      0.010992
0.185714     0      0.011158
0.2     0      0.011204
0.214286     0      0.011442
0.228571     0      0.011672
0.242857     0      0.01199
0.257143     0      0.012378
0.271429     0      0.012958
0.285714     0      0.01379
0.3     0      0.015206
0.314286     0      0.019455
0.328571     0      0.016028
0.342857     0      0.013786
0.357143     0      0.012586
0.371429     0      0.011788
0.385714     0      0.011186
0.4     0      0.010594
0.414286     0      0.010258
0.428571     0      0.009842
0.442857     0      0.00956
0.457143     0      0.009248
0.471429     0      0.009012
0.485714     0      0.008808
0.5     0      0.008566
0.514286     0      0.008402
0.528571     0      0.008194
0.542857     0      0.008054
0.557143     0      0.007866
0.571429     0      0.00775
0.585714     0      0.007618
0.6     0      0.007492
0.614286     0      0.00737
0.628571     0      0.00724
0.642857     0      0.00717
0.657143     0      0.007022
0.671429     0      0.006972
0.685714     0      0.006862
0.7     0      0.006766
0.714286     0      0.006676
0.728571     0      0.006618
0.742857     0      0.006552
0.757143     0      0.006434
0.771429     0      0.006406
0.785714     0      0.006316
0.8     0      0.006262
0.814286     0      0.006188
0.828571     0      0.006146
0.842857     0      0.006046
0.857143     0      0.006002
0.871429     0      0.005932
0.885714     0      0.00589
0.9     0      0.00586
0.914286     0      0.005792
0.928571     0      0.005712
0.942857     0      0.00573
0.957143     0      0.005648
0.971429     0      0.005598
0.985714     0      0.005518
1     0      0.00549
1.01429     0      0.005488
1.02857     0      0.005458
1.04286     0      0.005334
1.05714     0      0.005354
1.07143     0      0.005304
1.08571     0      0.005274
1.1     0      0.00521
1.11429     0      0.005182
1.12857     0      0.005172
1.14286     0      0.005142
1.15714     0      0.005058
1.17143     0      0.005038
1.18571     0      0.005024
1.2     0      0.004986
1.21429     0      0.004954
1.22857     0      0.004914
1.24286     0      0.004884
1.25714     0      0.00489
1.27143     0      0.004854
1.28571     0      0.00475
1.3     0      0.004754
1.31429     0      0.004768
1.32857     0      0.004726
1.34286     0      0.00467
1.35714     0      0.004696
1.37143     0      0.004642
1.38571     0      0.0046
1.4     0      0.004568
1.41429     0      0.004558
1.42857     0      0.004546
1.44286     0      0.004492
1.45714     0      0.004506
1.47143     0      0.00444
1.48571     0      0.004476
1.5     0      0.004404
1.51429     0      0.004382
1.52857     0      0.004424
1.54286     0      0.00431
1.55714     0      0.004314
1.57143     0      0.004302
1.58571     0      0.004322
1.6     0      0.004274
1.61429     0      0.00421
1.62857     0      0.004214
1.64286     0      0.004226
1.65714     0      0.004168
1.67143     0      0.00418
1.68571     0      0.004128
1.7     0      0.004126
1.71429     0      0.004108
1.72857     0      0.0041
1.74286     0      0.004066
1.75714     0      0.004026
1.77143     0      0.004056
1.78571     0      0.004032
1.8     0      0.00397
1.81429     0      0.004004
1.82857     0      0.003958
1.84286     0      0.003938
1.85714     0      0.003912
1.87143     0      0.003918
1.88571     0      0.003908
1.9     0      0.003874
1.91429     0      0.003852
1.92857     0      0.00386
1.94286     0      0.003824
1.95714     0      0.003812
1.97143     0      0.003794
1.98571     0      0.00381
2     0      0.003738
2.01429     0      0.003776
2.02857     0      0.003732
2.04286     0      0.00373
2.05714     0      0.003692
2.07143     0      0.003724
2.08571     0      0.003674
2.1     0      0.003646
2.11429     0      0.003662
2.12857     0      0.003646
2.14286     0      0.003632
2.15714     0      0.003614
2.17143     0      0.00359
2.18571     0      0.003588
2.2     0      0.0021285
2.21429     0      0
2.22857     0      0
2.24286     0      0
2.25714     0      0
2.27143     0      0
2.28571     0      0
2.3     0      0
2.31429     0      0
2.32857     0      0
2.34286     0      0
2.35714     0      0
2.37143     0      0
2.38571     0      0
2.4     0      0
2.41429     0      0
2.42857     0      0
2.44286     0      0
2.45714     0      0
2.47143     0      0
2.48571     0      0
2.5     0      0
2.51429     0      0
2.52857     0      0
2.54286     0      0
2.55714     0      0
2.57143     0      0
2.58571     0      0
2.6     0      0
2.61429     0      0
2.62857     0      0
2.64286     0      0
2.65714     0      0
2.67143     0      0
2.68571     0      0
2.7     0      0
2.71429     0      0
2.72857     0      0
2.74286     0      0
2.75714     0      0
2.77143     0      0
2.78571     0      0
2.8     0      0
2.81429     0      0
2.82857     0      0
2.84286     0      0
2.85714     0      0
2.87143     0      0
2.88571     0      0
2.9     0      0
2.91429     0      0
2.92857     0      0
2.94286     0      0
2.95714     0      0
2.97143     0      0
2.98571     0      0
3     0      0
3.01429     0      0
3.02857     0      0
3.04286     0      0
3.05714     0      0
3.07143     0      0
3.08571     0      0
3.1     0      0
3.11429     0      0
3.12857     0      0
3.14286     0      0
3.15714     0      0
3.17143     0      0
3.18571     0      0
3.2     0      0
3.21429     0      0
3.22857     0      0
3.24286     0      0
3.25714     0      0
3.27143     0      0
3.28571     0      0
3.3     0      0
3.31429     0      0
3.32857     0      0
3.34286     0      0
3.35714     0      0
3.37143     0      0
3.38571     0      0
3.4     0      0
3.41429     0      0
3.42857     0      0
3.44286     0      0
3.45714     0      0
3.47143     0      0
3.48571     0      0
3.5     0      0
3.51429     0      0
3.52857     0      0
3.54286     0      0
3.55714     0      0
3.57143     0      0
3.58571     0      0
3.6     0      0
3.61429     0      0
3.62857     0      0
3.64286     0      0
3.65714     0      0
3.67143     0      0
3.68571     0      0
3.7     0      0
3.71429     0      0
3.72857     0      0
3.74286     0      0
3.75714     0      0
3.77143     0      0
3.78571     0      0
3.8     0      0
3.81429     0      0
3.82857     0      0
3.84286     0      0
3.85714     0      0
3.87143     0      0
3.88571     0      0
3.9     0      0
3.91429     0      0
3.92857     0      0
3.94286     0      0
3.95714     0      0
3.97143     0      0
3.98571     0      0
4     0      0
4.01429     0      0
4.02857     0      0
4.04286     0      0
4.05714     0      0
4.07143     0      0
4.08571     0      0
4.1     0      0
4.11429     0      0
4.12857     0      0
4.14286     0      0
4.15714     0      0
4.17143     0      0
4.18571     0      0
4.2     0      0
4.21429     0      0
4.22857     0      0
4.24286     0      0
4.25714     0      0
4.27143     0      0
4.28571     0      0
4.3     0      0
4.31429     0      0
4.32857     0      0
4.34286     0      0
4.35714     0      0
4.37143     0      0
4.38571     0      0
4.4     0      0
4.41429     0      0
4.42857     0      0
4.44286     0      0
4.45714     0      0
4.47143     0      0
4.48571     0      0
4.5     0      0
4.51429     0      0
4.52857     0      0
4.54286     0      0
4.55714     0      0
4.57143     0      0
4.58571     0      0
4.6     0      0
4.61429     0      0
4.62857     0      0
4.64286     0      0
4.65714     0      0
4.67143     0      0
4.68571     0      0
4.7     0      0
4.71429     0      0
4.72857     0      0
4.74286     0      0
4.75714     0      0
4.77143     0      0
4.78571     0      0
4.8     0      0
4.81429     0      0
4.82857     0      0
4.84286     0      0
4.85714     0      0
4.87143     0      0
4.88571     0      0
4.9     0      0
4.91429     0      0
4.92857     0      0
4.94286     0      0
4.95714     0      0
4.97143     0      0
4.98571     0      0
