# U,mu,nA_up, nA_dn, nB_up, nB_dn, ms, mf, ntotal,mu,cint
#energy    dos_upn   dos_upp   dos_dnn  dos_dnp GRID=1000 bin=700
-5     0      0
-4.98571     0      0
-4.97143     0      0
-4.95714     0      0
-4.94286     0      0
-4.92857     0      0
-4.91429     0      0
-4.9     0      0
-4.88571     0      0
-4.87143     0      0
-4.85714     0      0
-4.84286     0      0
-4.82857     0      0
-4.81429     0      0
-4.8     0      0
-4.78571     0      0
-4.77143     0      0
-4.75714     0      0
-4.74286     0      0
-4.72857     0      0
-4.71429     0      0
-4.7     0      0
-4.68571     0      0
-4.67143     0      0
-4.65714     0      0
-4.64286     0      0
-4.62857     0      0
-4.61429     0      0
-4.6     0      0
-4.58571     0      0
-4.57143     0      0
-4.55714     0      0
-4.54286     0      0
-4.52857     0      0
-4.51429     0      0
-4.5     0      0
-4.48571     0      0
-4.47143     0      0
-4.45714     0      0
-4.44286     0      0
-4.42857     0      0
-4.41429     0      0
-4.4     0      0
-4.38571     0      0
-4.37143     0      0
-4.35714     0      0
-4.34286     0      0
-4.32857     0      0
-4.31429     0      0
-4.3     0      0
-4.28571     0      0
-4.27143     0      0
-4.25714     0      0
-4.24286     0      0
-4.22857     0      0
-4.21429     0      0
-4.2     0      0
-4.18571     0      0
-4.17143     0      0
-4.15714     0      0
-4.14286     0      0
-4.12857     0      0
-4.11429     0      0
-4.1     0      0
-4.08571     0      0
-4.07143     0      0
-4.05714     0      0
-4.04286     0      0
-4.02857     0      0
-4.01429     0      0
-4     0      0
-3.98571     0      0
-3.97143     0      0
-3.95714     0      0
-3.94286     0      0
-3.92857     0      0
-3.91429     0      0
-3.9     0      0
-3.88571     0      0
-3.87143     0      0
-3.85714     0      0
-3.84286     0      0
-3.82857     0      0
-3.81429     0      0
-3.8     0      0
-3.78571     0      0
-3.77143     0      0
-3.75714     0      0
-3.74286     0      0
-3.72857     0      0
-3.71429     0      0
-3.7     0      0
-3.68571     0      0
-3.67143     0      0
-3.65714     0      0
-3.64286     0      0
-3.62857     0      0
-3.61429     0      0
-3.6     0      0
-3.58571     0      0
-3.57143     0      0
-3.55714     0      0
-3.54286     0      0
-3.52857     0      0
-3.51429     0      0
-3.5     0      0
-3.48571     0      0
-3.47143     0      0
-3.45714     0      0
-3.44286     0      0
-3.42857     0      0
-3.41429     0      0
-3.4     0      0
-3.38571     0      0
-3.37143     0      0
-3.35714     0      0
-3.34286     0      0
-3.32857     0      0
-3.31429     0      0
-3.3     0      0
-3.28571     0      0
-3.27143     0      0
-3.25714     0      0
-3.24286     0      0
-3.22857     0      0
-3.21429     0      0
-3.2     0      0
-3.18571     0      0
-3.17143     0      0
-3.15714     0      0
-3.14286     0      0
-3.12857     0      0
-3.11429     0      0
-3.1     0      0
-3.08571     0      0
-3.07143     0      0
-3.05714     0      0
-3.04286     0      0
-3.02857     0      0
-3.01429     0      0
-3     0      0
-2.98571     0      0
-2.97143     0      0
-2.95714     0      0
-2.94286     0      0
-2.92857     0      0
-2.91429     0      0
-2.9     0      0
-2.88571     0      0
-2.87143     0      0
-2.85714     0      0
-2.84286     0      0
-2.82857     0      0
-2.81429     0      0
-2.8     0      0
-2.78571     0      0
-2.77143     0      0
-2.75714     0      0
-2.74286     0      0
-2.72857     0      0
-2.71429     0      0
-2.7     0      0
-2.68571     0      0
-2.67143     0      0
-2.65714     0      0
-2.64286     0      0
-2.62857     0      0
-2.61429     0      0
-2.6     0      0
-2.58571     0      0
-2.57143     0      0
-2.55714     0      0
-2.54286     0      0
-2.52857     0      0
-2.51429     0      0
-2.5     0      0
-2.48571     0      0
-2.47143     0      0
-2.45714     0      0
-2.44286     0      0
-2.42857     0      0
-2.41429     0      0
-2.4     0      0
-2.38571     0      0
-2.37143     0      0
-2.35714     0      0
-2.34286     0      0
-2.32857     0      0
-2.31429     0      0
-2.3     0      0
-2.28571     0      0
-2.27143     0      0
-2.25714     0      0
-2.24286     0      0
-2.22857     0      0
-2.21429     0      0
-2.2     0      0
-2.18571     0      0
-2.17143     0      0
-2.15714     0      0
-2.14286     0      0
-2.12857     0      0
-2.11429     0      0
-2.1     0      0
-2.08571     0      0
-2.07143     0      0
-2.05714     0      0
-2.04286     0      0
-2.02857     0      0
-2.01429     0      0
-2     0      0
-1.98571     0      0
-1.97143     0      0
-1.95714     0      0
-1.94286     1.98725e-136      0
-1.92857     6.17001e-135      0
-1.91429     1.07867e-129      0
-1.9     2.46364e-128      0
-1.88571     2.47092e-128      0
-1.87143     2.48037e-128      0
-1.85714     1.06011e-122      0
-1.84286     9.79926e-122      0
-1.82857     9.85165e-122      0
-1.81429     9.88075e-122      0
-1.8     8.55945e-116      0
-1.78571     3.91039e-115      0
-1.77143     3.91738e-115      0
-1.75714     3.93251e-115      0
-1.74286     5.81728e-109      0
-1.72857     1.55764e-108      0
-1.71429     1.56369e-108      0
-1.7     1.573e-108      0
-1.68571     3.53391e-102      0
-1.67143     6.21192e-102      0
-1.65714     6.24173e-102      0
-1.64286     6.26221e-102      0
-1.62857     1.97832e-95      0
-1.61429     2.48626e-95      0
-1.6     2.49073e-95      0
-1.58571     6.17656e-90      0
-1.57143     9.87947e-89      0
-1.55714     0.0054685      0
-1.54286     0.00656      0
-1.52857     0.006574      0
-1.51429     0.006578      0
-1.5     0.006608      0
-1.48571     0.006644      0
-1.47143     0.006636      0
-1.45714     0.006678      0
-1.44286     0.006716      0
-1.42857     0.00672      0
-1.41429     0.006748      0
-1.4     0.006766      0
-1.38571     0.006796      0
-1.37143     0.006824      0
-1.35714     0.00684      0
-1.34286     0.006872      0
-1.32857     0.00688      0
-1.31429     0.00694      0
-1.3     0.006952      0
-1.28571     0.006954      0
-1.27143     0.00701      0
-1.25714     0.007038      0
-1.24286     0.007056      0
-1.22857     0.007142      0
-1.21429     0.0071      0
-1.2     0.007172      0
-1.18571     0.00718      0
-1.17143     0.007182      0
-1.15714     0.00732      0
-1.14286     0.007254      0
-1.12857     0.007348      0
-1.11429     0.007374      0
-1.1     0.007394      0
-1.08571     0.00742      0
-1.07143     0.00747      0
-1.05714     0.007504      0
-1.04286     0.007562      0
-1.02857     0.007598      0
-1.01429     0.007644      0
-1     0.007628      0
-0.985714     0.007754      0
-0.971429     0.007784      0
-0.957143     0.007788      0
-0.942857     0.007872      0
-0.928571     0.007896      0
-0.914286     0.007968      0
-0.9     0.008024      0
-0.885714     0.007998      0
-0.871429     0.008182      0
-0.857143     0.008172      0
-0.842857     0.008238      0
-0.828571     0.008244      0
-0.814286     0.00837      0
-0.8     0.008402      0
-0.785714     0.008476      0
-0.771429     0.00852      0
-0.757143     0.008646      0
-0.742857     0.008692      0
-0.728571     0.008764      0
-0.714286     0.008828      0
-0.7     0.0089      0
-0.685714     0.009      0
-0.671429     0.009036      0
-0.657143     0.009196      0
-0.642857     0.009288      0
-0.628571     0.009392      0
-0.614286     0.00944      0
-0.6     0.00956      0
-0.585714     0.00974      0
-0.571429     0.009822      0
-0.557143     0.009892      0
-0.542857     0.010138      0
-0.528571     0.010168      0
-0.514286     0.01043      0
-0.5     0.01048      0
-0.485714     0.010854      0
-0.471429     0.010794      0
-0.457143     0.011336      0
-0.442857     0.01123      0
-0.428571     0.011708      0
-0.414286     0.012022      0
-0.4     0.012302      0
-0.385714     0.012838      0
-0.371429     0.01318      0
-0.357143     0.013946      0
-0.342857     0.014886      0
-0.328571     0.016064      0
-0.314286     0.0188425      0
-0.3     0.043398      0
-0.285714     0.024666      0
-0.271429     0.018698      0
-0.257143     0.015744      0
-0.242857     0.0139      0
-0.228571     0.012428      0
-0.214286     0.011404      0
-0.2     0.010522      0
-0.185714     0.009734      0
-0.171429     0.009128      0
-0.157143     0.008526      0
-0.142857     0.008024      0
-0.128571     0.007566      0
-0.114286     0.007098      0
-0.1     0.00673      0
-0.0857143     0.006388      0
-0.0714286     0.005964      0
-0.0571429     0.005684      0
-0.0428571     0.005356      0
-0.0285714     0.00505      0
-0.0142857     0.004739      0
0     0      0.0114685
0.0142857     0      0.010924
0.0285714     0      0.009862
0.0428571     0      0.009246
0.0571429     0      0.008914
0.0714286     0      0.008642
0.0857143     0      0.008516
0.1     0      0.008428
0.114286     0      0.008418
0.128571     0      0.00836
0.142857     0      0.008408
0.157143     0      0.008468
0.171429     0      0.008606
0.185714     0      0.008684
0.2     0      0.008848
0.214286     0      0.009066
0.228571     0      0.009332
0.242857     0      0.009666
0.257143     0      0.010122
0.271429     0      0.010812
0.285714     0      0.012402
0.3     0      0.013501
0.314286     0      0.011168
0.328571     0      0.01037
0.342857     0      0.009826
0.357143     0      0.009484
0.371429     0      0.009192
0.385714     0      0.008962
0.4     0      0.008678
0.414286     0      0.008486
0.428571     0      0.00844
0.442857     0      0.008188
0.457143     0      0.008062
0.471429     0      0.00795
0.485714     0      0.007822
0.5     0      0.00768
0.514286     0      0.007612
0.528571     0      0.007528
0.542857     0      0.007392
0.557143     0      0.007316
0.571429     0      0.007206
0.585714     0      0.007172
0.6     0      0.007064
0.614286     0      0.006994
0.628571     0      0.006972
0.642857     0      0.006828
0.657143     0      0.006796
0.671429     0      0.006684
0.685714     0      0.006624
0.7     0      0.00666
0.714286     0      0.006522
0.728571     0      0.006508
0.742857     0      0.006374
0.757143     0      0.006406
0.771429     0      0.006272
0.785714     0      0.00632
0.8     0      0.006146
0.814286     0      0.006186
0.828571     0      0.006112
0.842857     0      0.00605
0.857143     0      0.006036
0.871429     0      0.00598
0.885714     0      0.0059
0.9     0      0.0059
0.914286     0      0.005834
0.928571     0      0.005796
0.942857     0      0.00577
0.957143     0      0.005686
0.971429     0      0.00572
0.985714     0      0.005614
1     0      0.00561
1.01429     0      0.005554
1.02857     0      0.005528
1.04286     0      0.005544
1.05714     0      0.005416
1.07143     0      0.005472
1.08571     0      0.00535
1.1     0      0.005386
1.11429     0      0.005266
1.12857     0      0.00534
1.14286     0      0.005234
1.15714     0      0.005242
1.17143     0      0.005166
1.18571     0      0.005196
1.2     0      0.005122
1.21429     0      0.005094
1.22857     0      0.005102
1.24286     0      0.00502
1.25714     0      0.005068
1.27143     0      0.004992
1.28571     0      0.004948
1.3     0      0.004932
1.31429     0      0.004924
1.32857     0      0.004858
1.34286     0      0.00489
1.35714     0      0.00481
1.37143     0      0.004804
1.38571     0      0.004804
1.4     0      0.004716
1.41429     0      0.004758
1.42857     0      0.004706
1.44286     0      0.004692
1.45714     0      0.00469
1.47143     0      0.004582
1.48571     0      0.004638
1.5     0      0.004586
1.51429     0      0.004554
1.52857     0      0.00458
1.54286     0      0.004508
1.55714     0      0.004492
1.57143     0      0.004486
1.58571     0      0.004492
1.6     0      0.0044
1.61429     0      0.004436
1.62857     0      0.004382
1.64286     0      0.004396
1.65714     0      0.004376
1.67143     0      0.004318
1.68571     0      0.004324
1.7     0      0.004298
1.71429     0      0.004286
1.72857     0      0.00426
1.74286     0      0.004266
1.75714     0      0.004202
1.77143     0      0.004196
1.78571     0      0.004198
1.8     0      0.004158
1.81429     0      0.004166
1.82857     0      0.004142
1.84286     0      0.0041
1.85714     0      0.00409
1.87143     0      0.004112
1.88571     0      0.004046
1.9     0      0.004058
1.91429     0      0.004022
1.92857     0      0.00402
1.94286     0      0.003982
1.95714     0      0.004
1.97143     0      0.003962
1.98571     0      0.003962
2     0      0.003954
2.01429     0      0.003896
2.02857     0      0.003896
2.04286     0      0.00389
2.05714     0      0.00388
2.07143     0      0.003882
2.08571     0      0.003824
2.1     0      0.003842
2.11429     0      0.003796
2.12857     0      0.00381
2.14286     0      0.003784
2.15714     0      0.003766
2.17143     0      0.003752
2.18571     0      0.003752
2.2     0      0.003744
2.21429     0      0.0037
2.22857     0      0.003714
2.24286     0      0.003678
2.25714     0      0.003686
2.27143     0      0.003664
2.28571     0      0.00366
2.3     0      0.003614
2.31429     0      0.003624
2.32857     0      0.003608
2.34286     0      0.003594
2.35714     0      0.00361
2.37143     0      0.003554
2.38571     0      0.003566
2.4     0      0.00354
2.41429     0      0.00354
2.42857     0      0.003516
2.44286     0      0.0033725
2.45714     0      4.57125e-10
2.47143     0      2.66563e-17
2.48571     0      6.47071e-30
2.5     0      7.89552e-37
2.51429     0      4.35793e-44
2.52857     0      4.8439e-56
2.54286     0      1.26667e-62
2.55714     0      3.36838e-69
2.57143     0      3.36838e-69
2.58571     0      9.82761e-70
2.6     0      0
2.61429     0      0
2.62857     0      0
2.64286     0      0
2.65714     0      0
2.67143     0      0
2.68571     0      0
2.7     0      0
2.71429     0      0
2.72857     0      0
2.74286     0      0
2.75714     0      0
2.77143     0      0
2.78571     0      0
2.8     0      0
2.81429     0      0
2.82857     0      0
2.84286     0      0
2.85714     0      0
2.87143     0      0
2.88571     0      0
2.9     0      0
2.91429     0      0
2.92857     0      0
2.94286     0      0
2.95714     0      0
2.97143     0      0
2.98571     0      0
3     0      0
3.01429     0      0
3.02857     0      0
3.04286     0      0
3.05714     0      0
3.07143     0      0
3.08571     0      0
3.1     0      0
3.11429     0      0
3.12857     0      0
3.14286     0      0
3.15714     0      0
3.17143     0      0
3.18571     0      0
3.2     0      0
3.21429     0      0
3.22857     0      0
3.24286     0      0
3.25714     0      0
3.27143     0      0
3.28571     0      0
3.3     0      0
3.31429     0      0
3.32857     0      0
3.34286     0      0
3.35714     0      0
3.37143     0      0
3.38571     0      0
3.4     0      0
3.41429     0      0
3.42857     0      0
3.44286     0      0
3.45714     0      0
3.47143     0      0
3.48571     0      0
3.5     0      0
3.51429     0      0
3.52857     0      0
3.54286     0      0
3.55714     0      0
3.57143     0      0
3.58571     0      0
3.6     0      0
3.61429     0      0
3.62857     0      0
3.64286     0      0
3.65714     0      0
3.67143     0      0
3.68571     0      0
3.7     0      0
3.71429     0      0
3.72857     0      0
3.74286     0      0
3.75714     0      0
3.77143     0      0
3.78571     0      0
3.8     0      0
3.81429     0      0
3.82857     0      0
3.84286     0      0
3.85714     0      0
3.87143     0      0
3.88571     0      0
3.9     0      0
3.91429     0      0
3.92857     0      0
3.94286     0      0
3.95714     0      0
3.97143     0      0
3.98571     0      0
4     0      0
4.01429     0      0
4.02857     0      0
4.04286     0      0
4.05714     0      0
4.07143     0      0
4.08571     0      0
4.1     0      0
4.11429     0      0
4.12857     0      0
4.14286     0      0
4.15714     0      0
4.17143     0      0
4.18571     0      0
4.2     0      0
4.21429     0      0
4.22857     0      0
4.24286     0      0
4.25714     0      0
4.27143     0      0
4.28571     0      0
4.3     0      0
4.31429     0      0
4.32857     0      0
4.34286     0      0
4.35714     0      0
4.37143     0      0
4.38571     0      0
4.4     0      0
4.41429     0      0
4.42857     0      0
4.44286     0      0
4.45714     0      0
4.47143     0      0
4.48571     0      0
4.5     0      0
4.51429     0      0
4.52857     0      0
4.54286     0      0
4.55714     0      0
4.57143     0      0
4.58571     0      0
4.6     0      0
4.61429     0      0
4.62857     0      0
4.64286     0      0
4.65714     0      0
4.67143     0      0
4.68571     0      0
4.7     0      0
4.71429     0      0
4.72857     0      0
4.74286     0      0
4.75714     0      0
4.77143     0      0
4.78571     0      0
4.8     0      0
4.81429     0      0
4.82857     0      0
4.84286     0      0
4.85714     0      0
4.87143     0      0
4.88571     0      0
4.9     0      0
4.91429     0      0
4.92857     0      0
4.94286     0      0
4.95714     0      0
4.97143     0      0
4.98571     0      0
