# U,mu,nA_up, nA_dn, nB_up, nB_dn, ms, mf, ntotal,mu,cint
#energy    dos_upn   dos_upp   dos_dnn  dos_dnp GRID=1000 bin=700
-5     0      0
-4.98571     0      0
-4.97143     0      0
-4.95714     0      0
-4.94286     0      0
-4.92857     0      0
-4.91429     0      0
-4.9     0      0
-4.88571     0      0
-4.87143     0      0
-4.85714     0      0
-4.84286     0      0
-4.82857     0      0
-4.81429     0      0
-4.8     0      0
-4.78571     0      0
-4.77143     0      0
-4.75714     0      0
-4.74286     0      0
-4.72857     0      0
-4.71429     0      0
-4.7     0      0
-4.68571     0      0
-4.67143     0      0
-4.65714     0      0
-4.64286     0      0
-4.62857     0      0
-4.61429     0      0
-4.6     0      0
-4.58571     0      0
-4.57143     0      0
-4.55714     0      0
-4.54286     0      0
-4.52857     0      0
-4.51429     0      0
-4.5     0      0
-4.48571     0      0
-4.47143     0      0
-4.45714     0      0
-4.44286     0      0
-4.42857     0      0
-4.41429     0      0
-4.4     0      0
-4.38571     0      0
-4.37143     0      0
-4.35714     0      0
-4.34286     0      0
-4.32857     0      0
-4.31429     0      0
-4.3     0      0
-4.28571     0      0
-4.27143     0      0
-4.25714     0      0
-4.24286     0      0
-4.22857     0      0
-4.21429     0      0
-4.2     0      0
-4.18571     0      0
-4.17143     0      0
-4.15714     0      0
-4.14286     0      0
-4.12857     0      0
-4.11429     0      0
-4.1     0      0
-4.08571     0      0
-4.07143     0      0
-4.05714     0      0
-4.04286     0      0
-4.02857     0      0
-4.01429     0      0
-4     0      0
-3.98571     0      0
-3.97143     0      0
-3.95714     0      0
-3.94286     0      0
-3.92857     0      0
-3.91429     0      0
-3.9     0      0
-3.88571     0      0
-3.87143     0      0
-3.85714     0      0
-3.84286     0      0
-3.82857     0      0
-3.81429     0      0
-3.8     0      0
-3.78571     0      0
-3.77143     0      0
-3.75714     0      0
-3.74286     0      0
-3.72857     0      0
-3.71429     0      0
-3.7     0      0
-3.68571     0      0
-3.67143     0      0
-3.65714     0      0
-3.64286     0      0
-3.62857     0      0
-3.61429     0      0
-3.6     0      0
-3.58571     0      0
-3.57143     0      0
-3.55714     0      0
-3.54286     0      0
-3.52857     0      0
-3.51429     0      0
-3.5     0      0
-3.48571     0      0
-3.47143     0      0
-3.45714     0      0
-3.44286     0      0
-3.42857     0      0
-3.41429     0      0
-3.4     0      0
-3.38571     0      0
-3.37143     0      0
-3.35714     0      0
-3.34286     0      0
-3.32857     0      0
-3.31429     0      0
-3.3     0      0
-3.28571     0      0
-3.27143     0      0
-3.25714     0      0
-3.24286     0      0
-3.22857     0      0
-3.21429     0      0
-3.2     0      0
-3.18571     0      0
-3.17143     0      0
-3.15714     0      0
-3.14286     0      0
-3.12857     0      0
-3.11429     0      0
-3.1     0      0
-3.08571     0      0
-3.07143     0      0
-3.05714     0      0
-3.04286     0      0
-3.02857     0      0
-3.01429     0      0
-3     0      0
-2.98571     0      0
-2.97143     0      0
-2.95714     0      0
-2.94286     0      0
-2.92857     0      0
-2.91429     0      0
-2.9     0      0
-2.88571     0      0
-2.87143     0      0
-2.85714     0      0
-2.84286     0      0
-2.82857     0      0
-2.81429     0      0
-2.8     0      0
-2.78571     0      0
-2.77143     0      0
-2.75714     0      0
-2.74286     0      0
-2.72857     0      0
-2.71429     0      0
-2.7     0      0
-2.68571     0      0
-2.67143     0      0
-2.65714     0      0
-2.64286     0      0
-2.62857     0      0
-2.61429     0      0
-2.6     0      0
-2.58571     0      0
-2.57143     0      0
-2.55714     0      0
-2.54286     0      0
-2.52857     0      0
-2.51429     0      0
-2.5     0      0
-2.48571     0      0
-2.47143     0      0
-2.45714     0      0
-2.44286     0      0
-2.42857     0      0
-2.41429     0      0
-2.4     0      0
-2.38571     0      0
-2.37143     0      0
-2.35714     0      0
-2.34286     0      0
-2.32857     0      0
-2.31429     0      0
-2.3     0      0
-2.28571     0      0
-2.27143     0      0
-2.25714     0      0
-2.24286     0      0
-2.22857     0      0
-2.21429     0      0
-2.2     0      0
-2.18571     0      0
-2.17143     0      0
-2.15714     0      0
-2.14286     0      0
-2.12857     0      0
-2.11429     0      0
-2.1     0      0
-2.08571     0      0
-2.07143     0      0
-2.05714     0      0
-2.04286     0      0
-2.02857     0      0
-2.01429     0      0
-2     0      0
-1.98571     0      0
-1.97143     0      0
-1.95714     0      0
-1.94286     3.17959e-123      0
-1.92857     9.87202e-122      0
-1.91429     1.72587e-116      0
-1.9     3.94182e-115      0
-1.88571     3.95347e-115      0
-1.87143     3.9686e-115      0
-1.85714     1.69618e-109      0
-1.84286     1.56788e-108      0
-1.82857     1.57626e-108      0
-1.81429     1.58092e-108      0
-1.8     1.36951e-102      0
-1.78571     6.25663e-102      0
-1.77143     6.2678e-102      0
-1.75714     6.29202e-102      0
-1.74286     9.30764e-96      0
-1.72857     2.49222e-95      0
-1.71429     2.50191e-95      0
-1.7     2.51681e-95      0
-1.68571     5.65425e-89      0
-1.67143     9.93908e-89      0
-1.65714     9.98676e-89      0
-1.64286     1.00195e-88      0
-1.62857     3.16531e-82      0
-1.61429     3.97802e-82      0
-1.6     3.98517e-82      0
-1.58571     9.88249e-77      0
-1.57143     1.58072e-75      0
-1.55714     1.58501e-75      0
-1.54286     0.0055285      0
-1.52857     0.006536      0
-1.51429     0.006594      0
-1.5     0.006598      0
-1.48571     0.006622      0
-1.47143     0.00664      0
-1.45714     0.00666      0
-1.44286     0.00667      0
-1.42857     0.006698      0
-1.41429     0.006724      0
-1.4     0.006776      0
-1.38571     0.006786      0
-1.37143     0.006784      0
-1.35714     0.006814      0
-1.34286     0.006882      0
-1.32857     0.006864      0
-1.31429     0.006902      0
-1.3     0.006944      0
-1.28571     0.006946      0
-1.27143     0.006988      0
-1.25714     0.00703      0
-1.24286     0.007054      0
-1.22857     0.007068      0
-1.21429     0.00712      0
-1.2     0.007122      0
-1.18571     0.00717      0
-1.17143     0.007188      0
-1.15714     0.007272      0
-1.14286     0.007246      0
-1.12857     0.00732      0
-1.11429     0.007334      0
-1.1     0.007378      0
-1.08571     0.007426      0
-1.07143     0.007442      0
-1.05714     0.007482      0
-1.04286     0.007536      0
-1.02857     0.007574      0
-1.01429     0.00756      0
-1     0.00769      0
-0.985714     0.007732      0
-0.971429     0.007722      0
-0.957143     0.007762      0
-0.942857     0.007862      0
-0.928571     0.007852      0
-0.914286     0.007948      0
-0.9     0.007988      0
-0.885714     0.008006      0
-0.871429     0.00811      0
-0.857143     0.008136      0
-0.842857     0.008202      0
-0.828571     0.008274      0
-0.814286     0.008332      0
-0.8     0.008358      0
-0.785714     0.00848      0
-0.771429     0.008512      0
-0.757143     0.00857      0
-0.742857     0.008636      0
-0.728571     0.00872      0
-0.714286     0.008808      0
-0.7     0.008876      0
-0.685714     0.008968      0
-0.671429     0.00906      0
-0.657143     0.009156      0
-0.642857     0.009248      0
-0.628571     0.00934      0
-0.614286     0.009452      0
-0.6     0.009494      0
-0.585714     0.009684      0
-0.571429     0.009806      0
-0.557143     0.009846      0
-0.542857     0.010122      0
-0.528571     0.010218      0
-0.514286     0.010302      0
-0.5     0.010576      0
-0.485714     0.010616      0
-0.471429     0.011044      0
-0.457143     0.010928      0
-0.442857     0.011536      0
-0.428571     0.011644      0
-0.414286     0.012002      0
-0.4     0.012188      0
-0.385714     0.012886      0
-0.371429     0.01316      0
-0.357143     0.013962      0
-0.342857     0.014902      0
-0.328571     0.016082      0
-0.314286     0.0188125      0
-0.3     0.04433      0
-0.285714     0.025846      0
-0.271429     0.019474      0
-0.257143     0.016278      0
-0.242857     0.014306      0
-0.228571     0.012924      0
-0.214286     0.011742      0
-0.2     0.010862      0
-0.185714     0.010044      0
-0.171429     0.00944      0
-0.157143     0.008804      0
-0.142857     0.008292      0
-0.128571     0.007826      0
-0.114286     0.007374      0
-0.1     0.006954      0
-0.0857143     0.0066      0
-0.0714286     0.006256      0
-0.0571429     0.00592      0
-0.0428571     0.005596      0
-0.0285714     0.005282      0
-0.0142857     0.004961      0
0     0      5.44969e-123
0.0142857     0      2.57424e-115
0.0285714     0      0.0097225
0.0428571     0      0.011286
0.0571429     0      0.010274
0.0714286     0      0.009552
0.0857143     0      0.009146
0.1     0      0.008892
0.114286     0      0.008714
0.128571     0      0.00863
0.142857     0      0.008562
0.157143     0      0.00858
0.171429     0      0.008536
0.185714     0      0.008644
0.2     0      0.008764
0.214286     0      0.008816
0.228571     0      0.009
0.242857     0      0.009174
0.257143     0      0.009452
0.271429     0      0.009822
0.285714     0      0.010194
0.3     0      0.010924
0.314286     0      0.01227
0.328571     0      0.014137
0.342857     0      0.01156
0.357143     0      0.01059
0.371429     0      0.01011
0.385714     0      0.009558
0.4     0      0.0093
0.414286     0      0.009068
0.428571     0      0.00881
0.442857     0      0.008584
0.457143     0      0.008404
0.471429     0      0.008348
0.485714     0      0.00807
0.5     0      0.007976
0.514286     0      0.007892
0.528571     0      0.007728
0.542857     0      0.007646
0.557143     0      0.00748
0.571429     0      0.00744
0.585714     0      0.007366
0.6     0      0.00724
0.614286     0      0.007144
0.628571     0      0.007094
0.642857     0      0.007008
0.657143     0      0.006892
0.671429     0      0.006882
0.685714     0      0.006824
0.7     0      0.006696
0.714286     0      0.006678
0.728571     0      0.006576
0.742857     0      0.006534
0.757143     0      0.006456
0.771429     0      0.006422
0.785714     0      0.00638
0.8     0      0.006238
0.814286     0      0.006296
0.828571     0      0.006206
0.842857     0      0.006178
0.857143     0      0.006084
0.871429     0      0.006066
0.885714     0      0.005982
0.9     0      0.00598
0.914286     0      0.005932
0.928571     0      0.005864
0.942857     0      0.005816
0.957143     0      0.005828
0.971429     0      0.005698
0.985714     0      0.00575
1     0      0.00565
1.01429     0      0.00564
1.02857     0      0.005606
1.04286     0      0.005522
1.05714     0      0.005552
1.07143     0      0.005438
1.08571     0      0.005488
1.1     0      0.00538
1.11429     0      0.005388
1.12857     0      0.005342
1.14286     0      0.005308
1.15714     0      0.005272
1.17143     0      0.00528
1.18571     0      0.00517
1.2     0      0.005198
1.21429     0      0.005172
1.22857     0      0.005118
1.24286     0      0.005118
1.25714     0      0.005022
1.27143     0      0.005044
1.28571     0      0.004998
1.3     0      0.004982
1.31429     0      0.004958
1.32857     0      0.004932
1.34286     0      0.004864
1.35714     0      0.004904
1.37143     0      0.004878
1.38571     0      0.004758
1.4     0      0.004812
1.41429     0      0.004772
1.42857     0      0.004768
1.44286     0      0.00471
1.45714     0      0.00467
1.47143     0      0.004696
1.48571     0      0.004652
1.5     0      0.004616
1.51429     0      0.004622
1.52857     0      0.00455
1.54286     0      0.004546
1.55714     0      0.004568
1.57143     0      0.0045
1.58571     0      0.004504
1.6     0      0.004474
1.61429     0      0.004452
1.62857     0      0.004408
1.64286     0      0.004388
1.65714     0      0.004402
1.67143     0      0.004372
1.68571     0      0.004378
1.7     0      0.004292
1.71429     0      0.004292
1.72857     0      0.004322
1.74286     0      0.00425
1.75714     0      0.004248
1.77143     0      0.004258
1.78571     0      0.004186
1.8     0      0.00421
1.81429     0      0.004148
1.82857     0      0.004174
1.84286     0      0.00415
1.85714     0      0.00411
1.87143     0      0.004144
1.88571     0      0.004086
1.9     0      0.00405
1.91429     0      0.004074
1.92857     0      0.00404
1.94286     0      0.00401
1.95714     0      0.003998
1.97143     0      0.003984
1.98571     0      0.003982
2     0      0.003952
2.01429     0      0.003956
2.02857     0      0.0039
2.04286     0      0.003924
2.05714     0      0.003888
2.07143     0      0.003902
2.08571     0      0.003864
2.1     0      0.003838
2.11429     0      0.003844
2.12857     0      0.003794
2.14286     0      0.003826
2.15714     0      0.003782
2.17143     0      0.00377
2.18571     0      0.00378
2.2     0      0.003748
2.21429     0      0.003732
2.22857     0      0.003718
2.24286     0      0.003704
2.25714     0      0.00372
2.27143     0      0.003652
2.28571     0      0.003672
2.3     0      0.003652
2.31429     0      0.003646
2.32857     0      0.003628
2.34286     0      0.003608
2.35714     0      0.003602
2.37143     0      0.003582
2.38571     0      0.003584
2.4     0      0.003556
2.41429     0      0.003556
2.42857     0      0.003548
2.44286     0      0.003522
2.45714     0      0.003508
2.47143     0      0.000426501
2.48571     0      1.03531e-16
2.5     0      1.26328e-23
2.51429     0      6.97269e-31
2.52857     0      7.75025e-43
2.54286     0      2.02667e-49
2.55714     0      5.38941e-56
2.57143     0      5.3894e-56
2.58571     0      1.57242e-56
2.6     0      0
2.61429     0      0
2.62857     0      0
2.64286     0      0
2.65714     0      0
2.67143     0      0
2.68571     0      0
2.7     0      0
2.71429     0      0
2.72857     0      0
2.74286     0      0
2.75714     0      0
2.77143     0      0
2.78571     0      0
2.8     0      0
2.81429     0      0
2.82857     0      0
2.84286     0      0
2.85714     0      0
2.87143     0      0
2.88571     0      0
2.9     0      0
2.91429     0      0
2.92857     0      0
2.94286     0      0
2.95714     0      0
2.97143     0      0
2.98571     0      0
3     0      0
3.01429     0      0
3.02857     0      0
3.04286     0      0
3.05714     0      0
3.07143     0      0
3.08571     0      0
3.1     0      0
3.11429     0      0
3.12857     0      0
3.14286     0      0
3.15714     0      0
3.17143     0      0
3.18571     0      0
3.2     0      0
3.21429     0      0
3.22857     0      0
3.24286     0      0
3.25714     0      0
3.27143     0      0
3.28571     0      0
3.3     0      0
3.31429     0      0
3.32857     0      0
3.34286     0      0
3.35714     0      0
3.37143     0      0
3.38571     0      0
3.4     0      0
3.41429     0      0
3.42857     0      0
3.44286     0      0
3.45714     0      0
3.47143     0      0
3.48571     0      0
3.5     0      0
3.51429     0      0
3.52857     0      0
3.54286     0      0
3.55714     0      0
3.57143     0      0
3.58571     0      0
3.6     0      0
3.61429     0      0
3.62857     0      0
3.64286     0      0
3.65714     0      0
3.67143     0      0
3.68571     0      0
3.7     0      0
3.71429     0      0
3.72857     0      0
3.74286     0      0
3.75714     0      0
3.77143     0      0
3.78571     0      0
3.8     0      0
3.81429     0      0
3.82857     0      0
3.84286     0      0
3.85714     0      0
3.87143     0      0
3.88571     0      0
3.9     0      0
3.91429     0      0
3.92857     0      0
3.94286     0      0
3.95714     0      0
3.97143     0      0
3.98571     0      0
4     0      0
4.01429     0      0
4.02857     0      0
4.04286     0      0
4.05714     0      0
4.07143     0      0
4.08571     0      0
4.1     0      0
4.11429     0      0
4.12857     0      0
4.14286     0      0
4.15714     0      0
4.17143     0      0
4.18571     0      0
4.2     0      0
4.21429     0      0
4.22857     0      0
4.24286     0      0
4.25714     0      0
4.27143     0      0
4.28571     0      0
4.3     0      0
4.31429     0      0
4.32857     0      0
4.34286     0      0
4.35714     0      0
4.37143     0      0
4.38571     0      0
4.4     0      0
4.41429     0      0
4.42857     0      0
4.44286     0      0
4.45714     0      0
4.47143     0      0
4.48571     0      0
4.5     0      0
4.51429     0      0
4.52857     0      0
4.54286     0      0
4.55714     0      0
4.57143     0      0
4.58571     0      0
4.6     0      0
4.61429     0      0
4.62857     0      0
4.64286     0      0
4.65714     0      0
4.67143     0      0
4.68571     0      0
4.7     0      0
4.71429     0      0
4.72857     0      0
4.74286     0      0
4.75714     0      0
4.77143     0      0
4.78571     0      0
4.8     0      0
4.81429     0      0
4.82857     0      0
4.84286     0      0
4.85714     0      0
4.87143     0      0
4.88571     0      0
4.9     0      0
4.91429     0      0
4.92857     0      0
4.94286     0      0
4.95714     0      0
4.97143     0      0
4.98571     0      0
