# U,mu,nA_up, nA_dn, nB_up, nB_dn, ms, mf, ntotal,mu,cint
#energy    dos_upn   dos_upp   dos_dnn  dos_dnp GRID=1000 bin=700
-5     0      0
-4.98571     0      0
-4.97143     0      0
-4.95714     0      0
-4.94286     0      0
-4.92857     0      0
-4.91429     0      0
-4.9     0      0
-4.88571     0      0
-4.87143     0      0
-4.85714     0      0
-4.84286     0      0
-4.82857     0      0
-4.81429     0      0
-4.8     0      0
-4.78571     0      0
-4.77143     0      0
-4.75714     0      0
-4.74286     0      0
-4.72857     0      0
-4.71429     0      0
-4.7     0      0
-4.68571     0      0
-4.67143     0      0
-4.65714     0      0
-4.64286     0      0
-4.62857     0      0
-4.61429     0      0
-4.6     0      0
-4.58571     0      0
-4.57143     0      0
-4.55714     0      0
-4.54286     0      0
-4.52857     0      0
-4.51429     0      0
-4.5     0      0
-4.48571     0      0
-4.47143     0      0
-4.45714     0      0
-4.44286     0      0
-4.42857     0      0
-4.41429     0      0
-4.4     0      0
-4.38571     0      0
-4.37143     0      0
-4.35714     0      0
-4.34286     0      0
-4.32857     0      0
-4.31429     0      0
-4.3     0      0
-4.28571     0      0
-4.27143     0      0
-4.25714     0      0
-4.24286     0      0
-4.22857     0      0
-4.21429     0      0
-4.2     0      0
-4.18571     0      0
-4.17143     0      0
-4.15714     0      0
-4.14286     0      0
-4.12857     0      0
-4.11429     0      0
-4.1     0      0
-4.08571     0      0
-4.07143     0      0
-4.05714     0      0
-4.04286     0      0
-4.02857     0      0
-4.01429     0      0
-4     0      0
-3.98571     0      0
-3.97143     0      0
-3.95714     0      0
-3.94286     0      0
-3.92857     0      0
-3.91429     0      0
-3.9     0      0
-3.88571     0      0
-3.87143     0      0
-3.85714     0      0
-3.84286     0      0
-3.82857     0      0
-3.81429     0      0
-3.8     0      0
-3.78571     0      0
-3.77143     0      0
-3.75714     0      0
-3.74286     0      0
-3.72857     0      0
-3.71429     0      0
-3.7     0      0
-3.68571     0      0
-3.67143     0      0
-3.65714     0      0
-3.64286     0      0
-3.62857     0      0
-3.61429     0      0
-3.6     0      0
-3.58571     0      0
-3.57143     0      0
-3.55714     0      0
-3.54286     0      0
-3.52857     0      0
-3.51429     0      0
-3.5     0      0
-3.48571     0      0
-3.47143     0      0
-3.45714     0      0
-3.44286     0      0
-3.42857     0      0
-3.41429     0      0
-3.4     0      0
-3.38571     0      0
-3.37143     0      0
-3.35714     0      0
-3.34286     0      0
-3.32857     0      0
-3.31429     0      0
-3.3     0      0
-3.28571     0      0
-3.27143     0      0
-3.25714     0      0
-3.24286     0      0
-3.22857     0      0
-3.21429     0      0
-3.2     0      0
-3.18571     0      0
-3.17143     0      0
-3.15714     0      0
-3.14286     0      0
-3.12857     0      0
-3.11429     0      0
-3.1     0      0
-3.08571     0      0
-3.07143     0      0
-3.05714     0      0
-3.04286     0      0
-3.02857     0      0
-3.01429     0      0
-3     0      0
-2.98571     0      0
-2.97143     0      0
-2.95714     0      0
-2.94286     0      0
-2.92857     0      0
-2.91429     0      0
-2.9     0      0
-2.88571     0      0
-2.87143     0      0
-2.85714     0      0
-2.84286     0      0
-2.82857     0      0
-2.81429     0      0
-2.8     0      0
-2.78571     0      0
-2.77143     0      0
-2.75714     0      0
-2.74286     0      0
-2.72857     0      0
-2.71429     0      0
-2.7     0      0
-2.68571     0      0
-2.67143     0      0
-2.65714     0      0
-2.64286     0      0
-2.62857     0      0
-2.61429     0      0
-2.6     0      0
-2.58571     0      0
-2.57143     0      0
-2.55714     0      0
-2.54286     0      0
-2.52857     0      0
-2.51429     0      0
-2.5     0      0
-2.48571     0      0
-2.47143     0      0
-2.45714     0      0
-2.44286     0      0
-2.42857     0      0
-2.41429     0      0
-2.4     0      0
-2.38571     0      0
-2.37143     0      0
-2.35714     0      0
-2.34286     0      0
-2.32857     0      0
-2.31429     0      0
-2.3     0      0
-2.28571     0      0
-2.27143     0      0
-2.25714     0      0
-2.24286     0      0
-2.22857     0      0
-2.21429     0      0
-2.2     0      0
-2.18571     0      0
-2.17143     0      0
-2.15714     0      0
-2.14286     0      0
-2.12857     0      0
-2.11429     0      0
-2.1     0      0
-2.08571     0      0
-2.07143     0      0
-2.05714     0      0
-2.04286     0      0
-2.02857     0      0
-2.01429     0      0
-2     0      0
-1.98571     0      0
-1.97143     0      0
-1.95714     0      0
-1.94286     8.13976e-97      0
-1.92857     2.52724e-95      0
-1.91429     4.41822e-90      0
-1.9     1.00911e-88      0
-1.88571     1.01209e-88      0
-1.87143     1.01596e-88      0
-1.85714     4.34221e-83      0
-1.84286     4.01378e-82      0
-1.82857     4.03524e-82      0
-1.81429     4.04716e-82      0
-1.8     3.50595e-76      0
-1.78571     1.6017e-75      0
-1.77143     1.60456e-75      0
-1.75714     1.61076e-75      0
-1.74286     2.38276e-69      0
-1.72857     6.38008e-69      0
-1.71429     6.40488e-69      0
-1.7     6.44303e-69      0
-1.68571     1.44749e-62      0
-1.67143     2.5444e-62      0
-1.65714     2.55661e-62      0
-1.64286     2.565e-62      0
-1.62857     8.10318e-56      0
-1.61429     1.01837e-55      0
-1.6     1.0202e-55      0
-1.58571     2.52992e-50      0
-1.57143     4.04663e-49      0
-1.55714     4.05762e-49      0
-1.54286     4.08203e-49      0
-1.52857     5.69947e-43      0
-1.51429     0.0026925      0
-1.5     0.00656      0
-1.48571     0.006588      0
-1.47143     0.006586      0
-1.45714     0.006632      0
-1.44286     0.006656      0
-1.42857     0.006666      0
-1.41429     0.006712      0
-1.4     0.006696      0
-1.38571     0.006752      0
-1.37143     0.006764      0
-1.35714     0.006762      0
-1.34286     0.006838      0
-1.32857     0.006856      0
-1.31429     0.00683      0
-1.3     0.006918      0
-1.28571     0.006906      0
-1.27143     0.00696      0
-1.25714     0.006968      0
-1.24286     0.007004      0
-1.22857     0.007058      0
-1.21429     0.00705      0
-1.2     0.007086      0
-1.18571     0.00712      0
-1.17143     0.007172      0
-1.15714     0.007166      0
-1.14286     0.00723      0
-1.12857     0.007264      0
-1.11429     0.007264      0
-1.1     0.007366      0
-1.08571     0.007358      0
-1.07143     0.00739      0
-1.05714     0.007438      0
-1.04286     0.00747      0
-1.02857     0.00753      0
-1.01429     0.00759      0
-1     0.007554      0
-0.985714     0.00765      0
-0.971429     0.007678      0
-0.957143     0.007754      0
-0.942857     0.007786      0
-0.928571     0.007808      0
-0.914286     0.007868      0
-0.9     0.007928      0
-0.885714     0.007982      0
-0.871429     0.008022      0
-0.857143     0.008118      0
-0.842857     0.008112      0
-0.828571     0.00819      0
-0.814286     0.008274      0
-0.8     0.008332      0
-0.785714     0.008386      0
-0.771429     0.00846      0
-0.757143     0.0085      0
-0.742857     0.008626      0
-0.728571     0.008652      0
-0.714286     0.008698      0
-0.7     0.008804      0
-0.685714     0.00892      0
-0.671429     0.009016      0
-0.657143     0.009064      0
-0.642857     0.009198      0
-0.628571     0.009272      0
-0.614286     0.009336      0
-0.6     0.009492      0
-0.585714     0.009638      0
-0.571429     0.009736      0
-0.557143     0.009882      0
-0.542857     0.009998      0
-0.528571     0.0101      0
-0.514286     0.010342      0
-0.5     0.01051      0
-0.485714     0.010548      0
-0.471429     0.010954      0
-0.457143     0.011124      0
-0.442857     0.01122      0
-0.428571     0.011728      0
-0.414286     0.011984      0
-0.4     0.012214      0
-0.385714     0.012898      0
-0.371429     0.01318      0
-0.357143     0.013962      0
-0.342857     0.014838      0
-0.328571     0.016156      0
-0.314286     0.0186465      0
-0.3     0.046196      0
-0.285714     0.028912      0
-0.271429     0.021234      0
-0.257143     0.017632      0
-0.242857     0.015464      0
-0.228571     0.01394      0
-0.214286     0.012562      0
-0.2     0.011694      0
-0.185714     0.010858      0
-0.171429     0.010114      0
-0.157143     0.009472      0
-0.142857     0.008944      0
-0.128571     0.00848      0
-0.114286     0.00797      0
-0.1     0.007542      0
-0.0857143     0.00718      0
-0.0714286     0.006806      0
-0.0571429     0.006456      0
-0.0428571     0.006144      0
-0.0285714     0.005852      0
-0.0142857     0.005511      0
0     0      1.39512e-96
0.0142857     0      6.59004e-89
0.0285714     0      2.06381e-88
0.0428571     0      6.53655e-82
0.0571429     0      4.04955e-76
0.0714286     0      3.33166e-75
0.0857143     0      5.01871e-69
0.1     0      0.0050925
0.114286     0      0.012444
0.128571     0      0.011042
0.142857     0      0.010218
0.157143     0      0.009752
0.171429     0      0.009402
0.185714     0      0.009208
0.2     0      0.009066
0.214286     0      0.00901
0.228571     0      0.008938
0.242857     0      0.008986
0.257143     0      0.008988
0.271429     0      0.009102
0.285714     0      0.009182
0.3     0      0.009326
0.314286     0      0.009514
0.328571     0      0.009772
0.342857     0      0.01006
0.357143     0      0.010498
0.371429     0      0.011112
0.385714     0      0.012176
0.4     0      0.015085
0.414286     0      0.01268
0.428571     0      0.011292
0.442857     0      0.01055
0.457143     0      0.010044
0.471429     0      0.009658
0.485714     0      0.009314
0.5     0      0.00904
0.514286     0      0.008818
0.528571     0      0.008594
0.542857     0      0.008446
0.557143     0      0.008292
0.571429     0      0.008076
0.585714     0      0.00797
0.6     0      0.00784
0.614286     0      0.00772
0.628571     0      0.007586
0.642857     0      0.007528
0.657143     0      0.007374
0.671429     0      0.007272
0.685714     0      0.0072
0.7     0      0.007122
0.714286     0      0.007028
0.728571     0      0.006962
0.742857     0      0.006876
0.757143     0      0.0068
0.771429     0      0.00675
0.785714     0      0.00668
0.8     0      0.006604
0.814286     0      0.00656
0.828571     0      0.0064
0.842857     0      0.006444
0.857143     0      0.006368
0.871429     0      0.00631
0.885714     0      0.006238
0.9     0      0.006176
0.914286     0      0.006178
0.928571     0      0.006034
0.942857     0      0.006084
0.957143     0      0.006008
0.971429     0      0.005924
0.985714     0      0.005916
1     0      0.005832
1.01429     0      0.005824
1.02857     0      0.005736
1.04286     0      0.00577
1.05714     0      0.005644
1.07143     0      0.005694
1.08571     0      0.005554
1.1     0      0.005612
1.11429     0      0.005528
1.12857     0      0.005484
1.14286     0      0.005512
1.15714     0      0.005366
1.17143     0      0.005398
1.18571     0      0.005318
1.2     0      0.005356
1.21429     0      0.005252
1.22857     0      0.005268
1.24286     0      0.005194
1.25714     0      0.00522
1.27143     0      0.005158
1.28571     0      0.005102
1.3     0      0.005132
1.31429     0      0.005028
1.32857     0      0.00508
1.34286     0      0.00497
1.35714     0      0.004986
1.37143     0      0.004974
1.38571     0      0.004918
1.4     0      0.004892
1.41429     0      0.004858
1.42857     0      0.004838
1.44286     0      0.004834
1.45714     0      0.004784
1.47143     0      0.004802
1.48571     0      0.00469
1.5     0      0.004734
1.51429     0      0.004702
1.52857     0      0.004662
1.54286     0      0.004652
1.55714     0      0.00461
1.57143     0      0.00459
1.58571     0      0.004584
1.6     0      0.00454
1.61429     0      0.004532
1.62857     0      0.004522
1.64286     0      0.004492
1.65714     0      0.004464
1.67143     0      0.004426
1.68571     0      0.00442
1.7     0      0.00441
1.71429     0      0.004416
1.72857     0      0.004316
1.74286     0      0.004346
1.75714     0      0.004308
1.77143     0      0.004302
1.78571     0      0.004302
1.8     0      0.004264
1.81429     0      0.004254
1.82857     0      0.00419
1.84286     0      0.00423
1.85714     0      0.004164
1.87143     0      0.004194
1.88571     0      0.004138
1.9     0      0.004134
1.91429     0      0.004132
1.92857     0      0.004098
1.94286     0      0.00407
1.95714     0      0.004074
1.97143     0      0.00404
1.98571     0      0.00405
2     0      0.004024
2.01429     0      0.003958
2.02857     0      0.004
2.04286     0      0.003958
2.05714     0      0.003948
2.07143     0      0.00394
2.08571     0      0.0039
2.1     0      0.003904
2.11429     0      0.003882
2.12857     0      0.003892
2.14286     0      0.003854
2.15714     0      0.00382
2.17143     0      0.003842
2.18571     0      0.003816
2.2     0      0.00378
2.21429     0      0.003808
2.22857     0      0.00373
2.24286     0      0.00376
2.25714     0      0.003758
2.27143     0      0.00372
2.28571     0      0.00372
2.3     0      0.003688
2.31429     0      0.003698
2.32857     0      0.003678
2.34286     0      0.003662
2.35714     0      0.003622
2.37143     0      0.003634
2.38571     0      0.003628
2.4     0      0.003594
2.41429     0      0.003606
2.42857     0      0.003586
2.44286     0      0.003558
2.45714     0      0.003568
2.47143     0      0.003544
2.48571     0      0.003516
2.5     0      0.003526
2.51429     0      0.000178501
2.52857     0      1.98406e-16
2.54286     0      5.18828e-23
2.55714     0      1.37969e-29
2.57143     0      1.37969e-29
2.58571     0      4.02539e-30
2.6     0      0
2.61429     0      0
2.62857     0      0
2.64286     0      0
2.65714     0      0
2.67143     0      0
2.68571     0      0
2.7     0      0
2.71429     0      0
2.72857     0      0
2.74286     0      0
2.75714     0      0
2.77143     0      0
2.78571     0      0
2.8     0      0
2.81429     0      0
2.82857     0      0
2.84286     0      0
2.85714     0      0
2.87143     0      0
2.88571     0      0
2.9     0      0
2.91429     0      0
2.92857     0      0
2.94286     0      0
2.95714     0      0
2.97143     0      0
2.98571     0      0
3     0      0
3.01429     0      0
3.02857     0      0
3.04286     0      0
3.05714     0      0
3.07143     0      0
3.08571     0      0
3.1     0      0
3.11429     0      0
3.12857     0      0
3.14286     0      0
3.15714     0      0
3.17143     0      0
3.18571     0      0
3.2     0      0
3.21429     0      0
3.22857     0      0
3.24286     0      0
3.25714     0      0
3.27143     0      0
3.28571     0      0
3.3     0      0
3.31429     0      0
3.32857     0      0
3.34286     0      0
3.35714     0      0
3.37143     0      0
3.38571     0      0
3.4     0      0
3.41429     0      0
3.42857     0      0
3.44286     0      0
3.45714     0      0
3.47143     0      0
3.48571     0      0
3.5     0      0
3.51429     0      0
3.52857     0      0
3.54286     0      0
3.55714     0      0
3.57143     0      0
3.58571     0      0
3.6     0      0
3.61429     0      0
3.62857     0      0
3.64286     0      0
3.65714     0      0
3.67143     0      0
3.68571     0      0
3.7     0      0
3.71429     0      0
3.72857     0      0
3.74286     0      0
3.75714     0      0
3.77143     0      0
3.78571     0      0
3.8     0      0
3.81429     0      0
3.82857     0      0
3.84286     0      0
3.85714     0      0
3.87143     0      0
3.88571     0      0
3.9     0      0
3.91429     0      0
3.92857     0      0
3.94286     0      0
3.95714     0      0
3.97143     0      0
3.98571     0      0
4     0      0
4.01429     0      0
4.02857     0      0
4.04286     0      0
4.05714     0      0
4.07143     0      0
4.08571     0      0
4.1     0      0
4.11429     0      0
4.12857     0      0
4.14286     0      0
4.15714     0      0
4.17143     0      0
4.18571     0      0
4.2     0      0
4.21429     0      0
4.22857     0      0
4.24286     0      0
4.25714     0      0
4.27143     0      0
4.28571     0      0
4.3     0      0
4.31429     0      0
4.32857     0      0
4.34286     0      0
4.35714     0      0
4.37143     0      0
4.38571     0      0
4.4     0      0
4.41429     0      0
4.42857     0      0
4.44286     0      0
4.45714     0      0
4.47143     0      0
4.48571     0      0
4.5     0      0
4.51429     0      0
4.52857     0      0
4.54286     0      0
4.55714     0      0
4.57143     0      0
4.58571     0      0
4.6     0      0
4.61429     0      0
4.62857     0      0
4.64286     0      0
4.65714     0      0
4.67143     0      0
4.68571     0      0
4.7     0      0
4.71429     0      0
4.72857     0      0
4.74286     0      0
4.75714     0      0
4.77143     0      0
4.78571     0      0
4.8     0      0
4.81429     0      0
4.82857     0      0
4.84286     0      0
4.85714     0      0
4.87143     0      0
4.88571     0      0
4.9     0      0
4.91429     0      0
4.92857     0      0
4.94286     0      0
4.95714     0      0
4.97143     0      0
4.98571     0      0
