# U,mu,nA_up, nA_dn, nB_up, nB_dn, ms, mf, ntotal,mu,cint
#energy    dos_upn   dos_upp   dos_dnn  dos_dnp GRID=1000 bin=700
-5     0      0
-4.98571     0      0
-4.97143     0      0
-4.95714     0      0
-4.94286     0      0
-4.92857     0      0
-4.91429     0      0
-4.9     0      0
-4.88571     0      0
-4.87143     0      0
-4.85714     0      0
-4.84286     0      0
-4.82857     0      0
-4.81429     0      0
-4.8     0      0
-4.78571     0      0
-4.77143     0      0
-4.75714     0      0
-4.74286     0      0
-4.72857     0      0
-4.71429     0      0
-4.7     0      0
-4.68571     0      0
-4.67143     0      0
-4.65714     0      0
-4.64286     0      0
-4.62857     0      0
-4.61429     0      0
-4.6     0      0
-4.58571     0      0
-4.57143     0      0
-4.55714     0      0
-4.54286     0      0
-4.52857     0      0
-4.51429     0      0
-4.5     0      0
-4.48571     0      0
-4.47143     0      0
-4.45714     0      0
-4.44286     0      0
-4.42857     0      0
-4.41429     0      0
-4.4     0      0
-4.38571     0      0
-4.37143     0      0
-4.35714     0      0
-4.34286     0      0
-4.32857     0      0
-4.31429     0      0
-4.3     0      0
-4.28571     0      0
-4.27143     0      0
-4.25714     0      0
-4.24286     0      0
-4.22857     0      0
-4.21429     0      0
-4.2     0      0
-4.18571     0      0
-4.17143     0      0
-4.15714     0      0
-4.14286     0      0
-4.12857     0      0
-4.11429     0      0
-4.1     0      0
-4.08571     0      0
-4.07143     0      0
-4.05714     0      0
-4.04286     0      0
-4.02857     0      0
-4.01429     0      0
-4     0      0
-3.98571     0      0
-3.97143     0      0
-3.95714     0      0
-3.94286     0      0
-3.92857     0      0
-3.91429     0      0
-3.9     0      0
-3.88571     0      0
-3.87143     0      0
-3.85714     0      0
-3.84286     0      0
-3.82857     0      0
-3.81429     0      0
-3.8     0      0
-3.78571     0      0
-3.77143     0      0
-3.75714     0      0
-3.74286     0      0
-3.72857     0      0
-3.71429     0      0
-3.7     0      0
-3.68571     0      0
-3.67143     0      0
-3.65714     0      0
-3.64286     0      0
-3.62857     0      0
-3.61429     0      0
-3.6     0      0
-3.58571     0      0
-3.57143     0      0
-3.55714     0      0
-3.54286     0      0
-3.52857     0      0
-3.51429     0      0
-3.5     0      0
-3.48571     0      0
-3.47143     0      0
-3.45714     0      0
-3.44286     0      0
-3.42857     0      0
-3.41429     0      0
-3.4     0      0
-3.38571     0      0
-3.37143     0      0
-3.35714     0      0
-3.34286     0      0
-3.32857     0      0
-3.31429     0      0
-3.3     0      0
-3.28571     0      0
-3.27143     0      0
-3.25714     0      0
-3.24286     0      0
-3.22857     0      0
-3.21429     0      0
-3.2     0      0
-3.18571     0      0
-3.17143     0      0
-3.15714     0      0
-3.14286     0      0
-3.12857     0      0
-3.11429     0      0
-3.1     0      0
-3.08571     0      0
-3.07143     0      0
-3.05714     0      0
-3.04286     0      0
-3.02857     0      0
-3.01429     0      0
-3     0      0
-2.98571     0      0
-2.97143     0      0
-2.95714     0      0
-2.94286     0      0
-2.92857     0      0
-2.91429     0      0
-2.9     0      0
-2.88571     0      0
-2.87143     0      0
-2.85714     0      0
-2.84286     0      0
-2.82857     0      0
-2.81429     0      0
-2.8     0      0
-2.78571     0      0
-2.77143     0      0
-2.75714     0      0
-2.74286     0      0
-2.72857     0      0
-2.71429     0      0
-2.7     0      0
-2.68571     0      0
-2.67143     0      0
-2.65714     0      0
-2.64286     0      0
-2.62857     0      0
-2.61429     0      0
-2.6     0      0
-2.58571     0      0
-2.57143     0      0
-2.55714     0      0
-2.54286     0      0
-2.52857     0      0
-2.51429     0      0
-2.5     0      0
-2.48571     0      0
-2.47143     0      0
-2.45714     0      0
-2.44286     0      0
-2.42857     0      0
-2.41429     0      0
-2.4     0      0
-2.38571     0      0
-2.37143     0      0
-2.35714     0      0
-2.34286     0      0
-2.32857     0      0
-2.31429     0      0
-2.3     0      0
-2.28571     0      0
-2.27143     0      0
-2.25714     0      0
-2.24286     0      0
-2.22857     0      0
-2.21429     0      0
-2.2     0      0
-2.18571     0      0
-2.17143     0      0
-2.15714     0      0
-2.14286     0      0
-2.12857     0      0
-2.11429     0      0
-2.1     0      0
-2.08571     0      0
-2.07143     0      0
-2.05714     0      0
-2.04286     0      0
-2.02857     0      0
-2.01429     0      0
-2     0      0
-1.98571     0      0
-1.97143     0      0
-1.95714     0      0
-1.94286     1.33362e-50      0
-1.92857     4.14062e-49      0
-1.91429     7.23881e-44      0
-1.9     1.65332e-42      0
-1.88571     1.6582e-42      0
-1.87143     1.66455e-42      0
-1.85714     7.11427e-37      0
-1.84286     6.57617e-36      0
-1.82857     6.61133e-36      0
-1.81429     6.63086e-36      0
-1.8     5.74415e-30      0
-1.78571     2.62422e-29      0
-1.77143     2.62891e-29      0
-1.75714     2.63906e-29      0
-1.74286     3.90391e-23      0
-1.72857     1.04531e-22      0
-1.71429     1.04938e-22      0
-1.7     1.05563e-22      0
-1.68571     2.37156e-16      0
-1.67143     4.16875e-16      0
-1.65714     4.18875e-16      0
-1.64286     4.2025e-16      0
-1.62857     1.32763e-09      0
-1.61429     1.6685e-09      0
-1.6     1.6715e-09      0
-1.58571     0.000414502      0
-1.57143     0.00663      0
-1.55714     0.006648      0
-1.54286     0.006688      0
-1.52857     0.00669      0
-1.51429     0.00673      0
-1.5     0.006734      0
-1.48571     0.006776      0
-1.47143     0.006824      0
-1.45714     0.006798      0
-1.44286     0.00684      0
-1.42857     0.0069      0
-1.41429     0.006894      0
-1.4     0.006952      0
-1.38571     0.006956      0
-1.37143     0.006994      0
-1.35714     0.00703      0
-1.34286     0.007046      0
-1.32857     0.007078      0
-1.31429     0.007098      0
-1.3     0.00717      0
-1.28571     0.007182      0
-1.27143     0.007202      0
-1.25714     0.007262      0
-1.24286     0.007296      0
-1.22857     0.00733      0
-1.21429     0.007338      0
-1.2     0.007422      0
-1.18571     0.007454      0
-1.17143     0.007482      0
-1.15714     0.007526      0
-1.14286     0.00755      0
-1.12857     0.007606      0
-1.11429     0.007716      0
-1.1     0.007698      0
-1.08571     0.007722      0
-1.07143     0.007814      0
-1.05714     0.00787      0
-1.04286     0.007888      0
-1.02857     0.008006      0
-1.01429     0.007998      0
-1     0.008078      0
-0.985714     0.008148      0
-0.971429     0.008174      0
-0.957143     0.00827      0
-0.942857     0.008342      0
-0.928571     0.0084      0
-0.914286     0.008486      0
-0.9     0.00852      0
-0.885714     0.008604      0
-0.871429     0.00873      0
-0.857143     0.0088      0
-0.842857     0.008874      0
-0.828571     0.00901      0
-0.814286     0.009032      0
-0.8     0.009196      0
-0.785714     0.009278      0
-0.771429     0.00941      0
-0.757143     0.00951      0
-0.742857     0.009612      0
-0.728571     0.009826      0
-0.714286     0.009934      0
-0.7     0.010086      0
-0.685714     0.010218      0
-0.671429     0.01039      0
-0.657143     0.010682      0
-0.642857     0.01086      0
-0.628571     0.011112      0
-0.614286     0.011348      0
-0.6     0.01167      0
-0.585714     0.01197      0
-0.571429     0.012356      0
-0.557143     0.012768      0
-0.542857     0.013468      0
-0.528571     0.014048      0
-0.514286     0.014858      0
-0.5     0.01623      0
-0.485714     0.01823      0
-0.471429     0.0420185      0
-0.457143     0.044076      0
-0.442857     0.02705      0
-0.428571     0.02187      0
-0.414286     0.018882      0
-0.4     0.01681      0
-0.385714     0.015342      0
-0.371429     0.014056      0
-0.357143     0.013056      0
-0.342857     0.012222      0
-0.328571     0.01149      0
-0.314286     0.010844      0
-0.3     0.010214      0
-0.285714     0.009706      0
-0.271429     0.009254      0
-0.257143     0.00879      0
-0.242857     0.008376      0
-0.228571     0.008028      0
-0.214286     0.007678      0
-0.2     0.007304      0
-0.185714     0.00703      0
-0.171429     0.000123      0
-0.157143     0      0
-0.142857     0      0
-0.128571     0      0
-0.114286     0      0
-0.1     0      0
-0.0857143     0      0
-0.0714286     0      0
-0.0571429     0      0
-0.0428571     0      0
-0.0285714     0      0
-0.0142857     0      0
0     0      2.28577e-50
0.0142857     0      1.07971e-42
0.0285714     0      3.38135e-42
0.0428571     0      1.07095e-35
0.0571429     0      6.63478e-30
0.0714286     0      5.45859e-29
0.0857143     0      8.22266e-23
0.1     0      2.11094e-22
0.114286     0      4.51906e-16
0.128571     0      8.2575e-16
0.142857     0      1.92213e-09
0.157143     0      3.2705e-09
0.171429     0      0.0067565
0.185714     0      0.013076
0.2     0      0.011954
0.214286     0      0.011264
0.228571     0      0.010764
0.242857     0      0.010446
0.257143     0      0.010354
0.271429     0      0.010096
0.285714     0      0.010012
0.3     0      0.010038
0.314286     0      0.009958
0.328571     0      0.010134
0.342857     0      0.010084
0.357143     0      0.010274
0.371429     0      0.01042
0.385714     0      0.01064
0.4     0      0.010916
0.414286     0      0.01131
0.428571     0      0.011804
0.442857     0      0.012604
0.457143     0      0.013974
0.471429     0      0.017359
0.485714     0      0.013972
0.5     0      0.012346
0.514286     0      0.011418
0.528571     0      0.01082
0.542857     0      0.010292
0.557143     0      0.009872
0.571429     0      0.009536
0.585714     0      0.009286
0.6     0      0.008974
0.614286     0      0.008764
0.628571     0      0.008562
0.642857     0      0.008372
0.657143     0      0.008242
0.671429     0      0.008016
0.685714     0      0.007916
0.7     0      0.007742
0.714286     0      0.007646
0.728571     0      0.007496
0.742857     0      0.007386
0.757143     0      0.00732
0.771429     0      0.007208
0.785714     0      0.007084
0.8     0      0.007006
0.814286     0      0.006944
0.828571     0      0.006776
0.842857     0      0.006744
0.857143     0      0.006662
0.871429     0      0.006604
0.885714     0      0.006538
0.9     0      0.006492
0.914286     0      0.00639
0.928571     0      0.006376
0.942857     0      0.006206
0.957143     0      0.00621
0.971429     0      0.00616
0.985714     0      0.00613
1     0      0.006022
1.01429     0      0.005996
1.02857     0      0.005926
1.04286     0      0.005914
1.05714     0      0.0058
1.07143     0      0.005786
1.08571     0      0.005812
1.1     0      0.005652
1.11429     0      0.005648
1.12857     0      0.00564
1.14286     0      0.005564
1.15714     0      0.00554
1.17143     0      0.005466
1.18571     0      0.005446
1.2     0      0.005452
1.21429     0      0.005332
1.22857     0      0.005336
1.24286     0      0.00532
1.25714     0      0.00528
1.27143     0      0.005212
1.28571     0      0.005204
1.3     0      0.005168
1.31429     0      0.00514
1.32857     0      0.005072
1.34286     0      0.00508
1.35714     0      0.005044
1.37143     0      0.004992
1.38571     0      0.004984
1.4     0      0.004978
1.41429     0      0.00487
1.42857     0      0.004898
1.44286     0      0.00488
1.45714     0      0.004802
1.47143     0      0.004806
1.48571     0      0.004796
1.5     0      0.004704
1.51429     0      0.004752
1.52857     0      0.004706
1.54286     0      0.004674
1.55714     0      0.004642
1.57143     0      0.004636
1.58571     0      0.00463
1.6     0      0.004564
1.61429     0      0.004536
1.62857     0      0.004534
1.64286     0      0.0045
1.65714     0      0.00447
1.67143     0      0.004518
1.68571     0      0.004382
1.7     0      0.004434
1.71429     0      0.004386
1.72857     0      0.004372
1.74286     0      0.004342
1.75714     0      0.004346
1.77143     0      0.004292
1.78571     0      0.004322
1.8     0      0.004262
1.81429     0      0.004262
1.82857     0      0.004254
1.84286     0      0.004204
1.85714     0      0.004188
1.87143     0      0.004162
1.88571     0      0.00417
1.9     0      0.00415
1.91429     0      0.00412
1.92857     0      0.00409
1.94286     0      0.004094
1.95714     0      0.004048
1.97143     0      0.004042
1.98571     0      0.004028
2     0      0.004036
2.01429     0      0.003984
2.02857     0      0.004
2.04286     0      0.00397
2.05714     0      0.00393
2.07143     0      0.003916
2.08571     0      0.003942
2.1     0      0.003896
2.11429     0      0.003882
2.12857     0      0.003866
2.14286     0      0.00385
2.15714     0      0.003846
2.17143     0      0.00382
2.18571     0      0.003818
2.2     0      0.003772
2.21429     0      0.00378
2.22857     0      0.003772
2.24286     0      0.003736
2.25714     0      0.00376
2.27143     0      0.0037
2.28571     0      0.00372
2.3     0      0.00368
2.31429     0      0.00368
2.32857     0      0.003656
2.34286     0      0.003654
2.35714     0      0.00365
2.37143     0      0.003624
2.38571     0      0.003622
2.4     0      0.003578
2.41429     0      0.003594
2.42857     0      0.003586
2.44286     0      0.00354
2.45714     0      0.00355
2.47143     0      0.0021705
2.48571     0      0
2.5     0      0
2.51429     0      0
2.52857     0      0
2.54286     0      0
2.55714     0      0
2.57143     0      0
2.58571     0      0
2.6     0      0
2.61429     0      0
2.62857     0      0
2.64286     0      0
2.65714     0      0
2.67143     0      0
2.68571     0      0
2.7     0      0
2.71429     0      0
2.72857     0      0
2.74286     0      0
2.75714     0      0
2.77143     0      0
2.78571     0      0
2.8     0      0
2.81429     0      0
2.82857     0      0
2.84286     0      0
2.85714     0      0
2.87143     0      0
2.88571     0      0
2.9     0      0
2.91429     0      0
2.92857     0      0
2.94286     0      0
2.95714     0      0
2.97143     0      0
2.98571     0      0
3     0      0
3.01429     0      0
3.02857     0      0
3.04286     0      0
3.05714     0      0
3.07143     0      0
3.08571     0      0
3.1     0      0
3.11429     0      0
3.12857     0      0
3.14286     0      0
3.15714     0      0
3.17143     0      0
3.18571     0      0
3.2     0      0
3.21429     0      0
3.22857     0      0
3.24286     0      0
3.25714     0      0
3.27143     0      0
3.28571     0      0
3.3     0      0
3.31429     0      0
3.32857     0      0
3.34286     0      0
3.35714     0      0
3.37143     0      0
3.38571     0      0
3.4     0      0
3.41429     0      0
3.42857     0      0
3.44286     0      0
3.45714     0      0
3.47143     0      0
3.48571     0      0
3.5     0      0
3.51429     0      0
3.52857     0      0
3.54286     0      0
3.55714     0      0
3.57143     0      0
3.58571     0      0
3.6     0      0
3.61429     0      0
3.62857     0      0
3.64286     0      0
3.65714     0      0
3.67143     0      0
3.68571     0      0
3.7     0      0
3.71429     0      0
3.72857     0      0
3.74286     0      0
3.75714     0      0
3.77143     0      0
3.78571     0      0
3.8     0      0
3.81429     0      0
3.82857     0      0
3.84286     0      0
3.85714     0      0
3.87143     0      0
3.88571     0      0
3.9     0      0
3.91429     0      0
3.92857     0      0
3.94286     0      0
3.95714     0      0
3.97143     0      0
3.98571     0      0
4     0      0
4.01429     0      0
4.02857     0      0
4.04286     0      0
4.05714     0      0
4.07143     0      0
4.08571     0      0
4.1     0      0
4.11429     0      0
4.12857     0      0
4.14286     0      0
4.15714     0      0
4.17143     0      0
4.18571     0      0
4.2     0      0
4.21429     0      0
4.22857     0      0
4.24286     0      0
4.25714     0      0
4.27143     0      0
4.28571     0      0
4.3     0      0
4.31429     0      0
4.32857     0      0
4.34286     0      0
4.35714     0      0
4.37143     0      0
4.38571     0      0
4.4     0      0
4.41429     0      0
4.42857     0      0
4.44286     0      0
4.45714     0      0
4.47143     0      0
4.48571     0      0
4.5     0      0
4.51429     0      0
4.52857     0      0
4.54286     0      0
4.55714     0      0
4.57143     0      0
4.58571     0      0
4.6     0      0
4.61429     0      0
4.62857     0      0
4.64286     0      0
4.65714     0      0
4.67143     0      0
4.68571     0      0
4.7     0      0
4.71429     0      0
4.72857     0      0
4.74286     0      0
4.75714     0      0
4.77143     0      0
4.78571     0      0
4.8     0      0
4.81429     0      0
4.82857     0      0
4.84286     0      0
4.85714     0      0
4.87143     0      0
4.88571     0      0
4.9     0      0
4.91429     0      0
4.92857     0      0
4.94286     0      0
4.95714     0      0
4.97143     0      0
4.98571     0      0
