# U,mu,nA_up, nA_dn, nB_up, nB_dn, ms, mf, ntotal,mu,cint
#energy    dos_upn   dos_upp   dos_dnn  dos_dnp GRID=1000 bin=700
-5     0      0
-4.98571     0      0
-4.97143     0      0
-4.95714     0      0
-4.94286     0      0
-4.92857     0      0
-4.91429     0      0
-4.9     0      0
-4.88571     0      0
-4.87143     0      0
-4.85714     0      0
-4.84286     0      0
-4.82857     0      0
-4.81429     0      0
-4.8     0      0
-4.78571     0      0
-4.77143     0      0
-4.75714     0      0
-4.74286     0      0
-4.72857     0      0
-4.71429     0      0
-4.7     0      0
-4.68571     0      0
-4.67143     0      0
-4.65714     0      0
-4.64286     0      0
-4.62857     0      0
-4.61429     0      0
-4.6     0      0
-4.58571     0      0
-4.57143     0      0
-4.55714     0      0
-4.54286     0      0
-4.52857     0      0
-4.51429     0      0
-4.5     0      0
-4.48571     0      0
-4.47143     0      0
-4.45714     0      0
-4.44286     0      0
-4.42857     0      0
-4.41429     0      0
-4.4     0      0
-4.38571     0      0
-4.37143     0      0
-4.35714     0      0
-4.34286     0      0
-4.32857     0      0
-4.31429     0      0
-4.3     0      0
-4.28571     0      0
-4.27143     0      0
-4.25714     0      0
-4.24286     0      0
-4.22857     0      0
-4.21429     0      0
-4.2     0      0
-4.18571     0      0
-4.17143     0      0
-4.15714     0      0
-4.14286     0      0
-4.12857     0      0
-4.11429     0      0
-4.1     0      0
-4.08571     0      0
-4.07143     0      0
-4.05714     0      0
-4.04286     0      0
-4.02857     0      0
-4.01429     0      0
-4     0      0
-3.98571     0      0
-3.97143     0      0
-3.95714     0      0
-3.94286     0      0
-3.92857     0      0
-3.91429     0      0
-3.9     0      0
-3.88571     0      0
-3.87143     0      0
-3.85714     0      0
-3.84286     0      0
-3.82857     0      0
-3.81429     0      0
-3.8     0      0
-3.78571     0      0
-3.77143     0      0
-3.75714     0      0
-3.74286     0      0
-3.72857     0      0
-3.71429     0      0
-3.7     0      0
-3.68571     0      0
-3.67143     0      0
-3.65714     0      0
-3.64286     0      0
-3.62857     0      0
-3.61429     0      0
-3.6     0      0
-3.58571     0      0
-3.57143     0      0
-3.55714     0      0
-3.54286     0      0
-3.52857     0      0
-3.51429     0      0
-3.5     0      0
-3.48571     0      0
-3.47143     0      0
-3.45714     0      0
-3.44286     0      0
-3.42857     0      0
-3.41429     0      0
-3.4     0      0
-3.38571     0      0
-3.37143     0      0
-3.35714     0      0
-3.34286     0      0
-3.32857     0      0
-3.31429     0      0
-3.3     0      0
-3.28571     0      0
-3.27143     0      0
-3.25714     0      0
-3.24286     0      0
-3.22857     0      0
-3.21429     0      0
-3.2     0      0
-3.18571     0      0
-3.17143     0      0
-3.15714     0      0
-3.14286     0      0
-3.12857     0      0
-3.11429     0      0
-3.1     0      0
-3.08571     0      0
-3.07143     0      0
-3.05714     0      0
-3.04286     0      0
-3.02857     0      0
-3.01429     0      0
-3     0      0
-2.98571     0      0
-2.97143     0      0
-2.95714     0      0
-2.94286     0      0
-2.92857     0      0
-2.91429     0      0
-2.9     0      0
-2.88571     0      0
-2.87143     0      0
-2.85714     0      0
-2.84286     0      0
-2.82857     0      0
-2.81429     0      0
-2.8     0      0
-2.78571     0      0
-2.77143     0      0
-2.75714     0      0
-2.74286     0      0
-2.72857     0      0
-2.71429     0      0
-2.7     0      0
-2.68571     0      0
-2.67143     0      0
-2.65714     0      0
-2.64286     0      0
-2.62857     0      0
-2.61429     0      0
-2.6     0      0
-2.58571     0      0
-2.57143     0      0
-2.55714     0      0
-2.54286     0      0
-2.52857     0      0
-2.51429     0      0
-2.5     0      0
-2.48571     0      0
-2.47143     0      0
-2.45714     0      0
-2.44286     0      0
-2.42857     0      0
-2.41429     0      0
-2.4     0      0
-2.38571     0      0
-2.37143     0      0
-2.35714     0      0
-2.34286     0      0
-2.32857     0      0
-2.31429     0      0
-2.3     0      0
-2.28571     0      0
-2.27143     0      0
-2.25714     0      0
-2.24286     0      0
-2.22857     0      0
-2.21429     0      0
-2.2     0      0
-2.18571     0      0
-2.17143     0      0
-2.15714     0      0
-2.14286     0      0
-2.12857     0      0
-2.11429     0      0
-2.1     0      0
-2.08571     0      0
-2.07143     0      0
-2.05714     0      0
-2.04286     0      0
-2.02857     0      0
-2.01429     0      0
-2     0      0
-1.98571     0      0
-1.97143     0      0
-1.95714     0      0
-1.94286     3.33405e-57      0
-1.92857     1.03516e-55      0
-1.91429     1.8097e-50      0
-1.9     4.1333e-49      0
-1.88571     4.14551e-49      0
-1.87143     4.16138e-49      0
-1.85714     1.77857e-43      0
-1.84286     1.64404e-42      0
-1.82857     1.65283e-42      0
-1.81429     1.65772e-42      0
-1.8     1.43604e-36      0
-1.78571     6.56055e-36      0
-1.77143     6.57227e-36      0
-1.75714     6.59766e-36      0
-1.74286     9.75977e-30      0
-1.72857     2.61328e-29      0
-1.71429     2.62344e-29      0
-1.7     2.63906e-29      0
-1.68571     5.92891e-23      0
-1.67143     1.04219e-22      0
-1.65714     1.04719e-22      0
-1.64286     1.05063e-22      0
-1.62857     3.31906e-16      0
-1.61429     4.17125e-16      0
-1.6     4.17875e-16      0
-1.58571     1.03625e-10      0
-1.57143     1.6575e-09      0
-1.55714     1.662e-09      0
-1.54286     1.672e-09      0
-1.52857     0.0023345      0
-1.51429     0.006618      0
-1.5     0.006646      0
-1.48571     0.00667      0
-1.47143     0.006706      0
-1.45714     0.00671      0
-1.44286     0.00672      0
-1.42857     0.006776      0
-1.41429     0.006804      0
-1.4     0.006798      0
-1.38571     0.006836      0
-1.37143     0.006884      0
-1.35714     0.006872      0
-1.34286     0.00693      0
-1.32857     0.006954      0
-1.31429     0.006982      0
-1.3     0.007006      0
-1.28571     0.007048      0
-1.27143     0.007058      0
-1.25714     0.007114      0
-1.24286     0.00713      0
-1.22857     0.007158      0
-1.21429     0.007206      0
-1.2     0.007246      0
-1.18571     0.007268      0
-1.17143     0.007284      0
-1.15714     0.007364      0
-1.14286     0.007392      0
-1.12857     0.00744      0
-1.11429     0.007442      0
-1.1     0.007492      0
-1.08571     0.007568      0
-1.07143     0.007594      0
-1.05714     0.00765      0
-1.04286     0.007682      0
-1.02857     0.00773      0
-1.01429     0.007774      0
-1     0.007816      0
-0.985714     0.007882      0
-0.971429     0.007926      0
-0.957143     0.008002      0
-0.942857     0.00804      0
-0.928571     0.00811      0
-0.914286     0.008126      0
-0.9     0.008246      0
-0.885714     0.008288      0
-0.871429     0.008374      0
-0.857143     0.008416      0
-0.842857     0.008514      0
-0.828571     0.008536      0
-0.814286     0.008692      0
-0.8     0.00869      0
-0.785714     0.008848      0
-0.771429     0.008892      0
-0.757143     0.008984      0
-0.742857     0.009068      0
-0.728571     0.009272      0
-0.714286     0.009292      0
-0.7     0.009366      0
-0.685714     0.009584      0
-0.671429     0.009706      0
-0.657143     0.009748      0
-0.642857     0.009966      0
-0.628571     0.010102      0
-0.614286     0.010258      0
-0.6     0.010486      0
-0.585714     0.010682      0
-0.571429     0.010904      0
-0.557143     0.01112      0
-0.542857     0.011374      0
-0.528571     0.011704      0
-0.514286     0.012064      0
-0.5     0.0125      0
-0.485714     0.012944      0
-0.471429     0.013266      0
-0.457143     0.014212      0
-0.442857     0.015102      0
-0.428571     0.016436      0
-0.414286     0.0209325      0
-0.4     0.048214      0
-0.385714     0.035692      0
-0.371429     0.025068      0
-0.357143     0.02071      0
-0.342857     0.018012      0
-0.328571     0.016112      0
-0.314286     0.014692      0
-0.3     0.013504      0
-0.285714     0.012622      0
-0.271429     0.011748      0
-0.257143     0.01107      0
-0.242857     0.010446      0
-0.228571     0.009876      0
-0.214286     0.00942      0
-0.2     0.008876      0
-0.185714     0.008492      0
-0.171429     0.008106      0
-0.157143     0.007734      0
-0.142857     0.007366      0
-0.128571     0.00707      0
-0.114286     0.005813      0
-0.1     0      0
-0.0857143     0      0
-0.0714286     0      0
-0.0571429     0      0
-0.0428571     0      0
-0.0285714     0      0
-0.0142857     0      0
0     0      5.71442e-57
0.0142857     0      2.69928e-49
0.0285714     0      8.45337e-49
0.0428571     0      2.67737e-42
0.0571429     0      1.65869e-36
0.0714286     0      1.36465e-35
0.0857143     0      2.05567e-29
0.1     0      5.27734e-29
0.114286     0      1.12977e-22
0.128571     0      2.06438e-22
0.142857     0      4.80531e-16
0.157143     0      8.17625e-16
0.171429     0      1.68913e-09
0.185714     0      3.269e-09
0.2     0      0.0044965
0.214286     0      0.01324
0.228571     0      0.01197
0.242857     0      0.011206
0.257143     0      0.01069
0.271429     0      0.010378
0.285714     0      0.010132
0.3     0      0.01002
0.314286     0      0.0099
0.328571     0      0.009818
0.342857     0      0.00991
0.357143     0      0.009848
0.371429     0      0.009996
0.385714     0      0.010082
0.4     0      0.01021
0.414286     0      0.010444
0.428571     0      0.01075
0.442857     0      0.011066
0.457143     0      0.011492
0.471429     0      0.01229
0.485714     0      0.013428
0.5     0      0.016901
0.514286     0      0.014118
0.528571     0      0.012386
0.542857     0      0.01138
0.557143     0      0.010778
0.571429     0      0.010254
0.585714     0      0.009864
0.6     0      0.00954
0.614286     0      0.009208
0.628571     0      0.008968
0.642857     0      0.008718
0.657143     0      0.008616
0.671429     0      0.008322
0.685714     0      0.008166
0.7     0      0.008068
0.714286     0      0.007828
0.728571     0      0.00777
0.742857     0      0.00765
0.757143     0      0.007494
0.771429     0      0.007398
0.785714     0      0.007272
0.8     0      0.007198
0.814286     0      0.00708
0.828571     0      0.006998
0.842857     0      0.00692
0.857143     0      0.00685
0.871429     0      0.00678
0.885714     0      0.006666
0.9     0      0.006606
0.914286     0      0.006546
0.928571     0      0.006432
0.942857     0      0.006412
0.957143     0      0.006366
0.971429     0      0.006272
0.985714     0      0.006216
1     0      0.00612
1.01429     0      0.00612
1.02857     0      0.006102
1.04286     0      0.005978
1.05714     0      0.005936
1.07143     0      0.005902
1.08571     0      0.00585
1.1     0      0.005804
1.11429     0      0.005778
1.12857     0      0.005698
1.14286     0      0.005674
1.15714     0      0.005664
1.17143     0      0.005538
1.18571     0      0.00557
1.2     0      0.00552
1.21429     0      0.005402
1.22857     0      0.005462
1.24286     0      0.005394
1.25714     0      0.005356
1.27143     0      0.005314
1.28571     0      0.005278
1.3     0      0.005256
1.31429     0      0.005212
1.32857     0      0.005152
1.34286     0      0.005186
1.35714     0      0.005106
1.37143     0      0.005064
1.38571     0      0.005066
1.4     0      0.005002
1.41429     0      0.005018
1.42857     0      0.00495
1.44286     0      0.004916
1.45714     0      0.004914
1.47143     0      0.004874
1.48571     0      0.004866
1.5     0      0.00482
1.51429     0      0.004796
1.52857     0      0.004768
1.54286     0      0.004742
1.55714     0      0.004718
1.57143     0      0.00468
1.58571     0      0.004678
1.6     0      0.004634
1.61429     0      0.004582
1.62857     0      0.00461
1.64286     0      0.004584
1.65714     0      0.004554
1.67143     0      0.004494
1.68571     0      0.00449
1.7     0      0.004492
1.71429     0      0.004458
1.72857     0      0.004422
1.74286     0      0.00444
1.75714     0      0.004368
1.77143     0      0.004366
1.78571     0      0.004348
1.8     0      0.004326
1.81429     0      0.004298
1.82857     0      0.004286
1.84286     0      0.004272
1.85714     0      0.004274
1.87143     0      0.00423
1.88571     0      0.004216
1.9     0      0.004182
1.91429     0      0.004148
1.92857     0      0.004146
1.94286     0      0.004134
1.95714     0      0.004128
1.97143     0      0.004094
1.98571     0      0.004086
2     0      0.004052
2.01429     0      0.004058
2.02857     0      0.004054
2.04286     0      0.003982
2.05714     0      0.003992
2.07143     0      0.003996
2.08571     0      0.00395
2.1     0      0.003942
2.11429     0      0.00394
2.12857     0      0.003914
2.14286     0      0.003892
2.15714     0      0.003902
2.17143     0      0.00384
2.18571     0      0.003858
2.2     0      0.003844
2.21429     0      0.003826
2.22857     0      0.003794
2.24286     0      0.0038
2.25714     0      0.003772
2.27143     0      0.003756
2.28571     0      0.003772
2.3     0      0.003718
2.31429     0      0.003706
2.32857     0      0.003712
2.34286     0      0.003688
2.35714     0      0.003676
2.37143     0      0.003674
2.38571     0      0.003656
2.4     0      0.003624
2.41429     0      0.003618
2.42857     0      0.003634
2.44286     0      0.003586
2.45714     0      0.00359
2.47143     0      0.00358
2.48571     0      0.003534
2.5     0      0.003562
2.51429     0      0.0031925
2.52857     0      0
2.54286     0      0
2.55714     0      0
2.57143     0      0
2.58571     0      0
2.6     0      0
2.61429     0      0
2.62857     0      0
2.64286     0      0
2.65714     0      0
2.67143     0      0
2.68571     0      0
2.7     0      0
2.71429     0      0
2.72857     0      0
2.74286     0      0
2.75714     0      0
2.77143     0      0
2.78571     0      0
2.8     0      0
2.81429     0      0
2.82857     0      0
2.84286     0      0
2.85714     0      0
2.87143     0      0
2.88571     0      0
2.9     0      0
2.91429     0      0
2.92857     0      0
2.94286     0      0
2.95714     0      0
2.97143     0      0
2.98571     0      0
3     0      0
3.01429     0      0
3.02857     0      0
3.04286     0      0
3.05714     0      0
3.07143     0      0
3.08571     0      0
3.1     0      0
3.11429     0      0
3.12857     0      0
3.14286     0      0
3.15714     0      0
3.17143     0      0
3.18571     0      0
3.2     0      0
3.21429     0      0
3.22857     0      0
3.24286     0      0
3.25714     0      0
3.27143     0      0
3.28571     0      0
3.3     0      0
3.31429     0      0
3.32857     0      0
3.34286     0      0
3.35714     0      0
3.37143     0      0
3.38571     0      0
3.4     0      0
3.41429     0      0
3.42857     0      0
3.44286     0      0
3.45714     0      0
3.47143     0      0
3.48571     0      0
3.5     0      0
3.51429     0      0
3.52857     0      0
3.54286     0      0
3.55714     0      0
3.57143     0      0
3.58571     0      0
3.6     0      0
3.61429     0      0
3.62857     0      0
3.64286     0      0
3.65714     0      0
3.67143     0      0
3.68571     0      0
3.7     0      0
3.71429     0      0
3.72857     0      0
3.74286     0      0
3.75714     0      0
3.77143     0      0
3.78571     0      0
3.8     0      0
3.81429     0      0
3.82857     0      0
3.84286     0      0
3.85714     0      0
3.87143     0      0
3.88571     0      0
3.9     0      0
3.91429     0      0
3.92857     0      0
3.94286     0      0
3.95714     0      0
3.97143     0      0
3.98571     0      0
4     0      0
4.01429     0      0
4.02857     0      0
4.04286     0      0
4.05714     0      0
4.07143     0      0
4.08571     0      0
4.1     0      0
4.11429     0      0
4.12857     0      0
4.14286     0      0
4.15714     0      0
4.17143     0      0
4.18571     0      0
4.2     0      0
4.21429     0      0
4.22857     0      0
4.24286     0      0
4.25714     0      0
4.27143     0      0
4.28571     0      0
4.3     0      0
4.31429     0      0
4.32857     0      0
4.34286     0      0
4.35714     0      0
4.37143     0      0
4.38571     0      0
4.4     0      0
4.41429     0      0
4.42857     0      0
4.44286     0      0
4.45714     0      0
4.47143     0      0
4.48571     0      0
4.5     0      0
4.51429     0      0
4.52857     0      0
4.54286     0      0
4.55714     0      0
4.57143     0      0
4.58571     0      0
4.6     0      0
4.61429     0      0
4.62857     0      0
4.64286     0      0
4.65714     0      0
4.67143     0      0
4.68571     0      0
4.7     0      0
4.71429     0      0
4.72857     0      0
4.74286     0      0
4.75714     0      0
4.77143     0      0
4.78571     0      0
4.8     0      0
4.81429     0      0
4.82857     0      0
4.84286     0      0
4.85714     0      0
4.87143     0      0
4.88571     0      0
4.9     0      0
4.91429     0      0
4.92857     0      0
4.94286     0      0
4.95714     0      0
4.97143     0      0
4.98571     0      0
