# U,mu,nA_up, nA_dn, nB_up, nB_dn, ms, mf, ntotal,mu,cint
#energy    dos_upn   dos_upp   dos_dnn  dos_dnp GRID=1000 bin=700
-5     0      0
-4.98571     0      0
-4.97143     0      0
-4.95714     0      0
-4.94286     0      0
-4.92857     0      0
-4.91429     0      0
-4.9     0      0
-4.88571     0      0
-4.87143     0      0
-4.85714     0      0
-4.84286     0      0
-4.82857     0      0
-4.81429     0      0
-4.8     0      0
-4.78571     0      0
-4.77143     0      0
-4.75714     0      0
-4.74286     0      0
-4.72857     0      0
-4.71429     0      0
-4.7     0      0
-4.68571     0      0
-4.67143     0      0
-4.65714     0      0
-4.64286     0      0
-4.62857     0      0
-4.61429     0      0
-4.6     0      0
-4.58571     0      0
-4.57143     0      0
-4.55714     0      0
-4.54286     0      0
-4.52857     0      0
-4.51429     0      0
-4.5     0      0
-4.48571     0      0
-4.47143     0      0
-4.45714     0      0
-4.44286     0      0
-4.42857     0      0
-4.41429     0      0
-4.4     0      0
-4.38571     0      0
-4.37143     0      0
-4.35714     0      0
-4.34286     0      0
-4.32857     0      0
-4.31429     0      0
-4.3     0      0
-4.28571     0      0
-4.27143     0      0
-4.25714     0      0
-4.24286     0      0
-4.22857     0      0
-4.21429     0      0
-4.2     0      0
-4.18571     0      0
-4.17143     0      0
-4.15714     0      0
-4.14286     0      0
-4.12857     0      0
-4.11429     0      0
-4.1     0      0
-4.08571     0      0
-4.07143     0      0
-4.05714     0      0
-4.04286     0      0
-4.02857     0      0
-4.01429     0      0
-4     0      0
-3.98571     0      0
-3.97143     0      0
-3.95714     0      0
-3.94286     0      0
-3.92857     0      0
-3.91429     0      0
-3.9     0      0
-3.88571     0      0
-3.87143     0      0
-3.85714     0      0
-3.84286     0      0
-3.82857     0      0
-3.81429     0      0
-3.8     0      0
-3.78571     0      0
-3.77143     0      0
-3.75714     0      0
-3.74286     0      0
-3.72857     0      0
-3.71429     0      0
-3.7     0      0
-3.68571     0      0
-3.67143     0      0
-3.65714     0      0
-3.64286     0      0
-3.62857     0      0
-3.61429     0      0
-3.6     0      0
-3.58571     0      0
-3.57143     0      0
-3.55714     0      0
-3.54286     0      0
-3.52857     0      0
-3.51429     0      0
-3.5     0      0
-3.48571     0      0
-3.47143     0      0
-3.45714     0      0
-3.44286     0      0
-3.42857     0      0
-3.41429     0      0
-3.4     0      0
-3.38571     0      0
-3.37143     0      0
-3.35714     0      0
-3.34286     0      0
-3.32857     0      0
-3.31429     0      0
-3.3     0      0
-3.28571     0      0
-3.27143     0      0
-3.25714     0      0
-3.24286     0      0
-3.22857     0      0
-3.21429     0      0
-3.2     0      0
-3.18571     0      0
-3.17143     0      0
-3.15714     0      0
-3.14286     0      0
-3.12857     0      0
-3.11429     0      0
-3.1     0      0
-3.08571     0      0
-3.07143     0      0
-3.05714     0      0
-3.04286     0      0
-3.02857     0      0
-3.01429     0      0
-3     0      0
-2.98571     0      0
-2.97143     0      0
-2.95714     0      0
-2.94286     0      0
-2.92857     0      0
-2.91429     0      0
-2.9     0      0
-2.88571     0      0
-2.87143     0      0
-2.85714     0      0
-2.84286     0      0
-2.82857     0      0
-2.81429     0      0
-2.8     0      0
-2.78571     0      0
-2.77143     0      0
-2.75714     0      0
-2.74286     0      0
-2.72857     0      0
-2.71429     0      0
-2.7     0      0
-2.68571     0      0
-2.67143     0      0
-2.65714     0      0
-2.64286     0      0
-2.62857     0      0
-2.61429     0      0
-2.6     0      0
-2.58571     0      0
-2.57143     0      0
-2.55714     0      0
-2.54286     0      0
-2.52857     0      0
-2.51429     0      0
-2.5     0      0
-2.48571     0      0
-2.47143     0      0
-2.45714     0      0
-2.44286     0      0
-2.42857     0      0
-2.41429     0      0
-2.4     0      0
-2.38571     0      0
-2.37143     0      0
-2.35714     0      0
-2.34286     0      0
-2.32857     0      0
-2.31429     0      0
-2.3     0      0
-2.28571     0      0
-2.27143     0      0
-2.25714     0      0
-2.24286     0      0
-2.22857     0      0
-2.21429     0      0
-2.2     0      0
-2.18571     0      0
-2.17143     0      0
-2.15714     0      0
-2.14286     0      0
-2.12857     0      0
-2.11429     0      0
-2.1     0      0
-2.08571     0      0
-2.07143     0      0
-2.05714     0      0
-2.04286     0      0
-2.02857     0      0
-2.01429     0      0
-2     0      0
-1.98571     0      0
-1.97143     0      0
-1.95714     0      0
-1.94286     5.08735e-110      0
-1.92857     1.57952e-108      0
-1.91429     2.76139e-103      0
-1.9     6.30692e-102      0
-1.88571     6.32554e-102      0
-1.87143     6.34976e-102      0
-1.85714     2.71388e-96      0
-1.84286     2.50861e-95      0
-1.82857     2.52202e-95      0
-1.81429     2.52947e-95      0
-1.8     2.19122e-89      0
-1.78571     1.00106e-88      0
-1.77143     1.00285e-88      0
-1.75714     1.00672e-88      0
-1.74286     1.48922e-82      0
-1.72857     3.98755e-82      0
-1.71429     4.00305e-82      0
-1.7     4.02689e-82      0
-1.68571     9.0468e-76      0
-1.67143     1.59025e-75      0
-1.65714     1.59788e-75      0
-1.64286     1.60313e-75      0
-1.62857     5.06449e-69      0
-1.61429     6.36482e-69      0
-1.6     6.37627e-69      0
-1.58571     1.5812e-63      0
-1.57143     2.52914e-62      0
-1.55714     2.53601e-62      0
-1.54286     2.55127e-62      0
-1.52857     0.0046565      0
-1.51429     0.006562      0
-1.5     0.006572      0
-1.48571     0.006606      0
-1.47143     0.006602      0
-1.45714     0.006664      0
-1.44286     0.006656      0
-1.42857     0.006704      0
-1.41429     0.006708      0
-1.4     0.006732      0
-1.38571     0.006756      0
-1.37143     0.006802      0
-1.35714     0.006814      0
-1.34286     0.006794      0
-1.32857     0.006892      0
-1.31429     0.006886      0
-1.3     0.006888      0
-1.28571     0.00696      0
-1.27143     0.00696      0
-1.25714     0.007006      0
-1.24286     0.00701      0
-1.22857     0.007078      0
-1.21429     0.00709      0
-1.2     0.007092      0
-1.18571     0.00716      0
-1.17143     0.007156      0
-1.15714     0.007232      0
-1.14286     0.00726      0
-1.12857     0.007274      0
-1.11429     0.007324      0
-1.1     0.007338      0
-1.08571     0.007386      0
-1.07143     0.007426      0
-1.05714     0.007462      0
-1.04286     0.007514      0
-1.02857     0.007544      0
-1.01429     0.007598      0
-1     0.007642      0
-0.985714     0.007664      0
-0.971429     0.007672      0
-0.957143     0.00776      0
-0.942857     0.00785      0
-0.928571     0.007842      0
-0.914286     0.00791      0
-0.9     0.007928      0
-0.885714     0.008022      0
-0.871429     0.008074      0
-0.857143     0.00813      0
-0.842857     0.008142      0
-0.828571     0.008248      0
-0.814286     0.008284      0
-0.8     0.00836      0
-0.785714     0.008412      0
-0.771429     0.008484      0
-0.757143     0.008584      0
-0.742857     0.008582      0
-0.728571     0.008712      0
-0.714286     0.008748      0
-0.7     0.00884      0
-0.685714     0.008932      0
-0.671429     0.009016      0
-0.657143     0.009124      0
-0.642857     0.009232      0
-0.628571     0.009292      0
-0.614286     0.009414      0
-0.6     0.009544      0
-0.585714     0.0096      0
-0.571429     0.009734      0
-0.557143     0.009922      0
-0.542857     0.010024      0
-0.528571     0.010116      0
-0.514286     0.010394      0
-0.5     0.010516      0
-0.485714     0.010614      0
-0.471429     0.010976      0
-0.457143     0.010958      0
-0.442857     0.011508      0
-0.428571     0.01165      0
-0.414286     0.011926      0
-0.4     0.012294      0
-0.385714     0.01279      0
-0.371429     0.013242      0
-0.357143     0.01391      0
-0.342857     0.014836      0
-0.328571     0.016224      0
-0.314286     0.0186825      0
-0.3     0.045346      0
-0.285714     0.027218      0
-0.271429     0.020258      0
-0.257143     0.016978      0
-0.242857     0.014834      0
-0.228571     0.01334      0
-0.214286     0.012162      0
-0.2     0.01121      0
-0.185714     0.010498      0
-0.171429     0.009666      0
-0.157143     0.009148      0
-0.142857     0.00862      0
-0.128571     0.008094      0
-0.114286     0.00769      0
-0.1     0.007222      0
-0.0857143     0.006866      0
-0.0714286     0.006532      0
-0.0571429     0.006188      0
-0.0428571     0.00582      0
-0.0285714     0.005572      0
-0.0142857     0.005213      0
0     0      8.71951e-110
0.0142857     0      4.11878e-102
0.0285714     0      1.28988e-101
0.0428571     0      4.08534e-95
0.0571429     0      0.0034125
0.0714286     0      0.012548
0.0857143     0      0.010872
0.1     0      0.010088
0.114286     0      0.009536
0.128571     0      0.009218
0.142857     0      0.009004
0.157143     0      0.008862
0.171429     0      0.00879
0.185714     0      0.00873
0.2     0      0.008806
0.214286     0      0.008758
0.228571     0      0.00888
0.242857     0      0.008934
0.257143     0      0.009096
0.271429     0      0.009326
0.285714     0      0.009502
0.3     0      0.009802
0.314286     0      0.010206
0.328571     0      0.010788
0.342857     0      0.011662
0.357143     0      0.014513
0.371429     0      0.01266
0.385714     0      0.011176
0.4     0      0.010462
0.414286     0      0.009932
0.428571     0      0.009552
0.442857     0      0.009264
0.457143     0      0.009002
0.471429     0      0.008728
0.485714     0      0.008628
0.5     0      0.008356
0.514286     0      0.008214
0.528571     0      0.008114
0.542857     0      0.007954
0.557143     0      0.007802
0.571429     0      0.00772
0.585714     0      0.007578
0.6     0      0.00747
0.614286     0      0.007388
0.628571     0      0.007314
0.642857     0      0.007216
0.657143     0      0.0071
0.671429     0      0.00703
0.685714     0      0.006996
0.7     0      0.006896
0.714286     0      0.006794
0.728571     0      0.006756
0.742857     0      0.006646
0.757143     0      0.006602
0.771429     0      0.0066
0.785714     0      0.00648
0.8     0      0.006434
0.814286     0      0.00635
0.828571     0      0.006324
0.842857     0      0.006264
0.857143     0      0.006242
0.871429     0      0.00615
0.885714     0      0.0061
0.9     0      0.006126
0.914286     0      0.005942
0.928571     0      0.005992
0.942857     0      0.00592
0.957143     0      0.005856
0.971429     0      0.00586
0.985714     0      0.005794
1     0      0.005732
1.01429     0      0.005722
1.02857     0      0.005646
1.04286     0      0.005652
1.05714     0      0.005594
1.07143     0      0.005542
1.08571     0      0.005542
1.1     0      0.005456
1.11429     0      0.00551
1.12857     0      0.005358
1.14286     0      0.005388
1.15714     0      0.005306
1.17143     0      0.00535
1.18571     0      0.00523
1.2     0      0.005264
1.21429     0      0.005232
1.22857     0      0.005168
1.24286     0      0.00517
1.25714     0      0.005096
1.27143     0      0.00511
1.28571     0      0.005046
1.3     0      0.005028
1.31429     0      0.004984
1.32857     0      0.005016
1.34286     0      0.004898
1.35714     0      0.004934
1.37143     0      0.004914
1.38571     0      0.004846
1.4     0      0.00486
1.41429     0      0.004806
1.42857     0      0.004786
1.44286     0      0.004754
1.45714     0      0.004744
1.47143     0      0.004726
1.48571     0      0.00469
1.5     0      0.00465
1.51429     0      0.004646
1.52857     0      0.004634
1.54286     0      0.00458
1.55714     0      0.004588
1.57143     0      0.00454
1.58571     0      0.004522
1.6     0      0.004532
1.61429     0      0.004476
1.62857     0      0.004452
1.64286     0      0.004446
1.65714     0      0.004436
1.67143     0      0.004384
1.68571     0      0.004384
1.7     0      0.00437
1.71429     0      0.004334
1.72857     0      0.00434
1.74286     0      0.004278
1.75714     0      0.004322
1.77143     0      0.00423
1.78571     0      0.004242
1.8     0      0.004226
1.81429     0      0.004226
1.82857     0      0.00418
1.84286     0      0.004184
1.85714     0      0.00415
1.87143     0      0.00411
1.88571     0      0.00413
1.9     0      0.004082
1.91429     0      0.004092
1.92857     0      0.004076
1.94286     0      0.004022
1.95714     0      0.004042
1.97143     0      0.004028
1.98571     0      0.003992
2     0      0.003988
2.01429     0      0.00395
2.02857     0      0.00398
2.04286     0      0.003928
2.05714     0      0.003912
2.07143     0      0.003884
2.08571     0      0.003888
2.1     0      0.003878
2.11429     0      0.003856
2.12857     0      0.003826
2.14286     0      0.003852
2.15714     0      0.00383
2.17143     0      0.003796
2.18571     0      0.003778
2.2     0      0.00376
2.21429     0      0.003764
2.22857     0      0.003752
2.24286     0      0.003736
2.25714     0      0.003692
2.27143     0      0.003698
2.28571     0      0.003702
2.3     0      0.003672
2.31429     0      0.00366
2.32857     0      0.003632
2.34286     0      0.003668
2.35714     0      0.003608
2.37143     0      0.0036
2.38571     0      0.003616
2.4     0      0.003552
2.41429     0      0.003578
2.42857     0      0.003556
2.44286     0      0.00354
2.45714     0      0.003542
2.47143     0      0.003526
2.48571     0      0.0016565
2.5     0      2.02125e-10
2.51429     0      1.11563e-17
2.52857     0      1.24004e-29
2.54286     0      3.24268e-36
2.55714     0      8.62305e-43
2.57143     0      8.62305e-43
2.58571     0      2.51587e-43
2.6     0      0
2.61429     0      0
2.62857     0      0
2.64286     0      0
2.65714     0      0
2.67143     0      0
2.68571     0      0
2.7     0      0
2.71429     0      0
2.72857     0      0
2.74286     0      0
2.75714     0      0
2.77143     0      0
2.78571     0      0
2.8     0      0
2.81429     0      0
2.82857     0      0
2.84286     0      0
2.85714     0      0
2.87143     0      0
2.88571     0      0
2.9     0      0
2.91429     0      0
2.92857     0      0
2.94286     0      0
2.95714     0      0
2.97143     0      0
2.98571     0      0
3     0      0
3.01429     0      0
3.02857     0      0
3.04286     0      0
3.05714     0      0
3.07143     0      0
3.08571     0      0
3.1     0      0
3.11429     0      0
3.12857     0      0
3.14286     0      0
3.15714     0      0
3.17143     0      0
3.18571     0      0
3.2     0      0
3.21429     0      0
3.22857     0      0
3.24286     0      0
3.25714     0      0
3.27143     0      0
3.28571     0      0
3.3     0      0
3.31429     0      0
3.32857     0      0
3.34286     0      0
3.35714     0      0
3.37143     0      0
3.38571     0      0
3.4     0      0
3.41429     0      0
3.42857     0      0
3.44286     0      0
3.45714     0      0
3.47143     0      0
3.48571     0      0
3.5     0      0
3.51429     0      0
3.52857     0      0
3.54286     0      0
3.55714     0      0
3.57143     0      0
3.58571     0      0
3.6     0      0
3.61429     0      0
3.62857     0      0
3.64286     0      0
3.65714     0      0
3.67143     0      0
3.68571     0      0
3.7     0      0
3.71429     0      0
3.72857     0      0
3.74286     0      0
3.75714     0      0
3.77143     0      0
3.78571     0      0
3.8     0      0
3.81429     0      0
3.82857     0      0
3.84286     0      0
3.85714     0      0
3.87143     0      0
3.88571     0      0
3.9     0      0
3.91429     0      0
3.92857     0      0
3.94286     0      0
3.95714     0      0
3.97143     0      0
3.98571     0      0
4     0      0
4.01429     0      0
4.02857     0      0
4.04286     0      0
4.05714     0      0
4.07143     0      0
4.08571     0      0
4.1     0      0
4.11429     0      0
4.12857     0      0
4.14286     0      0
4.15714     0      0
4.17143     0      0
4.18571     0      0
4.2     0      0
4.21429     0      0
4.22857     0      0
4.24286     0      0
4.25714     0      0
4.27143     0      0
4.28571     0      0
4.3     0      0
4.31429     0      0
4.32857     0      0
4.34286     0      0
4.35714     0      0
4.37143     0      0
4.38571     0      0
4.4     0      0
4.41429     0      0
4.42857     0      0
4.44286     0      0
4.45714     0      0
4.47143     0      0
4.48571     0      0
4.5     0      0
4.51429     0      0
4.52857     0      0
4.54286     0      0
4.55714     0      0
4.57143     0      0
4.58571     0      0
4.6     0      0
4.61429     0      0
4.62857     0      0
4.64286     0      0
4.65714     0      0
4.67143     0      0
4.68571     0      0
4.7     0      0
4.71429     0      0
4.72857     0      0
4.74286     0      0
4.75714     0      0
4.77143     0      0
4.78571     0      0
4.8     0      0
4.81429     0      0
4.82857     0      0
4.84286     0      0
4.85714     0      0
4.87143     0      0
4.88571     0      0
4.9     0      0
4.91429     0      0
4.92857     0      0
4.94286     0      0
4.95714     0      0
4.97143     0      0
4.98571     0      0
