# U,mu,nA_up, nA_dn, nB_up, nB_dn, ms, mf, ntotal,mu,cint
#energy    dos_upn   dos_upp   dos_dnn  dos_dnp GRID=1000 bin=700
-5     0      0
-4.98571     0      0
-4.97143     0      0
-4.95714     0      0
-4.94286     0      0
-4.92857     0      0
-4.91429     0      0
-4.9     0      0
-4.88571     0      0
-4.87143     0      0
-4.85714     0      0
-4.84286     0      0
-4.82857     0      0
-4.81429     0      0
-4.8     0      0
-4.78571     0      0
-4.77143     0      0
-4.75714     0      0
-4.74286     0      0
-4.72857     0      0
-4.71429     0      0
-4.7     0      0
-4.68571     0      0
-4.67143     0      0
-4.65714     0      0
-4.64286     0      0
-4.62857     0      0
-4.61429     0      0
-4.6     0      0
-4.58571     0      0
-4.57143     0      0
-4.55714     0      0
-4.54286     0      0
-4.52857     0      0
-4.51429     0      0
-4.5     0      0
-4.48571     0      0
-4.47143     0      0
-4.45714     0      0
-4.44286     0      0
-4.42857     0      0
-4.41429     0      0
-4.4     0      0
-4.38571     0      0
-4.37143     0      0
-4.35714     0      0
-4.34286     0      0
-4.32857     0      0
-4.31429     0      0
-4.3     0      0
-4.28571     0      0
-4.27143     0      0
-4.25714     0      0
-4.24286     0      0
-4.22857     0      0
-4.21429     0      0
-4.2     0      0
-4.18571     0      0
-4.17143     0      0
-4.15714     0      0
-4.14286     0      0
-4.12857     0      0
-4.11429     0      0
-4.1     0      0
-4.08571     0      0
-4.07143     0      0
-4.05714     0      0
-4.04286     0      0
-4.02857     0      0
-4.01429     0      0
-4     0      0
-3.98571     0      0
-3.97143     0      0
-3.95714     0      0
-3.94286     0      0
-3.92857     0      0
-3.91429     0      0
-3.9     0      0
-3.88571     0      0
-3.87143     0      0
-3.85714     0      0
-3.84286     0      0
-3.82857     0      0
-3.81429     0      0
-3.8     0      0
-3.78571     0      0
-3.77143     0      0
-3.75714     0      0
-3.74286     0      0
-3.72857     0      0
-3.71429     0      0
-3.7     0      0
-3.68571     0      0
-3.67143     0      0
-3.65714     0      0
-3.64286     0      0
-3.62857     0      0
-3.61429     0      0
-3.6     0      0
-3.58571     0      0
-3.57143     0      0
-3.55714     0      0
-3.54286     0      0
-3.52857     0      0
-3.51429     0      0
-3.5     0      0
-3.48571     0      0
-3.47143     0      0
-3.45714     0      0
-3.44286     0      0
-3.42857     0      0
-3.41429     0      0
-3.4     0      0
-3.38571     0      0
-3.37143     0      0
-3.35714     0      0
-3.34286     0      0
-3.32857     0      0
-3.31429     0      0
-3.3     0      0
-3.28571     0      0
-3.27143     0      0
-3.25714     0      0
-3.24286     0      0
-3.22857     0      0
-3.21429     0      0
-3.2     0      0
-3.18571     0      0
-3.17143     0      0
-3.15714     0      0
-3.14286     0      0
-3.12857     0      0
-3.11429     0      0
-3.1     0      0
-3.08571     0      0
-3.07143     0      0
-3.05714     0      0
-3.04286     0      0
-3.02857     0      0
-3.01429     0      0
-3     0      0
-2.98571     0      0
-2.97143     0      0
-2.95714     0      0
-2.94286     0      0
-2.92857     0      0
-2.91429     0      0
-2.9     0      0
-2.88571     0      0
-2.87143     0      0
-2.85714     0      0
-2.84286     0      0
-2.82857     0      0
-2.81429     0      0
-2.8     0      0
-2.78571     0      0
-2.77143     0      0
-2.75714     0      0
-2.74286     0      0
-2.72857     0      0
-2.71429     0      0
-2.7     0      0
-2.68571     0      0
-2.67143     0      0
-2.65714     0      0
-2.64286     0      0
-2.62857     0      0
-2.61429     0      0
-2.6     0      0
-2.58571     0      0
-2.57143     0      0
-2.55714     0      0
-2.54286     0      0
-2.52857     0      0
-2.51429     0      0
-2.5     0      0
-2.48571     0      0
-2.47143     0      0
-2.45714     0      0
-2.44286     0      0
-2.42857     0      0
-2.41429     0      0
-2.4     0      0
-2.38571     0      0
-2.37143     0      0
-2.35714     0      0
-2.34286     0      0
-2.32857     0      0
-2.31429     0      0
-2.3     0      0
-2.28571     0      0
-2.27143     0      0
-2.25714     0      0
-2.24286     0      0
-2.22857     0      0
-2.21429     0      0
-2.2     0      0
-2.18571     0      0
-2.17143     0      0
-2.15714     0      0
-2.14286     0      0
-2.12857     0      0
-2.11429     0      0
-2.1     0      0
-2.08571     0      0
-2.07143     0      0
-2.05714     0      0
-2.04286     0      0
-2.02857     0      0
-2.01429     0      0
-2     0      0
-1.98571     0      0
-1.97143     0      0
-1.95714     0      0
-1.94286     1.36563e-17      0
-1.92857     4.24e-16      0
-1.91429     7.41254e-11      0
-1.9     1.693e-09      0
-1.88571     1.698e-09      0
-1.87143     1.7045e-09      0
-1.85714     0.000728502      0
-1.84286     0.006734      0
-1.82857     0.00677      0
-1.81429     0.00679      0
-1.8     0.006814      0
-1.78571     0.006838      0
-1.77143     0.006876      0
-1.75714     0.006872      0
-1.74286     0.006946      0
-1.72857     0.006948      0
-1.71429     0.006988      0
-1.7     0.007018      0
-1.68571     0.007052      0
-1.67143     0.007086      0
-1.65714     0.007104      0
-1.64286     0.00717      0
-1.62857     0.007162      0
-1.61429     0.007218      0
-1.6     0.007284      0
-1.58571     0.00726      0
-1.57143     0.00734      0
-1.55714     0.007362      0
-1.54286     0.007386      0
-1.52857     0.007482      0
-1.51429     0.007494      0
-1.5     0.007536      0
-1.48571     0.007606      0
-1.47143     0.007632      0
-1.45714     0.007672      0
-1.44286     0.007784      0
-1.42857     0.00776      0
-1.41429     0.00786      0
-1.4     0.007858      0
-1.38571     0.007952      0
-1.37143     0.008038      0
-1.35714     0.008062      0
-1.34286     0.008114      0
-1.32857     0.008228      0
-1.31429     0.008242      0
-1.3     0.008326      0
-1.28571     0.008384      0
-1.27143     0.008536      0
-1.25714     0.008546      0
-1.24286     0.008642      0
-1.22857     0.008766      0
-1.21429     0.008802      0
-1.2     0.0089      0
-1.18571     0.009024      0
-1.17143     0.009112      0
-1.15714     0.00924      0
-1.14286     0.009346      0
-1.12857     0.00947      0
-1.11429     0.00965      0
-1.1     0.00974      0
-1.08571     0.009898      0
-1.07143     0.010042      0
-1.05714     0.010224      0
-1.04286     0.01044      0
-1.02857     0.010566      0
-1.01429     0.010874      0
-1     0.011112      0
-0.985714     0.011334      0
-0.971429     0.011644      0
-0.957143     0.01195      0
-0.942857     0.012434      0
-0.928571     0.012764      0
-0.914286     0.013406      0
-0.9     0.01412      0
-0.885714     0.014634      0
-0.871429     0.015918      0
-0.857143     0.01733      0
-0.842857     0.0314465      0
-0.828571     0.05292      0
-0.814286     0.037284      0
-0.8     0.027592      0
-0.785714     0.023086      0
-0.771429     0.020242      0
-0.757143     0.018216      0
-0.742857     0.016646      0
-0.728571     0.015372      0
-0.714286     0.01434      0
-0.7     0.013454      0
-0.685714     0.01264      0
-0.671429     0.012022      0
-0.657143     0.011352      0
-0.642857     0.010872      0
-0.628571     0.01032      0
-0.614286     0.009876      0
-0.6     0.00946      0
-0.585714     0.009056      0
-0.571429     0.008692      0
-0.557143     0.008342      0
-0.542857     0.002529      0
-0.528571     0      0
-0.514286     0      0
-0.5     0      0
-0.485714     0      0
-0.471429     0      0
-0.457143     0      0
-0.442857     0      0
-0.428571     0      0
-0.414286     0      0
-0.4     0      0
-0.385714     0      0
-0.371429     0      0
-0.357143     0      0
-0.342857     0      0
-0.328571     0      0
-0.314286     0      0
-0.3     0      0
-0.285714     0      0
-0.271429     0      0
-0.257143     0      0
-0.242857     0      0
-0.228571     0      0
-0.214286     0      0
-0.2     0      0
-0.185714     0      0
-0.171429     0      0
-0.157143     0      0
-0.142857     0      0
-0.128571     0      0
-0.114286     0      0
-0.1     0      0
-0.0857143     0      0
-0.0714286     0      0
-0.0571429     0      0
-0.0428571     0      0
-0.0285714     0      0
-0.0142857     0      0
0     0      2.34063e-17
0.0142857     0      1.10563e-09
0.0285714     0      3.4625e-09
0.0428571     0      0.0109665
0.0571429     0      0.013218
0.0714286     0      0.012382
0.0857143     0      0.01181
0.1     0      0.01139
0.114286     0      0.01128
0.128571     0      0.010968
0.142857     0      0.010832
0.157143     0      0.01088
0.171429     0      0.010804
0.185714     0      0.010798
0.2     0      0.010892
0.214286     0      0.011014
0.228571     0      0.01113
0.242857     0      0.011342
0.257143     0      0.011652
0.271429     0      0.011928
0.285714     0      0.012408
0.3     0      0.01307
0.314286     0      0.014062
0.328571     0      0.016172
0.342857     0      0.018849
0.357143     0      0.014496
0.371429     0      0.012938
0.385714     0      0.012052
0.4     0      0.0113
0.414286     0      0.010762
0.428571     0      0.010334
0.442857     0      0.009922
0.457143     0      0.009672
0.471429     0      0.00933
0.485714     0      0.008994
0.5     0      0.008868
0.514286     0      0.008582
0.528571     0      0.008436
0.542857     0      0.008202
0.557143     0      0.008136
0.571429     0      0.00793
0.585714     0      0.007726
0.6     0      0.007654
0.614286     0      0.00755
0.628571     0      0.007382
0.642857     0      0.00725
0.657143     0      0.007186
0.671429     0      0.00706
0.685714     0      0.006974
0.7     0      0.006916
0.714286     0      0.006782
0.728571     0      0.006746
0.742857     0      0.006608
0.757143     0      0.006558
0.771429     0      0.006496
0.785714     0      0.00641
0.8     0      0.006344
0.814286     0      0.006278
0.828571     0      0.006244
0.842857     0      0.006112
0.857143     0      0.006084
0.871429     0      0.006014
0.885714     0      0.006
0.9     0      0.005918
0.914286     0      0.005846
0.928571     0      0.005818
0.942857     0      0.00576
0.957143     0      0.00575
0.971429     0      0.005658
0.985714     0      0.005622
1     0      0.005568
1.01429     0      0.00557
1.02857     0      0.005466
1.04286     0      0.005442
1.05714     0      0.005424
1.07143     0      0.005368
1.08571     0      0.005292
1.1     0      0.005288
1.11429     0      0.005266
1.12857     0      0.005226
1.14286     0      0.005162
1.15714     0      0.005136
1.17143     0      0.005158
1.18571     0      0.005042
1.2     0      0.00505
1.21429     0      0.005028
1.22857     0      0.004982
1.24286     0      0.004914
1.25714     0      0.004926
1.27143     0      0.004876
1.28571     0      0.00489
1.3     0      0.004828
1.31429     0      0.004776
1.32857     0      0.00475
1.34286     0      0.00476
1.35714     0      0.004726
1.37143     0      0.004674
1.38571     0      0.004674
1.4     0      0.004614
1.41429     0      0.004592
1.42857     0      0.004594
1.44286     0      0.004618
1.45714     0      0.004492
1.47143     0      0.004522
1.48571     0      0.004482
1.5     0      0.004472
1.51429     0      0.004438
1.52857     0      0.00441
1.54286     0      0.004406
1.55714     0      0.004372
1.57143     0      0.004326
1.58571     0      0.004346
1.6     0      0.004302
1.61429     0      0.00427
1.62857     0      0.004292
1.64286     0      0.004246
1.65714     0      0.004222
1.67143     0      0.004194
1.68571     0      0.004192
1.7     0      0.004162
1.71429     0      0.004164
1.72857     0      0.004102
1.74286     0      0.004136
1.75714     0      0.004074
1.77143     0      0.004084
1.78571     0      0.00406
1.8     0      0.004004
1.81429     0      0.004044
1.82857     0      0.00401
1.84286     0      0.003984
1.85714     0      0.003956
1.87143     0      0.003958
1.88571     0      0.003922
1.9     0      0.003904
1.91429     0      0.00391
1.92857     0      0.003888
1.94286     0      0.003842
1.95714     0      0.00388
1.97143     0      0.003828
1.98571     0      0.003832
2     0      0.0038
2.01429     0      0.003772
2.02857     0      0.003778
2.04286     0      0.003768
2.05714     0      0.003738
2.07143     0      0.003728
2.08571     0      0.00373
2.1     0      0.003686
2.11429     0      0.003696
2.12857     0      0.003678
2.14286     0      0.003654
2.15714     0      0.003658
2.17143     0      0.003624
2.18571     0      0.003604
2.2     0      0.003618
2.21429     0      0.003576
2.22857     0      0.003582
2.24286     0      0.0023545
2.25714     0      0
2.27143     0      0
2.28571     0      0
2.3     0      0
2.31429     0      0
2.32857     0      0
2.34286     0      0
2.35714     0      0
2.37143     0      0
2.38571     0      0
2.4     0      0
2.41429     0      0
2.42857     0      0
2.44286     0      0
2.45714     0      0
2.47143     0      0
2.48571     0      0
2.5     0      0
2.51429     0      0
2.52857     0      0
2.54286     0      0
2.55714     0      0
2.57143     0      0
2.58571     0      0
2.6     0      0
2.61429     0      0
2.62857     0      0
2.64286     0      0
2.65714     0      0
2.67143     0      0
2.68571     0      0
2.7     0      0
2.71429     0      0
2.72857     0      0
2.74286     0      0
2.75714     0      0
2.77143     0      0
2.78571     0      0
2.8     0      0
2.81429     0      0
2.82857     0      0
2.84286     0      0
2.85714     0      0
2.87143     0      0
2.88571     0      0
2.9     0      0
2.91429     0      0
2.92857     0      0
2.94286     0      0
2.95714     0      0
2.97143     0      0
2.98571     0      0
3     0      0
3.01429     0      0
3.02857     0      0
3.04286     0      0
3.05714     0      0
3.07143     0      0
3.08571     0      0
3.1     0      0
3.11429     0      0
3.12857     0      0
3.14286     0      0
3.15714     0      0
3.17143     0      0
3.18571     0      0
3.2     0      0
3.21429     0      0
3.22857     0      0
3.24286     0      0
3.25714     0      0
3.27143     0      0
3.28571     0      0
3.3     0      0
3.31429     0      0
3.32857     0      0
3.34286     0      0
3.35714     0      0
3.37143     0      0
3.38571     0      0
3.4     0      0
3.41429     0      0
3.42857     0      0
3.44286     0      0
3.45714     0      0
3.47143     0      0
3.48571     0      0
3.5     0      0
3.51429     0      0
3.52857     0      0
3.54286     0      0
3.55714     0      0
3.57143     0      0
3.58571     0      0
3.6     0      0
3.61429     0      0
3.62857     0      0
3.64286     0      0
3.65714     0      0
3.67143     0      0
3.68571     0      0
3.7     0      0
3.71429     0      0
3.72857     0      0
3.74286     0      0
3.75714     0      0
3.77143     0      0
3.78571     0      0
3.8     0      0
3.81429     0      0
3.82857     0      0
3.84286     0      0
3.85714     0      0
3.87143     0      0
3.88571     0      0
3.9     0      0
3.91429     0      0
3.92857     0      0
3.94286     0      0
3.95714     0      0
3.97143     0      0
3.98571     0      0
4     0      0
4.01429     0      0
4.02857     0      0
4.04286     0      0
4.05714     0      0
4.07143     0      0
4.08571     0      0
4.1     0      0
4.11429     0      0
4.12857     0      0
4.14286     0      0
4.15714     0      0
4.17143     0      0
4.18571     0      0
4.2     0      0
4.21429     0      0
4.22857     0      0
4.24286     0      0
4.25714     0      0
4.27143     0      0
4.28571     0      0
4.3     0      0
4.31429     0      0
4.32857     0      0
4.34286     0      0
4.35714     0      0
4.37143     0      0
4.38571     0      0
4.4     0      0
4.41429     0      0
4.42857     0      0
4.44286     0      0
4.45714     0      0
4.47143     0      0
4.48571     0      0
4.5     0      0
4.51429     0      0
4.52857     0      0
4.54286     0      0
4.55714     0      0
4.57143     0      0
4.58571     0      0
4.6     0      0
4.61429     0      0
4.62857     0      0
4.64286     0      0
4.65714     0      0
4.67143     0      0
4.68571     0      0
4.7     0      0
4.71429     0      0
4.72857     0      0
4.74286     0      0
4.75714     0      0
4.77143     0      0
4.78571     0      0
4.8     0      0
4.81429     0      0
4.82857     0      0
4.84286     0      0
4.85714     0      0
4.87143     0      0
4.88571     0      0
4.9     0      0
4.91429     0      0
4.92857     0      0
4.94286     0      0
4.95714     0      0
4.97143     0      0
4.98571     0      0
