# U,mu,nA_up, nA_dn, nB_up, nB_dn, ms, mf, ntotal,mu,cint
#energy    dos_upn   dos_upp   dos_dnn  dos_dnp GRID=1000 bin=700
-5     0      0
-4.98571     0      0
-4.97143     0      0
-4.95714     0      0
-4.94286     0      0
-4.92857     0      0
-4.91429     0      0
-4.9     0      0
-4.88571     0      0
-4.87143     0      0
-4.85714     0      0
-4.84286     0      0
-4.82857     0      0
-4.81429     0      0
-4.8     0      0
-4.78571     0      0
-4.77143     0      0
-4.75714     0      0
-4.74286     0      0
-4.72857     0      0
-4.71429     0      0
-4.7     0      0
-4.68571     0      0
-4.67143     0      0
-4.65714     0      0
-4.64286     0      0
-4.62857     0      0
-4.61429     0      0
-4.6     0      0
-4.58571     0      0
-4.57143     0      0
-4.55714     0      0
-4.54286     0      0
-4.52857     0      0
-4.51429     0      0
-4.5     0      0
-4.48571     0      0
-4.47143     0      0
-4.45714     0      0
-4.44286     0      0
-4.42857     0      0
-4.41429     0      0
-4.4     0      0
-4.38571     0      0
-4.37143     0      0
-4.35714     0      0
-4.34286     0      0
-4.32857     0      0
-4.31429     0      0
-4.3     0      0
-4.28571     0      0
-4.27143     0      0
-4.25714     0      0
-4.24286     0      0
-4.22857     0      0
-4.21429     0      0
-4.2     0      0
-4.18571     0      0
-4.17143     0      0
-4.15714     0      0
-4.14286     0      0
-4.12857     0      0
-4.11429     0      0
-4.1     0      0
-4.08571     0      0
-4.07143     0      0
-4.05714     0      0
-4.04286     0      0
-4.02857     0      0
-4.01429     0      0
-4     0      0
-3.98571     0      0
-3.97143     0      0
-3.95714     0      0
-3.94286     0      0
-3.92857     0      0
-3.91429     0      0
-3.9     0      0
-3.88571     0      0
-3.87143     0      0
-3.85714     0      0
-3.84286     0      0
-3.82857     0      0
-3.81429     0      0
-3.8     0      0
-3.78571     0      0
-3.77143     0      0
-3.75714     0      0
-3.74286     0      0
-3.72857     0      0
-3.71429     0      0
-3.7     0      0
-3.68571     0      0
-3.67143     0      0
-3.65714     0      0
-3.64286     0      0
-3.62857     0      0
-3.61429     0      0
-3.6     0      0
-3.58571     0      0
-3.57143     0      0
-3.55714     0      0
-3.54286     0      0
-3.52857     0      0
-3.51429     0      0
-3.5     0      0
-3.48571     0      0
-3.47143     0      0
-3.45714     0      0
-3.44286     0      0
-3.42857     0      0
-3.41429     0      0
-3.4     0      0
-3.38571     0      0
-3.37143     0      0
-3.35714     0      0
-3.34286     0      0
-3.32857     0      0
-3.31429     0      0
-3.3     0      0
-3.28571     0      0
-3.27143     0      0
-3.25714     0      0
-3.24286     0      0
-3.22857     0      0
-3.21429     0      0
-3.2     0      0
-3.18571     0      0
-3.17143     0      0
-3.15714     0      0
-3.14286     0      0
-3.12857     0      0
-3.11429     0      0
-3.1     0      0
-3.08571     0      0
-3.07143     0      0
-3.05714     0      0
-3.04286     0      0
-3.02857     0      0
-3.01429     0      0
-3     0      0
-2.98571     0      0
-2.97143     0      0
-2.95714     0      0
-2.94286     0      0
-2.92857     0      0
-2.91429     0      0
-2.9     0      0
-2.88571     0      0
-2.87143     0      0
-2.85714     0      0
-2.84286     0      0
-2.82857     0      0
-2.81429     0      0
-2.8     0      0
-2.78571     0      0
-2.77143     0      0
-2.75714     0      0
-2.74286     0      0
-2.72857     0      0
-2.71429     0      0
-2.7     0      0
-2.68571     0      0
-2.67143     0      0
-2.65714     0      0
-2.64286     0      0
-2.62857     0      0
-2.61429     0      0
-2.6     0      0
-2.58571     0      0
-2.57143     0      0
-2.55714     0      0
-2.54286     0      0
-2.52857     0      0
-2.51429     0      0
-2.5     0      0
-2.48571     0      0
-2.47143     0      0
-2.45714     0      0
-2.44286     0      0
-2.42857     0      0
-2.41429     0      0
-2.4     0      0
-2.38571     0      0
-2.37143     0      0
-2.35714     0      0
-2.34286     0      0
-2.32857     0      0
-2.31429     0      0
-2.3     0      0
-2.28571     0      0
-2.27143     0      0
-2.25714     0      0
-2.24286     0      0
-2.22857     0      0
-2.21429     0      0
-2.2     0      0
-2.18571     0      0
-2.17143     0      0
-2.15714     0      0
-2.14286     0      0
-2.12857     0      0
-2.11429     0      0
-2.1     0      0
-2.08571     0      0
-2.07143     0      0
-2.05714     0      0
-2.04286     0      0
-2.02857     0      0
-2.01429     0      0
-2     0      0
-1.98571     0      0
-1.97143     0      0
-1.95714     0      0
-1.94286     2.03494e-103      0
-1.92857     6.31809e-102      0
-1.91429     1.10455e-96      0
-1.9     2.52277e-95      0
-1.88571     2.53022e-95      0
-1.87143     2.5399e-95      0
-1.85714     1.08555e-89      0
-1.84286     1.00344e-88      0
-1.82857     1.00881e-88      0
-1.81429     1.01179e-88      0
-1.8     8.76487e-83      0
-1.78571     4.00424e-82      0
-1.77143     4.01139e-82      0
-1.75714     4.02689e-82      0
-1.74286     5.95689e-76      0
-1.72857     1.59502e-75      0
-1.71429     1.60122e-75      0
-1.7     1.61076e-75      0
-1.68571     3.61872e-69      0
-1.67143     6.36101e-69      0
-1.65714     6.39153e-69      0
-1.64286     6.41251e-69      0
-1.62857     2.0258e-62      0
-1.61429     2.54593e-62      0
-1.6     2.55051e-62      0
-1.58571     6.32479e-57      0
-1.57143     1.01166e-55      0
-1.55714     1.0144e-55      0
-1.54286     1.02051e-55      0
-1.52857     0.0005425      0
-1.51429     0.00655      0
-1.5     0.006584      0
-1.48571     0.006578      0
-1.47143     0.006628      0
-1.45714     0.006618      0
-1.44286     0.006656      0
-1.42857     0.006684      0
-1.41429     0.00671      0
-1.4     0.006726      0
-1.38571     0.006748      0
-1.37143     0.00678      0
-1.35714     0.006806      0
-1.34286     0.006824      0
-1.32857     0.006834      0
-1.31429     0.006874      0
-1.3     0.006898      0
-1.28571     0.006946      0
-1.27143     0.006926      0
-1.25714     0.007024      0
-1.24286     0.007014      0
-1.22857     0.007054      0
-1.21429     0.007058      0
-1.2     0.007094      0
-1.18571     0.007152      0
-1.17143     0.00718      0
-1.15714     0.007192      0
-1.14286     0.007232      0
-1.12857     0.007258      0
-1.11429     0.007316      0
-1.1     0.007298      0
-1.08571     0.00739      0
-1.07143     0.007436      0
-1.05714     0.007412      0
-1.04286     0.007514      0
-1.02857     0.007558      0
-1.01429     0.007554      0
-1     0.007628      0
-0.985714     0.007666      0
-0.971429     0.007694      0
-0.957143     0.007726      0
-0.942857     0.007814      0
-0.928571     0.00783      0
-0.914286     0.00789      0
-0.9     0.007916      0
-0.885714     0.00801      0
-0.871429     0.008034      0
-0.857143     0.008126      0
-0.842857     0.00812      0
-0.828571     0.008226      0
-0.814286     0.008302      0
-0.8     0.008344      0
-0.785714     0.008342      0
-0.771429     0.008508      0
-0.757143     0.008536      0
-0.742857     0.008576      0
-0.728571     0.00873      0
-0.714286     0.008754      0
-0.7     0.008824      0
-0.685714     0.008916      0
-0.671429     0.009012      0
-0.657143     0.009088      0
-0.642857     0.009196      0
-0.628571     0.009302      0
-0.614286     0.009408      0
-0.6     0.009508      0
-0.585714     0.009594      0
-0.571429     0.009726      0
-0.557143     0.00991      0
-0.542857     0.01001      0
-0.528571     0.010062      0
-0.514286     0.010402      0
-0.5     0.01051      0
-0.485714     0.010586      0
-0.471429     0.010942      0
-0.457143     0.011148      0
-0.442857     0.011254      0
-0.428571     0.011752      0
-0.414286     0.011886      0
-0.4     0.012286      0
-0.385714     0.01279      0
-0.371429     0.013274      0
-0.357143     0.013828      0
-0.342857     0.014978      0
-0.328571     0.016144      0
-0.314286     0.0187345      0
-0.3     0.045668      0
-0.285714     0.028096      0
-0.271429     0.020706      0
-0.257143     0.017306      0
-0.242857     0.01511      0
-0.228571     0.01362      0
-0.214286     0.012406      0
-0.2     0.011418      0
-0.185714     0.010666      0
-0.171429     0.00989      0
-0.157143     0.00934      0
-0.142857     0.008736      0
-0.128571     0.008278      0
-0.114286     0.007834      0
-0.1     0.007404      0
-0.0857143     0.007036      0
-0.0714286     0.006642      0
-0.0571429     0.006306      0
-0.0428571     0.005986      0
-0.0285714     0.005694      0
-0.0142857     0.005367      0
0     0      3.4878e-103
0.0142857     0      1.64751e-95
0.0285714     0      5.15953e-95
0.0428571     0      1.63414e-88
0.0571429     0      1.01239e-82
0.0714286     0      8.32915e-82
0.0857143     0      0.0114285
0.1     0      0.01146
0.114286     0      0.010522
0.128571     0      0.009826
0.142857     0      0.009418
0.157143     0      0.0092
0.171429     0      0.008994
0.185714     0      0.008934
0.2     0      0.008882
0.214286     0      0.00882
0.228571     0      0.008906
0.242857     0      0.008936
0.257143     0      0.008978
0.271429     0      0.009154
0.285714     0      0.009324
0.3     0      0.009512
0.314286     0      0.009804
0.328571     0      0.010158
0.342857     0      0.010622
0.357143     0      0.01139
0.371429     0      0.013074
0.385714     0      0.014523
0.4     0      0.01171
0.414286     0      0.010814
0.428571     0      0.010176
0.442857     0      0.009716
0.457143     0      0.009478
0.471429     0      0.009144
0.485714     0      0.008852
0.5     0      0.008688
0.514286     0      0.008498
0.528571     0      0.008348
0.542857     0      0.008092
0.557143     0      0.008026
0.571429     0      0.007888
0.585714     0      0.007772
0.6     0      0.007632
0.614286     0      0.007546
0.628571     0      0.007444
0.642857     0      0.007294
0.657143     0      0.00726
0.671429     0      0.007174
0.685714     0      0.00704
0.7     0      0.007008
0.714286     0      0.00695
0.728571     0      0.006812
0.742857     0      0.006776
0.757143     0      0.006742
0.771429     0      0.006608
0.785714     0      0.006594
0.8     0      0.006502
0.814286     0      0.006432
0.828571     0      0.00642
0.842857     0      0.006324
0.857143     0      0.006276
0.871429     0      0.006224
0.885714     0      0.006168
0.9     0      0.00614
0.914286     0      0.006064
0.928571     0      0.006032
0.942857     0      0.005962
0.957143     0      0.005922
0.971429     0      0.005908
0.985714     0      0.005846
1     0      0.005764
1.01429     0      0.00581
1.02857     0      0.00567
1.04286     0      0.00572
1.05714     0      0.00561
1.07143     0      0.005606
1.08571     0      0.005562
1.1     0      0.005504
1.11429     0      0.00551
1.12857     0      0.00543
1.14286     0      0.00542
1.15714     0      0.005366
1.17143     0      0.005326
1.18571     0      0.005346
1.2     0      0.00524
1.21429     0      0.005292
1.22857     0      0.005188
1.24286     0      0.005208
1.25714     0      0.005152
1.27143     0      0.005116
1.28571     0      0.00509
1.3     0      0.005086
1.31429     0      0.00501
1.32857     0      0.004988
1.34286     0      0.004992
1.35714     0      0.00494
1.37143     0      0.004932
1.38571     0      0.00488
1.4     0      0.004892
1.41429     0      0.004794
1.42857     0      0.004818
1.44286     0      0.004814
1.45714     0      0.004762
1.47143     0      0.004728
1.48571     0      0.004714
1.5     0      0.004678
1.51429     0      0.0047
1.52857     0      0.004616
1.54286     0      0.004632
1.55714     0      0.004634
1.57143     0      0.004534
1.58571     0      0.00455
1.6     0      0.004548
1.61429     0      0.00448
1.62857     0      0.00448
1.64286     0      0.00447
1.65714     0      0.004452
1.67143     0      0.004412
1.68571     0      0.004384
1.7     0      0.00439
1.71429     0      0.004374
1.72857     0      0.004336
1.74286     0      0.004338
1.75714     0      0.004304
1.77143     0      0.00428
1.78571     0      0.00423
1.8     0      0.004254
1.81429     0      0.004212
1.82857     0      0.00423
1.84286     0      0.004178
1.85714     0      0.004174
1.87143     0      0.004184
1.88571     0      0.004104
1.9     0      0.00409
1.91429     0      0.004094
1.92857     0      0.00411
1.94286     0      0.004076
1.95714     0      0.00405
1.97143     0      0.003994
1.98571     0      0.004028
2     0      0.003982
2.01429     0      0.003992
2.02857     0      0.003976
2.04286     0      0.003916
2.05714     0      0.00398
2.07143     0      0.003886
2.08571     0      0.00391
2.1     0      0.003884
2.11429     0      0.003874
2.12857     0      0.00386
2.14286     0      0.00383
2.15714     0      0.003836
2.17143     0      0.003824
2.18571     0      0.003762
2.2     0      0.003828
2.21429     0      0.003734
2.22857     0      0.003768
2.24286     0      0.00372
2.25714     0      0.003744
2.27143     0      0.00372
2.28571     0      0.003688
2.3     0      0.003702
2.31429     0      0.003658
2.32857     0      0.003668
2.34286     0      0.00364
2.35714     0      0.003654
2.37143     0      0.003592
2.38571     0      0.003638
2.4     0      0.003572
2.41429     0      0.00359
2.42857     0      0.003566
2.44286     0      0.003544
2.45714     0      0.003554
2.47143     0      0.003518
2.48571     0      0.003534
2.5     0      0.000808501
2.51429     0      4.46252e-11
2.52857     0      4.96016e-23
2.54286     0      1.29707e-29
2.55714     0      3.44922e-36
2.57143     0      3.44922e-36
2.58571     0      1.00635e-36
2.6     0      0
2.61429     0      0
2.62857     0      0
2.64286     0      0
2.65714     0      0
2.67143     0      0
2.68571     0      0
2.7     0      0
2.71429     0      0
2.72857     0      0
2.74286     0      0
2.75714     0      0
2.77143     0      0
2.78571     0      0
2.8     0      0
2.81429     0      0
2.82857     0      0
2.84286     0      0
2.85714     0      0
2.87143     0      0
2.88571     0      0
2.9     0      0
2.91429     0      0
2.92857     0      0
2.94286     0      0
2.95714     0      0
2.97143     0      0
2.98571     0      0
3     0      0
3.01429     0      0
3.02857     0      0
3.04286     0      0
3.05714     0      0
3.07143     0      0
3.08571     0      0
3.1     0      0
3.11429     0      0
3.12857     0      0
3.14286     0      0
3.15714     0      0
3.17143     0      0
3.18571     0      0
3.2     0      0
3.21429     0      0
3.22857     0      0
3.24286     0      0
3.25714     0      0
3.27143     0      0
3.28571     0      0
3.3     0      0
3.31429     0      0
3.32857     0      0
3.34286     0      0
3.35714     0      0
3.37143     0      0
3.38571     0      0
3.4     0      0
3.41429     0      0
3.42857     0      0
3.44286     0      0
3.45714     0      0
3.47143     0      0
3.48571     0      0
3.5     0      0
3.51429     0      0
3.52857     0      0
3.54286     0      0
3.55714     0      0
3.57143     0      0
3.58571     0      0
3.6     0      0
3.61429     0      0
3.62857     0      0
3.64286     0      0
3.65714     0      0
3.67143     0      0
3.68571     0      0
3.7     0      0
3.71429     0      0
3.72857     0      0
3.74286     0      0
3.75714     0      0
3.77143     0      0
3.78571     0      0
3.8     0      0
3.81429     0      0
3.82857     0      0
3.84286     0      0
3.85714     0      0
3.87143     0      0
3.88571     0      0
3.9     0      0
3.91429     0      0
3.92857     0      0
3.94286     0      0
3.95714     0      0
3.97143     0      0
3.98571     0      0
4     0      0
4.01429     0      0
4.02857     0      0
4.04286     0      0
4.05714     0      0
4.07143     0      0
4.08571     0      0
4.1     0      0
4.11429     0      0
4.12857     0      0
4.14286     0      0
4.15714     0      0
4.17143     0      0
4.18571     0      0
4.2     0      0
4.21429     0      0
4.22857     0      0
4.24286     0      0
4.25714     0      0
4.27143     0      0
4.28571     0      0
4.3     0      0
4.31429     0      0
4.32857     0      0
4.34286     0      0
4.35714     0      0
4.37143     0      0
4.38571     0      0
4.4     0      0
4.41429     0      0
4.42857     0      0
4.44286     0      0
4.45714     0      0
4.47143     0      0
4.48571     0      0
4.5     0      0
4.51429     0      0
4.52857     0      0
4.54286     0      0
4.55714     0      0
4.57143     0      0
4.58571     0      0
4.6     0      0
4.61429     0      0
4.62857     0      0
4.64286     0      0
4.65714     0      0
4.67143     0      0
4.68571     0      0
4.7     0      0
4.71429     0      0
4.72857     0      0
4.74286     0      0
4.75714     0      0
4.77143     0      0
4.78571     0      0
4.8     0      0
4.81429     0      0
4.82857     0      0
4.84286     0      0
4.85714     0      0
4.87143     0      0
4.88571     0      0
4.9     0      0
4.91429     0      0
4.92857     0      0
4.94286     0      0
4.95714     0      0
4.97143     0      0
4.98571     0      0
