# U,mu,nA_up, nA_dn, nB_up, nB_dn, ms, mf, ntotal,mu,cint
#energy    dos_upn   dos_upp   dos_dnn  dos_dnp GRID=1000 bin=700
-5     0      0
-4.98571     0      0
-4.97143     0      0
-4.95714     0      0
-4.94286     0      0
-4.92857     0      0
-4.91429     0      0
-4.9     0      0
-4.88571     0      0
-4.87143     0      0
-4.85714     0      0
-4.84286     0      0
-4.82857     0      0
-4.81429     0      0
-4.8     0      0
-4.78571     0      0
-4.77143     0      0
-4.75714     0      0
-4.74286     0      0
-4.72857     0      0
-4.71429     0      0
-4.7     0      0
-4.68571     0      0
-4.67143     0      0
-4.65714     0      0
-4.64286     0      0
-4.62857     0      0
-4.61429     0      0
-4.6     0      0
-4.58571     0      0
-4.57143     0      0
-4.55714     0      0
-4.54286     0      0
-4.52857     0      0
-4.51429     0      0
-4.5     0      0
-4.48571     0      0
-4.47143     0      0
-4.45714     0      0
-4.44286     0      0
-4.42857     0      0
-4.41429     0      0
-4.4     0      0
-4.38571     0      0
-4.37143     0      0
-4.35714     0      0
-4.34286     0      0
-4.32857     0      0
-4.31429     0      0
-4.3     0      0
-4.28571     0      0
-4.27143     0      0
-4.25714     0      0
-4.24286     0      0
-4.22857     0      0
-4.21429     0      0
-4.2     0      0
-4.18571     0      0
-4.17143     0      0
-4.15714     0      0
-4.14286     0      0
-4.12857     0      0
-4.11429     0      0
-4.1     0      0
-4.08571     0      0
-4.07143     0      0
-4.05714     0      0
-4.04286     0      0
-4.02857     0      0
-4.01429     0      0
-4     0      0
-3.98571     0      0
-3.97143     0      0
-3.95714     0      0
-3.94286     0      0
-3.92857     0      0
-3.91429     0      0
-3.9     0      0
-3.88571     0      0
-3.87143     0      0
-3.85714     0      0
-3.84286     0      0
-3.82857     0      0
-3.81429     0      0
-3.8     0      0
-3.78571     0      0
-3.77143     0      0
-3.75714     0      0
-3.74286     0      0
-3.72857     0      0
-3.71429     0      0
-3.7     0      0
-3.68571     0      0
-3.67143     0      0
-3.65714     0      0
-3.64286     0      0
-3.62857     0      0
-3.61429     0      0
-3.6     0      0
-3.58571     0      0
-3.57143     0      0
-3.55714     0      0
-3.54286     0      0
-3.52857     0      0
-3.51429     0      0
-3.5     0      0
-3.48571     0      0
-3.47143     0      0
-3.45714     0      0
-3.44286     0      0
-3.42857     0      0
-3.41429     0      0
-3.4     0      0
-3.38571     0      0
-3.37143     0      0
-3.35714     0      0
-3.34286     0      0
-3.32857     0      0
-3.31429     0      0
-3.3     0      0
-3.28571     0      0
-3.27143     0      0
-3.25714     0      0
-3.24286     0      0
-3.22857     0      0
-3.21429     0      0
-3.2     0      0
-3.18571     0      0
-3.17143     0      0
-3.15714     0      0
-3.14286     0      0
-3.12857     0      0
-3.11429     0      0
-3.1     0      0
-3.08571     0      0
-3.07143     0      0
-3.05714     0      0
-3.04286     0      0
-3.02857     0      0
-3.01429     0      0
-3     0      0
-2.98571     0      0
-2.97143     0      0
-2.95714     0      0
-2.94286     0      0
-2.92857     0      0
-2.91429     0      0
-2.9     0      0
-2.88571     0      0
-2.87143     0      0
-2.85714     0      0
-2.84286     0      0
-2.82857     0      0
-2.81429     0      0
-2.8     0      0
-2.78571     0      0
-2.77143     0      0
-2.75714     0      0
-2.74286     0      0
-2.72857     0      0
-2.71429     0      0
-2.7     0      0
-2.68571     0      0
-2.67143     0      0
-2.65714     0      0
-2.64286     0      0
-2.62857     0      0
-2.61429     0      0
-2.6     0      0
-2.58571     0      0
-2.57143     0      0
-2.55714     0      0
-2.54286     0      0
-2.52857     0      0
-2.51429     0      0
-2.5     0      0
-2.48571     0      0
-2.47143     0      0
-2.45714     0      0
-2.44286     0      0
-2.42857     0      0
-2.41429     0      0
-2.4     0      0
-2.38571     0      0
-2.37143     0      0
-2.35714     0      0
-2.34286     0      0
-2.32857     0      0
-2.31429     0      0
-2.3     0      0
-2.28571     0      0
-2.27143     0      0
-2.25714     0      0
-2.24286     0      0
-2.22857     0      0
-2.21429     0      0
-2.2     0      0
-2.18571     0      0
-2.17143     0      0
-2.15714     0      0
-2.14286     0      0
-2.12857     0      0
-2.11429     0      0
-2.1     0      0
-2.08571     0      0
-2.07143     0      0
-2.05714     0      0
-2.04286     0      0
-2.02857     0      0
-2.01429     0      0
-2     0      0
-1.98571     0      0
-1.97143     0      0
-1.95714     0      0
-1.94286     1.30236e-83      0
-1.92857     4.04358e-82      0
-1.91429     7.06915e-77      0
-1.9     1.61457e-75      0
-1.88571     1.61934e-75      0
-1.87143     1.62554e-75      0
-1.85714     6.94753e-70      0
-1.84286     6.42204e-69      0
-1.82857     6.45638e-69      0
-1.81429     6.47545e-69      0
-1.8     5.60952e-63      0
-1.78571     2.56271e-62      0
-1.77143     2.56729e-62      0
-1.75714     2.57721e-62      0
-1.74286     3.81241e-56      0
-1.72857     1.02081e-55      0
-1.71429     1.02478e-55      0
-1.7     1.03088e-55      0
-1.68571     2.31598e-49      0
-1.67143     4.07105e-49      0
-1.65714     4.09058e-49      0
-1.64286     4.104e-49      0
-1.62857     1.29651e-42      0
-1.61429     1.62939e-42      0
-1.6     1.63232e-42      0
-1.58571     4.04787e-37      0
-1.57143     6.47461e-36      0
-1.55714     6.49219e-36      0
-1.54286     6.53125e-36      0
-1.52857     9.11915e-30      0
-1.51429     2.58516e-29      0
-1.5     2.59609e-29      0
-1.48571     0.0060265      0
-1.47143     0.006586      0
-1.45714     0.006598      0
-1.44286     0.006638      0
-1.42857     0.006662      0
-1.41429     0.006652      0
-1.4     0.006714      0
-1.38571     0.006724      0
-1.37143     0.006744      0
-1.35714     0.006756      0
-1.34286     0.006794      0
-1.32857     0.006808      0
-1.31429     0.00685      0
-1.3     0.006878      0
-1.28571     0.006898      0
-1.27143     0.006932      0
-1.25714     0.006934      0
-1.24286     0.006966      0
-1.22857     0.007046      0
-1.21429     0.007006      0
-1.2     0.007066      0
-1.18571     0.00713      0
-1.17143     0.007118      0
-1.15714     0.00718      0
-1.14286     0.007172      0
-1.12857     0.007248      0
-1.11429     0.00726      0
-1.1     0.007308      0
-1.08571     0.007322      0
-1.07143     0.0074      0
-1.05714     0.00739      0
-1.04286     0.007438      0
-1.02857     0.007506      0
-1.01429     0.007538      0
-1     0.007546      0
-0.985714     0.007616      0
-0.971429     0.00769      0
-0.957143     0.007686      0
-0.942857     0.007758      0
-0.928571     0.007794      0
-0.914286     0.007834      0
-0.9     0.007894      0
-0.885714     0.007952      0
-0.871429     0.007988      0
-0.857143     0.00806      0
-0.842857     0.00812      0
-0.828571     0.008152      0
-0.814286     0.00822      0
-0.8     0.008292      0
-0.785714     0.008374      0
-0.771429     0.008406      0
-0.757143     0.008524      0
-0.742857     0.00852      0
-0.728571     0.008666      0
-0.714286     0.008704      0
-0.7     0.00878      0
-0.685714     0.00888      0
-0.671429     0.00896      0
-0.657143     0.00908      0
-0.642857     0.009116      0
-0.628571     0.009244      0
-0.614286     0.009344      0
-0.6     0.009486      0
-0.585714     0.009568      0
-0.571429     0.009706      0
-0.557143     0.009812      0
-0.542857     0.009966      0
-0.528571     0.01007      0
-0.514286     0.010342      0
-0.5     0.010476      0
-0.485714     0.010674      0
-0.471429     0.010746      0
-0.457143     0.011156      0
-0.442857     0.011388      0
-0.428571     0.011658      0
-0.414286     0.011686      0
-0.4     0.012476      0
-0.385714     0.012864      0
-0.371429     0.013222      0
-0.357143     0.013928      0
-0.342857     0.014894      0
-0.328571     0.01618      0
-0.314286     0.0185265      0
-0.3     0.046766      0
-0.285714     0.03102      0
-0.271429     0.022354      0
-0.257143     0.018478      0
-0.242857     0.016168      0
-0.228571     0.01448      0
-0.214286     0.013208      0
-0.2     0.012114      0
-0.185714     0.01129      0
-0.171429     0.01056      0
-0.157143     0.009928      0
-0.142857     0.009332      0
-0.128571     0.008812      0
-0.114286     0.008346      0
-0.1     0.007902      0
-0.0857143     0.00751      0
-0.0714286     0.007174      0
-0.0571429     0.006776      0
-0.0428571     0.00646      0
-0.0285714     0.006152      0
-0.0142857     0.005857      0
0     0      2.23219e-83
0.0142857     0      1.05441e-75
0.0285714     0      3.3021e-75
0.0428571     0      1.04585e-68
0.0571429     0      6.47928e-63
0.0714286     0      5.33066e-62
0.0857143     0      8.02994e-56
0.1     0      2.06146e-55
0.114286     0      4.41315e-49
0.128571     0      8.06397e-49
0.142857     0      0.0002145
0.157143     0      0.013444
0.171429     0      0.011628
0.185714     0      0.01074
0.2     0      0.010132
0.214286     0      0.00973
0.228571     0      0.00954
0.242857     0      0.00935
0.257143     0      0.009248
0.271429     0      0.00923
0.285714     0      0.009202
0.3     0      0.009164
0.314286     0      0.009286
0.328571     0      0.00938
0.342857     0      0.009512
0.357143     0      0.00971
0.371429     0      0.009874
0.385714     0      0.010232
0.4     0      0.010616
0.414286     0      0.011144
0.428571     0      0.011994
0.442857     0      0.014587
0.457143     0      0.014282
0.471429     0      0.011898
0.485714     0      0.010982
0.5     0      0.010356
0.514286     0      0.009898
0.528571     0      0.009572
0.542857     0      0.009284
0.557143     0      0.00895
0.571429     0      0.008804
0.585714     0      0.00855
0.6     0      0.008364
0.614286     0      0.008246
0.628571     0      0.008028
0.642857     0      0.007936
0.657143     0      0.007784
0.671429     0      0.00765
0.685714     0      0.007556
0.7     0      0.007434
0.714286     0      0.007348
0.728571     0      0.007286
0.742857     0      0.00716
0.757143     0      0.007062
0.771429     0      0.007012
0.785714     0      0.006864
0.8     0      0.006842
0.814286     0      0.006748
0.828571     0      0.00671
0.842857     0      0.006612
0.857143     0      0.00656
0.871429     0      0.006496
0.885714     0      0.006392
0.9     0      0.006364
0.914286     0      0.006362
0.928571     0      0.00623
0.942857     0      0.006168
0.957143     0      0.006164
0.971429     0      0.006106
0.985714     0      0.006026
1     0      0.005976
1.01429     0      0.006014
1.02857     0      0.005854
1.04286     0      0.005844
1.05714     0      0.005866
1.07143     0      0.005702
1.08571     0      0.00576
1.1     0      0.00565
1.11429     0      0.005642
1.12857     0      0.005636
1.14286     0      0.00551
1.15714     0      0.005574
1.17143     0      0.005458
1.18571     0      0.005476
1.2     0      0.00543
1.21429     0      0.005358
1.22857     0      0.005348
1.24286     0      0.005298
1.25714     0      0.005266
1.27143     0      0.005274
1.28571     0      0.0052
1.3     0      0.00518
1.31429     0      0.005148
1.32857     0      0.005092
1.34286     0      0.00508
1.35714     0      0.005108
1.37143     0      0.004966
1.38571     0      0.004994
1.4     0      0.005002
1.41429     0      0.004934
1.42857     0      0.004904
1.44286     0      0.004866
1.45714     0      0.004898
1.47143     0      0.004826
1.48571     0      0.004772
1.5     0      0.004798
1.51429     0      0.00473
1.52857     0      0.004774
1.54286     0      0.004692
1.55714     0      0.004656
1.57143     0      0.00468
1.58571     0      0.00463
1.6     0      0.004594
1.61429     0      0.004594
1.62857     0      0.004568
1.64286     0      0.00452
1.65714     0      0.004536
1.67143     0      0.00449
1.68571     0      0.004476
1.7     0      0.004436
1.71429     0      0.004436
1.72857     0      0.004406
1.74286     0      0.004422
1.75714     0      0.004364
1.77143     0      0.004334
1.78571     0      0.00433
1.8     0      0.004278
1.81429     0      0.004298
1.82857     0      0.004282
1.84286     0      0.004224
1.85714     0      0.004262
1.87143     0      0.004202
1.88571     0      0.004202
1.9     0      0.00418
1.91429     0      0.00416
1.92857     0      0.004126
1.94286     0      0.004122
1.95714     0      0.00411
1.97143     0      0.004082
1.98571     0      0.004052
2     0      0.004054
2.01429     0      0.004056
2.02857     0      0.004014
2.04286     0      0.00401
2.05714     0      0.003968
2.07143     0      0.003992
2.08571     0      0.003916
2.1     0      0.003952
2.11429     0      0.003936
2.12857     0      0.003922
2.14286     0      0.003882
2.15714     0      0.003874
2.17143     0      0.003862
2.18571     0      0.003842
2.2     0      0.003808
2.21429     0      0.003814
2.22857     0      0.003804
2.24286     0      0.003774
2.25714     0      0.00378
2.27143     0      0.003756
2.28571     0      0.003748
2.3     0      0.003716
2.31429     0      0.003718
2.32857     0      0.00371
2.34286     0      0.00369
2.35714     0      0.003668
2.37143     0      0.003678
2.38571     0      0.003628
2.4     0      0.003644
2.41429     0      0.003618
2.42857     0      0.003608
2.44286     0      0.003582
2.45714     0      0.003586
2.47143     0      0.00358
2.48571     0      0.003556
2.5     0      0.003544
2.51429     0      0.00354
2.52857     0      0.0031745
2.54286     0      8.30125e-10
2.55714     0      2.2075e-16
2.57143     0      2.2075e-16
2.58571     0      6.44062e-17
2.6     0      0
2.61429     0      0
2.62857     0      0
2.64286     0      0
2.65714     0      0
2.67143     0      0
2.68571     0      0
2.7     0      0
2.71429     0      0
2.72857     0      0
2.74286     0      0
2.75714     0      0
2.77143     0      0
2.78571     0      0
2.8     0      0
2.81429     0      0
2.82857     0      0
2.84286     0      0
2.85714     0      0
2.87143     0      0
2.88571     0      0
2.9     0      0
2.91429     0      0
2.92857     0      0
2.94286     0      0
2.95714     0      0
2.97143     0      0
2.98571     0      0
3     0      0
3.01429     0      0
3.02857     0      0
3.04286     0      0
3.05714     0      0
3.07143     0      0
3.08571     0      0
3.1     0      0
3.11429     0      0
3.12857     0      0
3.14286     0      0
3.15714     0      0
3.17143     0      0
3.18571     0      0
3.2     0      0
3.21429     0      0
3.22857     0      0
3.24286     0      0
3.25714     0      0
3.27143     0      0
3.28571     0      0
3.3     0      0
3.31429     0      0
3.32857     0      0
3.34286     0      0
3.35714     0      0
3.37143     0      0
3.38571     0      0
3.4     0      0
3.41429     0      0
3.42857     0      0
3.44286     0      0
3.45714     0      0
3.47143     0      0
3.48571     0      0
3.5     0      0
3.51429     0      0
3.52857     0      0
3.54286     0      0
3.55714     0      0
3.57143     0      0
3.58571     0      0
3.6     0      0
3.61429     0      0
3.62857     0      0
3.64286     0      0
3.65714     0      0
3.67143     0      0
3.68571     0      0
3.7     0      0
3.71429     0      0
3.72857     0      0
3.74286     0      0
3.75714     0      0
3.77143     0      0
3.78571     0      0
3.8     0      0
3.81429     0      0
3.82857     0      0
3.84286     0      0
3.85714     0      0
3.87143     0      0
3.88571     0      0
3.9     0      0
3.91429     0      0
3.92857     0      0
3.94286     0      0
3.95714     0      0
3.97143     0      0
3.98571     0      0
4     0      0
4.01429     0      0
4.02857     0      0
4.04286     0      0
4.05714     0      0
4.07143     0      0
4.08571     0      0
4.1     0      0
4.11429     0      0
4.12857     0      0
4.14286     0      0
4.15714     0      0
4.17143     0      0
4.18571     0      0
4.2     0      0
4.21429     0      0
4.22857     0      0
4.24286     0      0
4.25714     0      0
4.27143     0      0
4.28571     0      0
4.3     0      0
4.31429     0      0
4.32857     0      0
4.34286     0      0
4.35714     0      0
4.37143     0      0
4.38571     0      0
4.4     0      0
4.41429     0      0
4.42857     0      0
4.44286     0      0
4.45714     0      0
4.47143     0      0
4.48571     0      0
4.5     0      0
4.51429     0      0
4.52857     0      0
4.54286     0      0
4.55714     0      0
4.57143     0      0
4.58571     0      0
4.6     0      0
4.61429     0      0
4.62857     0      0
4.64286     0      0
4.65714     0      0
4.67143     0      0
4.68571     0      0
4.7     0      0
4.71429     0      0
4.72857     0      0
4.74286     0      0
4.75714     0      0
4.77143     0      0
4.78571     0      0
4.8     0      0
4.81429     0      0
4.82857     0      0
4.84286     0      0
4.85714     0      0
4.87143     0      0
4.88571     0      0
4.9     0      0
4.91429     0      0
4.92857     0      0
4.94286     0      0
4.95714     0      0
4.97143     0      0
4.98571     0      0
