# U,mu,nA_up, nA_dn, nB_up, nB_dn, ms, mf, ntotal,mu,cint
#energy    dos_upn   dos_upp   dos_dnn  dos_dnp GRID=1000 bin=700
-5     0      0
-4.98571     0      0
-4.97143     0      0
-4.95714     0      0
-4.94286     0      0
-4.92857     0      0
-4.91429     0      0
-4.9     0      0
-4.88571     0      0
-4.87143     0      0
-4.85714     0      0
-4.84286     0      0
-4.82857     0      0
-4.81429     0      0
-4.8     0      0
-4.78571     0      0
-4.77143     0      0
-4.75714     0      0
-4.74286     0      0
-4.72857     0      0
-4.71429     0      0
-4.7     0      0
-4.68571     0      0
-4.67143     0      0
-4.65714     0      0
-4.64286     0      0
-4.62857     0      0
-4.61429     0      0
-4.6     0      0
-4.58571     0      0
-4.57143     0      0
-4.55714     0      0
-4.54286     0      0
-4.52857     0      0
-4.51429     0      0
-4.5     0      0
-4.48571     0      0
-4.47143     0      0
-4.45714     0      0
-4.44286     0      0
-4.42857     0      0
-4.41429     0      0
-4.4     0      0
-4.38571     0      0
-4.37143     0      0
-4.35714     0      0
-4.34286     0      0
-4.32857     0      0
-4.31429     0      0
-4.3     0      0
-4.28571     0      0
-4.27143     0      0
-4.25714     0      0
-4.24286     0      0
-4.22857     0      0
-4.21429     0      0
-4.2     0      0
-4.18571     0      0
-4.17143     0      0
-4.15714     0      0
-4.14286     0      0
-4.12857     0      0
-4.11429     0      0
-4.1     0      0
-4.08571     0      0
-4.07143     0      0
-4.05714     0      0
-4.04286     0      0
-4.02857     0      0
-4.01429     0      0
-4     0      0
-3.98571     0      0
-3.97143     0      0
-3.95714     0      0
-3.94286     0      0
-3.92857     0      0
-3.91429     0      0
-3.9     0      0
-3.88571     0      0
-3.87143     0      0
-3.85714     0      0
-3.84286     0      0
-3.82857     0      0
-3.81429     0      0
-3.8     0      0
-3.78571     0      0
-3.77143     0      0
-3.75714     0      0
-3.74286     0      0
-3.72857     0      0
-3.71429     0      0
-3.7     0      0
-3.68571     0      0
-3.67143     0      0
-3.65714     0      0
-3.64286     0      0
-3.62857     0      0
-3.61429     0      0
-3.6     0      0
-3.58571     0      0
-3.57143     0      0
-3.55714     0      0
-3.54286     0      0
-3.52857     0      0
-3.51429     0      0
-3.5     0      0
-3.48571     0      0
-3.47143     0      0
-3.45714     0      0
-3.44286     0      0
-3.42857     0      0
-3.41429     0      0
-3.4     0      0
-3.38571     0      0
-3.37143     0      0
-3.35714     0      0
-3.34286     0      0
-3.32857     0      0
-3.31429     0      0
-3.3     0      0
-3.28571     0      0
-3.27143     0      0
-3.25714     0      0
-3.24286     0      0
-3.22857     0      0
-3.21429     0      0
-3.2     0      0
-3.18571     0      0
-3.17143     0      0
-3.15714     0      0
-3.14286     0      0
-3.12857     0      0
-3.11429     0      0
-3.1     0      0
-3.08571     0      0
-3.07143     0      0
-3.05714     0      0
-3.04286     0      0
-3.02857     0      0
-3.01429     0      0
-3     0      0
-2.98571     0      0
-2.97143     0      0
-2.95714     0      0
-2.94286     0      0
-2.92857     0      0
-2.91429     0      0
-2.9     0      0
-2.88571     0      0
-2.87143     0      0
-2.85714     0      0
-2.84286     0      0
-2.82857     0      0
-2.81429     0      0
-2.8     0      0
-2.78571     0      0
-2.77143     0      0
-2.75714     0      0
-2.74286     0      0
-2.72857     0      0
-2.71429     0      0
-2.7     0      0
-2.68571     0      0
-2.67143     0      0
-2.65714     0      0
-2.64286     0      0
-2.62857     0      0
-2.61429     0      0
-2.6     0      0
-2.58571     0      0
-2.57143     0      0
-2.55714     0      0
-2.54286     0      0
-2.52857     0      0
-2.51429     0      0
-2.5     0      0
-2.48571     0      0
-2.47143     0      0
-2.45714     0      0
-2.44286     0      0
-2.42857     0      0
-2.41429     0      0
-2.4     0      0
-2.38571     0      0
-2.37143     0      0
-2.35714     0      0
-2.34286     0      0
-2.32857     0      0
-2.31429     0      0
-2.3     0      0
-2.28571     0      0
-2.27143     0      0
-2.25714     0      0
-2.24286     0      0
-2.22857     0      0
-2.21429     0      0
-2.2     0      0
-2.18571     0      0
-2.17143     0      0
-2.15714     0      0
-2.14286     0      0
-2.12857     0      0
-2.11429     0      0
-2.1     0      0
-2.08571     0      0
-2.07143     0      0
-2.05714     0      0
-2.04286     0      0
-2.02857     0      0
-2.01429     0      0
-2     0      0
-1.98571     0      0
-1.97143     0      0
-1.95714     0      0
-1.94286     0.0002185      0
-1.92857     0.006784      0
-1.91429     0.0068      0
-1.9     0.006832      0
-1.88571     0.006856      0
-1.87143     0.006906      0
-1.85714     0.006928      0
-1.84286     0.006942      0
-1.82857     0.006978      0
-1.81429     0.007016      0
-1.8     0.00704      0
-1.78571     0.007078      0
-1.77143     0.007112      0
-1.75714     0.007142      0
-1.74286     0.007184      0
-1.72857     0.00719      0
-1.71429     0.007272      0
-1.7     0.007286      0
-1.68571     0.00733      0
-1.67143     0.007366      0
-1.65714     0.007428      0
-1.64286     0.00743      0
-1.62857     0.007486      0
-1.61429     0.007546      0
-1.6     0.00759      0
-1.58571     0.007626      0
-1.57143     0.007718      0
-1.55714     0.007736      0
-1.54286     0.007786      0
-1.52857     0.007826      0
-1.51429     0.007896      0
-1.5     0.00795      0
-1.48571     0.008026      0
-1.47143     0.008048      0
-1.45714     0.00817      0
-1.44286     0.008194      0
-1.42857     0.00828      0
-1.41429     0.008358      0
-1.4     0.008416      0
-1.38571     0.008482      0
-1.37143     0.008586      0
-1.35714     0.008672      0
-1.34286     0.008768      0
-1.32857     0.008808      0
-1.31429     0.008978      0
-1.3     0.009022      0
-1.28571     0.009138      0
-1.27143     0.009284      0
-1.25714     0.009418      0
-1.24286     0.0095      0
-1.22857     0.009632      0
-1.21429     0.00982      0
-1.2     0.009952      0
-1.18571     0.010132      0
-1.17143     0.010258      0
-1.15714     0.01046      0
-1.14286     0.010688      0
-1.12857     0.01096      0
-1.11429     0.011204      0
-1.1     0.011444      0
-1.08571     0.011698      0
-1.07143     0.012132      0
-1.05714     0.012572      0
-1.04286     0.013      0
-1.02857     0.013414      0
-1.01429     0.014222      0
-1     0.015004      0
-0.985714     0.01627      0
-0.971429     0.017958      0
-0.957143     0.0362825      0
-0.942857     0.054418      0
-0.928571     0.0368      0
-0.914286     0.02784      0
-0.9     0.023504      0
-0.885714     0.020698      0
-0.871429     0.018704      0
-0.857143     0.017092      0
-0.842857     0.01581      0
-0.828571     0.014782      0
-0.814286     0.013882      0
-0.8     0.013066      0
-0.785714     0.0124      0
-0.771429     0.01175      0
-0.757143     0.011208      0
-0.742857     0.010704      0
-0.728571     0.010226      0
-0.714286     0.00983      0
-0.7     0.009402      0
-0.685714     0.00903      0
-0.671429     0.008692      0
-0.657143     0.000633      0
-0.642857     0      0
-0.628571     0      0
-0.614286     0      0
-0.6     0      0
-0.585714     0      0
-0.571429     0      0
-0.557143     0      0
-0.542857     0      0
-0.528571     0      0
-0.514286     0      0
-0.5     0      0
-0.485714     0      0
-0.471429     0      0
-0.457143     0      0
-0.442857     0      0
-0.428571     0      0
-0.414286     0      0
-0.4     0      0
-0.385714     0      0
-0.371429     0      0
-0.357143     0      0
-0.342857     0      0
-0.328571     0      0
-0.314286     0      0
-0.3     0      0
-0.285714     0      0
-0.271429     0      0
-0.257143     0      0
-0.242857     0      0
-0.228571     0      0
-0.214286     0      0
-0.2     0      0
-0.185714     0      0
-0.171429     0      0
-0.157143     0      0
-0.142857     0      0
-0.128571     0      0
-0.114286     0      0
-0.1     0      0
-0.0857143     0      0
-0.0714286     0      0
-0.0571429     0      0
-0.0428571     0      0
-0.0285714     0      0
-0.0142857     0      0
0     0      0.0003745
0.0142857     0      0.014276
0.0285714     0      0.01312
0.0428571     0      0.012382
0.0571429     0      0.011926
0.0714286     0      0.011614
0.0857143     0      0.011332
0.1     0      0.011254
0.114286     0      0.011096
0.128571     0      0.011054
0.142857     0      0.01106
0.157143     0      0.011112
0.171429     0      0.011172
0.185714     0      0.011296
0.2     0      0.011468
0.214286     0      0.011706
0.228571     0      0.011984
0.242857     0      0.012346
0.257143     0      0.012898
0.271429     0      0.013646
0.285714     0      0.01484
0.3     0      0.018435
0.314286     0      0.017686
0.328571     0      0.014372
0.342857     0      0.012974
0.357143     0      0.012044
0.371429     0      0.011422
0.385714     0      0.010878
0.4     0      0.010388
0.414286     0      0.009974
0.428571     0      0.009664
0.442857     0      0.009418
0.457143     0      0.009148
0.471429     0      0.008822
0.485714     0      0.008684
0.5     0      0.00844
0.514286     0      0.008328
0.528571     0      0.008074
0.542857     0      0.007994
0.557143     0      0.007814
0.571429     0      0.007618
0.585714     0      0.007566
0.6     0      0.007448
0.614286     0      0.007282
0.628571     0      0.00718
0.642857     0      0.007098
0.657143     0      0.006994
0.671429     0      0.006924
0.685714     0      0.00677
0.7     0      0.006742
0.714286     0      0.006628
0.728571     0      0.006574
0.742857     0      0.006494
0.757143     0      0.006384
0.771429     0      0.006362
0.785714     0      0.006276
0.8     0      0.006218
0.814286     0      0.00616
0.828571     0      0.006056
0.842857     0      0.006004
0.857143     0      0.005978
0.871429     0      0.005924
0.885714     0      0.005874
0.9     0      0.005816
0.914286     0      0.005728
0.928571     0      0.005708
0.942857     0      0.005646
0.957143     0      0.005616
0.971429     0      0.005594
0.985714     0      0.005478
1     0      0.005486
1.01429     0      0.00544
1.02857     0      0.00541
1.04286     0      0.005326
1.05714     0      0.005322
1.07143     0      0.005262
1.08571     0      0.00524
1.1     0      0.005188
1.11429     0      0.005148
1.12857     0      0.005134
1.14286     0      0.00512
1.15714     0      0.005028
1.17143     0      0.005008
1.18571     0      0.00499
1.2     0      0.004984
1.21429     0      0.00493
1.22857     0      0.004854
1.24286     0      0.004878
1.25714     0      0.004862
1.27143     0      0.004768
1.28571     0      0.004794
1.3     0      0.004776
1.31429     0      0.004712
1.32857     0      0.004674
1.34286     0      0.004628
1.35714     0      0.00469
1.37143     0      0.004602
1.38571     0      0.004576
1.4     0      0.00459
1.41429     0      0.004502
1.42857     0      0.004516
1.44286     0      0.004486
1.45714     0      0.00451
1.47143     0      0.004406
1.48571     0      0.004434
1.5     0      0.004376
1.51429     0      0.004366
1.52857     0      0.004386
1.54286     0      0.004324
1.55714     0      0.004262
1.57143     0      0.00431
1.58571     0      0.004258
1.6     0      0.004272
1.61429     0      0.004186
1.62857     0      0.004218
1.64286     0      0.004188
1.65714     0      0.004158
1.67143     0      0.00414
1.68571     0      0.004114
1.7     0      0.004116
1.71429     0      0.004082
1.72857     0      0.004078
1.74286     0      0.00402
1.75714     0      0.00405
1.77143     0      0.004024
1.78571     0      0.00401
1.8     0      0.003968
1.81429     0      0.003946
1.82857     0      0.003944
1.84286     0      0.003968
1.85714     0      0.003882
1.87143     0      0.003904
1.88571     0      0.00385
1.9     0      0.003876
1.91429     0      0.003844
1.92857     0      0.003824
1.94286     0      0.003804
1.95714     0      0.003786
1.97143     0      0.003814
1.98571     0      0.003784
2     0      0.00374
2.01429     0      0.00374
2.02857     0      0.003724
2.04286     0      0.0037
2.05714     0      0.00369
2.07143     0      0.003694
2.08571     0      0.003636
2.1     0      0.00367
2.11429     0      0.00364
2.12857     0      0.003626
2.14286     0      0.003604
2.15714     0      0.00359
2.17143     0      0.003588
2.18571     0      0.0002965
2.2     0      0
2.21429     0      0
2.22857     0      0
2.24286     0      0
2.25714     0      0
2.27143     0      0
2.28571     0      0
2.3     0      0
2.31429     0      0
2.32857     0      0
2.34286     0      0
2.35714     0      0
2.37143     0      0
2.38571     0      0
2.4     0      0
2.41429     0      0
2.42857     0      0
2.44286     0      0
2.45714     0      0
2.47143     0      0
2.48571     0      0
2.5     0      0
2.51429     0      0
2.52857     0      0
2.54286     0      0
2.55714     0      0
2.57143     0      0
2.58571     0      0
2.6     0      0
2.61429     0      0
2.62857     0      0
2.64286     0      0
2.65714     0      0
2.67143     0      0
2.68571     0      0
2.7     0      0
2.71429     0      0
2.72857     0      0
2.74286     0      0
2.75714     0      0
2.77143     0      0
2.78571     0      0
2.8     0      0
2.81429     0      0
2.82857     0      0
2.84286     0      0
2.85714     0      0
2.87143     0      0
2.88571     0      0
2.9     0      0
2.91429     0      0
2.92857     0      0
2.94286     0      0
2.95714     0      0
2.97143     0      0
2.98571     0      0
3     0      0
3.01429     0      0
3.02857     0      0
3.04286     0      0
3.05714     0      0
3.07143     0      0
3.08571     0      0
3.1     0      0
3.11429     0      0
3.12857     0      0
3.14286     0      0
3.15714     0      0
3.17143     0      0
3.18571     0      0
3.2     0      0
3.21429     0      0
3.22857     0      0
3.24286     0      0
3.25714     0      0
3.27143     0      0
3.28571     0      0
3.3     0      0
3.31429     0      0
3.32857     0      0
3.34286     0      0
3.35714     0      0
3.37143     0      0
3.38571     0      0
3.4     0      0
3.41429     0      0
3.42857     0      0
3.44286     0      0
3.45714     0      0
3.47143     0      0
3.48571     0      0
3.5     0      0
3.51429     0      0
3.52857     0      0
3.54286     0      0
3.55714     0      0
3.57143     0      0
3.58571     0      0
3.6     0      0
3.61429     0      0
3.62857     0      0
3.64286     0      0
3.65714     0      0
3.67143     0      0
3.68571     0      0
3.7     0      0
3.71429     0      0
3.72857     0      0
3.74286     0      0
3.75714     0      0
3.77143     0      0
3.78571     0      0
3.8     0      0
3.81429     0      0
3.82857     0      0
3.84286     0      0
3.85714     0      0
3.87143     0      0
3.88571     0      0
3.9     0      0
3.91429     0      0
3.92857     0      0
3.94286     0      0
3.95714     0      0
3.97143     0      0
3.98571     0      0
4     0      0
4.01429     0      0
4.02857     0      0
4.04286     0      0
4.05714     0      0
4.07143     0      0
4.08571     0      0
4.1     0      0
4.11429     0      0
4.12857     0      0
4.14286     0      0
4.15714     0      0
4.17143     0      0
4.18571     0      0
4.2     0      0
4.21429     0      0
4.22857     0      0
4.24286     0      0
4.25714     0      0
4.27143     0      0
4.28571     0      0
4.3     0      0
4.31429     0      0
4.32857     0      0
4.34286     0      0
4.35714     0      0
4.37143     0      0
4.38571     0      0
4.4     0      0
4.41429     0      0
4.42857     0      0
4.44286     0      0
4.45714     0      0
4.47143     0      0
4.48571     0      0
4.5     0      0
4.51429     0      0
4.52857     0      0
4.54286     0      0
4.55714     0      0
4.57143     0      0
4.58571     0      0
4.6     0      0
4.61429     0      0
4.62857     0      0
4.64286     0      0
4.65714     0      0
4.67143     0      0
4.68571     0      0
4.7     0      0
4.71429     0      0
4.72857     0      0
4.74286     0      0
4.75714     0      0
4.77143     0      0
4.78571     0      0
4.8     0      0
4.81429     0      0
4.82857     0      0
4.84286     0      0
4.85714     0      0
4.87143     0      0
4.88571     0      0
4.9     0      0
4.91429     0      0
4.92857     0      0
4.94286     0      0
4.95714     0      0
4.97143     0      0
4.98571     0      0
