# U,mu,nA_up, nA_dn, nB_up, nB_dn, ms, mf, ntotal,mu,cint
#energy    dos_upn   dos_upp   dos_dnn  dos_dnp GRID=1000 bin=700
-5     0      0
-4.98571     0      0
-4.97143     0      0
-4.95714     0      0
-4.94286     0      0
-4.92857     0      0
-4.91429     0      0
-4.9     0      0
-4.88571     0      0
-4.87143     0      0
-4.85714     0      0
-4.84286     0      0
-4.82857     0      0
-4.81429     0      0
-4.8     0      0
-4.78571     0      0
-4.77143     0      0
-4.75714     0      0
-4.74286     0      0
-4.72857     0      0
-4.71429     0      0
-4.7     0      0
-4.68571     0      0
-4.67143     0      0
-4.65714     0      0
-4.64286     0      0
-4.62857     0      0
-4.61429     0      0
-4.6     0      0
-4.58571     0      0
-4.57143     0      0
-4.55714     0      0
-4.54286     0      0
-4.52857     0      0
-4.51429     0      0
-4.5     0      0
-4.48571     0      0
-4.47143     0      0
-4.45714     0      0
-4.44286     0      0
-4.42857     0      0
-4.41429     0      0
-4.4     0      0
-4.38571     0      0
-4.37143     0      0
-4.35714     0      0
-4.34286     0      0
-4.32857     0      0
-4.31429     0      0
-4.3     0      0
-4.28571     0      0
-4.27143     0      0
-4.25714     0      0
-4.24286     0      0
-4.22857     0      0
-4.21429     0      0
-4.2     0      0
-4.18571     0      0
-4.17143     0      0
-4.15714     0      0
-4.14286     0      0
-4.12857     0      0
-4.11429     0      0
-4.1     0      0
-4.08571     0      0
-4.07143     0      0
-4.05714     0      0
-4.04286     0      0
-4.02857     0      0
-4.01429     0      0
-4     0      0
-3.98571     0      0
-3.97143     0      0
-3.95714     0      0
-3.94286     0      0
-3.92857     0      0
-3.91429     0      0
-3.9     0      0
-3.88571     0      0
-3.87143     0      0
-3.85714     0      0
-3.84286     0      0
-3.82857     0      0
-3.81429     0      0
-3.8     0      0
-3.78571     0      0
-3.77143     0      0
-3.75714     0      0
-3.74286     0      0
-3.72857     0      0
-3.71429     0      0
-3.7     0      0
-3.68571     0      0
-3.67143     0      0
-3.65714     0      0
-3.64286     0      0
-3.62857     0      0
-3.61429     0      0
-3.6     0      0
-3.58571     0      0
-3.57143     0      0
-3.55714     0      0
-3.54286     0      0
-3.52857     0      0
-3.51429     0      0
-3.5     0      0
-3.48571     0      0
-3.47143     0      0
-3.45714     0      0
-3.44286     0      0
-3.42857     0      0
-3.41429     0      0
-3.4     0      0
-3.38571     0      0
-3.37143     0      0
-3.35714     0      0
-3.34286     0      0
-3.32857     0      0
-3.31429     0      0
-3.3     0      0
-3.28571     0      0
-3.27143     0      0
-3.25714     0      0
-3.24286     0      0
-3.22857     0      0
-3.21429     0      0
-3.2     0      0
-3.18571     0      0
-3.17143     0      0
-3.15714     0      0
-3.14286     0      0
-3.12857     0      0
-3.11429     0      0
-3.1     0      0
-3.08571     0      0
-3.07143     0      0
-3.05714     0      0
-3.04286     0      0
-3.02857     0      0
-3.01429     0      0
-3     0      0
-2.98571     0      0
-2.97143     0      0
-2.95714     0      0
-2.94286     0      0
-2.92857     0      0
-2.91429     0      0
-2.9     0      0
-2.88571     0      0
-2.87143     0      0
-2.85714     0      0
-2.84286     0      0
-2.82857     0      0
-2.81429     0      0
-2.8     0      0
-2.78571     0      0
-2.77143     0      0
-2.75714     0      0
-2.74286     0      0
-2.72857     0      0
-2.71429     0      0
-2.7     0      0
-2.68571     0      0
-2.67143     0      0
-2.65714     0      0
-2.64286     0      0
-2.62857     0      0
-2.61429     0      0
-2.6     0      0
-2.58571     0      0
-2.57143     0      0
-2.55714     0      0
-2.54286     0      0
-2.52857     0      0
-2.51429     0      0
-2.5     0      0
-2.48571     0      0
-2.47143     0      0
-2.45714     0      0
-2.44286     0      0
-2.42857     0      0
-2.41429     0      0
-2.4     0      0
-2.38571     0      0
-2.37143     0      0
-2.35714     0      0
-2.34286     0      0
-2.32857     0      0
-2.31429     0      0
-2.3     0      0
-2.28571     0      0
-2.27143     0      0
-2.25714     0      0
-2.24286     0      0
-2.22857     0      0
-2.21429     0      0
-2.2     0      0
-2.18571     0      0
-2.17143     0      0
-2.15714     0      0
-2.14286     0      0
-2.12857     0      0
-2.11429     0      0
-2.1     0      0
-2.08571     0      0
-2.07143     0      0
-2.05714     0      0
-2.04286     0      0
-2.02857     0      0
-2.01429     0      0
-2     0      0
-1.98571     0      0
-1.97143     0      0
-1.95714     0      0
-1.94286     2.08378e-70      0
-1.92857     6.46973e-69      0
-1.91429     1.13106e-63      0
-1.9     2.58331e-62      0
-1.88571     2.59094e-62      0
-1.87143     2.60086e-62      0
-1.85714     1.11161e-56      0
-1.84286     1.02753e-55      0
-1.82857     1.03302e-55      0
-1.81429     1.03607e-55      0
-1.8     8.97523e-50      0
-1.78571     4.10034e-49      0
-1.77143     4.10767e-49      0
-1.75714     4.12354e-49      0
-1.74286     6.09986e-43      0
-1.72857     1.6333e-42      0
-1.71429     1.63965e-42      0
-1.7     1.64941e-42      0
-1.68571     3.70557e-36      0
-1.67143     6.51367e-36      0
-1.65714     6.54492e-36      0
-1.64286     6.56641e-36      0
-1.62857     2.07441e-29      0
-1.61429     2.60703e-29      0
-1.6     2.61172e-29      0
-1.58571     6.47659e-24      0
-1.57143     1.03594e-22      0
-1.55714     1.03875e-22      0
-1.54286     1.045e-22      0
-1.52857     1.45906e-16      0
-1.51429     4.13625e-16      0
-1.5     4.15375e-16      0
-1.48571     4.16875e-16      0
-1.47143     1.10513e-09      0
-1.45714     0.0018325      0
-1.44286     0.006596      0
-1.42857     0.006622      0
-1.41429     0.006624      0
-1.4     0.00667      0
-1.38571     0.006702      0
-1.37143     0.006698      0
-1.35714     0.00673      0
-1.34286     0.006774      0
-1.32857     0.006782      0
-1.31429     0.006808      0
-1.3     0.00682      0
-1.28571     0.006886      0
-1.27143     0.006838      0
-1.25714     0.006976      0
-1.24286     0.006918      0
-1.22857     0.006974      0
-1.21429     0.006984      0
-1.2     0.007036      0
-1.18571     0.007076      0
-1.17143     0.007114      0
-1.15714     0.007122      0
-1.14286     0.00713      0
-1.12857     0.007214      0
-1.11429     0.007166      0
-1.1     0.007302      0
-1.08571     0.007272      0
-1.07143     0.007344      0
-1.05714     0.007378      0
-1.04286     0.007406      0
-1.02857     0.007466      0
-1.01429     0.007474      0
-1     0.007506      0
-0.985714     0.007574      0
-0.971429     0.007614      0
-0.957143     0.007674      0
-0.942857     0.00771      0
-0.928571     0.007736      0
-0.914286     0.007818      0
-0.9     0.007842      0
-0.885714     0.007888      0
-0.871429     0.00798      0
-0.857143     0.008018      0
-0.842857     0.008068      0
-0.828571     0.008114      0
-0.814286     0.008176      0
-0.8     0.008232      0
-0.785714     0.008292      0
-0.771429     0.008384      0
-0.757143     0.008482      0
-0.742857     0.008468      0
-0.728571     0.0086      0
-0.714286     0.008678      0
-0.7     0.008732      0
-0.685714     0.008816      0
-0.671429     0.008964      0
-0.657143     0.009012      0
-0.642857     0.009064      0
-0.628571     0.009202      0
-0.614286     0.009326      0
-0.6     0.00946      0
-0.585714     0.0095      0
-0.571429     0.009694      0
-0.557143     0.009794      0
-0.542857     0.009932      0
-0.528571     0.01009      0
-0.514286     0.010276      0
-0.5     0.010466      0
-0.485714     0.01063      0
-0.471429     0.010836      0
-0.457143     0.011104      0
-0.442857     0.011308      0
-0.428571     0.011508      0
-0.414286     0.011978      0
-0.4     0.012356      0
-0.385714     0.012862      0
-0.371429     0.01333      0
-0.357143     0.014102      0
-0.342857     0.014832      0
-0.328571     0.016244      0
-0.314286     0.0183585      0
-0.3     0.046818      0
-0.285714     0.035252      0
-0.271429     0.024312      0
-0.257143     0.019982      0
-0.242857     0.017352      0
-0.228571     0.01552      0
-0.214286     0.014154      0
-0.2     0.013006      0
-0.185714     0.012136      0
-0.171429     0.011276      0
-0.157143     0.0106      0
-0.142857     0.010016      0
-0.128571     0.009438      0
-0.114286     0.008972      0
-0.1     0.008526      0
-0.0857143     0.008118      0
-0.0714286     0.007718      0
-0.0571429     0.007354      0
-0.0428571     0.007022      0
-0.0285714     0.00668      0
-0.0142857     0.006383      0
0     0      3.57151e-70
0.0142857     0      1.68705e-62
0.0285714     0      5.28336e-62
0.0428571     0      1.67336e-55
0.0571429     0      1.03668e-49
0.0714286     0      8.52905e-49
0.0857143     0      1.28479e-42
0.1     0      3.29834e-42
0.114286     0      7.06104e-36
0.128571     0      1.29023e-35
0.142857     0      3.00332e-29
0.157143     0      5.11016e-29
0.171429     0      1.0557e-22
0.185714     0      2.04313e-22
0.2     0      2.81031e-16
0.214286     0      8.275e-16
0.228571     0      2.03126e-10
0.242857     0      0.0135065
0.257143     0      0.012058
0.271429     0      0.011056
0.285714     0      0.01064
0.3     0      0.010162
0.314286     0      0.00995
0.328571     0      0.009734
0.342857     0      0.009626
0.357143     0      0.00962
0.371429     0      0.009556
0.385714     0      0.009606
0.4     0      0.00964
0.414286     0      0.009754
0.428571     0      0.009894
0.442857     0      0.010096
0.457143     0      0.010258
0.471429     0      0.010648
0.485714     0      0.011066
0.5     0      0.011564
0.514286     0      0.01256
0.528571     0      0.01501
0.542857     0      0.015249
0.557143     0      0.012402
0.571429     0      0.011424
0.585714     0      0.010678
0.6     0      0.010202
0.614286     0      0.009806
0.628571     0      0.00946
0.642857     0      0.009158
0.657143     0      0.008948
0.671429     0      0.008686
0.685714     0      0.0085
0.7     0      0.00831
0.714286     0      0.008202
0.728571     0      0.008002
0.742857     0      0.00783
0.757143     0      0.007744
0.771429     0      0.007626
0.785714     0      0.007552
0.8     0      0.00734
0.814286     0      0.007306
0.828571     0      0.007192
0.842857     0      0.007094
0.857143     0      0.007004
0.871429     0      0.006944
0.885714     0      0.00683
0.9     0      0.00676
0.914286     0      0.006692
0.928571     0      0.006616
0.942857     0      0.00656
0.957143     0      0.006462
0.971429     0      0.006428
0.985714     0      0.006358
1     0      0.00629
1.01429     0      0.006244
1.02857     0      0.006206
1.04286     0      0.006156
1.05714     0      0.006022
1.07143     0      0.006026
1.08571     0      0.006044
1.1     0      0.005882
1.11429     0      0.005866
1.12857     0      0.005864
1.14286     0      0.005778
1.15714     0      0.005746
1.17143     0      0.005724
1.18571     0      0.005618
1.2     0      0.005618
1.21429     0      0.005616
1.22857     0      0.005474
1.24286     0      0.005518
1.25714     0      0.005454
1.27143     0      0.0054
1.28571     0      0.005434
1.3     0      0.005326
1.31429     0      0.005316
1.32857     0      0.005272
1.34286     0      0.00526
1.35714     0      0.005224
1.37143     0      0.005144
1.38571     0      0.00518
1.4     0      0.005054
1.41429     0      0.005114
1.42857     0      0.005082
1.44286     0      0.004996
1.45714     0      0.004998
1.47143     0      0.00497
1.48571     0      0.004934
1.5     0      0.004928
1.51429     0      0.00485
1.52857     0      0.00487
1.54286     0      0.004814
1.55714     0      0.004782
1.57143     0      0.00482
1.58571     0      0.004696
1.6     0      0.00474
1.61429     0      0.004726
1.62857     0      0.004634
1.64286     0      0.004658
1.65714     0      0.004628
1.67143     0      0.004612
1.68571     0      0.004572
1.7     0      0.004538
1.71429     0      0.004548
1.72857     0      0.004484
1.74286     0      0.00446
1.75714     0      0.004478
1.77143     0      0.004448
1.78571     0      0.004442
1.8     0      0.004402
1.81429     0      0.004362
1.82857     0      0.004358
1.84286     0      0.004342
1.85714     0      0.0043
1.87143     0      0.004306
1.88571     0      0.004262
1.9     0      0.004262
1.91429     0      0.004232
1.92857     0      0.004222
1.94286     0      0.004206
1.95714     0      0.004192
1.97143     0      0.004174
1.98571     0      0.00415
2     0      0.004096
2.01429     0      0.00411
2.02857     0      0.004116
2.04286     0      0.004046
2.05714     0      0.004066
2.07143     0      0.004054
2.08571     0      0.003998
2.1     0      0.004036
2.11429     0      0.003974
2.12857     0      0.003956
2.14286     0      0.00398
2.15714     0      0.003942
2.17143     0      0.00391
2.18571     0      0.003914
2.2     0      0.003896
2.21429     0      0.003878
2.22857     0      0.003856
2.24286     0      0.003852
2.25714     0      0.00384
2.27143     0      0.003798
2.28571     0      0.003804
2.3     0      0.003812
2.31429     0      0.003754
2.32857     0      0.003744
2.34286     0      0.003758
2.35714     0      0.003746
2.37143     0      0.003688
2.38571     0      0.003724
2.4     0      0.00369
2.41429     0      0.003658
2.42857     0      0.00366
2.44286     0      0.003648
2.45714     0      0.00363
2.47143     0      0.003644
2.48571     0      0.003598
2.5     0      0.003582
2.51429     0      0.003586
2.52857     0      0.00357
2.54286     0      0.003574
2.55714     0      0.003532
2.57143     0      0.003532
2.58571     0      0.0010305
2.6     0      0
2.61429     0      0
2.62857     0      0
2.64286     0      0
2.65714     0      0
2.67143     0      0
2.68571     0      0
2.7     0      0
2.71429     0      0
2.72857     0      0
2.74286     0      0
2.75714     0      0
2.77143     0      0
2.78571     0      0
2.8     0      0
2.81429     0      0
2.82857     0      0
2.84286     0      0
2.85714     0      0
2.87143     0      0
2.88571     0      0
2.9     0      0
2.91429     0      0
2.92857     0      0
2.94286     0      0
2.95714     0      0
2.97143     0      0
2.98571     0      0
3     0      0
3.01429     0      0
3.02857     0      0
3.04286     0      0
3.05714     0      0
3.07143     0      0
3.08571     0      0
3.1     0      0
3.11429     0      0
3.12857     0      0
3.14286     0      0
3.15714     0      0
3.17143     0      0
3.18571     0      0
3.2     0      0
3.21429     0      0
3.22857     0      0
3.24286     0      0
3.25714     0      0
3.27143     0      0
3.28571     0      0
3.3     0      0
3.31429     0      0
3.32857     0      0
3.34286     0      0
3.35714     0      0
3.37143     0      0
3.38571     0      0
3.4     0      0
3.41429     0      0
3.42857     0      0
3.44286     0      0
3.45714     0      0
3.47143     0      0
3.48571     0      0
3.5     0      0
3.51429     0      0
3.52857     0      0
3.54286     0      0
3.55714     0      0
3.57143     0      0
3.58571     0      0
3.6     0      0
3.61429     0      0
3.62857     0      0
3.64286     0      0
3.65714     0      0
3.67143     0      0
3.68571     0      0
3.7     0      0
3.71429     0      0
3.72857     0      0
3.74286     0      0
3.75714     0      0
3.77143     0      0
3.78571     0      0
3.8     0      0
3.81429     0      0
3.82857     0      0
3.84286     0      0
3.85714     0      0
3.87143     0      0
3.88571     0      0
3.9     0      0
3.91429     0      0
3.92857     0      0
3.94286     0      0
3.95714     0      0
3.97143     0      0
3.98571     0      0
4     0      0
4.01429     0      0
4.02857     0      0
4.04286     0      0
4.05714     0      0
4.07143     0      0
4.08571     0      0
4.1     0      0
4.11429     0      0
4.12857     0      0
4.14286     0      0
4.15714     0      0
4.17143     0      0
4.18571     0      0
4.2     0      0
4.21429     0      0
4.22857     0      0
4.24286     0      0
4.25714     0      0
4.27143     0      0
4.28571     0      0
4.3     0      0
4.31429     0      0
4.32857     0      0
4.34286     0      0
4.35714     0      0
4.37143     0      0
4.38571     0      0
4.4     0      0
4.41429     0      0
4.42857     0      0
4.44286     0      0
4.45714     0      0
4.47143     0      0
4.48571     0      0
4.5     0      0
4.51429     0      0
4.52857     0      0
4.54286     0      0
4.55714     0      0
4.57143     0      0
4.58571     0      0
4.6     0      0
4.61429     0      0
4.62857     0      0
4.64286     0      0
4.65714     0      0
4.67143     0      0
4.68571     0      0
4.7     0      0
4.71429     0      0
4.72857     0      0
4.74286     0      0
4.75714     0      0
4.77143     0      0
4.78571     0      0
4.8     0      0
4.81429     0      0
4.82857     0      0
4.84286     0      0
4.85714     0      0
4.87143     0      0
4.88571     0      0
4.9     0      0
4.91429     0      0
4.92857     0      0
4.94286     0      0
4.95714     0      0
4.97143     0      0
4.98571     0      0
