# U,mu,nA_up, nA_dn, nB_up, nB_dn, ms, mf, ntotal,mu,cint
#energy    dos_upn   dos_upp   dos_dnn  dos_dnp GRID=1000 bin=700
-5     0      0
-4.98571     0      0
-4.97143     0      0
-4.95714     0      0
-4.94286     0      0
-4.92857     0      0
-4.91429     0      0
-4.9     0      0
-4.88571     0      0
-4.87143     0      0
-4.85714     0      0
-4.84286     0      0
-4.82857     0      0
-4.81429     0      0
-4.8     0      0
-4.78571     0      0
-4.77143     0      0
-4.75714     0      0
-4.74286     0      0
-4.72857     0      0
-4.71429     0      0
-4.7     0      0
-4.68571     0      0
-4.67143     0      0
-4.65714     0      0
-4.64286     0      0
-4.62857     0      0
-4.61429     0      0
-4.6     0      0
-4.58571     0      0
-4.57143     0      0
-4.55714     0      0
-4.54286     0      0
-4.52857     0      0
-4.51429     0      0
-4.5     0      0
-4.48571     0      0
-4.47143     0      0
-4.45714     0      0
-4.44286     0      0
-4.42857     0      0
-4.41429     0      0
-4.4     0      0
-4.38571     0      0
-4.37143     0      0
-4.35714     0      0
-4.34286     0      0
-4.32857     0      0
-4.31429     0      0
-4.3     0      0
-4.28571     0      0
-4.27143     0      0
-4.25714     0      0
-4.24286     0      0
-4.22857     0      0
-4.21429     0      0
-4.2     0      0
-4.18571     0      0
-4.17143     0      0
-4.15714     0      0
-4.14286     0      0
-4.12857     0      0
-4.11429     0      0
-4.1     0      0
-4.08571     0      0
-4.07143     0      0
-4.05714     0      0
-4.04286     0      0
-4.02857     0      0
-4.01429     0      0
-4     0      0
-3.98571     0      0
-3.97143     0      0
-3.95714     0      0
-3.94286     0      0
-3.92857     0      0
-3.91429     0      0
-3.9     0      0
-3.88571     0      0
-3.87143     0      0
-3.85714     0      0
-3.84286     0      0
-3.82857     0      0
-3.81429     0      0
-3.8     0      0
-3.78571     0      0
-3.77143     0      0
-3.75714     0      0
-3.74286     0      0
-3.72857     0      0
-3.71429     0      0
-3.7     0      0
-3.68571     0      0
-3.67143     0      0
-3.65714     0      0
-3.64286     0      0
-3.62857     0      0
-3.61429     0      0
-3.6     0      0
-3.58571     0      0
-3.57143     0      0
-3.55714     0      0
-3.54286     0      0
-3.52857     0      0
-3.51429     0      0
-3.5     0      0
-3.48571     0      0
-3.47143     0      0
-3.45714     0      0
-3.44286     0      0
-3.42857     0      0
-3.41429     0      0
-3.4     0      0
-3.38571     0      0
-3.37143     0      0
-3.35714     0      0
-3.34286     0      0
-3.32857     0      0
-3.31429     0      0
-3.3     0      0
-3.28571     0      0
-3.27143     0      0
-3.25714     0      0
-3.24286     0      0
-3.22857     0      0
-3.21429     0      0
-3.2     0      0
-3.18571     0      0
-3.17143     0      0
-3.15714     0      0
-3.14286     0      0
-3.12857     0      0
-3.11429     0      0
-3.1     0      0
-3.08571     0      0
-3.07143     0      0
-3.05714     0      0
-3.04286     0      0
-3.02857     0      0
-3.01429     0      0
-3     0      0
-2.98571     0      0
-2.97143     0      0
-2.95714     0      0
-2.94286     0      0
-2.92857     0      0
-2.91429     0      0
-2.9     0      0
-2.88571     0      0
-2.87143     0      0
-2.85714     0      0
-2.84286     0      0
-2.82857     0      0
-2.81429     0      0
-2.8     0      0
-2.78571     0      0
-2.77143     0      0
-2.75714     0      0
-2.74286     0      0
-2.72857     0      0
-2.71429     0      0
-2.7     0      0
-2.68571     0      0
-2.67143     0      0
-2.65714     0      0
-2.64286     0      0
-2.62857     0      0
-2.61429     0      0
-2.6     0      0
-2.58571     0      0
-2.57143     0      0
-2.55714     0      0
-2.54286     0      0
-2.52857     0      0
-2.51429     0      0
-2.5     0      0
-2.48571     0      0
-2.47143     0      0
-2.45714     0      0
-2.44286     0      0
-2.42857     0      0
-2.41429     0      0
-2.4     0      0
-2.38571     0      0
-2.37143     0      0
-2.35714     0      0
-2.34286     0      0
-2.32857     0      0
-2.31429     0      0
-2.3     0      0
-2.28571     0      0
-2.27143     0      0
-2.25714     0      0
-2.24286     0      0
-2.22857     0      0
-2.21429     0      0
-2.2     0      0
-2.18571     0      0
-2.17143     0      0
-2.15714     0      0
-2.14286     0      0
-2.12857     0      0
-2.11429     0      0
-2.1     0      0
-2.08571     0      0
-2.07143     0      0
-2.05714     0      0
-2.04286     0      0
-2.02857     0      0
-2.01429     0      0
-2     0      0
-1.98571     0      0
-1.97143     0      0
-1.95714     0      0
-1.94286     3.2559e-90      0
-1.92857     1.01089e-88      0
-1.91429     1.76729e-83      0
-1.9     4.03643e-82      0
-1.88571     4.04835e-82      0
-1.87143     4.06385e-82      0
-1.85714     1.73688e-76      0
-1.84286     1.60551e-75      0
-1.82857     1.61409e-75      0
-1.81429     1.61886e-75      0
-1.8     1.40238e-69      0
-1.78571     6.40679e-69      0
-1.77143     6.41823e-69      0
-1.75714     6.44303e-69      0
-1.74286     9.53103e-63      0
-1.72857     2.55203e-62      0
-1.71429     2.56195e-62      0
-1.7     2.57721e-62      0
-1.68571     5.78995e-56      0
-1.67143     1.01776e-55      0
-1.65714     1.02264e-55      0
-1.64286     1.026e-55      0
-1.62857     3.24127e-49      0
-1.61429     4.07349e-49      0
-1.6     4.08081e-49      0
-1.58571     1.01197e-43      0
-1.57143     1.61865e-42      0
-1.55714     1.62305e-42      0
-1.54286     1.63281e-42      0
-1.52857     2.27979e-36      0
-1.51429     6.46289e-36      0
-1.5     0.0045125      0
-1.48571     0.006578      0
-1.47143     0.006594      0
-1.45714     0.006602      0
-1.44286     0.006648      0
-1.42857     0.00668      0
-1.41429     0.00665      0
-1.4     0.00673      0
-1.38571     0.006724      0
-1.37143     0.006752      0
-1.35714     0.006778      0
-1.34286     0.00682      0
-1.32857     0.006826      0
-1.31429     0.006828      0
-1.3     0.006906      0
-1.28571     0.006898      0
-1.27143     0.006958      0
-1.25714     0.00693      0
-1.24286     0.007024      0
-1.22857     0.007      0
-1.21429     0.007074      0
-1.2     0.007058      0
-1.18571     0.007128      0
-1.17143     0.007158      0
-1.15714     0.007144      0
-1.14286     0.007244      0
-1.12857     0.007212      0
-1.11429     0.007272      0
-1.1     0.007326      0
-1.08571     0.007358      0
-1.07143     0.007388      0
-1.05714     0.007414      0
-1.04286     0.007478      0
-1.02857     0.007506      0
-1.01429     0.007538      0
-1     0.00756      0
-0.985714     0.007662      0
-0.971429     0.007662      0
-0.957143     0.00773      0
-0.942857     0.00777      0
-0.928571     0.007802      0
-0.914286     0.007836      0
-0.9     0.00791      0
-0.885714     0.007954      0
-0.871429     0.008046      0
-0.857143     0.008068      0
-0.842857     0.008128      0
-0.828571     0.008184      0
-0.814286     0.008216      0
-0.8     0.008314      0
-0.785714     0.00835      0
-0.771429     0.008464      0
-0.757143     0.008488      0
-0.742857     0.008606      0
-0.728571     0.008638      0
-0.714286     0.00872      0
-0.7     0.008776      0
-0.685714     0.008936      0
-0.671429     0.008972      0
-0.657143     0.009048      0
-0.642857     0.009176      0
-0.628571     0.009278      0
-0.614286     0.009352      0
-0.6     0.009444      0
-0.585714     0.009622      0
-0.571429     0.00972      0
-0.557143     0.009794      0
-0.542857     0.01001      0
-0.528571     0.01015      0
-0.514286     0.010302      0
-0.5     0.010396      0
-0.485714     0.01069      0
-0.471429     0.010904      0
-0.457143     0.011056      0
-0.442857     0.011314      0
-0.428571     0.01174      0
-0.414286     0.011908      0
-0.4     0.012276      0
-0.385714     0.012718      0
-0.371429     0.013234      0
-0.357143     0.014078      0
-0.342857     0.014792      0
-0.328571     0.016228      0
-0.314286     0.0185665      0
-0.3     0.04649      0
-0.285714     0.029952      0
-0.271429     0.021716      0
-0.257143     0.018114      0
-0.242857     0.015816      0
-0.228571     0.014108      0
-0.214286     0.012938      0
-0.2     0.01191      0
-0.185714     0.011056      0
-0.171429     0.010304      0
-0.157143     0.009716      0
-0.142857     0.009144      0
-0.128571     0.008616      0
-0.114286     0.008142      0
-0.1     0.007754      0
-0.0857143     0.00733      0
-0.0714286     0.00696      0
-0.0571429     0.006624      0
-0.0428571     0.006302      0
-0.0285714     0.006012      0
-0.0142857     0.005671      0
0     0      5.58048e-90
0.0142857     0      2.63602e-82
0.0285714     0      8.25525e-82
0.0428571     0      2.61462e-75
0.0571429     0      1.61982e-69
0.0714286     0      1.33266e-68
0.0857143     0      2.00749e-62
0.1     0      5.15366e-62
0.114286     0      1.10329e-55
0.128571     0      0.0102405
0.142857     0      0.011878
0.157143     0      0.010818
0.171429     0      0.01015
0.185714     0      0.00968
0.2     0      0.009458
0.214286     0      0.00926
0.228571     0      0.00917
0.242857     0      0.009094
0.257143     0      0.009038
0.271429     0      0.0091
0.285714     0      0.009152
0.3     0      0.009226
0.314286     0      0.009342
0.328571     0      0.009516
0.342857     0      0.009726
0.357143     0      0.009976
0.371429     0      0.010388
0.385714     0      0.010774
0.4     0      0.011652
0.414286     0      0.013116
0.428571     0      0.015137
0.442857     0      0.012138
0.457143     0      0.011076
0.471429     0      0.010434
0.485714     0      0.009964
0.5     0      0.009586
0.514286     0      0.009238
0.528571     0      0.009024
0.542857     0      0.008758
0.557143     0      0.008578
0.571429     0      0.008394
0.585714     0      0.00824
0.6     0      0.008068
0.614286     0      0.007922
0.628571     0      0.00783
0.642857     0      0.007686
0.657143     0      0.007566
0.671429     0      0.007472
0.685714     0      0.007354
0.7     0      0.00726
0.714286     0      0.007156
0.728571     0      0.007078
0.742857     0      0.007032
0.757143     0      0.006922
0.771429     0      0.006844
0.785714     0      0.006768
0.8     0      0.006726
0.814286     0      0.006654
0.828571     0      0.00652
0.842857     0      0.006526
0.857143     0      0.00646
0.871429     0      0.00636
0.885714     0      0.006352
0.9     0      0.006236
0.914286     0      0.00628
0.928571     0      0.006148
0.942857     0      0.006096
0.957143     0      0.006076
0.971429     0      0.006008
0.985714     0      0.005964
1     0      0.00592
1.01429     0      0.005904
1.02857     0      0.005824
1.04286     0      0.005752
1.05714     0      0.005806
1.07143     0      0.005628
1.08571     0      0.005714
1.1     0      0.005582
1.11429     0      0.005604
1.12857     0      0.00556
1.14286     0      0.00548
1.15714     0      0.005504
1.17143     0      0.005394
1.18571     0      0.00545
1.2     0      0.005338
1.21429     0      0.005324
1.22857     0      0.005284
1.24286     0      0.00524
1.25714     0      0.00526
1.27143     0      0.005172
1.28571     0      0.005192
1.3     0      0.005098
1.31429     0      0.005138
1.32857     0      0.005038
1.34286     0      0.005056
1.35714     0      0.005068
1.37143     0      0.004916
1.38571     0      0.005012
1.4     0      0.004904
1.41429     0      0.004904
1.42857     0      0.004878
1.44286     0      0.004838
1.45714     0      0.004852
1.47143     0      0.004764
1.48571     0      0.004776
1.5     0      0.004754
1.51429     0      0.00473
1.52857     0      0.004708
1.54286     0      0.004644
1.55714     0      0.004652
1.57143     0      0.004642
1.58571     0      0.004578
1.6     0      0.004582
1.61429     0      0.004584
1.62857     0      0.00452
1.64286     0      0.004512
1.65714     0      0.004498
1.67143     0      0.004468
1.68571     0      0.00442
1.7     0      0.004424
1.71429     0      0.004406
1.72857     0      0.004422
1.74286     0      0.004356
1.75714     0      0.00433
1.77143     0      0.00433
1.78571     0      0.004274
1.8     0      0.00429
1.81429     0      0.004278
1.82857     0      0.004224
1.84286     0      0.004246
1.85714     0      0.004198
1.87143     0      0.004206
1.88571     0      0.004176
1.9     0      0.00416
1.91429     0      0.004134
1.92857     0      0.004094
1.94286     0      0.004086
1.95714     0      0.004094
1.97143     0      0.004064
1.98571     0      0.004038
2     0      0.00407
2.01429     0      0.004008
2.02857     0      0.00401
2.04286     0      0.003956
2.05714     0      0.003992
2.07143     0      0.003928
2.08571     0      0.003924
2.1     0      0.003952
2.11429     0      0.0039
2.12857     0      0.00388
2.14286     0      0.00386
2.15714     0      0.003878
2.17143     0      0.003832
2.18571     0      0.003824
2.2     0      0.003822
2.21429     0      0.0038
2.22857     0      0.003746
2.24286     0      0.0038
2.25714     0      0.003772
2.27143     0      0.003728
2.28571     0      0.00372
2.3     0      0.003702
2.31429     0      0.003714
2.32857     0      0.003674
2.34286     0      0.003656
2.35714     0      0.003668
2.37143     0      0.003646
2.38571     0      0.00364
2.4     0      0.00362
2.41429     0      0.003598
2.42857     0      0.003618
2.44286     0      0.00357
2.45714     0      0.003562
2.47143     0      0.00356
2.48571     0      0.003548
2.5     0      0.003534
2.51429     0      0.0033065
2.52857     0      7.93625e-10
2.54286     0      2.07531e-16
2.55714     0      5.51875e-23
2.57143     0      5.51875e-23
2.58571     0      1.61016e-23
2.6     0      0
2.61429     0      0
2.62857     0      0
2.64286     0      0
2.65714     0      0
2.67143     0      0
2.68571     0      0
2.7     0      0
2.71429     0      0
2.72857     0      0
2.74286     0      0
2.75714     0      0
2.77143     0      0
2.78571     0      0
2.8     0      0
2.81429     0      0
2.82857     0      0
2.84286     0      0
2.85714     0      0
2.87143     0      0
2.88571     0      0
2.9     0      0
2.91429     0      0
2.92857     0      0
2.94286     0      0
2.95714     0      0
2.97143     0      0
2.98571     0      0
3     0      0
3.01429     0      0
3.02857     0      0
3.04286     0      0
3.05714     0      0
3.07143     0      0
3.08571     0      0
3.1     0      0
3.11429     0      0
3.12857     0      0
3.14286     0      0
3.15714     0      0
3.17143     0      0
3.18571     0      0
3.2     0      0
3.21429     0      0
3.22857     0      0
3.24286     0      0
3.25714     0      0
3.27143     0      0
3.28571     0      0
3.3     0      0
3.31429     0      0
3.32857     0      0
3.34286     0      0
3.35714     0      0
3.37143     0      0
3.38571     0      0
3.4     0      0
3.41429     0      0
3.42857     0      0
3.44286     0      0
3.45714     0      0
3.47143     0      0
3.48571     0      0
3.5     0      0
3.51429     0      0
3.52857     0      0
3.54286     0      0
3.55714     0      0
3.57143     0      0
3.58571     0      0
3.6     0      0
3.61429     0      0
3.62857     0      0
3.64286     0      0
3.65714     0      0
3.67143     0      0
3.68571     0      0
3.7     0      0
3.71429     0      0
3.72857     0      0
3.74286     0      0
3.75714     0      0
3.77143     0      0
3.78571     0      0
3.8     0      0
3.81429     0      0
3.82857     0      0
3.84286     0      0
3.85714     0      0
3.87143     0      0
3.88571     0      0
3.9     0      0
3.91429     0      0
3.92857     0      0
3.94286     0      0
3.95714     0      0
3.97143     0      0
3.98571     0      0
4     0      0
4.01429     0      0
4.02857     0      0
4.04286     0      0
4.05714     0      0
4.07143     0      0
4.08571     0      0
4.1     0      0
4.11429     0      0
4.12857     0      0
4.14286     0      0
4.15714     0      0
4.17143     0      0
4.18571     0      0
4.2     0      0
4.21429     0      0
4.22857     0      0
4.24286     0      0
4.25714     0      0
4.27143     0      0
4.28571     0      0
4.3     0      0
4.31429     0      0
4.32857     0      0
4.34286     0      0
4.35714     0      0
4.37143     0      0
4.38571     0      0
4.4     0      0
4.41429     0      0
4.42857     0      0
4.44286     0      0
4.45714     0      0
4.47143     0      0
4.48571     0      0
4.5     0      0
4.51429     0      0
4.52857     0      0
4.54286     0      0
4.55714     0      0
4.57143     0      0
4.58571     0      0
4.6     0      0
4.61429     0      0
4.62857     0      0
4.64286     0      0
4.65714     0      0
4.67143     0      0
4.68571     0      0
4.7     0      0
4.71429     0      0
4.72857     0      0
4.74286     0      0
4.75714     0      0
4.77143     0      0
4.78571     0      0
4.8     0      0
4.81429     0      0
4.82857     0      0
4.84286     0      0
4.85714     0      0
4.87143     0      0
4.88571     0      0
4.9     0      0
4.91429     0      0
4.92857     0      0
4.94286     0      0
4.95714     0      0
4.97143     0      0
4.98571     0      0
