# U,mu,nA_up, nA_dn, nB_up, nB_dn, ms, mf, ntotal,mu,cint
#energy    dos_upn   dos_upp   dos_dnn  dos_dnp GRID=1000 bin=700
-5     0      0
-4.98571     0      0
-4.97143     0      0
-4.95714     0      0
-4.94286     0      0
-4.92857     0      0
-4.91429     0      0
-4.9     0      0
-4.88571     0      0
-4.87143     0      0
-4.85714     0      0
-4.84286     0      0
-4.82857     0      0
-4.81429     0      0
-4.8     0      0
-4.78571     0      0
-4.77143     0      0
-4.75714     0      0
-4.74286     0      0
-4.72857     0      0
-4.71429     0      0
-4.7     0      0
-4.68571     0      0
-4.67143     0      0
-4.65714     0      0
-4.64286     0      0
-4.62857     0      0
-4.61429     0      0
-4.6     0      0
-4.58571     0      0
-4.57143     0      0
-4.55714     0      0
-4.54286     0      0
-4.52857     0      0
-4.51429     0      0
-4.5     0      0
-4.48571     0      0
-4.47143     0      0
-4.45714     0      0
-4.44286     0      0
-4.42857     0      0
-4.41429     0      0
-4.4     0      0
-4.38571     0      0
-4.37143     0      0
-4.35714     0      0
-4.34286     0      0
-4.32857     0      0
-4.31429     0      0
-4.3     0      0
-4.28571     0      0
-4.27143     0      0
-4.25714     0      0
-4.24286     0      0
-4.22857     0      0
-4.21429     0      0
-4.2     0      0
-4.18571     0      0
-4.17143     0      0
-4.15714     0      0
-4.14286     0      0
-4.12857     0      0
-4.11429     0      0
-4.1     0      0
-4.08571     0      0
-4.07143     0      0
-4.05714     0      0
-4.04286     0      0
-4.02857     0      0
-4.01429     0      0
-4     0      0
-3.98571     0      0
-3.97143     0      0
-3.95714     0      0
-3.94286     0      0
-3.92857     0      0
-3.91429     0      0
-3.9     0      0
-3.88571     0      0
-3.87143     0      0
-3.85714     0      0
-3.84286     0      0
-3.82857     0      0
-3.81429     0      0
-3.8     0      0
-3.78571     0      0
-3.77143     0      0
-3.75714     0      0
-3.74286     0      0
-3.72857     0      0
-3.71429     0      0
-3.7     0      0
-3.68571     0      0
-3.67143     0      0
-3.65714     0      0
-3.64286     0      0
-3.62857     0      0
-3.61429     0      0
-3.6     0      0
-3.58571     0      0
-3.57143     0      0
-3.55714     0      0
-3.54286     0      0
-3.52857     0      0
-3.51429     0      0
-3.5     0      0
-3.48571     0      0
-3.47143     0      0
-3.45714     0      0
-3.44286     0      0
-3.42857     0      0
-3.41429     0      0
-3.4     0      0
-3.38571     0      0
-3.37143     0      0
-3.35714     0      0
-3.34286     0      0
-3.32857     0      0
-3.31429     0      0
-3.3     0      0
-3.28571     0      0
-3.27143     0      0
-3.25714     0      0
-3.24286     0      0
-3.22857     0      0
-3.21429     0      0
-3.2     0      0
-3.18571     0      0
-3.17143     0      0
-3.15714     0      0
-3.14286     0      0
-3.12857     0      0
-3.11429     0      0
-3.1     0      0
-3.08571     0      0
-3.07143     0      0
-3.05714     0      0
-3.04286     0      0
-3.02857     0      0
-3.01429     0      0
-3     0      0
-2.98571     0      0
-2.97143     0      0
-2.95714     0      0
-2.94286     0      0
-2.92857     0      0
-2.91429     0      0
-2.9     0      0
-2.88571     0      0
-2.87143     0      0
-2.85714     0      0
-2.84286     0      0
-2.82857     0      0
-2.81429     0      0
-2.8     0      0
-2.78571     0      0
-2.77143     0      0
-2.75714     0      0
-2.74286     0      0
-2.72857     0      0
-2.71429     0      0
-2.7     0      0
-2.68571     0      0
-2.67143     0      0
-2.65714     0      0
-2.64286     0      0
-2.62857     0      0
-2.61429     0      0
-2.6     0      0
-2.58571     0      0
-2.57143     0      0
-2.55714     0      0
-2.54286     0      0
-2.52857     0      0
-2.51429     0      0
-2.5     0      0
-2.48571     0      0
-2.47143     0      0
-2.45714     0      0
-2.44286     0      0
-2.42857     0      0
-2.41429     0      0
-2.4     0      0
-2.38571     0      0
-2.37143     0      0
-2.35714     0      0
-2.34286     0      0
-2.32857     0      0
-2.31429     0      0
-2.3     0      0
-2.28571     0      0
-2.27143     0      0
-2.25714     0      0
-2.24286     0      0
-2.22857     0      0
-2.21429     0      0
-2.2     0      0
-2.18571     0      0
-2.17143     0      0
-2.15714     0      0
-2.14286     0      0
-2.12857     0      0
-2.11429     0      0
-2.1     0      0
-2.08571     0      0
-2.07143     0      0
-2.05714     0      0
-2.04286     0      0
-2.02857     0      0
-2.01429     0      0
-2     0      0
-1.98571     0      0
-1.97143     0      0
-1.95714     0      0
-1.94286     7.94898e-130      0
-1.92857     2.468e-128      0
-1.91429     4.31467e-123      0
-1.9     9.85456e-122      0
-1.88571     9.88366e-122      0
-1.87143     9.9215e-122      0
-1.85714     4.24044e-116      0
-1.84286     3.9197e-115      0
-1.82857     3.94066e-115      0
-1.81429     3.9523e-115      0
-1.8     3.42378e-109      0
-1.78571     1.56416e-108      0
-1.77143     1.56695e-108      0
-1.75714     1.573e-108      0
-1.74286     2.32691e-102      0
-1.72857     6.23055e-102      0
-1.71429     6.25476e-102      0
-1.7     6.29202e-102      0
-1.68571     1.41356e-95      0
-1.67143     2.48477e-95      0
-1.65714     2.49669e-95      0
-1.64286     2.50489e-95      0
-1.62857     7.91326e-89      0
-1.61429     9.94504e-89      0
-1.6     9.96292e-89      0
-1.58571     2.47062e-83      0
-1.57143     3.95179e-82      0
-1.55714     0.0023305      0
-1.54286     0.006538      0
-1.52857     0.006568      0
-1.51429     0.006562      0
-1.5     0.006626      0
-1.48571     0.006622      0
-1.47143     0.00665      0
-1.45714     0.00666      0
-1.44286     0.006704      0
-1.42857     0.006714      0
-1.41429     0.006724      0
-1.4     0.006754      0
-1.38571     0.006804      0
-1.37143     0.00681      0
-1.35714     0.00683      0
-1.34286     0.006862      0
-1.32857     0.006884      0
-1.31429     0.006922      0
-1.3     0.006922      0
-1.28571     0.007      0
-1.27143     0.006978      0
-1.25714     0.007022      0
-1.24286     0.007074      0
-1.22857     0.007072      0
-1.21429     0.007122      0
-1.2     0.007154      0
-1.18571     0.007198      0
-1.17143     0.00719      0
-1.15714     0.007258      0
-1.14286     0.007244      0
-1.12857     0.007356      0
-1.11429     0.007338      0
-1.1     0.00739      0
-1.08571     0.007414      0
-1.07143     0.00747      0
-1.05714     0.00749      0
-1.04286     0.00757      0
-1.02857     0.007558      0
-1.01429     0.007654      0
-1     0.007634      0
-0.985714     0.007706      0
-0.971429     0.00776      0
-0.957143     0.007796      0
-0.942857     0.007844      0
-0.928571     0.00791      0
-0.914286     0.007946      0
-0.9     0.008006      0
-0.885714     0.008      0
-0.871429     0.008138      0
-0.857143     0.008166      0
-0.842857     0.00819      0
-0.828571     0.0083      0
-0.814286     0.008332      0
-0.8     0.00839      0
-0.785714     0.008482      0
-0.771429     0.008524      0
-0.757143     0.008554      0
-0.742857     0.008688      0
-0.728571     0.008752      0
-0.714286     0.008816      0
-0.7     0.00892      0
-0.685714     0.008972      0
-0.671429     0.009056      0
-0.657143     0.009204      0
-0.642857     0.009208      0
-0.628571     0.00931      0
-0.614286     0.00948      0
-0.6     0.009606      0
-0.585714     0.00964      0
-0.571429     0.009802      0
-0.557143     0.009956      0
-0.542857     0.010026      0
-0.528571     0.010228      0
-0.514286     0.010414      0
-0.5     0.010496      0
-0.485714     0.010774      0
-0.471429     0.010874      0
-0.457143     0.011288      0
-0.442857     0.011136      0
-0.428571     0.011792      0
-0.414286     0.01188      0
-0.4     0.012406      0
-0.385714     0.012786      0
-0.371429     0.013224      0
-0.357143     0.013946      0
-0.342857     0.014762      0
-0.328571     0.01622      0
-0.314286     0.0187545      0
-0.3     0.04386      0
-0.285714     0.025262      0
-0.271429     0.019042      0
-0.257143     0.016078      0
-0.242857     0.01405      0
-0.228571     0.012664      0
-0.214286     0.011618      0
-0.2     0.010616      0
-0.185714     0.009942      0
-0.171429     0.009228      0
-0.157143     0.008692      0
-0.142857     0.008158      0
-0.128571     0.007674      0
-0.114286     0.007246      0
-0.1     0.006858      0
-0.0857143     0.006498      0
-0.0714286     0.006084      0
-0.0571429     0.005798      0
-0.0428571     0.005472      0
-0.0285714     0.005154      0
-0.0142857     0.004873      0
0     0      1.36242e-129
0.0142857     0      0.0110425
0.0285714     0      0.01106
0.0428571     0      0.009998
0.0571429     0      0.009402
0.0714286     0      0.00903
0.0857143     0      0.008744
0.1     0      0.00863
0.114286     0      0.008492
0.128571     0      0.008504
0.142857     0      0.008424
0.157143     0      0.008514
0.171429     0      0.008552
0.185714     0      0.00866
0.2     0      0.008776
0.214286     0      0.00894
0.228571     0      0.009106
0.242857     0      0.00939
0.257143     0      0.009776
0.271429     0      0.010218
0.285714     0      0.010852
0.3     0      0.01243
0.314286     0      0.013785
0.328571     0      0.011276
0.342857     0      0.010482
0.357143     0      0.009876
0.371429     0      0.00956
0.385714     0      0.009228
0.4     0      0.00902
0.414286     0      0.008706
0.428571     0      0.008578
0.442857     0      0.008366
0.457143     0      0.008242
0.471429     0      0.008078
0.485714     0      0.007938
0.5     0      0.007868
0.514286     0      0.007736
0.528571     0      0.00762
0.542857     0      0.007468
0.557143     0      0.007418
0.571429     0      0.00734
0.585714     0      0.00723
0.6     0      0.007112
0.614286     0      0.007112
0.628571     0      0.00702
0.642857     0      0.00691
0.657143     0      0.00684
0.671429     0      0.006756
0.685714     0      0.006762
0.7     0      0.00666
0.714286     0      0.006574
0.728571     0      0.006518
0.742857     0      0.006468
0.757143     0      0.006464
0.771429     0      0.00631
0.785714     0      0.006334
0.8     0      0.006268
0.814286     0      0.006208
0.828571     0      0.006114
0.842857     0      0.006122
0.857143     0      0.006084
0.871429     0      0.005966
0.885714     0      0.005972
0.9     0      0.005962
0.914286     0      0.005834
0.928571     0      0.00588
0.942857     0      0.005746
0.957143     0      0.005786
0.971429     0      0.005724
0.985714     0      0.005646
1     0      0.005648
1.01429     0      0.005592
1.02857     0      0.00556
1.04286     0      0.005518
1.05714     0      0.005492
1.07143     0      0.00546
1.08571     0      0.005388
1.1     0      0.005424
1.11429     0      0.005314
1.12857     0      0.005358
1.14286     0      0.005234
1.15714     0      0.005264
1.17143     0      0.005224
1.18571     0      0.005204
1.2     0      0.005138
1.21429     0      0.005128
1.22857     0      0.0051
1.24286     0      0.0051
1.25714     0      0.005014
1.27143     0      0.005014
1.28571     0      0.005022
1.3     0      0.0049
1.31429     0      0.004966
1.32857     0      0.004886
1.34286     0      0.004884
1.35714     0      0.004832
1.37143     0      0.004824
1.38571     0      0.004802
1.4     0      0.004782
1.41429     0      0.004792
1.42857     0      0.004676
1.44286     0      0.00472
1.45714     0      0.004658
1.47143     0      0.004666
1.48571     0      0.004648
1.5     0      0.0046
1.51429     0      0.00458
1.52857     0      0.004586
1.54286     0      0.004506
1.55714     0      0.00453
1.57143     0      0.004508
1.58571     0      0.00448
1.6     0      0.004448
1.61429     0      0.004422
1.62857     0      0.00442
1.64286     0      0.0044
1.65714     0      0.004356
1.67143     0      0.00437
1.68571     0      0.004318
1.7     0      0.004328
1.71429     0      0.004302
1.72857     0      0.004262
1.74286     0      0.00428
1.75714     0      0.004224
1.77143     0      0.004194
1.78571     0      0.004242
1.8     0      0.004164
1.81429     0      0.004168
1.82857     0      0.004142
1.84286     0      0.00411
1.85714     0      0.004122
1.87143     0      0.004082
1.88571     0      0.004068
1.9     0      0.004076
1.91429     0      0.004022
1.92857     0      0.004026
1.94286     0      0.004032
1.95714     0      0.003992
1.97143     0      0.003988
1.98571     0      0.003934
2     0      0.003984
2.01429     0      0.003914
2.02857     0      0.003906
2.04286     0      0.003884
2.05714     0      0.003904
2.07143     0      0.00387
2.08571     0      0.00386
2.1     0      0.00383
2.11429     0      0.003824
2.12857     0      0.003814
2.14286     0      0.003788
2.15714     0      0.003778
2.17143     0      0.003788
2.18571     0      0.003772
2.2     0      0.003702
2.21429     0      0.00372
2.22857     0      0.003734
2.24286     0      0.003678
2.25714     0      0.003706
2.27143     0      0.003658
2.28571     0      0.003644
2.3     0      0.003654
2.31429     0      0.00363
2.32857     0      0.003614
2.34286     0      0.003598
2.35714     0      0.003592
2.37143     0      0.003594
2.38571     0      0.003572
2.4     0      0.003558
2.41429     0      0.003532
2.42857     0      0.003518
2.44286     0      0.00353
2.45714     0      0.0018285
2.47143     0      1.06625e-10
2.48571     0      2.58828e-23
2.5     0      3.15821e-30
2.51429     0      1.74317e-37
2.52857     0      1.93756e-49
2.54286     0      5.06668e-56
2.55714     0      1.34735e-62
2.57143     0      1.34735e-62
2.58571     0      3.93105e-63
2.6     0      0
2.61429     0      0
2.62857     0      0
2.64286     0      0
2.65714     0      0
2.67143     0      0
2.68571     0      0
2.7     0      0
2.71429     0      0
2.72857     0      0
2.74286     0      0
2.75714     0      0
2.77143     0      0
2.78571     0      0
2.8     0      0
2.81429     0      0
2.82857     0      0
2.84286     0      0
2.85714     0      0
2.87143     0      0
2.88571     0      0
2.9     0      0
2.91429     0      0
2.92857     0      0
2.94286     0      0
2.95714     0      0
2.97143     0      0
2.98571     0      0
3     0      0
3.01429     0      0
3.02857     0      0
3.04286     0      0
3.05714     0      0
3.07143     0      0
3.08571     0      0
3.1     0      0
3.11429     0      0
3.12857     0      0
3.14286     0      0
3.15714     0      0
3.17143     0      0
3.18571     0      0
3.2     0      0
3.21429     0      0
3.22857     0      0
3.24286     0      0
3.25714     0      0
3.27143     0      0
3.28571     0      0
3.3     0      0
3.31429     0      0
3.32857     0      0
3.34286     0      0
3.35714     0      0
3.37143     0      0
3.38571     0      0
3.4     0      0
3.41429     0      0
3.42857     0      0
3.44286     0      0
3.45714     0      0
3.47143     0      0
3.48571     0      0
3.5     0      0
3.51429     0      0
3.52857     0      0
3.54286     0      0
3.55714     0      0
3.57143     0      0
3.58571     0      0
3.6     0      0
3.61429     0      0
3.62857     0      0
3.64286     0      0
3.65714     0      0
3.67143     0      0
3.68571     0      0
3.7     0      0
3.71429     0      0
3.72857     0      0
3.74286     0      0
3.75714     0      0
3.77143     0      0
3.78571     0      0
3.8     0      0
3.81429     0      0
3.82857     0      0
3.84286     0      0
3.85714     0      0
3.87143     0      0
3.88571     0      0
3.9     0      0
3.91429     0      0
3.92857     0      0
3.94286     0      0
3.95714     0      0
3.97143     0      0
3.98571     0      0
4     0      0
4.01429     0      0
4.02857     0      0
4.04286     0      0
4.05714     0      0
4.07143     0      0
4.08571     0      0
4.1     0      0
4.11429     0      0
4.12857     0      0
4.14286     0      0
4.15714     0      0
4.17143     0      0
4.18571     0      0
4.2     0      0
4.21429     0      0
4.22857     0      0
4.24286     0      0
4.25714     0      0
4.27143     0      0
4.28571     0      0
4.3     0      0
4.31429     0      0
4.32857     0      0
4.34286     0      0
4.35714     0      0
4.37143     0      0
4.38571     0      0
4.4     0      0
4.41429     0      0
4.42857     0      0
4.44286     0      0
4.45714     0      0
4.47143     0      0
4.48571     0      0
4.5     0      0
4.51429     0      0
4.52857     0      0
4.54286     0      0
4.55714     0      0
4.57143     0      0
4.58571     0      0
4.6     0      0
4.61429     0      0
4.62857     0      0
4.64286     0      0
4.65714     0      0
4.67143     0      0
4.68571     0      0
4.7     0      0
4.71429     0      0
4.72857     0      0
4.74286     0      0
4.75714     0      0
4.77143     0      0
4.78571     0      0
4.8     0      0
4.81429     0      0
4.82857     0      0
4.84286     0      0
4.85714     0      0
4.87143     0      0
4.88571     0      0
4.9     0      0
4.91429     0      0
4.92857     0      0
4.94286     0      0
4.95714     0      0
4.97143     0      0
4.98571     0      0
