# U,mu,nA_up, nA_dn, nB_up, nB_dn, ms, mf, ntotal,mu,cint
#energy    dos_upn   dos_upp   dos_dnn  dos_dnp GRID=1000 bin=700
-5     0      0
-4.98571     0      0
-4.97143     0      0
-4.95714     0      0
-4.94286     0      0
-4.92857     0      0
-4.91429     0      0
-4.9     0      0
-4.88571     0      0
-4.87143     0      0
-4.85714     0      0
-4.84286     0      0
-4.82857     0      0
-4.81429     0      0
-4.8     0      0
-4.78571     0      0
-4.77143     0      0
-4.75714     0      0
-4.74286     0      0
-4.72857     0      0
-4.71429     0      0
-4.7     0      0
-4.68571     0      0
-4.67143     0      0
-4.65714     0      0
-4.64286     0      0
-4.62857     0      0
-4.61429     0      0
-4.6     0      0
-4.58571     0      0
-4.57143     0      0
-4.55714     0      0
-4.54286     0      0
-4.52857     0      0
-4.51429     0      0
-4.5     0      0
-4.48571     0      0
-4.47143     0      0
-4.45714     0      0
-4.44286     0      0
-4.42857     0      0
-4.41429     0      0
-4.4     0      0
-4.38571     0      0
-4.37143     0      0
-4.35714     0      0
-4.34286     0      0
-4.32857     0      0
-4.31429     0      0
-4.3     0      0
-4.28571     0      0
-4.27143     0      0
-4.25714     0      0
-4.24286     0      0
-4.22857     0      0
-4.21429     0      0
-4.2     0      0
-4.18571     0      0
-4.17143     0      0
-4.15714     0      0
-4.14286     0      0
-4.12857     0      0
-4.11429     0      0
-4.1     0      0
-4.08571     0      0
-4.07143     0      0
-4.05714     0      0
-4.04286     0      0
-4.02857     0      0
-4.01429     0      0
-4     0      0
-3.98571     0      0
-3.97143     0      0
-3.95714     0      0
-3.94286     0      0
-3.92857     0      0
-3.91429     0      0
-3.9     0      0
-3.88571     0      0
-3.87143     0      0
-3.85714     0      0
-3.84286     0      0
-3.82857     0      0
-3.81429     0      0
-3.8     0      0
-3.78571     0      0
-3.77143     0      0
-3.75714     0      0
-3.74286     0      0
-3.72857     0      0
-3.71429     0      0
-3.7     0      0
-3.68571     0      0
-3.67143     0      0
-3.65714     0      0
-3.64286     0      0
-3.62857     0      0
-3.61429     0      0
-3.6     0      0
-3.58571     0      0
-3.57143     0      0
-3.55714     0      0
-3.54286     0      0
-3.52857     0      0
-3.51429     0      0
-3.5     0      0
-3.48571     0      0
-3.47143     0      0
-3.45714     0      0
-3.44286     0      0
-3.42857     0      0
-3.41429     0      0
-3.4     0      0
-3.38571     0      0
-3.37143     0      0
-3.35714     0      0
-3.34286     0      0
-3.32857     0      0
-3.31429     0      0
-3.3     0      0
-3.28571     0      0
-3.27143     0      0
-3.25714     0      0
-3.24286     0      0
-3.22857     0      0
-3.21429     0      0
-3.2     0      0
-3.18571     0      0
-3.17143     0      0
-3.15714     0      0
-3.14286     0      0
-3.12857     0      0
-3.11429     0      0
-3.1     0      0
-3.08571     0      0
-3.07143     0      0
-3.05714     0      0
-3.04286     0      0
-3.02857     0      0
-3.01429     0      0
-3     0      0
-2.98571     0      0
-2.97143     0      0
-2.95714     0      0
-2.94286     0      0
-2.92857     0      0
-2.91429     0      0
-2.9     0      0
-2.88571     0      0
-2.87143     0      0
-2.85714     0      0
-2.84286     0      0
-2.82857     0      0
-2.81429     0      0
-2.8     0      0
-2.78571     0      0
-2.77143     0      0
-2.75714     0      0
-2.74286     0      0
-2.72857     0      0
-2.71429     0      0
-2.7     0      0
-2.68571     0      0
-2.67143     0      0
-2.65714     0      0
-2.64286     0      0
-2.62857     0      0
-2.61429     0      0
-2.6     0      0
-2.58571     0      0
-2.57143     0      0
-2.55714     0      0
-2.54286     0      0
-2.52857     0      0
-2.51429     0      0
-2.5     0      0
-2.48571     0      0
-2.47143     0      0
-2.45714     0      0
-2.44286     0      0
-2.42857     0      0
-2.41429     0      0
-2.4     0      0
-2.38571     0      0
-2.37143     0      0
-2.35714     0      0
-2.34286     0      0
-2.32857     0      0
-2.31429     0      0
-2.3     0      0
-2.28571     0      0
-2.27143     0      0
-2.25714     0      0
-2.24286     0      0
-2.22857     0      0
-2.21429     0      0
-2.2     0      0
-2.18571     0      0
-2.17143     0      0
-2.15714     0      0
-2.14286     0      0
-2.12857     0      0
-2.11429     0      0
-2.1     0      0
-2.08571     0      0
-2.07143     0      0
-2.05714     0      0
-2.04286     0      0
-2.02857     0      0
-2.01429     0      0
-2     0      0
-1.98571     0      0
-1.97143     0      0
-1.95714     0      0
-1.94286     3.41406e-24      0
-1.92857     1.06e-22      0
-1.91429     1.85314e-17      0
-1.9     4.2325e-16      0
-1.88571     4.245e-16      0
-1.87143     4.26125e-16      0
-1.85714     1.82125e-10      0
-1.84286     1.6835e-09      0
-1.82857     1.6925e-09      0
-1.81429     1.6975e-09      0
-1.8     0.0014705      0
-1.78571     0.006718      0
-1.77143     0.00673      0
-1.75714     0.006756      0
-1.74286     0.006808      0
-1.72857     0.006792      0
-1.71429     0.006844      0
-1.7     0.006858      0
-1.68571     0.00692      0
-1.67143     0.006926      0
-1.65714     0.00695      0
-1.64286     0.006978      0
-1.62857     0.007014      0
-1.61429     0.007064      0
-1.6     0.00708      0
-1.58571     0.007098      0
-1.57143     0.007142      0
-1.55714     0.007194      0
-1.54286     0.007232      0
-1.52857     0.007246      0
-1.51429     0.007286      0
-1.5     0.007322      0
-1.48571     0.007346      0
-1.47143     0.007438      0
-1.45714     0.007462      0
-1.44286     0.0075      0
-1.42857     0.007518      0
-1.41429     0.00757      0
-1.4     0.007666      0
-1.38571     0.007642      0
-1.37143     0.007736      0
-1.35714     0.007772      0
-1.34286     0.007852      0
-1.32857     0.007854      0
-1.31429     0.00793      0
-1.3     0.007986      0
-1.28571     0.008096      0
-1.27143     0.008122      0
-1.25714     0.008146      0
-1.24286     0.008264      0
-1.22857     0.00831      0
-1.21429     0.008412      0
-1.2     0.00846      0
-1.18571     0.00855      0
-1.17143     0.008602      0
-1.15714     0.0087      0
-1.14286     0.008812      0
-1.12857     0.00886      0
-1.11429     0.008974      0
-1.1     0.00913      0
-1.08571     0.009202      0
-1.07143     0.009318      0
-1.05714     0.009344      0
-1.04286     0.0096      0
-1.02857     0.00971      0
-1.01429     0.009828      0
-1     0.009982      0
-0.985714     0.010186      0
-0.971429     0.010286      0
-0.957143     0.010586      0
-0.942857     0.010692      0
-0.928571     0.011008      0
-0.914286     0.011192      0
-0.9     0.01155      0
-0.885714     0.011782      0
-0.871429     0.0123      0
-0.857143     0.012592      0
-0.842857     0.013164      0
-0.828571     0.01365      0
-0.814286     0.01451      0
-0.8     0.015406      0
-0.785714     0.016744      0
-0.771429     0.0242825      0
-0.757143     0.04652      0
-0.742857     0.044264      0
-0.728571     0.028816      0
-0.714286     0.023494      0
-0.7     0.02049      0
-0.685714     0.01829      0
-0.671429     0.016594      0
-0.657143     0.015328      0
-0.642857     0.014252      0
-0.628571     0.013386      0
-0.614286     0.01254      0
-0.6     0.011906      0
-0.585714     0.011232      0
-0.571429     0.010696      0
-0.557143     0.01017      0
-0.542857     0.009748      0
-0.528571     0.009312      0
-0.514286     0.008918      0
-0.5     0.008552      0
-0.485714     0.008174      0
-0.471429     0.005265      0
-0.457143     0      0
-0.442857     0      0
-0.428571     0      0
-0.414286     0      0
-0.4     0      0
-0.385714     0      0
-0.371429     0      0
-0.357143     0      0
-0.342857     0      0
-0.328571     0      0
-0.314286     0      0
-0.3     0      0
-0.285714     0      0
-0.271429     0      0
-0.257143     0      0
-0.242857     0      0
-0.228571     0      0
-0.214286     0      0
-0.2     0      0
-0.185714     0      0
-0.171429     0      0
-0.157143     0      0
-0.142857     0      0
-0.128571     0      0
-0.114286     0      0
-0.1     0      0
-0.0857143     0      0
-0.0714286     0      0
-0.0571429     0      0
-0.0428571     0      0
-0.0285714     0      0
-0.0142857     0      0
0     0      5.85156e-24
0.0142857     0      2.76406e-16
0.0285714     0      8.65625e-16
0.0428571     0      2.74163e-09
0.0571429     0      0.0016985
0.0714286     0      0.013974
0.0857143     0      0.012766
0.1     0      0.01203
0.114286     0      0.01159
0.128571     0      0.011134
0.142857     0      0.010882
0.157143     0      0.01083
0.171429     0      0.010746
0.185714     0      0.0106
0.2     0      0.010654
0.214286     0      0.010694
0.228571     0      0.010742
0.242857     0      0.01085
0.257143     0      0.011032
0.271429     0      0.011264
0.285714     0      0.011498
0.3     0      0.011902
0.314286     0      0.012432
0.328571     0      0.013126
0.342857     0      0.01427
0.357143     0      0.018129
0.371429     0      0.016274
0.385714     0      0.013638
0.4     0      0.012398
0.414286     0      0.011532
0.428571     0      0.011002
0.442857     0      0.010482
0.457143     0      0.010086
0.471429     0      0.009682
0.485714     0      0.009394
0.5     0      0.009164
0.514286     0      0.008862
0.528571     0      0.008734
0.542857     0      0.008466
0.557143     0      0.008284
0.571429     0      0.008122
0.585714     0      0.007986
0.6     0      0.00781
0.614286     0      0.007694
0.628571     0      0.007538
0.642857     0      0.007464
0.657143     0      0.007348
0.671429     0      0.007186
0.685714     0      0.007128
0.7     0      0.007038
0.714286     0      0.006894
0.728571     0      0.006824
0.742857     0      0.00677
0.757143     0      0.006656
0.771429     0      0.006602
0.785714     0      0.006548
0.8     0      0.006438
0.814286     0      0.006342
0.828571     0      0.006306
0.842857     0      0.006248
0.857143     0      0.006194
0.871429     0      0.00614
0.885714     0      0.006062
0.9     0      0.00599
0.914286     0      0.005962
0.928571     0      0.0059
0.942857     0      0.00585
0.957143     0      0.005818
0.971429     0      0.00573
0.985714     0      0.005716
1     0      0.005672
1.01429     0      0.005532
1.02857     0      0.005596
1.04286     0      0.005502
1.05714     0      0.005494
1.07143     0      0.005438
1.08571     0      0.0054
1.1     0      0.00541
1.11429     0      0.00527
1.12857     0      0.005284
1.14286     0      0.005262
1.15714     0      0.005182
1.17143     0      0.005174
1.18571     0      0.005148
1.2     0      0.005096
1.21429     0      0.00508
1.22857     0      0.005022
1.24286     0      0.005052
1.25714     0      0.004932
1.27143     0      0.00496
1.28571     0      0.004906
1.3     0      0.004908
1.31429     0      0.004836
1.32857     0      0.00482
1.34286     0      0.00481
1.35714     0      0.004788
1.37143     0      0.004708
1.38571     0      0.004708
1.4     0      0.004734
1.41429     0      0.004658
1.42857     0      0.00462
1.44286     0      0.004612
1.45714     0      0.004564
1.47143     0      0.004574
1.48571     0      0.00453
1.5     0      0.004556
1.51429     0      0.00447
1.52857     0      0.004466
1.54286     0      0.004446
1.55714     0      0.004412
1.57143     0      0.00441
1.58571     0      0.004374
1.6     0      0.004366
1.61429     0      0.004312
1.62857     0      0.004318
1.64286     0      0.004286
1.65714     0      0.004266
1.67143     0      0.004268
1.68571     0      0.004234
1.7     0      0.00421
1.71429     0      0.004178
1.72857     0      0.004188
1.74286     0      0.004138
1.75714     0      0.004138
1.77143     0      0.004092
1.78571     0      0.004102
1.8     0      0.004092
1.81429     0      0.004072
1.82857     0      0.004038
1.84286     0      0.00401
1.85714     0      0.004048
1.87143     0      0.00396
1.88571     0      0.003968
1.9     0      0.003944
1.91429     0      0.003938
1.92857     0      0.003958
1.94286     0      0.003882
1.95714     0      0.003882
1.97143     0      0.003916
1.98571     0      0.003816
2     0      0.00386
2.01429     0      0.003822
2.02857     0      0.003808
2.04286     0      0.003794
2.05714     0      0.003802
2.07143     0      0.003754
2.08571     0      0.003768
2.1     0      0.003708
2.11429     0      0.003736
2.12857     0      0.003722
2.14286     0      0.003672
2.15714     0      0.003688
2.17143     0      0.003662
2.18571     0      0.003658
2.2     0      0.003646
2.21429     0      0.0036
2.22857     0      0.00362
2.24286     0      0.003596
2.25714     0      0.003584
2.27143     0      0.003574
2.28571     0      0.0027445
2.3     0      0
2.31429     0      0
2.32857     0      0
2.34286     0      0
2.35714     0      0
2.37143     0      0
2.38571     0      0
2.4     0      0
2.41429     0      0
2.42857     0      0
2.44286     0      0
2.45714     0      0
2.47143     0      0
2.48571     0      0
2.5     0      0
2.51429     0      0
2.52857     0      0
2.54286     0      0
2.55714     0      0
2.57143     0      0
2.58571     0      0
2.6     0      0
2.61429     0      0
2.62857     0      0
2.64286     0      0
2.65714     0      0
2.67143     0      0
2.68571     0      0
2.7     0      0
2.71429     0      0
2.72857     0      0
2.74286     0      0
2.75714     0      0
2.77143     0      0
2.78571     0      0
2.8     0      0
2.81429     0      0
2.82857     0      0
2.84286     0      0
2.85714     0      0
2.87143     0      0
2.88571     0      0
2.9     0      0
2.91429     0      0
2.92857     0      0
2.94286     0      0
2.95714     0      0
2.97143     0      0
2.98571     0      0
3     0      0
3.01429     0      0
3.02857     0      0
3.04286     0      0
3.05714     0      0
3.07143     0      0
3.08571     0      0
3.1     0      0
3.11429     0      0
3.12857     0      0
3.14286     0      0
3.15714     0      0
3.17143     0      0
3.18571     0      0
3.2     0      0
3.21429     0      0
3.22857     0      0
3.24286     0      0
3.25714     0      0
3.27143     0      0
3.28571     0      0
3.3     0      0
3.31429     0      0
3.32857     0      0
3.34286     0      0
3.35714     0      0
3.37143     0      0
3.38571     0      0
3.4     0      0
3.41429     0      0
3.42857     0      0
3.44286     0      0
3.45714     0      0
3.47143     0      0
3.48571     0      0
3.5     0      0
3.51429     0      0
3.52857     0      0
3.54286     0      0
3.55714     0      0
3.57143     0      0
3.58571     0      0
3.6     0      0
3.61429     0      0
3.62857     0      0
3.64286     0      0
3.65714     0      0
3.67143     0      0
3.68571     0      0
3.7     0      0
3.71429     0      0
3.72857     0      0
3.74286     0      0
3.75714     0      0
3.77143     0      0
3.78571     0      0
3.8     0      0
3.81429     0      0
3.82857     0      0
3.84286     0      0
3.85714     0      0
3.87143     0      0
3.88571     0      0
3.9     0      0
3.91429     0      0
3.92857     0      0
3.94286     0      0
3.95714     0      0
3.97143     0      0
3.98571     0      0
4     0      0
4.01429     0      0
4.02857     0      0
4.04286     0      0
4.05714     0      0
4.07143     0      0
4.08571     0      0
4.1     0      0
4.11429     0      0
4.12857     0      0
4.14286     0      0
4.15714     0      0
4.17143     0      0
4.18571     0      0
4.2     0      0
4.21429     0      0
4.22857     0      0
4.24286     0      0
4.25714     0      0
4.27143     0      0
4.28571     0      0
4.3     0      0
4.31429     0      0
4.32857     0      0
4.34286     0      0
4.35714     0      0
4.37143     0      0
4.38571     0      0
4.4     0      0
4.41429     0      0
4.42857     0      0
4.44286     0      0
4.45714     0      0
4.47143     0      0
4.48571     0      0
4.5     0      0
4.51429     0      0
4.52857     0      0
4.54286     0      0
4.55714     0      0
4.57143     0      0
4.58571     0      0
4.6     0      0
4.61429     0      0
4.62857     0      0
4.64286     0      0
4.65714     0      0
4.67143     0      0
4.68571     0      0
4.7     0      0
4.71429     0      0
4.72857     0      0
4.74286     0      0
4.75714     0      0
4.77143     0      0
4.78571     0      0
4.8     0      0
4.81429     0      0
4.82857     0      0
4.84286     0      0
4.85714     0      0
4.87143     0      0
4.88571     0      0
4.9     0      0
4.91429     0      0
4.92857     0      0
4.94286     0      0
4.95714     0      0
4.97143     0      0
4.98571     0      0
