# U,mu,nA_up, nA_dn, nB_up, nB_dn, ms, mf, ntotal,mu,cint
#energy    dos_upn   dos_upp   dos_dnn  dos_dnp GRID=1000 bin=700
-5     0      0
-4.98571     0      0
-4.97143     0      0
-4.95714     0      0
-4.94286     0      0
-4.92857     0      0
-4.91429     0      0
-4.9     0      0
-4.88571     0      0
-4.87143     0      0
-4.85714     0      0
-4.84286     0      0
-4.82857     0      0
-4.81429     0      0
-4.8     0      0
-4.78571     0      0
-4.77143     0      0
-4.75714     0      0
-4.74286     0      0
-4.72857     0      0
-4.71429     0      0
-4.7     0      0
-4.68571     0      0
-4.67143     0      0
-4.65714     0      0
-4.64286     0      0
-4.62857     0      0
-4.61429     0      0
-4.6     0      0
-4.58571     0      0
-4.57143     0      0
-4.55714     0      0
-4.54286     0      0
-4.52857     0      0
-4.51429     0      0
-4.5     0      0
-4.48571     0      0
-4.47143     0      0
-4.45714     0      0
-4.44286     0      0
-4.42857     0      0
-4.41429     0      0
-4.4     0      0
-4.38571     0      0
-4.37143     0      0
-4.35714     0      0
-4.34286     0      0
-4.32857     0      0
-4.31429     0      0
-4.3     0      0
-4.28571     0      0
-4.27143     0      0
-4.25714     0      0
-4.24286     0      0
-4.22857     0      0
-4.21429     0      0
-4.2     0      0
-4.18571     0      0
-4.17143     0      0
-4.15714     0      0
-4.14286     0      0
-4.12857     0      0
-4.11429     0      0
-4.1     0      0
-4.08571     0      0
-4.07143     0      0
-4.05714     0      0
-4.04286     0      0
-4.02857     0      0
-4.01429     0      0
-4     0      0
-3.98571     0      0
-3.97143     0      0
-3.95714     0      0
-3.94286     0      0
-3.92857     0      0
-3.91429     0      0
-3.9     0      0
-3.88571     0      0
-3.87143     0      0
-3.85714     0      0
-3.84286     0      0
-3.82857     0      0
-3.81429     0      0
-3.8     0      0
-3.78571     0      0
-3.77143     0      0
-3.75714     0      0
-3.74286     0      0
-3.72857     0      0
-3.71429     0      0
-3.7     0      0
-3.68571     0      0
-3.67143     0      0
-3.65714     0      0
-3.64286     0      0
-3.62857     0      0
-3.61429     0      0
-3.6     0      0
-3.58571     0      0
-3.57143     0      0
-3.55714     0      0
-3.54286     0      0
-3.52857     0      0
-3.51429     0      0
-3.5     0      0
-3.48571     0      0
-3.47143     0      0
-3.45714     0      0
-3.44286     0      0
-3.42857     0      0
-3.41429     0      0
-3.4     0      0
-3.38571     0      0
-3.37143     0      0
-3.35714     0      0
-3.34286     0      0
-3.32857     0      0
-3.31429     0      0
-3.3     0      0
-3.28571     0      0
-3.27143     0      0
-3.25714     0      0
-3.24286     0      0
-3.22857     0      0
-3.21429     0      0
-3.2     0      0
-3.18571     0      0
-3.17143     0      0
-3.15714     0      0
-3.14286     0      0
-3.12857     0      0
-3.11429     0      0
-3.1     0      0
-3.08571     0      0
-3.07143     0      0
-3.05714     0      0
-3.04286     0      0
-3.02857     0      0
-3.01429     0      0
-3     0      0
-2.98571     0      0
-2.97143     0      0
-2.95714     0      0
-2.94286     0      0
-2.92857     0      0
-2.91429     0      0
-2.9     0      0
-2.88571     0      0
-2.87143     0      0
-2.85714     0      0
-2.84286     0      0
-2.82857     0      0
-2.81429     0      0
-2.8     0      0
-2.78571     0      0
-2.77143     0      0
-2.75714     0      0
-2.74286     0      0
-2.72857     0      0
-2.71429     0      0
-2.7     0      0
-2.68571     0      0
-2.67143     0      0
-2.65714     0      0
-2.64286     0      0
-2.62857     0      0
-2.61429     0      0
-2.6     0      0
-2.58571     0      0
-2.57143     0      0
-2.55714     0      0
-2.54286     0      0
-2.52857     0      0
-2.51429     0      0
-2.5     0      0
-2.48571     0      0
-2.47143     0      0
-2.45714     0      0
-2.44286     0      0
-2.42857     0      0
-2.41429     0      0
-2.4     0      0
-2.38571     0      0
-2.37143     0      0
-2.35714     0      0
-2.34286     0      0
-2.32857     0      0
-2.31429     0      0
-2.3     0      0
-2.28571     0      0
-2.27143     0      0
-2.25714     0      0
-2.24286     0      0
-2.22857     0      0
-2.21429     0      0
-2.2     0      0
-2.18571     0      0
-2.17143     0      0
-2.15714     0      0
-2.14286     0      0
-2.12857     0      0
-2.11429     0      0
-2.1     0      0
-2.08571     0      0
-2.07143     0      0
-2.05714     0      0
-2.04286     0      0
-2.02857     0      0
-2.01429     0      0
-2     0      0
-1.98571     0      0
-1.97143     0      0
-1.95714     0      0
-1.94286     2.13379e-37      0
-1.92857     6.625e-36      0
-1.91429     1.15821e-30      0
-1.9     2.64531e-29      0
-1.88571     2.65313e-29      0
-1.87143     2.66328e-29      0
-1.85714     1.13828e-23      0
-1.84286     1.05219e-22      0
-1.82857     1.05781e-22      0
-1.81429     1.06094e-22      0
-1.8     9.19064e-17      0
-1.78571     4.19875e-16      0
-1.77143     4.20625e-16      0
-1.75714     4.2225e-16      0
-1.74286     6.24625e-10      0
-1.72857     1.6725e-09      0
-1.71429     1.679e-09      0
-1.7     1.689e-09      0
-1.68571     0.0037945      0
-1.67143     0.00667      0
-1.65714     0.006702      0
-1.64286     0.006724      0
-1.62857     0.006754      0
-1.61429     0.006782      0
-1.6     0.006784      0
-1.58571     0.006832      0
-1.57143     0.006856      0
-1.55714     0.006892      0
-1.54286     0.00688      0
-1.52857     0.006958      0
-1.51429     0.006964      0
-1.5     0.007014      0
-1.48571     0.006994      0
-1.47143     0.00705      0
-1.45714     0.007094      0
-1.44286     0.007152      0
-1.42857     0.007154      0
-1.41429     0.00719      0
-1.4     0.007198      0
-1.38571     0.007288      0
-1.37143     0.007302      0
-1.35714     0.007314      0
-1.34286     0.007386      0
-1.32857     0.007422      0
-1.31429     0.007452      0
-1.3     0.007508      0
-1.28571     0.007536      0
-1.27143     0.007592      0
-1.25714     0.007646      0
-1.24286     0.007664      0
-1.22857     0.007702      0
-1.21429     0.007818      0
-1.2     0.007814      0
-1.18571     0.007862      0
-1.17143     0.007938      0
-1.15714     0.008036      0
-1.14286     0.008012      0
-1.12857     0.008146      0
-1.11429     0.008162      0
-1.1     0.008246      0
-1.08571     0.00834      0
-1.07143     0.008366      0
-1.05714     0.008428      0
-1.04286     0.00853      0
-1.02857     0.008604      0
-1.01429     0.008682      0
-1     0.008768      0
-0.985714     0.008884      0
-0.971429     0.008924      0
-0.957143     0.00906      0
-0.942857     0.009162      0
-0.928571     0.009266      0
-0.914286     0.009384      0
-0.9     0.00952      0
-0.885714     0.009654      0
-0.871429     0.009692      0
-0.857143     0.009986      0
-0.842857     0.010042      0
-0.828571     0.010306      0
-0.814286     0.010422      0
-0.8     0.010608      0
-0.785714     0.010878      0
-0.771429     0.011124      0
-0.757143     0.011342      0
-0.742857     0.011634      0
-0.728571     0.012072      0
-0.714286     0.012432      0
-0.7     0.012828      0
-0.685714     0.013178      0
-0.671429     0.01433      0
-0.657143     0.015024      0
-0.642857     0.016018      0
-0.628571     0.01816      0
-0.614286     0.0392685      0
-0.6     0.048924      0
-0.585714     0.029354      0
-0.571429     0.023554      0
-0.557143     0.020088      0
-0.542857     0.017916      0
-0.528571     0.016218      0
-0.514286     0.01495      0
-0.5     0.013784      0
-0.485714     0.012906      0
-0.471429     0.012128      0
-0.457143     0.011492      0
-0.442857     0.01085      0
-0.428571     0.010242      0
-0.414286     0.009804      0
-0.4     0.009336      0
-0.385714     0.008914      0
-0.371429     0.00853      0
-0.357143     0.008154      0
-0.342857     0.007818      0
-0.328571     0.007488      0
-0.314286     0.000349      0
-0.3     0      0
-0.285714     0      0
-0.271429     0      0
-0.257143     0      0
-0.242857     0      0
-0.228571     0      0
-0.214286     0      0
-0.2     0      0
-0.185714     0      0
-0.171429     0      0
-0.157143     0      0
-0.142857     0      0
-0.128571     0      0
-0.114286     0      0
-0.1     0      0
-0.0857143     0      0
-0.0714286     0      0
-0.0571429     0      0
-0.0428571     0      0
-0.0285714     0      0
-0.0142857     0      0
0     0      3.65723e-37
0.0142857     0      1.72754e-29
0.0285714     0      5.41016e-29
0.0428571     0      1.71352e-22
0.0571429     0      1.06156e-16
0.0714286     0      8.73375e-16
0.0857143     0      1.31563e-09
0.1     0      3.3775e-09
0.114286     0      0.0072305
0.128571     0      0.013212
0.142857     0      0.012154
0.157143     0      0.01148
0.171429     0      0.011164
0.185714     0      0.01076
0.2     0      0.010568
0.214286     0      0.010438
0.228571     0      0.01035
0.242857     0      0.01028
0.257143     0      0.010346
0.271429     0      0.010368
0.285714     0      0.010486
0.3     0      0.010578
0.314286     0      0.010748
0.328571     0      0.01097
0.342857     0      0.011308
0.357143     0      0.011676
0.371429     0      0.01223
0.385714     0      0.013032
0.4     0      0.014598
0.414286     0      0.018015
0.428571     0      0.014382
0.442857     0      0.012692
0.457143     0      0.011704
0.471429     0      0.011036
0.485714     0      0.010554
0.5     0      0.010006
0.514286     0      0.009726
0.528571     0      0.009436
0.542857     0      0.009174
0.557143     0      0.00885
0.571429     0      0.0087
0.585714     0      0.008482
0.6     0      0.008286
0.614286     0      0.008132
0.628571     0      0.007928
0.642857     0      0.007862
0.657143     0      0.007692
0.671429     0      0.00759
0.685714     0      0.007408
0.7     0      0.007346
0.714286     0      0.007224
0.728571     0      0.007158
0.742857     0      0.007014
0.757143     0      0.00694
0.771429     0      0.006842
0.785714     0      0.006772
0.8     0      0.00673
0.814286     0      0.006588
0.828571     0      0.006534
0.842857     0      0.006488
0.857143     0      0.006426
0.871429     0      0.00633
0.885714     0      0.006262
0.9     0      0.006188
0.914286     0      0.006164
0.928571     0      0.006114
0.942857     0      0.006018
0.957143     0      0.005986
0.971429     0      0.005964
0.985714     0      0.00588
1     0      0.005812
1.01429     0      0.00578
1.02857     0      0.00573
1.04286     0      0.00571
1.05714     0      0.005616
1.07143     0      0.005598
1.08571     0      0.00562
1.1     0      0.00546
1.11429     0      0.005492
1.12857     0      0.005448
1.14286     0      0.005348
1.15714     0      0.005384
1.17143     0      0.005346
1.18571     0      0.005246
1.2     0      0.005274
1.21429     0      0.005212
1.22857     0      0.005146
1.24286     0      0.00513
1.25714     0      0.005154
1.27143     0      0.005046
1.28571     0      0.00506
1.3     0      0.005064
1.31429     0      0.004944
1.32857     0      0.004956
1.34286     0      0.00495
1.35714     0      0.004842
1.37143     0      0.004862
1.38571     0      0.004868
1.4     0      0.004796
1.41429     0      0.004776
1.42857     0      0.004746
1.44286     0      0.00474
1.45714     0      0.004672
1.47143     0      0.004684
1.48571     0      0.004674
1.5     0      0.004646
1.51429     0      0.004578
1.52857     0      0.004534
1.54286     0      0.004584
1.55714     0      0.004518
1.57143     0      0.004538
1.58571     0      0.004468
1.6     0      0.00447
1.61429     0      0.004424
1.62857     0      0.004396
1.64286     0      0.004402
1.65714     0      0.00435
1.67143     0      0.00436
1.68571     0      0.004334
1.7     0      0.004334
1.71429     0      0.004286
1.72857     0      0.00428
1.74286     0      0.004236
1.75714     0      0.004202
1.77143     0      0.004206
1.78571     0      0.004182
1.8     0      0.004208
1.81429     0      0.004138
1.82857     0      0.004118
1.84286     0      0.004148
1.85714     0      0.004046
1.87143     0      0.004098
1.88571     0      0.004048
1.9     0      0.004066
1.91429     0      0.004006
1.92857     0      0.004024
1.94286     0      0.003988
1.95714     0      0.003968
1.97143     0      0.003968
1.98571     0      0.003916
2     0      0.003946
2.01429     0      0.003898
2.02857     0      0.003904
2.04286     0      0.003856
2.05714     0      0.003866
2.07143     0      0.00385
2.08571     0      0.003826
2.1     0      0.003812
2.11429     0      0.003796
2.12857     0      0.003802
2.14286     0      0.003752
2.15714     0      0.00374
2.17143     0      0.003772
2.18571     0      0.003714
2.2     0      0.003698
2.21429     0      0.003708
2.22857     0      0.003692
2.24286     0      0.00365
2.25714     0      0.00366
2.27143     0      0.003642
2.28571     0      0.00364
2.3     0      0.003616
2.31429     0      0.003614
2.32857     0      0.003582
2.34286     0      0.003576
2.35714     0      0.003552
2.37143     0      0.003556
2.38571     0      0.0004265
2.4     0      0
2.41429     0      0
2.42857     0      0
2.44286     0      0
2.45714     0      0
2.47143     0      0
2.48571     0      0
2.5     0      0
2.51429     0      0
2.52857     0      0
2.54286     0      0
2.55714     0      0
2.57143     0      0
2.58571     0      0
2.6     0      0
2.61429     0      0
2.62857     0      0
2.64286     0      0
2.65714     0      0
2.67143     0      0
2.68571     0      0
2.7     0      0
2.71429     0      0
2.72857     0      0
2.74286     0      0
2.75714     0      0
2.77143     0      0
2.78571     0      0
2.8     0      0
2.81429     0      0
2.82857     0      0
2.84286     0      0
2.85714     0      0
2.87143     0      0
2.88571     0      0
2.9     0      0
2.91429     0      0
2.92857     0      0
2.94286     0      0
2.95714     0      0
2.97143     0      0
2.98571     0      0
3     0      0
3.01429     0      0
3.02857     0      0
3.04286     0      0
3.05714     0      0
3.07143     0      0
3.08571     0      0
3.1     0      0
3.11429     0      0
3.12857     0      0
3.14286     0      0
3.15714     0      0
3.17143     0      0
3.18571     0      0
3.2     0      0
3.21429     0      0
3.22857     0      0
3.24286     0      0
3.25714     0      0
3.27143     0      0
3.28571     0      0
3.3     0      0
3.31429     0      0
3.32857     0      0
3.34286     0      0
3.35714     0      0
3.37143     0      0
3.38571     0      0
3.4     0      0
3.41429     0      0
3.42857     0      0
3.44286     0      0
3.45714     0      0
3.47143     0      0
3.48571     0      0
3.5     0      0
3.51429     0      0
3.52857     0      0
3.54286     0      0
3.55714     0      0
3.57143     0      0
3.58571     0      0
3.6     0      0
3.61429     0      0
3.62857     0      0
3.64286     0      0
3.65714     0      0
3.67143     0      0
3.68571     0      0
3.7     0      0
3.71429     0      0
3.72857     0      0
3.74286     0      0
3.75714     0      0
3.77143     0      0
3.78571     0      0
3.8     0      0
3.81429     0      0
3.82857     0      0
3.84286     0      0
3.85714     0      0
3.87143     0      0
3.88571     0      0
3.9     0      0
3.91429     0      0
3.92857     0      0
3.94286     0      0
3.95714     0      0
3.97143     0      0
3.98571     0      0
4     0      0
4.01429     0      0
4.02857     0      0
4.04286     0      0
4.05714     0      0
4.07143     0      0
4.08571     0      0
4.1     0      0
4.11429     0      0
4.12857     0      0
4.14286     0      0
4.15714     0      0
4.17143     0      0
4.18571     0      0
4.2     0      0
4.21429     0      0
4.22857     0      0
4.24286     0      0
4.25714     0      0
4.27143     0      0
4.28571     0      0
4.3     0      0
4.31429     0      0
4.32857     0      0
4.34286     0      0
4.35714     0      0
4.37143     0      0
4.38571     0      0
4.4     0      0
4.41429     0      0
4.42857     0      0
4.44286     0      0
4.45714     0      0
4.47143     0      0
4.48571     0      0
4.5     0      0
4.51429     0      0
4.52857     0      0
4.54286     0      0
4.55714     0      0
4.57143     0      0
4.58571     0      0
4.6     0      0
4.61429     0      0
4.62857     0      0
4.64286     0      0
4.65714     0      0
4.67143     0      0
4.68571     0      0
4.7     0      0
4.71429     0      0
4.72857     0      0
4.74286     0      0
4.75714     0      0
4.77143     0      0
4.78571     0      0
4.8     0      0
4.81429     0      0
4.82857     0      0
4.84286     0      0
4.85714     0      0
4.87143     0      0
4.88571     0      0
4.9     0      0
4.91429     0      0
4.92857     0      0
4.94286     0      0
4.95714     0      0
4.97143     0      0
4.98571     0      0
