# U,mu,nA_up, nA_dn, nB_up, nB_dn, ms, mf, ntotal,mu,cint
#energy    dos_upn   dos_upp   dos_dnn  dos_dnp GRID=1000 bin=700
-5     0      0
-4.98571     0      0
-4.97143     0      0
-4.95714     0      0
-4.94286     0      0
-4.92857     0      0
-4.91429     0      0
-4.9     0      0
-4.88571     0      0
-4.87143     0      0
-4.85714     0      0
-4.84286     0      0
-4.82857     0      0
-4.81429     0      0
-4.8     0      0
-4.78571     0      0
-4.77143     0      0
-4.75714     0      0
-4.74286     0      0
-4.72857     0      0
-4.71429     0      0
-4.7     0      0
-4.68571     0      0
-4.67143     0      0
-4.65714     0      0
-4.64286     0      0
-4.62857     0      0
-4.61429     0      0
-4.6     0      0
-4.58571     0      0
-4.57143     0      0
-4.55714     0      0
-4.54286     0      0
-4.52857     0      0
-4.51429     0      0
-4.5     0      0
-4.48571     0      0
-4.47143     0      0
-4.45714     0      0
-4.44286     0      0
-4.42857     0      0
-4.41429     0      0
-4.4     0      0
-4.38571     0      0
-4.37143     0      0
-4.35714     0      0
-4.34286     0      0
-4.32857     0      0
-4.31429     0      0
-4.3     0      0
-4.28571     0      0
-4.27143     0      0
-4.25714     0      0
-4.24286     0      0
-4.22857     0      0
-4.21429     0      0
-4.2     0      0
-4.18571     0      0
-4.17143     0      0
-4.15714     0      0
-4.14286     0      0
-4.12857     0      0
-4.11429     0      0
-4.1     0      0
-4.08571     0      0
-4.07143     0      0
-4.05714     0      0
-4.04286     0      0
-4.02857     0      0
-4.01429     0      0
-4     0      0
-3.98571     0      0
-3.97143     0      0
-3.95714     0      0
-3.94286     0      0
-3.92857     0      0
-3.91429     0      0
-3.9     0      0
-3.88571     0      0
-3.87143     0      0
-3.85714     0      0
-3.84286     0      0
-3.82857     0      0
-3.81429     0      0
-3.8     0      0
-3.78571     0      0
-3.77143     0      0
-3.75714     0      0
-3.74286     0      0
-3.72857     0      0
-3.71429     0      0
-3.7     0      0
-3.68571     0      0
-3.67143     0      0
-3.65714     0      0
-3.64286     0      0
-3.62857     0      0
-3.61429     0      0
-3.6     0      0
-3.58571     0      0
-3.57143     0      0
-3.55714     0      0
-3.54286     0      0
-3.52857     0      0
-3.51429     0      0
-3.5     0      0
-3.48571     0      0
-3.47143     0      0
-3.45714     0      0
-3.44286     0      0
-3.42857     0      0
-3.41429     0      0
-3.4     0      0
-3.38571     0      0
-3.37143     0      0
-3.35714     0      0
-3.34286     0      0
-3.32857     0      0
-3.31429     0      0
-3.3     0      0
-3.28571     0      0
-3.27143     0      0
-3.25714     0      0
-3.24286     0      0
-3.22857     0      0
-3.21429     0      0
-3.2     0      0
-3.18571     0      0
-3.17143     0      0
-3.15714     0      0
-3.14286     0      0
-3.12857     0      0
-3.11429     0      0
-3.1     0      0
-3.08571     0      0
-3.07143     0      0
-3.05714     0      0
-3.04286     0      0
-3.02857     0      0
-3.01429     0      0
-3     0      0
-2.98571     0      0
-2.97143     0      0
-2.95714     0      0
-2.94286     0      0
-2.92857     0      0
-2.91429     0      0
-2.9     0      0
-2.88571     0      0
-2.87143     0      0
-2.85714     0      0
-2.84286     0      0
-2.82857     0      0
-2.81429     0      0
-2.8     0      0
-2.78571     0      0
-2.77143     0      0
-2.75714     0      0
-2.74286     0      0
-2.72857     0      0
-2.71429     0      0
-2.7     0      0
-2.68571     0      0
-2.67143     0      0
-2.65714     0      0
-2.64286     0      0
-2.62857     0      0
-2.61429     0      0
-2.6     0      0
-2.58571     0      0
-2.57143     0      0
-2.55714     0      0
-2.54286     0      0
-2.52857     0      0
-2.51429     0      0
-2.5     0      0
-2.48571     0      0
-2.47143     0      0
-2.45714     0      0
-2.44286     0      0
-2.42857     0      0
-2.41429     0      0
-2.4     0      0
-2.38571     0      0
-2.37143     0      0
-2.35714     0      0
-2.34286     0      0
-2.32857     0      0
-2.31429     0      0
-2.3     0      0
-2.28571     0      0
-2.27143     0      0
-2.25714     0      0
-2.24286     0      0
-2.22857     0      0
-2.21429     0      0
-2.2     0      0
-2.18571     0      0
-2.17143     0      0
-2.15714     0      0
-2.14286     0      0
-2.12857     0      0
-2.11429     0      0
-2.1     0      0
-2.08571     0      0
-2.07143     0      0
-2.05714     0      0
-2.04286     0      0
-2.02857     0      0
-2.01429     0      0
-2     0      0
-1.98571     0      0
-1.97143     0      0
-1.95714     0      0
-1.94286     1.27184e-116      0
-1.92857     3.94881e-115      0
-1.91429     6.90347e-110      0
-1.9     1.57673e-108      0
-1.88571     1.58139e-108      0
-1.87143     1.58744e-108      0
-1.85714     6.7847e-103      0
-1.84286     6.27153e-102      0
-1.82857     6.30506e-102      0
-1.81429     6.32368e-102      0
-1.8     5.47805e-96      0
-1.78571     2.50265e-95      0
-1.77143     2.50712e-95      0
-1.75714     2.51681e-95      0
-1.74286     3.72306e-89      0
-1.72857     9.96888e-89      0
-1.71429     1.00076e-88      0
-1.7     1.00672e-88      0
-1.68571     2.2617e-82      0
-1.67143     3.97563e-82      0
-1.65714     3.9947e-82      0
-1.64286     4.00782e-82      0
-1.62857     1.26612e-75      0
-1.61429     1.59121e-75      0
-1.6     1.59407e-75      0
-1.58571     3.953e-70      0
-1.57143     6.32286e-69      0
-1.55714     6.34003e-69      0
-1.54286     0.0022425      0
-1.52857     0.006542      0
-1.51429     0.006568      0
-1.5     0.006606      0
-1.48571     0.006596      0
-1.47143     0.006652      0
-1.45714     0.006654      0
-1.44286     0.006668      0
-1.42857     0.006692      0
-1.41429     0.006742      0
-1.4     0.006732      0
-1.38571     0.006758      0
-1.37143     0.006808      0
-1.35714     0.006826      0
-1.34286     0.006818      0
-1.32857     0.006886      0
-1.31429     0.006888      0
-1.3     0.00695      0
-1.28571     0.006946      0
-1.27143     0.006976      0
-1.25714     0.00702      0
-1.24286     0.00702      0
-1.22857     0.00707      0
-1.21429     0.007088      0
-1.2     0.007154      0
-1.18571     0.007136      0
-1.17143     0.007204      0
-1.15714     0.007198      0
-1.14286     0.007268      0
-1.12857     0.007328      0
-1.11429     0.007306      0
-1.1     0.007378      0
-1.08571     0.007402      0
-1.07143     0.007462      0
-1.05714     0.00749      0
-1.04286     0.007502      0
-1.02857     0.007526      0
-1.01429     0.007638      0
-1     0.00763      0
-0.985714     0.007672      0
-0.971429     0.007724      0
-0.957143     0.00779      0
-0.942857     0.007836      0
-0.928571     0.007828      0
-0.914286     0.007944      0
-0.9     0.007932      0
-0.885714     0.00802      0
-0.871429     0.008128      0
-0.857143     0.008118      0
-0.842857     0.008182      0
-0.828571     0.008276      0
-0.814286     0.008312      0
-0.8     0.008334      0
-0.785714     0.008482      0
-0.771429     0.0085      0
-0.757143     0.008518      0
-0.742857     0.00864      0
-0.728571     0.008764      0
-0.714286     0.008792      0
-0.7     0.008852      0
-0.685714     0.008968      0
-0.671429     0.009056      0
-0.657143     0.009116      0
-0.642857     0.00922      0
-0.628571     0.0093      0
-0.614286     0.009424      0
-0.6     0.00959      0
-0.585714     0.00966      0
-0.571429     0.00972      0
-0.557143     0.009916      0
-0.542857     0.010098      0
-0.528571     0.010114      0
-0.514286     0.010402      0
-0.5     0.010552      0
-0.485714     0.010672      0
-0.471429     0.010972      0
-0.457143     0.01102      0
-0.442857     0.011528      0
-0.428571     0.011544      0
-0.414286     0.012054      0
-0.4     0.012244      0
-0.385714     0.012894      0
-0.371429     0.013204      0
-0.357143     0.013974      0
-0.342857     0.014834      0
-0.328571     0.016268      0
-0.314286     0.0196945      0
-0.3     0.04461      0
-0.285714     0.02604      0
-0.271429     0.019648      0
-0.257143     0.016486      0
-0.242857     0.014532      0
-0.228571     0.013014      0
-0.214286     0.011962      0
-0.2     0.010954      0
-0.185714     0.010232      0
-0.171429     0.009528      0
-0.157143     0.008948      0
-0.142857     0.00842      0
-0.128571     0.007938      0
-0.114286     0.007508      0
-0.1     0.007072      0
-0.0857143     0.006744      0
-0.0714286     0.006342      0
-0.0571429     0.006012      0
-0.0428571     0.0057      0
-0.0285714     0.005394      0
-0.0142857     0.004863      0
0     0      2.17988e-116
0.0142857     0      1.02969e-108
0.0285714     0      3.22471e-108
0.0428571     0      0.0078665
0.0571429     0      0.011684
0.0714286     0      0.01048
0.0857143     0      0.00976
0.1     0      0.009308
0.114286     0      0.009006
0.128571     0      0.008848
0.142857     0      0.008734
0.157143     0      0.008664
0.171429     0      0.00865
0.185714     0      0.008674
0.2     0      0.008672
0.214286     0      0.008808
0.228571     0      0.008958
0.242857     0      0.009056
0.257143     0      0.009266
0.271429     0      0.0095
0.285714     0      0.009776
0.3     0      0.010288
0.314286     0      0.010866
0.328571     0      0.012112
0.342857     0      0.014527
0.357143     0      0.01185
0.371429     0      0.010802
0.385714     0      0.01016
0.4     0      0.009724
0.414286     0      0.009404
0.428571     0      0.009144
0.442857     0      0.008862
0.457143     0      0.008704
0.471429     0      0.00843
0.485714     0      0.008354
0.5     0      0.008114
0.514286     0      0.008042
0.528571     0      0.007938
0.542857     0      0.007744
0.557143     0      0.00761
0.571429     0      0.007524
0.585714     0      0.007502
0.6     0      0.00734
0.614286     0      0.007294
0.628571     0      0.007144
0.642857     0      0.007108
0.657143     0      0.007018
0.671429     0      0.00692
0.685714     0      0.006872
0.7     0      0.006826
0.714286     0      0.006676
0.728571     0      0.006676
0.742857     0      0.006624
0.757143     0      0.00652
0.771429     0      0.006472
0.785714     0      0.00642
0.8     0      0.006378
0.814286     0      0.00634
0.828571     0      0.00621
0.842857     0      0.006232
0.857143     0      0.006126
0.871429     0      0.00607
0.885714     0      0.006088
0.9     0      0.006012
0.914286     0      0.005964
0.928571     0      0.005896
0.942857     0      0.005912
0.957143     0      0.00579
0.971429     0      0.005818
0.985714     0      0.00573
1     0      0.0057
1.01429     0      0.005694
1.02857     0      0.005602
1.04286     0      0.005604
1.05714     0      0.005522
1.07143     0      0.005534
1.08571     0      0.005474
1.1     0      0.005452
1.11429     0      0.00541
1.12857     0      0.00535
1.14286     0      0.005392
1.15714     0      0.005238
1.17143     0      0.005354
1.18571     0      0.005174
1.2     0      0.005252
1.21429     0      0.005134
1.22857     0      0.005194
1.24286     0      0.005078
1.25714     0      0.005108
1.27143     0      0.00504
1.28571     0      0.005044
1.3     0      0.005006
1.31429     0      0.004966
1.32857     0      0.004968
1.34286     0      0.00487
1.35714     0      0.00493
1.37143     0      0.004886
1.38571     0      0.004804
1.4     0      0.00482
1.41429     0      0.004816
1.42857     0      0.004782
1.44286     0      0.004674
1.45714     0      0.004748
1.47143     0      0.004692
1.48571     0      0.004664
1.5     0      0.004666
1.51429     0      0.004598
1.52857     0      0.00461
1.54286     0      0.00458
1.55714     0      0.004556
1.57143     0      0.004512
1.58571     0      0.00453
1.6     0      0.00449
1.61429     0      0.004458
1.62857     0      0.004428
1.64286     0      0.004418
1.65714     0      0.004416
1.67143     0      0.004376
1.68571     0      0.004336
1.7     0      0.004382
1.71429     0      0.00431
1.72857     0      0.0043
1.74286     0      0.004314
1.75714     0      0.004258
1.77143     0      0.004232
1.78571     0      0.00424
1.8     0      0.0042
1.81429     0      0.004222
1.82857     0      0.004132
1.84286     0      0.004142
1.85714     0      0.004166
1.87143     0      0.004102
1.88571     0      0.004078
1.9     0      0.004074
1.91429     0      0.004124
1.92857     0      0.004014
1.94286     0      0.004042
1.95714     0      0.004032
1.97143     0      0.00397
1.98571     0      0.003996
2     0      0.003958
2.01429     0      0.003968
2.02857     0      0.003952
2.04286     0      0.003884
2.05714     0      0.003936
2.07143     0      0.003886
2.08571     0      0.003888
2.1     0      0.003844
2.11429     0      0.003858
2.12857     0      0.003822
2.14286     0      0.003816
2.15714     0      0.003816
2.17143     0      0.003758
2.18571     0      0.00378
2.2     0      0.003754
2.21429     0      0.00374
2.22857     0      0.003724
2.24286     0      0.003724
2.25714     0      0.00372
2.27143     0      0.003664
2.28571     0      0.003688
2.3     0      0.003672
2.31429     0      0.00364
2.32857     0      0.003642
2.34286     0      0.003632
2.35714     0      0.003604
2.37143     0      0.003594
2.38571     0      0.003586
2.4     0      0.003564
2.41429     0      0.00356
2.42857     0      0.003552
2.44286     0      0.003544
2.45714     0      0.003518
2.47143     0      0.0025445
2.48571     0      4.14125e-10
2.5     0      5.05313e-17
2.51429     0      2.78908e-24
2.52857     0      3.1001e-36
2.54286     0      8.10669e-43
2.55714     0      2.15576e-49
2.57143     0      2.15576e-49
2.58571     0      6.28967e-50
2.6     0      0
2.61429     0      0
2.62857     0      0
2.64286     0      0
2.65714     0      0
2.67143     0      0
2.68571     0      0
2.7     0      0
2.71429     0      0
2.72857     0      0
2.74286     0      0
2.75714     0      0
2.77143     0      0
2.78571     0      0
2.8     0      0
2.81429     0      0
2.82857     0      0
2.84286     0      0
2.85714     0      0
2.87143     0      0
2.88571     0      0
2.9     0      0
2.91429     0      0
2.92857     0      0
2.94286     0      0
2.95714     0      0
2.97143     0      0
2.98571     0      0
3     0      0
3.01429     0      0
3.02857     0      0
3.04286     0      0
3.05714     0      0
3.07143     0      0
3.08571     0      0
3.1     0      0
3.11429     0      0
3.12857     0      0
3.14286     0      0
3.15714     0      0
3.17143     0      0
3.18571     0      0
3.2     0      0
3.21429     0      0
3.22857     0      0
3.24286     0      0
3.25714     0      0
3.27143     0      0
3.28571     0      0
3.3     0      0
3.31429     0      0
3.32857     0      0
3.34286     0      0
3.35714     0      0
3.37143     0      0
3.38571     0      0
3.4     0      0
3.41429     0      0
3.42857     0      0
3.44286     0      0
3.45714     0      0
3.47143     0      0
3.48571     0      0
3.5     0      0
3.51429     0      0
3.52857     0      0
3.54286     0      0
3.55714     0      0
3.57143     0      0
3.58571     0      0
3.6     0      0
3.61429     0      0
3.62857     0      0
3.64286     0      0
3.65714     0      0
3.67143     0      0
3.68571     0      0
3.7     0      0
3.71429     0      0
3.72857     0      0
3.74286     0      0
3.75714     0      0
3.77143     0      0
3.78571     0      0
3.8     0      0
3.81429     0      0
3.82857     0      0
3.84286     0      0
3.85714     0      0
3.87143     0      0
3.88571     0      0
3.9     0      0
3.91429     0      0
3.92857     0      0
3.94286     0      0
3.95714     0      0
3.97143     0      0
3.98571     0      0
4     0      0
4.01429     0      0
4.02857     0      0
4.04286     0      0
4.05714     0      0
4.07143     0      0
4.08571     0      0
4.1     0      0
4.11429     0      0
4.12857     0      0
4.14286     0      0
4.15714     0      0
4.17143     0      0
4.18571     0      0
4.2     0      0
4.21429     0      0
4.22857     0      0
4.24286     0      0
4.25714     0      0
4.27143     0      0
4.28571     0      0
4.3     0      0
4.31429     0      0
4.32857     0      0
4.34286     0      0
4.35714     0      0
4.37143     0      0
4.38571     0      0
4.4     0      0
4.41429     0      0
4.42857     0      0
4.44286     0      0
4.45714     0      0
4.47143     0      0
4.48571     0      0
4.5     0      0
4.51429     0      0
4.52857     0      0
4.54286     0      0
4.55714     0      0
4.57143     0      0
4.58571     0      0
4.6     0      0
4.61429     0      0
4.62857     0      0
4.64286     0      0
4.65714     0      0
4.67143     0      0
4.68571     0      0
4.7     0      0
4.71429     0      0
4.72857     0      0
4.74286     0      0
4.75714     0      0
4.77143     0      0
4.78571     0      0
4.8     0      0
4.81429     0      0
4.82857     0      0
4.84286     0      0
4.85714     0      0
4.87143     0      0
4.88571     0      0
4.9     0      0
4.91429     0      0
4.92857     0      0
4.94286     0      0
4.95714     0      0
4.97143     0      0
4.98571     0      0
