# U,mu,nA_up, nA_dn, nB_up, nB_dn, ms, mf, ntotal,mu,cint
#energy    dos_upn   dos_upp   dos_dnn  dos_dnp GRID=1000 bin=700
-5     0      0
-4.98571     0      0
-4.97143     0      0
-4.95714     0      0
-4.94286     0      0
-4.92857     0      0
-4.91429     0      0
-4.9     0      0
-4.88571     0      0
-4.87143     0      0
-4.85714     0      0
-4.84286     0      0
-4.82857     0      0
-4.81429     0      0
-4.8     0      0
-4.78571     0      0
-4.77143     0      0
-4.75714     0      0
-4.74286     0      0
-4.72857     0      0
-4.71429     0      0
-4.7     0      0
-4.68571     0      0
-4.67143     0      0
-4.65714     0      0
-4.64286     0      0
-4.62857     0      0
-4.61429     0      0
-4.6     0      0
-4.58571     0      0
-4.57143     0      0
-4.55714     0      0
-4.54286     0      0
-4.52857     0      0
-4.51429     0      0
-4.5     0      0
-4.48571     0      0
-4.47143     0      0
-4.45714     0      0
-4.44286     0      0
-4.42857     0      0
-4.41429     0      0
-4.4     0      0
-4.38571     0      0
-4.37143     0      0
-4.35714     0      0
-4.34286     0      0
-4.32857     0      0
-4.31429     0      0
-4.3     0      0
-4.28571     0      0
-4.27143     0      0
-4.25714     0      0
-4.24286     0      0
-4.22857     0      0
-4.21429     0      0
-4.2     0      0
-4.18571     0      0
-4.17143     0      0
-4.15714     0      0
-4.14286     0      0
-4.12857     0      0
-4.11429     0      0
-4.1     0      0
-4.08571     0      0
-4.07143     0      0
-4.05714     0      0
-4.04286     0      0
-4.02857     0      0
-4.01429     0      0
-4     0      0
-3.98571     0      0
-3.97143     0      0
-3.95714     0      0
-3.94286     0      0
-3.92857     0      0
-3.91429     0      0
-3.9     0      0
-3.88571     0      0
-3.87143     0      0
-3.85714     0      0
-3.84286     0      0
-3.82857     0      0
-3.81429     0      0
-3.8     0      0
-3.78571     0      0
-3.77143     0      0
-3.75714     0      0
-3.74286     0      0
-3.72857     0      0
-3.71429     0      0
-3.7     0      0
-3.68571     0      0
-3.67143     0      0
-3.65714     0      0
-3.64286     0      0
-3.62857     0      0
-3.61429     0      0
-3.6     0      0
-3.58571     0      0
-3.57143     0      0
-3.55714     0      0
-3.54286     0      0
-3.52857     0      0
-3.51429     0      0
-3.5     0      0
-3.48571     0      0
-3.47143     0      0
-3.45714     0      0
-3.44286     0      0
-3.42857     0      0
-3.41429     0      0
-3.4     0      0
-3.38571     0      0
-3.37143     0      0
-3.35714     0      0
-3.34286     0      0
-3.32857     0      0
-3.31429     0      0
-3.3     0      0
-3.28571     0      0
-3.27143     0      0
-3.25714     0      0
-3.24286     0      0
-3.22857     0      0
-3.21429     0      0
-3.2     0      0
-3.18571     0      0
-3.17143     0      0
-3.15714     0      0
-3.14286     0      0
-3.12857     0      0
-3.11429     0      0
-3.1     0      0
-3.08571     0      0
-3.07143     0      0
-3.05714     0      0
-3.04286     0      0
-3.02857     0      0
-3.01429     0      0
-3     0      0
-2.98571     0      0
-2.97143     0      0
-2.95714     0      0
-2.94286     0      0
-2.92857     0      0
-2.91429     0      0
-2.9     0      0
-2.88571     0      0
-2.87143     0      0
-2.85714     0      0
-2.84286     0      0
-2.82857     0      0
-2.81429     0      0
-2.8     0      0
-2.78571     0      0
-2.77143     0      0
-2.75714     0      0
-2.74286     0      0
-2.72857     0      0
-2.71429     0      0
-2.7     0      0
-2.68571     0      0
-2.67143     0      0
-2.65714     0      0
-2.64286     0      0
-2.62857     0      0
-2.61429     0      0
-2.6     0      0
-2.58571     0      0
-2.57143     0      0
-2.55714     0      0
-2.54286     0      0
-2.52857     0      0
-2.51429     0      0
-2.5     0      0
-2.48571     0      0
-2.47143     0      0
-2.45714     0      0
-2.44286     0      0
-2.42857     0      0
-2.41429     0      0
-2.4     0      0
-2.38571     0      0
-2.37143     0      0
-2.35714     0      0
-2.34286     0      0
-2.32857     0      0
-2.31429     0      0
-2.3     0      0
-2.28571     0      0
-2.27143     0      0
-2.25714     0      0
-2.24286     0      0
-2.22857     0      0
-2.21429     0      0
-2.2     0      0
-2.18571     0      0
-2.17143     0      0
-2.15714     0      0
-2.14286     0      0
-2.12857     0      0
-2.11429     0      0
-2.1     0      0
-2.08571     0      0
-2.07143     0      0
-2.05714     0      0
-2.04286     0      0
-2.02857     0      0
-2.01429     0      0
-2     0      0
-1.98571     0      0
-1.97143     0      0
-1.95714     0      0
-1.94286     8.33511e-64      0
-1.92857     2.58789e-62      0
-1.91429     4.52426e-57      0
-1.9     1.03333e-55      0
-1.88571     1.03638e-55      0
-1.87143     1.04034e-55      0
-1.85714     4.44642e-50      0
-1.84286     4.11011e-49      0
-1.82857     4.13208e-49      0
-1.81429     4.14429e-49      0
-1.8     3.59009e-43      0
-1.78571     1.64014e-42      0
-1.77143     1.64307e-42      0
-1.75714     1.64941e-42      0
-1.74286     2.43994e-36      0
-1.72857     6.5332e-36      0
-1.71429     6.5586e-36      0
-1.7     6.59766e-36      0
-1.68571     1.48223e-29      0
-1.67143     2.60547e-29      0
-1.65714     2.61797e-29      0
-1.64286     2.62656e-29      0
-1.62857     8.29766e-23      0
-1.61429     1.04281e-22      0
-1.6     1.04469e-22      0
-1.58571     2.59064e-17      0
-1.57143     4.14375e-16      0
-1.55714     4.155e-16      0
-1.54286     4.18e-16      0
-1.52857     5.83625e-10      0
-1.51429     1.6545e-09      0
-1.5     1.6615e-09      0
-1.48571     1.6675e-09      0
-1.47143     0.0044205      0
-1.45714     0.006612      0
-1.44286     0.006648      0
-1.42857     0.006658      0
-1.41429     0.006684      0
-1.4     0.0067      0
-1.38571     0.006752      0
-1.37143     0.006744      0
-1.35714     0.00678      0
-1.34286     0.006836      0
-1.32857     0.006802      0
-1.31429     0.006872      0
-1.3     0.00688      0
-1.28571     0.006912      0
-1.27143     0.006968      0
-1.25714     0.00694      0
-1.24286     0.007026      0
-1.22857     0.007004      0
-1.21429     0.00706      0
-1.2     0.007106      0
-1.18571     0.007094      0
-1.17143     0.007162      0
-1.15714     0.007198      0
-1.14286     0.007254      0
-1.12857     0.007222      0
-1.11429     0.007318      0
-1.1     0.00733      0
-1.08571     0.007342      0
-1.07143     0.007436      0
-1.05714     0.007438      0
-1.04286     0.007508      0
-1.02857     0.007522      0
-1.01429     0.007566      0
-1     0.00761      0
-0.985714     0.00765      0
-0.971429     0.00773      0
-0.957143     0.007744      0
-0.942857     0.007834      0
-0.928571     0.00783      0
-0.914286     0.00793      0
-0.9     0.007944      0
-0.885714     0.008034      0
-0.871429     0.008044      0
-0.857143     0.00813      0
-0.842857     0.008174      0
-0.828571     0.00827      0
-0.814286     0.008344      0
-0.8     0.008398      0
-0.785714     0.00846      0
-0.771429     0.0085      0
-0.757143     0.008622      0
-0.742857     0.008672      0
-0.728571     0.008776      0
-0.714286     0.008828      0
-0.7     0.00899      0
-0.685714     0.008984      0
-0.671429     0.009148      0
-0.657143     0.009232      0
-0.642857     0.009358      0
-0.628571     0.009444      0
-0.614286     0.009546      0
-0.6     0.009754      0
-0.585714     0.009874      0
-0.571429     0.009998      0
-0.557143     0.01015      0
-0.542857     0.010334      0
-0.528571     0.0105      0
-0.514286     0.010722      0
-0.5     0.010944      0
-0.485714     0.011188      0
-0.471429     0.011466      0
-0.457143     0.011738      0
-0.442857     0.011916      0
-0.428571     0.012592      0
-0.414286     0.013142      0
-0.4     0.013596      0
-0.385714     0.01431      0
-0.371429     0.015414      0
-0.357143     0.016888      0
-0.342857     0.0262485      0
-0.328571     0.049094      0
-0.314286     0.030236      0
-0.3     0.022962      0
-0.285714     0.019318      0
-0.271429     0.017026      0
-0.257143     0.015352      0
-0.242857     0.01401      0
-0.228571     0.0129      0
-0.214286     0.012066      0
-0.2     0.01133      0
-0.185714     0.010592      0
-0.171429     0.010044      0
-0.157143     0.009516      0
-0.142857     0.008998      0
-0.128571     0.008566      0
-0.114286     0.008162      0
-0.1     0.007792      0
-0.0857143     0.007416      0
-0.0714286     0.007092      0
-0.0571429     0.006778      0
-0.0428571     0.003955      0
-0.0285714     0      0
-0.0142857     0      0
0     0      1.4286e-63
0.0142857     0      6.7482e-56
0.0285714     0      2.11334e-55
0.0428571     0      6.69342e-49
0.0571429     0      4.14674e-43
0.0714286     0      3.41162e-42
0.0857143     0      5.13916e-36
0.1     0      1.31934e-35
0.114286     0      2.82442e-29
0.128571     0      5.16094e-29
0.142857     0      1.20133e-22
0.157143     0      2.04406e-22
0.171429     0      4.22281e-16
0.185714     0      8.1725e-16
0.2     0      1.12413e-09
0.214286     0      3.31e-09
0.228571     0      0.000812503
0.242857     0      0.013664
0.257143     0      0.012064
0.271429     0      0.011202
0.285714     0      0.0107
0.3     0      0.010268
0.314286     0      0.010078
0.328571     0      0.009896
0.342857     0      0.00978
0.357143     0      0.00972
0.371429     0      0.009756
0.385714     0      0.009672
0.4     0      0.009856
0.414286     0      0.00989
0.428571     0      0.010012
0.442857     0      0.010258
0.457143     0      0.010508
0.471429     0      0.010802
0.485714     0      0.011214
0.5     0      0.011844
0.514286     0      0.012808
0.528571     0      0.015845
0.542857     0      0.0149
0.557143     0      0.012518
0.571429     0      0.011436
0.585714     0      0.010802
0.6     0      0.010254
0.614286     0      0.009866
0.628571     0      0.009576
0.642857     0      0.00917
0.657143     0      0.00896
0.671429     0      0.008738
0.685714     0      0.008548
0.7     0      0.00839
0.714286     0      0.008168
0.728571     0      0.008026
0.742857     0      0.007876
0.757143     0      0.007754
0.771429     0      0.007678
0.785714     0      0.007498
0.8     0      0.007366
0.814286     0      0.007316
0.828571     0      0.007186
0.842857     0      0.007096
0.857143     0      0.007018
0.871429     0      0.006944
0.885714     0      0.00685
0.9     0      0.006796
0.914286     0      0.00666
0.928571     0      0.006612
0.942857     0      0.00652
0.957143     0      0.006506
0.971429     0      0.00642
0.985714     0      0.006372
1     0      0.00629
1.01429     0      0.006202
1.02857     0      0.006198
1.04286     0      0.006132
1.05714     0      0.00609
1.07143     0      0.005982
1.08571     0      0.005952
1.1     0      0.005968
1.11429     0      0.005864
1.12857     0      0.005788
1.14286     0      0.0058
1.15714     0      0.005716
1.17143     0      0.005696
1.18571     0      0.005644
1.2     0      0.005596
1.21429     0      0.005572
1.22857     0      0.005506
1.24286     0      0.005506
1.25714     0      0.005476
1.27143     0      0.005346
1.28571     0      0.005398
1.3     0      0.005362
1.31429     0      0.005256
1.32857     0      0.005298
1.34286     0      0.005238
1.35714     0      0.005168
1.37143     0      0.005188
1.38571     0      0.005116
1.4     0      0.005126
1.41429     0      0.00503
1.42857     0      0.00506
1.44286     0      0.005038
1.45714     0      0.00493
1.47143     0      0.004986
1.48571     0      0.00491
1.5     0      0.004876
1.51429     0      0.00491
1.52857     0      0.004802
1.54286     0      0.004822
1.55714     0      0.004808
1.57143     0      0.004752
1.58571     0      0.004732
1.6     0      0.00472
1.61429     0      0.004652
1.62857     0      0.00466
1.64286     0      0.004634
1.65714     0      0.004622
1.67143     0      0.004582
1.68571     0      0.004574
1.7     0      0.00454
1.71429     0      0.004504
1.72857     0      0.004472
1.74286     0      0.004486
1.75714     0      0.004448
1.77143     0      0.00445
1.78571     0      0.004414
1.8     0      0.004374
1.81429     0      0.004374
1.82857     0      0.004334
1.84286     0      0.0043
1.85714     0      0.004314
1.87143     0      0.00429
1.88571     0      0.004274
1.9     0      0.004216
1.91429     0      0.004238
1.92857     0      0.00423
1.94286     0      0.004176
1.95714     0      0.004166
1.97143     0      0.004166
1.98571     0      0.004106
2     0      0.00416
2.01429     0      0.004052
2.02857     0      0.004102
2.04286     0      0.00407
2.05714     0      0.004018
2.07143     0      0.004038
2.08571     0      0.003984
2.1     0      0.00402
2.11429     0      0.003966
2.12857     0      0.003966
2.14286     0      0.003952
2.15714     0      0.003924
2.17143     0      0.0039
2.18571     0      0.0039
2.2     0      0.00389
2.21429     0      0.00387
2.22857     0      0.003838
2.24286     0      0.003838
2.25714     0      0.003826
2.27143     0      0.00379
2.28571     0      0.003792
2.3     0      0.003796
2.31429     0      0.003768
2.32857     0      0.003742
2.34286     0      0.003736
2.35714     0      0.003698
2.37143     0      0.003706
2.38571     0      0.003692
2.4     0      0.00368
2.41429     0      0.003692
2.42857     0      0.003632
2.44286     0      0.003654
2.45714     0      0.003596
2.47143     0      0.003642
2.48571     0      0.003586
2.5     0      0.003576
2.51429     0      0.003566
2.52857     0      0.003566
2.54286     0      0.003542
2.55714     0      0.003536
2.57143     0      0.0007825
2.58571     0      0
2.6     0      0
2.61429     0      0
2.62857     0      0
2.64286     0      0
2.65714     0      0
2.67143     0      0
2.68571     0      0
2.7     0      0
2.71429     0      0
2.72857     0      0
2.74286     0      0
2.75714     0      0
2.77143     0      0
2.78571     0      0
2.8     0      0
2.81429     0      0
2.82857     0      0
2.84286     0      0
2.85714     0      0
2.87143     0      0
2.88571     0      0
2.9     0      0
2.91429     0      0
2.92857     0      0
2.94286     0      0
2.95714     0      0
2.97143     0      0
2.98571     0      0
3     0      0
3.01429     0      0
3.02857     0      0
3.04286     0      0
3.05714     0      0
3.07143     0      0
3.08571     0      0
3.1     0      0
3.11429     0      0
3.12857     0      0
3.14286     0      0
3.15714     0      0
3.17143     0      0
3.18571     0      0
3.2     0      0
3.21429     0      0
3.22857     0      0
3.24286     0      0
3.25714     0      0
3.27143     0      0
3.28571     0      0
3.3     0      0
3.31429     0      0
3.32857     0      0
3.34286     0      0
3.35714     0      0
3.37143     0      0
3.38571     0      0
3.4     0      0
3.41429     0      0
3.42857     0      0
3.44286     0      0
3.45714     0      0
3.47143     0      0
3.48571     0      0
3.5     0      0
3.51429     0      0
3.52857     0      0
3.54286     0      0
3.55714     0      0
3.57143     0      0
3.58571     0      0
3.6     0      0
3.61429     0      0
3.62857     0      0
3.64286     0      0
3.65714     0      0
3.67143     0      0
3.68571     0      0
3.7     0      0
3.71429     0      0
3.72857     0      0
3.74286     0      0
3.75714     0      0
3.77143     0      0
3.78571     0      0
3.8     0      0
3.81429     0      0
3.82857     0      0
3.84286     0      0
3.85714     0      0
3.87143     0      0
3.88571     0      0
3.9     0      0
3.91429     0      0
3.92857     0      0
3.94286     0      0
3.95714     0      0
3.97143     0      0
3.98571     0      0
4     0      0
4.01429     0      0
4.02857     0      0
4.04286     0      0
4.05714     0      0
4.07143     0      0
4.08571     0      0
4.1     0      0
4.11429     0      0
4.12857     0      0
4.14286     0      0
4.15714     0      0
4.17143     0      0
4.18571     0      0
4.2     0      0
4.21429     0      0
4.22857     0      0
4.24286     0      0
4.25714     0      0
4.27143     0      0
4.28571     0      0
4.3     0      0
4.31429     0      0
4.32857     0      0
4.34286     0      0
4.35714     0      0
4.37143     0      0
4.38571     0      0
4.4     0      0
4.41429     0      0
4.42857     0      0
4.44286     0      0
4.45714     0      0
4.47143     0      0
4.48571     0      0
4.5     0      0
4.51429     0      0
4.52857     0      0
4.54286     0      0
4.55714     0      0
4.57143     0      0
4.58571     0      0
4.6     0      0
4.61429     0      0
4.62857     0      0
4.64286     0      0
4.65714     0      0
4.67143     0      0
4.68571     0      0
4.7     0      0
4.71429     0      0
4.72857     0      0
4.74286     0      0
4.75714     0      0
4.77143     0      0
4.78571     0      0
4.8     0      0
4.81429     0      0
4.82857     0      0
4.84286     0      0
4.85714     0      0
4.87143     0      0
4.88571     0      0
4.9     0      0
4.91429     0      0
4.92857     0      0
4.94286     0      0
4.95714     0      0
4.97143     0      0
4.98571     0      0
