# U,mu,nA_up, nA_dn, nB_up, nB_dn, ms, mf, ntotal,mu,cint
#energy    dos_upn   dos_upp   dos_dnn  dos_dnp GRID=1000 bin=700
-5     0      0
-4.98571     0      0
-4.97143     0      0
-4.95714     0      0
-4.94286     0      0
-4.92857     0      0
-4.91429     0      0
-4.9     0      0
-4.88571     0      0
-4.87143     0      0
-4.85714     0      0
-4.84286     0      0
-4.82857     0      0
-4.81429     0      0
-4.8     0      0
-4.78571     0      0
-4.77143     0      0
-4.75714     0      0
-4.74286     0      0
-4.72857     0      0
-4.71429     0      0
-4.7     0      0
-4.68571     0      0
-4.67143     0      0
-4.65714     0      0
-4.64286     0      0
-4.62857     0      0
-4.61429     0      0
-4.6     0      0
-4.58571     0      0
-4.57143     0      0
-4.55714     0      0
-4.54286     0      0
-4.52857     0      0
-4.51429     0      0
-4.5     0      0
-4.48571     0      0
-4.47143     0      0
-4.45714     0      0
-4.44286     0      0
-4.42857     0      0
-4.41429     0      0
-4.4     0      0
-4.38571     0      0
-4.37143     0      0
-4.35714     0      0
-4.34286     0      0
-4.32857     0      0
-4.31429     0      0
-4.3     0      0
-4.28571     0      0
-4.27143     0      0
-4.25714     0      0
-4.24286     0      0
-4.22857     0      0
-4.21429     0      0
-4.2     0      0
-4.18571     0      0
-4.17143     0      0
-4.15714     0      0
-4.14286     0      0
-4.12857     0      0
-4.11429     0      0
-4.1     0      0
-4.08571     0      0
-4.07143     0      0
-4.05714     0      0
-4.04286     0      0
-4.02857     0      0
-4.01429     0      0
-4     0      0
-3.98571     0      0
-3.97143     0      0
-3.95714     0      0
-3.94286     0      0
-3.92857     0      0
-3.91429     0      0
-3.9     0      0
-3.88571     0      0
-3.87143     0      0
-3.85714     0      0
-3.84286     0      0
-3.82857     0      0
-3.81429     0      0
-3.8     0      0
-3.78571     0      0
-3.77143     0      0
-3.75714     0      0
-3.74286     0      0
-3.72857     0      0
-3.71429     0      0
-3.7     0      0
-3.68571     0      0
-3.67143     0      0
-3.65714     0      0
-3.64286     0      0
-3.62857     0      0
-3.61429     0      0
-3.6     0      0
-3.58571     0      0
-3.57143     0      0
-3.55714     0      0
-3.54286     0      0
-3.52857     0      0
-3.51429     0      0
-3.5     0      0
-3.48571     0      0
-3.47143     0      0
-3.45714     0      0
-3.44286     0      0
-3.42857     0      0
-3.41429     0      0
-3.4     0      0
-3.38571     0      0
-3.37143     0      0
-3.35714     0      0
-3.34286     0      0
-3.32857     0      0
-3.31429     0      0
-3.3     0      0
-3.28571     0      0
-3.27143     0      0
-3.25714     0      0
-3.24286     0      0
-3.22857     0      0
-3.21429     0      0
-3.2     0      0
-3.18571     0      0
-3.17143     0      0
-3.15714     0      0
-3.14286     0      0
-3.12857     0      0
-3.11429     0      0
-3.1     0      0
-3.08571     0      0
-3.07143     0      0
-3.05714     0      0
-3.04286     0      0
-3.02857     0      0
-3.01429     0      0
-3     0      0
-2.98571     0      0
-2.97143     0      0
-2.95714     0      0
-2.94286     0      0
-2.92857     0      0
-2.91429     0      0
-2.9     0      0
-2.88571     0      0
-2.87143     0      0
-2.85714     0      0
-2.84286     0      0
-2.82857     0      0
-2.81429     0      0
-2.8     0      0
-2.78571     0      0
-2.77143     0      0
-2.75714     0      0
-2.74286     0      0
-2.72857     0      0
-2.71429     0      0
-2.7     0      0
-2.68571     0      0
-2.67143     0      0
-2.65714     0      0
-2.64286     0      0
-2.62857     0      0
-2.61429     0      0
-2.6     0      0
-2.58571     0      0
-2.57143     0      0
-2.55714     0      0
-2.54286     0      0
-2.52857     0      0
-2.51429     0      0
-2.5     0      0
-2.48571     0      0
-2.47143     0      0
-2.45714     0      0
-2.44286     0      0
-2.42857     0      0
-2.41429     0      0
-2.4     0      0
-2.38571     0      0
-2.37143     0      0
-2.35714     0      0
-2.34286     0      0
-2.32857     0      0
-2.31429     0      0
-2.3     0      0
-2.28571     0      0
-2.27143     0      0
-2.25714     0      0
-2.24286     0      0
-2.22857     0      0
-2.21429     0      0
-2.2     0      0
-2.18571     0      0
-2.17143     0      0
-2.15714     0      0
-2.14286     0      0
-2.12857     0      0
-2.11429     0      0
-2.1     0      0
-2.08571     0      0
-2.07143     0      0
-2.05714     0      0
-2.04286     0      0
-2.02857     0      0
-2.01429     0      0
-2     0      0
-1.98571     0      0
-1.97143     0      0
-1.95714     0      0
-1.94286     5.33447e-44      0
-1.92857     1.65625e-42      0
-1.91429     2.89552e-37      0
-1.9     6.61328e-36      0
-1.88571     6.63281e-36      0
-1.87143     6.6582e-36      0
-1.85714     2.84571e-30      0
-1.84286     2.63047e-29      0
-1.82857     2.64453e-29      0
-1.81429     2.65234e-29      0
-1.8     2.29766e-23      0
-1.78571     1.04969e-22      0
-1.77143     1.05156e-22      0
-1.75714     1.05563e-22      0
-1.74286     1.56156e-16      0
-1.72857     4.18125e-16      0
-1.71429     4.1975e-16      0
-1.7     4.2225e-16      0
-1.68571     9.48625e-10      0
-1.67143     1.6675e-09      0
-1.65714     1.6755e-09      0
-1.64286     1.681e-09      0
-1.62857     0.0053105      0
-1.61429     0.006674      0
-1.6     0.006686      0
-1.58571     0.006698      0
-1.57143     0.00675      0
-1.55714     0.006758      0
-1.54286     0.006784      0
-1.52857     0.006804      0
-1.51429     0.006852      0
-1.5     0.006856      0
-1.48571     0.006892      0
-1.47143     0.006926      0
-1.45714     0.006946      0
-1.44286     0.006964      0
-1.42857     0.007006      0
-1.41429     0.00705      0
-1.4     0.007082      0
-1.38571     0.007088      0
-1.37143     0.007118      0
-1.35714     0.007182      0
-1.34286     0.007202      0
-1.32857     0.007254      0
-1.31429     0.007278      0
-1.3     0.007304      0
-1.28571     0.007316      0
-1.27143     0.007398      0
-1.25714     0.007428      0
-1.24286     0.00747      0
-1.22857     0.007496      0
-1.21429     0.007588      0
-1.2     0.007578      0
-1.18571     0.007646      0
-1.17143     0.007676      0
-1.15714     0.007738      0
-1.14286     0.007802      0
-1.12857     0.007846      0
-1.11429     0.00791      0
-1.1     0.00791      0
-1.08571     0.008018      0
-1.07143     0.008064      0
-1.05714     0.008138      0
-1.04286     0.008194      0
-1.02857     0.00822      0
-1.01429     0.008326      0
-1     0.00838      0
-0.985714     0.008446      0
-0.971429     0.008552      0
-0.957143     0.008618      0
-0.942857     0.008668      0
-0.928571     0.008806      0
-0.914286     0.008816      0
-0.9     0.00901      0
-0.885714     0.00907      0
-0.871429     0.009128      0
-0.857143     0.009294      0
-0.842857     0.00936      0
-0.828571     0.009512      0
-0.814286     0.00962      0
-0.8     0.009758      0
-0.785714     0.009966      0
-0.771429     0.010054      0
-0.757143     0.010222      0
-0.742857     0.010416      0
-0.728571     0.010676      0
-0.714286     0.01082      0
-0.7     0.011068      0
-0.685714     0.011304      0
-0.671429     0.011602      0
-0.657143     0.012106      0
-0.642857     0.01242      0
-0.628571     0.012796      0
-0.614286     0.013186      0
-0.6     0.014094      0
-0.585714     0.014992      0
-0.571429     0.016078      0
-0.557143     0.01809      0
-0.542857     0.0387425      0
-0.528571     0.047682      0
-0.514286     0.02855      0
-0.5     0.022836      0
-0.485714     0.019702      0
-0.471429     0.017386      0
-0.457143     0.01585      0
-0.442857     0.014528      0
-0.428571     0.013496      0
-0.414286     0.012586      0
-0.4     0.011806      0
-0.385714     0.011168      0
-0.371429     0.010562      0
-0.357143     0.01002      0
-0.342857     0.009546      0
-0.328571     0.009066      0
-0.314286     0.008676      0
-0.3     0.008278      0
-0.285714     0.007942      0
-0.271429     0.007568      0
-0.257143     0.007264      0
-0.242857     0.000591      0
-0.228571     0      0
-0.214286     0      0
-0.2     0      0
-0.185714     0      0
-0.171429     0      0
-0.157143     0      0
-0.142857     0      0
-0.128571     0      0
-0.114286     0      0
-0.1     0      0
-0.0857143     0      0
-0.0714286     0      0
-0.0571429     0      0
-0.0428571     0      0
-0.0285714     0      0
-0.0142857     0      0
0     0      9.14307e-44
0.0142857     0      4.31885e-36
0.0285714     0      1.35254e-35
0.0428571     0      4.28379e-29
0.0571429     0      2.65391e-23
0.0714286     0      2.18344e-22
0.0857143     0      3.28906e-16
0.1     0      8.44375e-16
0.114286     0      1.80763e-09
0.128571     0      3.303e-09
0.142857     0      0.0076885
0.157143     0      0.013082
0.171429     0      0.01199
0.185714     0      0.01143
0.2     0      0.010904
0.214286     0      0.01061
0.228571     0      0.01034
0.242857     0      0.010272
0.257143     0      0.010246
0.271429     0      0.010112
0.285714     0      0.010232
0.3     0      0.010168
0.314286     0      0.010326
0.328571     0      0.01043
0.342857     0      0.010556
0.357143     0      0.010852
0.371429     0      0.01112
0.385714     0      0.011486
0.4     0      0.01208
0.414286     0      0.012838
0.428571     0      0.01436
0.442857     0      0.017727
0.457143     0      0.014012
0.471429     0      0.012474
0.485714     0      0.011542
0.5     0      0.010892
0.514286     0      0.010362
0.528571     0      0.009988
0.542857     0      0.009596
0.557143     0      0.00932
0.571429     0      0.009064
0.585714     0      0.008802
0.6     0      0.008608
0.614286     0      0.00839
0.628571     0      0.008274
0.642857     0      0.008108
0.657143     0      0.007886
0.671429     0      0.007778
0.685714     0      0.007672
0.7     0      0.007548
0.714286     0      0.007398
0.728571     0      0.0073
0.742857     0      0.00719
0.757143     0      0.007116
0.771429     0      0.007006
0.785714     0      0.006932
0.8     0      0.00685
0.814286     0      0.006732
0.828571     0      0.00669
0.842857     0      0.006616
0.857143     0      0.006534
0.871429     0      0.006454
0.885714     0      0.006362
0.9     0      0.006364
0.914286     0      0.006262
0.928571     0      0.006212
0.942857     0      0.00615
0.957143     0      0.006066
0.971429     0      0.006036
0.985714     0      0.006022
1     0      0.005914
1.01429     0      0.005896
1.02857     0      0.005826
1.04286     0      0.005788
1.05714     0      0.005748
1.07143     0      0.005656
1.08571     0      0.005676
1.1     0      0.005608
1.11429     0      0.00556
1.12857     0      0.005512
1.14286     0      0.005464
1.15714     0      0.005456
1.17143     0      0.00543
1.18571     0      0.005322
1.2     0      0.00532
1.21429     0      0.00532
1.22857     0      0.005244
1.24286     0      0.005226
1.25714     0      0.005166
1.27143     0      0.005152
1.28571     0      0.005118
1.3     0      0.005094
1.31429     0      0.005062
1.32857     0      0.005048
1.34286     0      0.004946
1.35714     0      0.004962
1.37143     0      0.004952
1.38571     0      0.004876
1.4     0      0.004908
1.41429     0      0.004834
1.42857     0      0.004818
1.44286     0      0.00479
1.45714     0      0.004784
1.47143     0      0.004738
1.48571     0      0.00469
1.5     0      0.004694
1.51429     0      0.004684
1.52857     0      0.004624
1.54286     0      0.004596
1.55714     0      0.004574
1.57143     0      0.004578
1.58571     0      0.00456
1.6     0      0.004516
1.61429     0      0.004468
1.62857     0      0.004478
1.64286     0      0.004438
1.65714     0      0.004424
1.67143     0      0.004438
1.68571     0      0.004342
1.7     0      0.004372
1.71429     0      0.004358
1.72857     0      0.004302
1.74286     0      0.004294
1.75714     0      0.004284
1.77143     0      0.004262
1.78571     0      0.004254
1.8     0      0.004206
1.81429     0      0.00421
1.82857     0      0.004176
1.84286     0      0.004138
1.85714     0      0.004174
1.87143     0      0.004144
1.88571     0      0.004086
1.9     0      0.004094
1.91429     0      0.004052
1.92857     0      0.004042
1.94286     0      0.004056
1.95714     0      0.00403
1.97143     0      0.003976
1.98571     0      0.00401
2     0      0.00398
2.01429     0      0.003926
2.02857     0      0.00393
2.04286     0      0.003924
2.05714     0      0.003902
2.07143     0      0.0039
2.08571     0      0.003884
2.1     0      0.003834
2.11429     0      0.003858
2.12857     0      0.003802
2.14286     0      0.003824
2.15714     0      0.003796
2.17143     0      0.00378
2.18571     0      0.003764
2.2     0      0.003742
2.21429     0      0.003726
2.22857     0      0.00374
2.24286     0      0.003706
2.25714     0      0.003688
2.27143     0      0.003678
2.28571     0      0.00367
2.3     0      0.003664
2.31429     0      0.00363
2.32857     0      0.003634
2.34286     0      0.003612
2.35714     0      0.003592
2.37143     0      0.003586
2.38571     0      0.003594
2.4     0      0.00355
2.41429     0      0.00355
2.42857     0      0.0012385
2.44286     0      0
2.45714     0      0
2.47143     0      0
2.48571     0      0
2.5     0      0
2.51429     0      0
2.52857     0      0
2.54286     0      0
2.55714     0      0
2.57143     0      0
2.58571     0      0
2.6     0      0
2.61429     0      0
2.62857     0      0
2.64286     0      0
2.65714     0      0
2.67143     0      0
2.68571     0      0
2.7     0      0
2.71429     0      0
2.72857     0      0
2.74286     0      0
2.75714     0      0
2.77143     0      0
2.78571     0      0
2.8     0      0
2.81429     0      0
2.82857     0      0
2.84286     0      0
2.85714     0      0
2.87143     0      0
2.88571     0      0
2.9     0      0
2.91429     0      0
2.92857     0      0
2.94286     0      0
2.95714     0      0
2.97143     0      0
2.98571     0      0
3     0      0
3.01429     0      0
3.02857     0      0
3.04286     0      0
3.05714     0      0
3.07143     0      0
3.08571     0      0
3.1     0      0
3.11429     0      0
3.12857     0      0
3.14286     0      0
3.15714     0      0
3.17143     0      0
3.18571     0      0
3.2     0      0
3.21429     0      0
3.22857     0      0
3.24286     0      0
3.25714     0      0
3.27143     0      0
3.28571     0      0
3.3     0      0
3.31429     0      0
3.32857     0      0
3.34286     0      0
3.35714     0      0
3.37143     0      0
3.38571     0      0
3.4     0      0
3.41429     0      0
3.42857     0      0
3.44286     0      0
3.45714     0      0
3.47143     0      0
3.48571     0      0
3.5     0      0
3.51429     0      0
3.52857     0      0
3.54286     0      0
3.55714     0      0
3.57143     0      0
3.58571     0      0
3.6     0      0
3.61429     0      0
3.62857     0      0
3.64286     0      0
3.65714     0      0
3.67143     0      0
3.68571     0      0
3.7     0      0
3.71429     0      0
3.72857     0      0
3.74286     0      0
3.75714     0      0
3.77143     0      0
3.78571     0      0
3.8     0      0
3.81429     0      0
3.82857     0      0
3.84286     0      0
3.85714     0      0
3.87143     0      0
3.88571     0      0
3.9     0      0
3.91429     0      0
3.92857     0      0
3.94286     0      0
3.95714     0      0
3.97143     0      0
3.98571     0      0
4     0      0
4.01429     0      0
4.02857     0      0
4.04286     0      0
4.05714     0      0
4.07143     0      0
4.08571     0      0
4.1     0      0
4.11429     0      0
4.12857     0      0
4.14286     0      0
4.15714     0      0
4.17143     0      0
4.18571     0      0
4.2     0      0
4.21429     0      0
4.22857     0      0
4.24286     0      0
4.25714     0      0
4.27143     0      0
4.28571     0      0
4.3     0      0
4.31429     0      0
4.32857     0      0
4.34286     0      0
4.35714     0      0
4.37143     0      0
4.38571     0      0
4.4     0      0
4.41429     0      0
4.42857     0      0
4.44286     0      0
4.45714     0      0
4.47143     0      0
4.48571     0      0
4.5     0      0
4.51429     0      0
4.52857     0      0
4.54286     0      0
4.55714     0      0
4.57143     0      0
4.58571     0      0
4.6     0      0
4.61429     0      0
4.62857     0      0
4.64286     0      0
4.65714     0      0
4.67143     0      0
4.68571     0      0
4.7     0      0
4.71429     0      0
4.72857     0      0
4.74286     0      0
4.75714     0      0
4.77143     0      0
4.78571     0      0
4.8     0      0
4.81429     0      0
4.82857     0      0
4.84286     0      0
4.85714     0      0
4.87143     0      0
4.88571     0      0
4.9     0      0
4.91429     0      0
4.92857     0      0
4.94286     0      0
4.95714     0      0
4.97143     0      0
4.98571     0      0
