# U,mu,nA_up, nA_dn, nB_up, nB_dn, ms, mf, ntotal,mu,cint
#energy    dos_upn   dos_upp   dos_dnn  dos_dnp GRID=1000 bin=700
-5     0      0
-4.98571     0      0
-4.97143     0      0
-4.95714     0      0
-4.94286     0      0
-4.92857     0      0
-4.91429     0      0
-4.9     0      0
-4.88571     0      0
-4.87143     0      0
-4.85714     0      0
-4.84286     0      0
-4.82857     0      0
-4.81429     0      0
-4.8     0      0
-4.78571     0      0
-4.77143     0      0
-4.75714     0      0
-4.74286     0      0
-4.72857     0      0
-4.71429     0      0
-4.7     0      0
-4.68571     0      0
-4.67143     0      0
-4.65714     0      0
-4.64286     0      0
-4.62857     0      0
-4.61429     0      0
-4.6     0      0
-4.58571     0      0
-4.57143     0      0
-4.55714     0      0
-4.54286     0      0
-4.52857     0      0
-4.51429     0      0
-4.5     0      0
-4.48571     0      0
-4.47143     0      0
-4.45714     0      0
-4.44286     0      0
-4.42857     0      0
-4.41429     0      0
-4.4     0      0
-4.38571     0      0
-4.37143     0      0
-4.35714     0      0
-4.34286     0      0
-4.32857     0      0
-4.31429     0      0
-4.3     0      0
-4.28571     0      0
-4.27143     0      0
-4.25714     0      0
-4.24286     0      0
-4.22857     0      0
-4.21429     0      0
-4.2     0      0
-4.18571     0      0
-4.17143     0      0
-4.15714     0      0
-4.14286     0      0
-4.12857     0      0
-4.11429     0      0
-4.1     0      0
-4.08571     0      0
-4.07143     0      0
-4.05714     0      0
-4.04286     0      0
-4.02857     0      0
-4.01429     0      0
-4     0      0
-3.98571     0      0
-3.97143     0      0
-3.95714     0      0
-3.94286     0      0
-3.92857     0      0
-3.91429     0      0
-3.9     0      0
-3.88571     0      0
-3.87143     0      0
-3.85714     0      0
-3.84286     0      0
-3.82857     0      0
-3.81429     0      0
-3.8     0      0
-3.78571     0      0
-3.77143     0      0
-3.75714     0      0
-3.74286     0      0
-3.72857     0      0
-3.71429     0      0
-3.7     0      0
-3.68571     0      0
-3.67143     0      0
-3.65714     0      0
-3.64286     0      0
-3.62857     0      0
-3.61429     0      0
-3.6     0      0
-3.58571     0      0
-3.57143     0      0
-3.55714     0      0
-3.54286     0      0
-3.52857     0      0
-3.51429     0      0
-3.5     0      0
-3.48571     0      0
-3.47143     0      0
-3.45714     0      0
-3.44286     0      0
-3.42857     0      0
-3.41429     0      0
-3.4     0      0
-3.38571     0      0
-3.37143     0      0
-3.35714     0      0
-3.34286     0      0
-3.32857     0      0
-3.31429     0      0
-3.3     0      0
-3.28571     0      0
-3.27143     0      0
-3.25714     0      0
-3.24286     0      0
-3.22857     0      0
-3.21429     0      0
-3.2     0      0
-3.18571     0      0
-3.17143     0      0
-3.15714     0      0
-3.14286     0      0
-3.12857     0      0
-3.11429     0      0
-3.1     0      0
-3.08571     0      0
-3.07143     0      0
-3.05714     0      0
-3.04286     0      0
-3.02857     0      0
-3.01429     0      0
-3     0      0
-2.98571     0      0
-2.97143     0      0
-2.95714     0      0
-2.94286     0      0
-2.92857     0      0
-2.91429     0      0
-2.9     0      0
-2.88571     0      0
-2.87143     0      0
-2.85714     0      0
-2.84286     0      0
-2.82857     0      0
-2.81429     0      0
-2.8     0      0
-2.78571     0      0
-2.77143     0      0
-2.75714     0      0
-2.74286     0      0
-2.72857     0      0
-2.71429     0      0
-2.7     0      0
-2.68571     0      0
-2.67143     0      0
-2.65714     0      0
-2.64286     0      0
-2.62857     0      0
-2.61429     0      0
-2.6     0      0
-2.58571     0      0
-2.57143     0      0
-2.55714     0      0
-2.54286     0      0
-2.52857     0      0
-2.51429     0      0
-2.5     0      0
-2.48571     0      0
-2.47143     0      0
-2.45714     0      0
-2.44286     0      0
-2.42857     0      0
-2.41429     0      0
-2.4     0      0
-2.38571     0      0
-2.37143     0      0
-2.35714     0      0
-2.34286     0      0
-2.32857     0      0
-2.31429     0      0
-2.3     0      0
-2.28571     0      0
-2.27143     0      0
-2.25714     0      0
-2.24286     0      0
-2.22857     0      0
-2.21429     0      0
-2.2     0      0
-2.18571     0      0
-2.17143     0      0
-2.15714     0      0
-2.14286     0      0
-2.12857     0      0
-2.11429     0      0
-2.1     0      0
-2.08571     0      0
-2.07143     0      0
-2.05714     0      0
-2.04286     0      0
-2.02857     0      0
-2.01429     0      0
-2     0      0
-1.98571     0      0
-1.97143     0      0
-1.95714     0      0
-1.94286     5.20945e-77      0
-1.92857     1.61743e-75      0
-1.91429     2.82766e-70      0
-1.9     6.45828e-69      0
-1.88571     6.47736e-69      0
-1.87143     6.50215e-69      0
-1.85714     2.77901e-63      0
-1.84286     2.56882e-62      0
-1.82857     2.58255e-62      0
-1.81429     2.59018e-62      0
-1.8     2.24381e-56      0
-1.78571     1.02509e-55      0
-1.77143     1.02692e-55      0
-1.75714     1.03088e-55      0
-1.74286     1.52496e-49      0
-1.72857     4.08325e-49      0
-1.71429     4.09912e-49      0
-1.7     4.12354e-49      0
-1.68571     9.26392e-43      0
-1.67143     1.62842e-42      0
-1.65714     1.63623e-42      0
-1.64286     1.6416e-42      0
-1.62857     5.18604e-36      0
-1.61429     6.51758e-36      0
-1.6     6.5293e-36      0
-1.58571     1.61915e-30      0
-1.57143     2.58984e-29      0
-1.55714     2.59688e-29      0
-1.54286     2.6125e-29      0
-1.52857     3.64766e-23      0
-1.51429     1.03406e-22      0
-1.5     1.03844e-22      0
-1.48571     0.0006185      0
-1.47143     0.006586      0
-1.45714     0.006586      0
-1.44286     0.006626      0
-1.42857     0.00663      0
-1.41429     0.006682      0
-1.4     0.006682      0
-1.38571     0.006704      0
-1.37143     0.00672      0
-1.35714     0.00678      0
-1.34286     0.006772      0
-1.32857     0.006778      0
-1.31429     0.006858      0
-1.3     0.006854      0
-1.28571     0.0069      0
-1.27143     0.006922      0
-1.25714     0.006932      0
-1.24286     0.006958      0
-1.22857     0.006974      0
-1.21429     0.00705      0
-1.2     0.007058      0
-1.18571     0.007082      0
-1.17143     0.007118      0
-1.15714     0.007138      0
-1.14286     0.00721      0
-1.12857     0.007222      0
-1.11429     0.007218      0
-1.1     0.007306      0
-1.08571     0.007318      0
-1.07143     0.007334      0
-1.05714     0.007438      0
-1.04286     0.007438      0
-1.02857     0.007474      0
-1.01429     0.007538      0
-1     0.007558      0
-0.985714     0.007574      0
-0.971429     0.007636      0
-0.957143     0.007682      0
-0.942857     0.00772      0
-0.928571     0.007782      0
-0.914286     0.007864      0
-0.9     0.007866      0
-0.885714     0.007936      0
-0.871429     0.007944      0
-0.857143     0.008056      0
-0.842857     0.00811      0
-0.828571     0.00816      0
-0.814286     0.008224      0
-0.8     0.008252      0
-0.785714     0.008352      0
-0.771429     0.008406      0
-0.757143     0.008432      0
-0.742857     0.00857      0
-0.728571     0.008632      0
-0.714286     0.008686      0
-0.7     0.008768      0
-0.685714     0.008888      0
-0.671429     0.008904      0
-0.657143     0.009064      0
-0.642857     0.009116      0
-0.628571     0.009256      0
-0.614286     0.009342      0
-0.6     0.00944      0
-0.585714     0.009562      0
-0.571429     0.009692      0
-0.557143     0.009842      0
-0.542857     0.009946      0
-0.528571     0.010062      0
-0.514286     0.010254      0
-0.5     0.010494      0
-0.485714     0.01065      0
-0.471429     0.010868      0
-0.457143     0.011088      0
-0.442857     0.011236      0
-0.428571     0.011696      0
-0.414286     0.01201      0
-0.4     0.012376      0
-0.385714     0.012546      0
-0.371429     0.013406      0
-0.357143     0.01407      0
-0.342857     0.014806      0
-0.328571     0.01618      0
-0.314286     0.0185065      0
-0.3     0.046906      0
-0.285714     0.032276      0
-0.271429     0.022946      0
-0.257143     0.018952      0
-0.242857     0.016516      0
-0.228571     0.014816      0
-0.214286     0.01351      0
-0.2     0.012402      0
-0.185714     0.01157      0
-0.171429     0.010796      0
-0.157143     0.010116      0
-0.142857     0.009532      0
-0.128571     0.009012      0
-0.114286     0.00853      0
-0.1     0.00811      0
-0.0857143     0.007722      0
-0.0714286     0.007314      0
-0.0571429     0.006996      0
-0.0428571     0.006606      0
-0.0285714     0.006328      0
-0.0142857     0.006029      0
0     0      8.92878e-77
0.0142857     0      4.21763e-69
0.0285714     0      1.32084e-68
0.0428571     0      4.18339e-62
0.0571429     0      2.59171e-56
0.0714286     0      2.13226e-55
0.0857143     0      3.21198e-49
0.1     0      8.24585e-49
0.114286     0      1.76526e-42
0.128571     0      3.22559e-42
0.142857     0      7.5083e-36
0.157143     0      1.27754e-35
0.171429     0      0.0022225
0.185714     0      0.013198
0.2     0      0.01162
0.214286     0      0.010752
0.228571     0      0.010202
0.242857     0      0.009828
0.257143     0      0.009614
0.271429     0      0.009488
0.285714     0      0.009358
0.3     0      0.00932
0.314286     0      0.00932
0.328571     0      0.009342
0.342857     0      0.009386
0.357143     0      0.009508
0.371429     0      0.009656
0.385714     0      0.009866
0.4     0      0.010108
0.414286     0      0.01036
0.428571     0      0.010792
0.442857     0      0.011426
0.457143     0      0.012352
0.471429     0      0.015409
0.485714     0      0.013836
0.5     0      0.011932
0.514286     0      0.010952
0.528571     0      0.010404
0.542857     0      0.00995
0.557143     0      0.009588
0.571429     0      0.009286
0.585714     0      0.008978
0.6     0      0.008836
0.614286     0      0.008516
0.628571     0      0.008444
0.642857     0      0.008174
0.657143     0      0.00807
0.671429     0      0.007948
0.685714     0      0.007772
0.7     0      0.007668
0.714286     0      0.007558
0.728571     0      0.007452
0.742857     0      0.007342
0.757143     0      0.007224
0.771429     0      0.00717
0.785714     0      0.007072
0.8     0      0.006974
0.814286     0      0.006912
0.828571     0      0.006824
0.842857     0      0.006742
0.857143     0      0.006704
0.871429     0      0.006626
0.885714     0      0.006524
0.9     0      0.006438
0.914286     0      0.006434
0.928571     0      0.00636
0.942857     0      0.00632
0.957143     0      0.006224
0.971429     0      0.00614
0.985714     0      0.00616
1     0      0.006126
1.01429     0      0.005954
1.02857     0      0.006
1.04286     0      0.005992
1.05714     0      0.005824
1.07143     0      0.005852
1.08571     0      0.005848
1.1     0      0.005692
1.11429     0      0.005736
1.12857     0      0.005646
1.14286     0      0.005638
1.15714     0      0.005612
1.17143     0      0.00549
1.18571     0      0.00557
1.2     0      0.005422
1.21429     0      0.005452
1.22857     0      0.00542
1.24286     0      0.005332
1.25714     0      0.005368
1.27143     0      0.005246
1.28571     0      0.005286
1.3     0      0.005218
1.31429     0      0.005188
1.32857     0      0.005194
1.34286     0      0.005102
1.35714     0      0.0051
1.37143     0      0.00508
1.38571     0      0.005036
1.4     0      0.005038
1.41429     0      0.004974
1.42857     0      0.004944
1.44286     0      0.00492
1.45714     0      0.004904
1.47143     0      0.00487
1.48571     0      0.00483
1.5     0      0.004832
1.51429     0      0.004784
1.52857     0      0.00478
1.54286     0      0.004748
1.55714     0      0.00472
1.57143     0      0.004644
1.58571     0      0.004702
1.6     0      0.004594
1.61429     0      0.004634
1.62857     0      0.004632
1.64286     0      0.00454
1.65714     0      0.004548
1.67143     0      0.004534
1.68571     0      0.004506
1.7     0      0.004458
1.71429     0      0.004492
1.72857     0      0.004454
1.74286     0      0.004398
1.75714     0      0.0044
1.77143     0      0.004364
1.78571     0      0.004354
1.8     0      0.004324
1.81429     0      0.004314
1.82857     0      0.004314
1.84286     0      0.004284
1.85714     0      0.004258
1.87143     0      0.004202
1.88571     0      0.00425
1.9     0      0.00416
1.91429     0      0.00419
1.92857     0      0.004158
1.94286     0      0.004158
1.95714     0      0.004144
1.97143     0      0.004118
1.98571     0      0.004054
2     0      0.004114
2.01429     0      0.00404
2.02857     0      0.004022
2.04286     0      0.00404
2.05714     0      0.004006
2.07143     0      0.003992
2.08571     0      0.00395
2.1     0      0.003976
2.11429     0      0.003962
2.12857     0      0.003894
2.14286     0      0.003912
2.15714     0      0.003886
2.17143     0      0.00388
2.18571     0      0.003878
2.2     0      0.00386
2.21429     0      0.003828
2.22857     0      0.003798
2.24286     0      0.003826
2.25714     0      0.003796
2.27143     0      0.003768
2.28571     0      0.003776
2.3     0      0.003738
2.31429     0      0.003734
2.32857     0      0.003706
2.34286     0      0.003724
2.35714     0      0.003672
2.37143     0      0.003672
2.38571     0      0.003668
2.4     0      0.00365
2.41429     0      0.003644
2.42857     0      0.003616
2.44286     0      0.003606
2.45714     0      0.003612
2.47143     0      0.003584
2.48571     0      0.00357
2.5     0      0.003556
2.51429     0      0.003552
2.52857     0      0.00354
2.54286     0      0.0033205
2.55714     0      8.83e-10
2.57143     0      8.83e-10
2.58571     0      2.57625e-10
2.6     0      0
2.61429     0      0
2.62857     0      0
2.64286     0      0
2.65714     0      0
2.67143     0      0
2.68571     0      0
2.7     0      0
2.71429     0      0
2.72857     0      0
2.74286     0      0
2.75714     0      0
2.77143     0      0
2.78571     0      0
2.8     0      0
2.81429     0      0
2.82857     0      0
2.84286     0      0
2.85714     0      0
2.87143     0      0
2.88571     0      0
2.9     0      0
2.91429     0      0
2.92857     0      0
2.94286     0      0
2.95714     0      0
2.97143     0      0
2.98571     0      0
3     0      0
3.01429     0      0
3.02857     0      0
3.04286     0      0
3.05714     0      0
3.07143     0      0
3.08571     0      0
3.1     0      0
3.11429     0      0
3.12857     0      0
3.14286     0      0
3.15714     0      0
3.17143     0      0
3.18571     0      0
3.2     0      0
3.21429     0      0
3.22857     0      0
3.24286     0      0
3.25714     0      0
3.27143     0      0
3.28571     0      0
3.3     0      0
3.31429     0      0
3.32857     0      0
3.34286     0      0
3.35714     0      0
3.37143     0      0
3.38571     0      0
3.4     0      0
3.41429     0      0
3.42857     0      0
3.44286     0      0
3.45714     0      0
3.47143     0      0
3.48571     0      0
3.5     0      0
3.51429     0      0
3.52857     0      0
3.54286     0      0
3.55714     0      0
3.57143     0      0
3.58571     0      0
3.6     0      0
3.61429     0      0
3.62857     0      0
3.64286     0      0
3.65714     0      0
3.67143     0      0
3.68571     0      0
3.7     0      0
3.71429     0      0
3.72857     0      0
3.74286     0      0
3.75714     0      0
3.77143     0      0
3.78571     0      0
3.8     0      0
3.81429     0      0
3.82857     0      0
3.84286     0      0
3.85714     0      0
3.87143     0      0
3.88571     0      0
3.9     0      0
3.91429     0      0
3.92857     0      0
3.94286     0      0
3.95714     0      0
3.97143     0      0
3.98571     0      0
4     0      0
4.01429     0      0
4.02857     0      0
4.04286     0      0
4.05714     0      0
4.07143     0      0
4.08571     0      0
4.1     0      0
4.11429     0      0
4.12857     0      0
4.14286     0      0
4.15714     0      0
4.17143     0      0
4.18571     0      0
4.2     0      0
4.21429     0      0
4.22857     0      0
4.24286     0      0
4.25714     0      0
4.27143     0      0
4.28571     0      0
4.3     0      0
4.31429     0      0
4.32857     0      0
4.34286     0      0
4.35714     0      0
4.37143     0      0
4.38571     0      0
4.4     0      0
4.41429     0      0
4.42857     0      0
4.44286     0      0
4.45714     0      0
4.47143     0      0
4.48571     0      0
4.5     0      0
4.51429     0      0
4.52857     0      0
4.54286     0      0
4.55714     0      0
4.57143     0      0
4.58571     0      0
4.6     0      0
4.61429     0      0
4.62857     0      0
4.64286     0      0
4.65714     0      0
4.67143     0      0
4.68571     0      0
4.7     0      0
4.71429     0      0
4.72857     0      0
4.74286     0      0
4.75714     0      0
4.77143     0      0
4.78571     0      0
4.8     0      0
4.81429     0      0
4.82857     0      0
4.84286     0      0
4.85714     0      0
4.87143     0      0
4.88571     0      0
4.9     0      0
4.91429     0      0
4.92857     0      0
4.94286     0      0
4.95714     0      0
4.97143     0      0
4.98571     0      0
